block_id	hash	time	size	weight	version	lock_time	is_coinbase	has_witness	input_count	output_count	input_total	input_total_usd	output_total	output_total_usd	fee	fee_usd	fee_per_kb	fee_per_kb_usd	fee_per_kwu	fee_per_kwu_usd	cdd_total
153613	98eec52ab8795773efe84bd51f8cb77bab3297c7eafbdccca373b6060a6bd5dc	2011-11-17 00:12:29	135	540	1	0	1	0	1	1	0	0	5000960755	123.0236	0	0	0	0	0	0	0
153613	656b2cee0bc3cf529501a4ab25c7bd3abb840f4e58299a42288110d44fc44e3f	2011-11-17 00:12:29	258	1032	1	0	0	0	1	2	927744008603	22822.5039	927744008603	22822.5039	0	0	0	0	0	0	0
153613	06f40cb9a3746b213af29b5a16c50862bf06eceff0b10f70bb94bd278f1a56f3	2011-11-17 00:12:29	224	896	1	0	0	0	1	1	3000000000	73.8	3000000000	73.8	0	0	0	0	0	0	616.42395833333
153613	bc840dcbf43c9e1b268577ef76c1e80ea74c2d0dc4d6086dfe64f03baf9fa355	2011-11-17 00:12:29	223	892	1	0	0	0	1	1	2799000000	68.8554	2799000000	68.8554	0	0	0	0	0	0	284.23812604167
153613	70a4cd66f46182ee74979d5310242be1800659b9346c7f470c1d11a73e8f7600	2011-11-17 00:12:29	619	2476	1	0	0	0	3	2	6719808600	165.3073	6719808600	165.3073	0	0	0	0	0	0	465.70039950694
153613	1a73f9a137ac353d16e123249b3afcfde5eabe2aeb417f55a645a255f7755bdc	2011-11-17 00:12:29	767	3068	1	0	0	0	4	1	717319936462	17646.0703	717319936462	17646.0703	0	0	0	0	0	0	0
153613	696ac30d0221cd834de79260d1c77eeba69bf68c0770ccd2450cbc279ebb3e57	2011-11-17 00:12:29	257	1028	1	0	0	0	1	2	222530009530	5474.2383	222530009530	5474.2383	0	0	0	0	0	0	0
153613	8512afca245606da94cb6a6feaa9ec8d4a65e56bbacbac294d42f53f53fb8040	2011-11-17 00:12:29	225	900	1	0	0	0	1	1	1482000000	36.4572	1482000000	36.4572	0	0	0	0	0	0	105.66059652778
153613	8718a67c3b5c4c903c152153063e03b1443dd49160ef3b5e879c692a6931e432	2011-11-17 00:12:29	437	1748	1	0	0	0	2	2	6770000000	166.542	6770000000	166.542	0	0	0	0	0	0	143.3880162037
153613	2e959bc382719c04fce393893b26270781a86e3cc1be2d174cf3081ac2ec8346	2011-11-17 00:12:29	225	900	1	0	0	0	1	1	1000000000	24.6	1000000000	24.6	0	0	0	0	0	0	59.959490740741
153613	ff8d9d5080597dbd89a71949337ca77dfe31ca4cf68ca7ca6c311532729ee5cd	2011-11-17 00:12:29	158	632	1	0	0	0	1	1	5002350000	123.0578	5002350000	123.0578	0	0	0	0	0	0	0
153613	43b7bd1d26a97c77c2bc6116e326077e5ad03e1f8e9cfc65ed499faf11d67076	2011-11-17 00:12:29	439	1756	1	0	0	0	2	2	4137000000	101.7702	4137000000	101.7702	0	0	0	0	0	0	83.45587962963
153613	6c1112923452c07fbbb5feb83be0c0b48dcc445cb74a95716e13f8ea523844e2	2011-11-17 00:12:29	1159	4636	1	0	0	0	6	2	3571000124	87.8466	3571000124	87.8466	0	0	0	0	0	0	225.95533177581
153613	0a4cbce4abdd84cabe2c2b1ed272c81525452f53cb1cf6afaa51e5d4c061cbff	2011-11-17 00:12:29	583	2332	1	0	0	0	3	1	271990755	6.691	271990000	6.691	755	0	1295.03	0	323.756	0	104.94943670382
153613	1ba7b0fe6da99b0f5dc409b49ba23fef275b46553f762c08654523a28827838c	2011-11-17 00:12:29	257	1028	1	0	0	0	1	2	1050000000	25.83	1050000000	25.83	0	0	0	0	0	0	39.680034722222
153613	d5772b873f6d52ec70bb4959dd72bd56786a7f1f77315e853150621bb8167583	2011-11-17 00:12:29	258	1032	1	0	0	0	1	2	5000000000	123	5000000000	123	0	0	0	0	0	0	40.319444444444
153613	25521629b90ff40e8748751603002167508ba4bfcceecee0ecbac32f7f92c568	2011-11-17 00:12:29	259	1036	1	0	0	0	1	2	4992516853	122.8159	4992516853	122.8159	0	0	0	0	0	0	40.259101178497
153613	66e1db0e7c790d424216773de31b174af384f98d1df718b4bb12d30ff9d49144	2011-11-17 00:12:29	257	1028	1	0	0	0	1	2	4944256906	121.6287	4944256906	121.6287	0	0	0	0	0	0	39.869938328106
153613	690488bab5b28f6bdbb4f29ff8aa7b1fce447287356e644ca403529807dd74cc	2011-11-17 00:12:29	257	1028	1	0	0	0	1	2	4930385107	121.2875	4930385107	121.2875	0	0	0	0	0	0	39.758077682281
153613	0c83fa1f3e6720c298aff02a79b1d55858bf5d87a52bdcc82777936e295488cb	2011-11-17 00:12:29	258	1032	1	0	0	0	1	2	4751555693	116.8883	4751555693	116.8883	0	0	0	0	0	0	38.316017157719
153613	4bc85e104673053ca03d48298f3684d86193e15bc664703eb66090f889017968	2011-11-17 00:12:29	258	1032	1	0	0	0	1	2	4746014025	116.7519	4746014025	116.7519	0	0	0	0	0	0	38.271329762708
153613	5534c7631b8e9806cee824a541b027839025a023a2bd7b00a6d763282f79dfdc	2011-11-17 00:12:29	258	1032	1	0	0	0	1	2	4717219358	116.0436	4717219358	116.0436	0	0	0	0	0	0	38.039132767428
153613	6dc6956332e4c516c0ebd094898bf4c07159e6b064bfab6ca4c4d2dc1a832d4b	2011-11-17 00:12:29	258	1032	1	0	0	0	1	2	4663306508	114.7173	4663306508	114.7173	0	0	0	0	0	0	37.604385535344
153613	c3bc24174186d9cd94359b4c2faefff494aa8d023bf0605c72dec052bac03d7b	2011-11-17 00:12:29	258	1032	1	0	0	0	1	2	4322510776	106.3338	4322510776	106.3338	0	0	0	0	0	0	34.856246618689
153613	0bd0f0e03d883ef094b29e16ab59a19fa8c9a501f2e089bc743180f9066f7073	2011-11-17 00:12:29	258	1032	1	0	0	0	1	2	4074777440	100.2395	4074777440	100.2395	0	0	0	0	0	0	32.858552523111
153613	a85c11ed95c36eba1d1166d777f273ccb18863a1ecdc8b33c09b77f9bd865a7b	2011-11-17 00:12:29	257	1028	1	0	0	0	1	2	24318000000	598.2228	24318000000	598.2228	0	0	0	0	0	0	0
153613	1b3c452e3bf9e5c877af13304ecf102f73755f33c95ceecb9ad09e79af1ff26b	2011-11-17 00:12:29	259	1036	1	0	0	0	1	2	14400459896	354.2513	14400459896	354.2513	0	0	0	0	0	0	0
153613	ef21c6cb7af0959b9f0e1adfbeaeb0718696450580989e897e22e7b2286e3e17	2011-11-17 00:12:29	224	896	1	0	0	0	1	1	20000000000	492	20000000000	492	0	0	0	0	0	0	0
153613	74537d13f8e2556a581e0a74db9418c7372c7a36fd4d1c1965c241939a8b26de	2011-11-17 00:12:29	259	1036	1	0	0	0	1	2	4059427155	99.8619	4059427155	99.8619	0	0	0	0	0	0	0
153613	3b515a1a840b8f700f2bfaf25520909e302d74980ad9d23e07ff14a72e0b9cf3	2011-11-17 00:12:29	616	2464	1	0	0	0	3	2	7324000000	180.1704	7324000000	180.1704	0	0	0	0	0	0	23.852159722222
153613	e74e3ebb5f9a98a2394aaaa9c32744b669086f177036e5bccd8b4547eaf2a65d	2011-11-17 00:12:29	258	1032	1	0	0	0	1	2	3399000000	83.6154	3399000000	83.6154	0	0	0	0	0	0	0
153613	09f9414f17fe37ea1e79ecaa43d75df0e8e0cc9cb6d701cba4c911623710feac	2011-11-17 00:12:29	796	3184	1	0	0	0	4	2	5951646399	146.4105	5951646399	146.4105	0	0	0	0	0	0	46.349204256419
153613	030ddf4c24a739bf5d72925c379b087c83b9318363e35615e483cf0ca6f61c3d	2011-11-17 00:12:29	976	3904	1	0	0	0	5	2	1001000012	24.6246	1001000012	24.6246	0	0	0	0	0	0	50.661772428572
153613	2f58e78ea37b1300059393df7c81328641694a74b3ff93d2a44a27261cf1fbe6	2011-11-17 00:12:29	258	1032	1	0	0	0	1	2	17000000000	418.2	16999940000	418.1985	60000	0.0015	232558	0.0057	58139.5	0.0014	0
153613	526da7e8b0bc92bdff21f9f7676519d0e9bdfc8fe34d434b0ab26f79e6f8907f	2011-11-17 00:12:29	439	1756	1	0	0	0	2	2	4093591879	100.7024	4093591879	100.7024	0	0	0	0	0	0	0
153613	a22e4b9a2a994510433351194b871e052525a86c6cc3f0d4a469f3cff2fb34c4	2011-11-17 00:12:29	258	1032	1	0	0	0	1	2	14813253000	364.406	14813253000	364.406	0	0	0	0	0	0	0
153613	b8a46a9c3aa0806257d27ad220c67e10e0368bc224c4082844c88f3b54de4879	2011-11-17 00:12:29	258	1032	1	0	0	0	1	2	1992355979	49.012	1992355979	49.012	0	0	0	0	0	0	0
153613	c2837d46237be572729a63bcd1b9d43c8d1e27ee308bd5a7c08c6f59818355f2	2011-11-17 00:12:29	259	1036	1	0	0	0	1	2	12806924261	315.0504	12806924261	315.0504	0	0	0	0	0	0	0
153613	996ab57a6426235c5b985282a5e32989e87d1299b1affc3c6e554f121abbd3b3	2011-11-17 00:12:29	258	1032	1	0	0	0	1	2	3818000000	93.9228	3818000000	93.9228	0	0	0	0	0	0	0
153613	ce9733d3d0fb8fec6295f168c7ccbde022577c5e8dee76b43e76b3b92139c606	2011-11-17 00:12:29	258	1032	1	0	0	0	1	2	11755748896	289.1914	11755748896	289.1914	0	0	0	0	0	0	0
153613	3a39077f305399192280b91f8eb9cfb03dbcf1f2d0123a471d8cca5a79b09536	2011-11-17 00:12:29	259	1036	1	0	0	0	1	2	11265509193	277.1315	11265509193	277.1315	0	0	0	0	0	0	0
153613	051d8f19b21d96d4c2da8790d40c5024f10e0c64eb8121129bda17ec51d1dfd4	2011-11-17 00:12:29	259	1036	1	0	0	0	1	2	6000000000	147.6	6000000000	147.6	0	0	0	0	0	0	0
153613	26d1b5c3816d57f119a9370f711d2347395f6d169b034ea99c7d46a726b82460	2011-11-17 00:12:29	257	1028	1	0	0	0	1	2	10961050000	269.6418	10961050000	269.6418	0	0	0	0	0	0	0
153613	9aec0668be6b6f34fd1497f1d244ed7894980e0a9fdf34882c18e000f849bd96	2011-11-17 00:12:29	257	1028	1	0	0	0	1	2	6770100000	166.5445	6770050000	166.5432	50000	0.0012	194553	0.0048	48638.1	0.0012	0
153613	f08a852a94283a65054cdb9e46e22367a3b7557798d38bea3706faa9c6ed3636	2011-11-17 00:12:29	618	2472	1	0	0	0	3	2	2547127660	62.6593	2547127660	62.6593	0	0	0	0	0	0	0
153613	c0042cd31789363db71f04692df1369c83280841e92e166c5cafb0dfd87ef775	2011-11-17 00:12:29	258	1032	1	0	0	0	1	2	9803100000	241.1563	9803100000	241.1563	0	0	0	0	0	0	0
153613	0a6a838d8bd6bf159cd896053d23e490e52b106ded552415ccbf8031426d44ed	2011-11-17 00:12:29	257	1028	1	0	0	0	1	2	9581923467	235.7153	9581923467	235.7153	0	0	0	0	0	0	0
153613	80b3cd21783f0e0f8521607e39295c66fabfde077d191e2e21f52ee220fb1d15	2011-11-17 00:12:29	257	1028	1	0	0	0	1	2	1104000000	27.1584	1104000000	27.1584	0	0	0	0	0	0	0
153613	3edb9be4d2b6f8842474aa870f1238bf5dce74ba84051a5ac6bd36adc8c0373c	2011-11-17 00:12:29	258	1032	1	0	0	0	1	2	9346000000	229.9116	9346000000	229.9116	0	0	0	0	0	0	0
153613	667f52bc2fcd8bf961f05cad199c299181861251aaee92cecd4213a506e1b051	2011-11-17 00:12:29	258	1032	1	0	0	0	1	2	3377228350	83.0798	3377228350	83.0798	0	0	0	0	0	0	0
153613	344cfb3c90e2f7e73ee49aac4157c4c527f9e3153f920e26cebc8fc963fb09c8	2011-11-17 00:12:29	799	3196	1	0	0	0	4	2	15721754299	386.7552	15721754299	386.7552	0	0	0	0	0	0	0
153613	754c984e478a26430e8f43d5551d4cba8dc8088bb13184211c51bc7aedac2c9b	2011-11-17 00:12:29	797	3188	1	0	0	0	4	2	3105530180	76.396	3105530180	76.396	0	0	0	0	0	0	0.23592872736343
153613	65ca20c3afb201c5d5fcfcc030a220ac27de8d5b212d7669e15c764397bbc996	2011-11-17 00:12:29	258	1032	1	0	0	0	1	2	7300869818	179.6014	7300869818	179.6014	0	0	0	0	0	0	0
153613	2db62dd3d76c026486ad27dacc40ee567c028d80963691a31bb65e5b54d63a07	2011-11-17 00:12:29	403	1612	1	0	0	0	2	1	6130317000	150.8058	6130317000	150.8058	0	0	0	0	0	0	0
153613	12c5f6e9a6422900384a2da16c096b2e4fa40e22fabaf6f93b01bb634dcc3d88	2011-11-17 00:12:29	259	1036	1	0	0	0	1	2	7313750100	179.9183	7313750100	179.9183	0	0	0	0	0	0	0
153613	6a22860af6b603111f9a6e1dd47a421b586dc908a8cc66f2b1e1adf185e822ea	2011-11-17 00:12:29	258	1032	1	0	0	0	1	2	6199174629	152.4997	6199174629	152.4997	0	0	0	0	0	0	0
153613	754bccff93a7cfde71d1be2ed92340d0535309526c70f301f64561502bea1923	2011-11-17 00:12:29	620	2480	1	0	0	0	3	2	7741300000	190.436	7741300000	190.436	0	0	0	0	0	0	0
153613	06a7864a0d99e3e3887793b5450b272880411c96c41b72632b9ae3329dc61941	2011-11-17 00:12:29	257	1028	1	0	0	0	1	2	6432352319	158.2359	6432352319	158.2359	0	0	0	0	0	0	0
153613	5ab741e2de9e3b8e40ca4a162bb078fae2c951686c91b60fa880242cd7492a19	2011-11-17 00:12:29	258	1032	1	0	0	0	1	2	2495937200	61.4001	2495937200	61.4001	0	0	0	0	0	0	0
153613	e219088c0bd3bc06c7a88cfc353718c04ede486820b0f622d64b3ab5d33096b2	2011-11-17 00:12:29	258	1032	1	0	0	0	1	2	5600000000	137.76	5600000000	137.76	0	0	0	0	0	0	0
153613	77bc2c03aa38ea252be9010eb215f2a52ae7c4c4cd7b07a28b2c56d443d33efc	2011-11-17 00:12:29	258	1032	1	0	0	0	1	2	612327890	15.0633	612327890	15.0633	0	0	0	0	0	0	0
153613	a2fd93fe61053267a8f8852a805b0b0dffb7223252bcc437980eb62f72f63ab7	2011-11-17 00:12:29	257	1028	1	0	0	0	1	2	5819992446	143.1718	5819992446	143.1718	0	0	0	0	0	0	0
153613	9f1f0901cae39a8685ecc4834f816a4d4b87cb1cece43784fb6829c35c7f4d1d	2011-11-17 00:12:29	258	1032	1	0	0	0	1	2	5815796433	143.0686	5815796433	143.0686	0	0	0	0	0	0	0
153613	335c2c1317f59693f2cf0754f7225e4e9b014fe4138fb113ee88c84a30d7fe0e	2011-11-17 00:12:29	258	1032	1	0	0	0	1	2	5585300010	137.3984	5585300010	137.3984	0	0	0	0	0	0	0
153613	eb45861815d57c24225eac6f9e0e12fc637ab9eea2636bdd8d98ba2f985b9380	2011-11-17 00:12:29	257	1028	1	0	0	0	1	2	3876066500	95.3512	3876066500	95.3512	0	0	0	0	0	0	0
153613	64a46419a6cc4fa6a0d5bb833f8dda452d99bf681457261a4ac50530f4b4df25	2011-11-17 00:12:29	258	1032	1	0	0	0	1	2	260906797	6.4183	260906797	6.4183	0	0	0	0	0	0	2.6633631576164
153613	690a63b6ca79541db2daa81d7c2e9952ca640577deb6bd7b69db3e5a73184fad	2011-11-17 00:12:29	258	1032	1	0	0	0	1	2	4986720466	122.6733	4986720466	122.6733	0	0	0	0	0	0	0
153613	f814230d4c22b64ef3270384e3390175e93dc868d1e85c861c47fce0fd0a1b38	2011-11-17 00:12:29	259	1036	1	0	0	0	1	2	4995300000	122.8844	4995300000	122.8844	0	0	0	0	0	0	0
153613	92819da4cdc4620c46250179abfd4de55be87d83463c035a988c9f627ce14130	2011-11-17 00:12:29	258	1032	1	0	0	0	1	2	4921000000	121.0566	4921000000	121.0566	0	0	0	0	0	0	0
153613	548a8d4d75fb9f60c00de8c399818d87624f4716f4df2b723ccf4ccbdba93b95	2011-11-17 00:12:29	257	1028	1	0	0	0	1	2	4761300000	117.128	4761300000	117.128	0	0	0	0	0	0	0
153613	83233a8c4bd119915982abefc2135dfe820f1fb3455b5a867949294613e70781	2011-11-17 00:12:29	259	1036	1	0	0	0	1	2	4767077968	117.2701	4767077968	117.2701	0	0	0	0	0	0	0
153613	dac15e33056e34c6b2c5bc2a0fd097cdcc5a368cf6123acdb06dd65284e586dc	2011-11-17 00:12:29	258	1032	1	0	0	0	1	2	4290100000	105.5365	4290100000	105.5365	0	0	0	0	0	0	0
153613	eccc96624e656180ca89efb29e27bd43962061b142d4eb3091f277e5f35e91c3	2011-11-17 00:12:29	437	1748	1	0	0	0	2	2	1071300000	26.354	1071300000	26.354	0	0	0	0	0	0	0
153613	9ffec5a1daaea613655b327602e28f6ba6a38fc79b91b8638d83fbf0e6293334	2011-11-17 00:12:29	257	1028	1	0	0	0	1	2	4090088885	100.6162	4090088885	100.6162	0	0	0	0	0	0	0
153613	6fa2f8c94cb3aa5732a8537b3f752bb8185bdb577eb12a1bdecb61226218ae0d	2011-11-17 00:12:29	258	1032	1	0	0	0	1	2	2700000000	66.42	2700000000	66.42	0	0	0	0	0	0	0
153613	2b0d3f71e1e813e570787100bae1811df48cac7f810e5dd7342df2ce32f6c8e9	2011-11-17 00:12:29	258	1032	1	0	0	0	1	2	3842906821	94.5355	3842906821	94.5355	0	0	0	0	0	0	0
153613	43eb8146f8733dd63ba7b655a3f1cd0188f29590155b3d5070a97307956476e8	2011-11-17 00:12:29	258	1032	1	0	0	0	1	2	3801100000	93.5071	3801100000	93.5071	0	0	0	0	0	0	0
153613	916f9c98e7f87cf7675317275a03118b3600ce32a9edfc7b33a00a64c0a5d683	2011-11-17 00:12:29	258	1032	1	0	0	0	1	2	4373005457	107.5759	4373005457	107.5759	0	0	0	0	0	0	0
153613	c09c5db964239182cf86612abf9197ac9a885a9baf4b974bcdd7cae00512139f	2011-11-17 00:12:29	259	1036	1	0	0	0	1	2	4370673657	107.5186	4370673657	107.5186	0	0	0	0	0	0	0
153613	dcc1d12543409b0db32dfe79333acce4ac3a6a24673c8550aba00b77c4393b22	2011-11-17 00:12:29	258	1032	1	0	0	0	1	2	3469064570	85.339	3469064570	85.339	0	0	0	0	0	0	0
153613	4306eb27e4c60d7f1de9ad3a853b20e607b2d3dc4813e1a7463d00fc572986ca	2011-11-17 00:12:29	258	1032	1	0	0	0	1	2	3420911094	84.1544	3420911094	84.1544	0	0	0	0	0	0	0
153613	fd9b01d1b636a8fab03961ec4d7e64451584fd7cd4e31d51a903f016f7863aef	2011-11-17 00:12:29	257	1028	1	0	0	0	1	2	3346059678	82.3131	3346059678	82.3131	0	0	0	0	0	0	0
153613	19fccd73550182c2639b1537b7412c1d36c5e0ad35192a60aa326109d4574177	2011-11-17 00:12:29	2434	9736	1	0	0	0	1	66	5000000000	123	4999850000	122.9963	150000	0.0037	61627	0.0015	15406.7	0.0004	0
153613	6aa33b29f39f4c61d7e120e2053f0651261bbfb1ced8392aacdc4532b23c0eec	2011-11-17 00:12:29	257	1028	1	0	0	0	1	2	3224936540	79.3334	3224936540	79.3334	0	0	0	0	0	0	0
153613	b99040c01371d38e50bd0375b53dd3194c5e0e08c2af8a95ddd2cef69a96c5d8	2011-11-17 00:12:29	259	1036	1	0	0	0	1	2	2800701579	68.8973	2800701579	68.8973	0	0	0	0	0	0	0
153613	5c75bd9535c59ede930dc4b12ebe596ddf3340bf0762e2f08c42fc408b368491	2011-11-17 00:12:29	619	2476	1	0	0	0	3	2	5704497687	140.3306	5704497687	140.3306	0	0	0	0	0	0	0
153613	fb805144b6d277caab31159a1a6c81436043544274bde5a39cef006b6b7883a0	2011-11-17 00:12:29	258	1032	1	0	0	0	1	2	765000000	18.819	765000000	18.819	0	0	0	0	0	0	0
153613	0c58a81d6271ab690fa56a328ec9783a036b5d630c47c733643f61dbd89c6121	2011-11-17 00:12:29	258	1032	1	0	0	0	1	2	3050710000	75.0475	3050710000	75.0475	0	0	0	0	0	0	0
153613	05ea0d93d97a687cb7653c7f68f705bf91709c666c47f77498c638b57f990151	2011-11-17 00:12:29	258	1032	1	0	0	0	1	2	782870412	19.2586	782870412	19.2586	0	0	0	0	0	0	0
153613	8e5faaedd03b20a0a23e3f868dde2e143e917435911da7c92331d463de42656f	2011-11-17 00:12:29	258	1032	1	0	0	0	1	2	4215350160	103.6976	4215350160	103.6976	0	0	0	0	0	0	0
153613	bfcf16f70bb7fc5f45bd443e79a30fd28e428ed5e9798db66866f3f030e8e876	2011-11-17 00:12:29	258	1032	1	0	0	0	1	2	4015150000	98.7727	4015150000	98.7727	0	0	0	0	0	0	0
153613	ac21a29c4da4c01de75f7300af297be13a1cac66f1d0494d0e24f399d8d48b45	2011-11-17 00:12:29	259	1036	1	0	0	0	1	2	5005100000	123.1255	5005100000	123.1255	0	0	0	0	0	0	0
153613	3f63cf7dc625cdd394b6eba60722b830d29ee24d7d93924cd55ab9ba423f012f	2011-11-17 00:12:29	259	1036	1	0	0	0	1	2	2763385593	67.9793	2763385593	67.9793	0	0	0	0	0	0	0
153613	ffd33275b283f872713b00b5d89dfc7f3b2db41ad66ea8ea2bf4b117c39bca43	2011-11-17 00:12:29	258	1032	1	0	0	0	1	2	2925053934	71.9563	2925053934	71.9563	0	0	0	0	0	0	0
153613	68d75c9ee9cac6f9be03502749ca953202008b58a8e8698f2f203619d554552b	2011-11-17 00:12:29	258	1032	1	0	0	0	1	2	2501000000	61.5246	2501000000	61.5246	0	0	0	0	0	0	0
153613	46a13ac86650844b7852381645446c9d9c9fe1e2dc5877aaa1693e2b14a78474	2011-11-17 00:12:29	259	1036	1	0	0	0	1	2	2114484315	52.0163	2114484315	52.0163	0	0	0	0	0	0	0
153613	ea594ffdb77ad58a398f853305ce384b81486e94e6e17f3f43e7eb608cf17f0f	2011-11-17 00:12:29	258	1032	1	0	0	0	1	2	2776641803	68.3054	2776641803	68.3054	0	0	0	0	0	0	0
153613	3ed956aada0f8c538e6f7ac75da83e1a4576e1b172cdca79701532e7508014cf	2011-11-17 00:12:29	258	1032	1	0	0	0	1	2	155000000	3.813	155000000	3.813	0	0	0	0	0	0	0
153613	c65d5eb69b9471945ab9add9511fe69e33152abc80cd13b96f089cb197763544	2011-11-17 00:12:29	258	1032	1	0	0	0	1	2	5000000000	123	5000000000	123	0	0	0	0	0	0	0
153613	c6d93cf5322aef240d9d10af39f38df105920037acaa68ff38888940c8915498	2011-11-17 00:12:29	258	1032	1	0	0	0	1	2	1117940000	27.5013	1117890000	27.5001	50000	0.0012	193798	0.0048	48449.6	0.0012	0
153613	c854dbcc4709f1ac17b43feaa67424452d63c61de1273008c5fedf9c72d73217	2011-11-17 00:12:29	258	1032	1	0	0	0	1	2	1729730638	42.5514	1729680638	42.5501	50000	0.0012	193798	0.0048	48449.6	0.0012	0
153613	527dede8c3af119b4071a845a619f933ccddc44db4b729d4c8c4273487a42ae1	2011-11-17 00:12:29	225	900	1	0	0	0	1	1	1500000000	36.9	1500000000	36.9	0	0	0	0	0	0	0
153613	72b2f6a802c004c2906cbfd5e3cf214963eda899cdf6d6b44a4e53dfef658dcf	2011-11-17 00:12:29	258	1032	1	0	0	0	1	2	571196800	14.0514	571196800	14.0514	0	0	0	0	0	0	0
153613	a8128058dcd8be0a36f06dc5dd09609b47ee12d0aeb788b1d0882b8c10acfb03	2011-11-17 00:12:29	618	2472	1	0	0	0	3	2	711790593	17.51	711790593	17.51	0	0	0	0	0	0	0
153613	4f2d2949381d17a9922264784e48454b69181e81a3f7f6381158fa47c228a35c	2011-11-17 00:12:29	257	1028	1	0	0	0	1	2	285000000	7.011	285000000	7.011	0	0	0	0	0	0	0
153613	6be9dcba11c3bfea5d75a68af6c01a0d80a67e49ddeb417fdb39184ce910c521	2011-11-17 00:12:29	259	1036	1	0	0	0	1	2	1663275185	40.9166	1663225185	40.9153	50000	0.0012	193050	0.0047	48262.5	0.0012	0
153613	fcdd8ebb5a44704eaf9cbdae58fdcdca939b055635f0c7652159bf24ccece7cc	2011-11-17 00:12:29	258	1032	1	0	0	0	1	2	17336619	0.4265	17286619	0.4253	50000	0.0012	193798	0.0048	48449.6	0.0012	0.86078119232812
153613	a6117042b43d188e2385d47505ff1fcf7a7101e619cd04115f55aa1fb2c5ab1b	2011-11-17 00:12:29	259	1036	1	0	0	0	1	2	647700000	15.9334	647700000	15.9334	0	0	0	0	0	0	0
153613	86819bbca67936a582d87dcf3d580105d3dbb0e94e8d364fb8b9fe105f8593c2	2011-11-17 00:12:29	258	1032	1	0	0	0	1	2	453000000	11.1438	453000000	11.1438	0	0	0	0	0	0	0
153613	6cfb4458a92cfa027fcf0c0e69b72e9c6bfa47ef9cf54f703f1243e263159b5f	2011-11-17 00:12:29	257	1028	1	0	0	0	1	2	800000000	19.68	800000000	19.68	0	0	0	0	0	0	0
153613	2255b0e91f7f2d58ecc45cfcb129ed7bbdcf05cdb33ac3386ff8fc5c62ebf01a	2011-11-17 00:12:29	437	1748	1	0	0	0	2	2	1230000000	30.258	1230000000	30.258	0	0	0	0	0	0	0
153613	727958a865c3bdfcd1fedad3d1c969c1961585a2adb90ce47a6f0d55c402ddb9	2011-11-17 00:12:29	797	3188	1	0	0	0	4	2	2364153522	58.1582	2364153522	58.1582	0	0	0	0	0	0	0
153613	b5853f0a9175486d3173edaf335d899544ad0fa49fd1e355fa56c75663776459	2011-11-17 00:12:29	257	1028	1	0	0	0	1	2	574000000	14.1204	574000000	14.1204	0	0	0	0	0	0	0
153613	f25efa6331426934f27f272bf1e08c037eae3a566ae1647d7795d353e5d90e4e	2011-11-17 00:12:29	257	1028	1	0	0	0	1	2	10000300010	246.0074	10000300010	246.0074	0	0	0	0	0	0	0
153613	583fee1df54db5a2f31f2b9e67b958a190a646f8b21e01652ed364f2e7fccf12	2011-11-17 00:12:29	1157	4628	1	0	0	0	6	2	3301350008	81.2132	3301250008	81.2108	100000	0.0025	86430.4	0.0021	21607.6	0.0005	0
153613	65a7a223feb190e4eac642f17ff31f0ef9903612434936349cbf65d7890ba269	2011-11-17 00:12:29	440	1760	1	0	0	0	2	2	1085612522	26.7061	1085612522	26.7061	0	0	0	0	0	0	0
153613	39ab09246f3ae4c715991a537042c6eeb7afe66f5367180a928c05b1eb583acd	2011-11-17 00:12:29	223	892	1	0	0	0	1	1	999800000	24.5951	999800000	24.5951	0	0	0	0	0	0	0
153613	c3b03ee670020c4f411ac119b30e6abcc1bb83d2f4e65d0bfb49d6a2dc4ffd50	2011-11-17 00:12:29	259	1036	1	0	0	0	1	2	607311745	14.9399	607261745	14.9386	50000	0.0012	193050	0.0047	48262.5	0.0012	0
153613	46f54c1dcf2a75439f569cc07e672901c8b1acea5c1bfd7be93b0944c59fe4de	2011-11-17 00:12:29	258	1032	1	0	0	0	1	2	1099500000	27.0477	1099500000	27.0477	0	0	0	0	0	0	0
153613	f2d2b45cc2932198112168bc5ee3d5664634061af5e92937e3cf97c0c0c8c48a	2011-11-17 00:12:29	439	1756	1	0	0	0	2	2	844264465	20.7689	844264465	20.7689	0	0	0	0	0	0	0
153613	9e265dc6e43511b7ead78abba8af7b798c66fe252902450b825af780ba00a562	2011-11-17 00:12:29	258	1032	1	0	0	0	1	2	251011300	6.1749	251011300	6.1749	0	0	0	0	0	0	0
153613	3f2d0da840e9309bf52773295603f03bd1542dead9841df94d207a4260537666	2011-11-17 00:12:29	1879	7516	1	0	0	0	10	2	256973000	6.3215	256873000	6.3191	100000	0.0025	53219.8	0.0013	13304.9	0.0003	2.7052529893518997
153613	ca82fe0825956f2c7ee0520cd100c986a14f35a846ff0310985592666c4a9299	2011-11-17 00:12:29	224	896	1	0	0	0	1	1	700000000	17.22	700000000	17.22	0	0	0	0	0	0	0
153613	05e77163c0b04e555bfaf5f90f4a915b03e1524f778329a9d26f86d6c9461ec5	2011-11-17 00:12:29	258	1032	1	0	0	0	1	2	2767828224	68.0886	2767828224	68.0886	0	0	0	0	0	0	0
153613	0af843d29606cac4deabc50090c7f2fa36d6000cd925d198e1dc5fcb58487dfa	2011-11-17 00:12:29	258	1032	1	0	0	0	1	2	2588732450	63.6828	2588732450	63.6828	0	0	0	0	0	0	0
153613	e5d4b011cf6288867d994ca3ca6244475c0c8a0a10e37404d8267fb936f825f2	2011-11-17 00:12:29	258	1032	1	0	0	0	1	2	855179540	21.0374	855129540	21.0362	50000	0.0012	193798	0.0048	48449.6	0.0012	0
153613	a817ccc434f52e5e64fd1114b8e6a6999f2db310b6d66132e234e37c8f94fbb4	2011-11-17 00:12:29	257	1028	1	0	0	0	1	2	2495200000	61.3819	2495200000	61.3819	0	0	0	0	0	0	0
153613	0c660926390e954c488ffbe7aaccf4478860097881f3d5175189d9e100eb2813	2011-11-17 00:12:29	257	1028	1	0	0	0	1	2	2406876471	59.2092	2406876471	59.2092	0	0	0	0	0	0	0
153613	beaa86ec4ce3d18abd1f8ba52e1c931a3d15ef9c732d13b9512ee23922af82d2	2011-11-17 00:12:29	225	900	1	0	0	0	1	1	600000000	14.76	600000000	14.76	0	0	0	0	0	0	0
153613	52981128557374c494902bfb3b572da36ec750ed69adf94b8d76c2924af2005c	2011-11-17 00:12:29	224	896	1	0	0	0	1	1	530800000	13.0577	530800000	13.0577	0	0	0	0	0	0	0
153613	da47bd2211c6de64abb712e3270564a28383f520a1a7eaafc84febdeb720f06e	2011-11-17 00:12:29	223	892	1	0	0	0	1	1	500000000	12.3	500000000	12.3	0	0	0	0	0	0	0
153613	5e9165aab23f472fd40de24da0930df6b533a8f790daa36f862955dc834b95c2	2011-11-17 00:12:29	224	896	1	0	0	0	1	1	500000000	12.3	500000000	12.3	0	0	0	0	0	0	0
153613	21c759250ab5029184d0755e5aa910fcf6a59b36ae8f32594cc7383d0b2f20f4	2011-11-17 00:12:29	258	1032	1	0	0	0	1	2	500000000	12.3	500000000	12.3	0	0	0	0	0	0	0
153613	a6c0898ed7781d3c30c7a4841d6f7b28827669ecb699a973719b0993b0b7d9fc	2011-11-17 00:12:29	259	1036	1	0	0	0	1	2	545526018	13.4199	545526018	13.4199	0	0	0	0	0	0	0
153613	fd93b789450e5e47a2cc85331b8baf961ad2f0bb17921afb24a1d006c65030ac	2011-11-17 00:12:29	437	1748	1	0	0	0	2	2	719021777	17.6879	719021777	17.6879	0	0	0	0	0	0	0
153613	863d74938119b36491773ae57c49ace7d75a375c6e8d0734ff8f1e39d4c38ad4	2011-11-17 00:12:29	259	1036	1	0	0	0	1	2	75673961	1.8616	75673961	1.8616	0	0	0	0	0	0	0
153613	41e47447d57fd06c730bef090d4b6d7d18e60ef1a1c9cbc4bfa1cebc53c8ce5b	2011-11-17 00:12:29	257	1028	1	0	0	0	1	2	250000000	6.15	250000000	6.15	0	0	0	0	0	0	0
153613	82310d7dc798f2d20941da1f1a2411b60d9f5cd8d13017bc24f194a42ec38aba	2011-11-17 00:12:29	1336	5344	1	0	0	0	7	2	1312718772	32.2929	1312518772	32.288	200000	0.0049	149701	0.0037	37425.1	0.0009	0
153614	3b3b46e3f4e89d18c50403e6b8f412bdc0bf2f0f4127a97e88a651a0b173eebe	2011-11-17 00:21:29	181	724	1	0	1	0	1	1	0	0	5002330000	123.0573	0	0	0	0	0	0	0
153614	1b65b3aec180e5fba4e0b2df190d8ef44d43aa51f20c84877ac9ad71f3a91247	2011-11-17 00:21:29	224	896	1	0	0	0	1	1	1500000000	36.9	1500000000	36.9	0	0	0	0	0	0	308.30572916667
153614	f29d434541f34b0fe61d02881042ee4007c26a5e5bd1d8cda0e38fd6a469574c	2011-11-17 00:21:29	258	1032	1	0	0	0	1	2	4297480000	105.718	4297430000	105.7168	50000	0.0012	193798	0.0048	48449.6	0.0012	205.3175783287
153614	1c160d136049bb2517233ecc4cceb642f3a2fefd55783636cd65c152471f2e35	2011-11-17 00:21:29	2062	8248	1	0	0	0	11	2	6013722238	147.9376	6013722238	147.9376	0	0	0	0	0	0	871.90873625973
153614	6c2fbc28e6b44ab854921fb8f1972f7c16983a94b4803e67758c353ea7cd9201	2011-11-17 00:21:29	258	1032	1	0	0	0	1	2	717319936462	17646.0703	717319936462	17646.0703	0	0	0	0	0	0	0
153614	edc86540b86e8cde225e58c678c5519bb67f049bc1cc6b6ccae1a32b04098013	2011-11-17 00:21:29	800	3200	1	0	0	0	4	2	127923207978	3146.9109	127923207978	3146.9109	0	0	0	0	0	0	0
153614	f69d633e2a07d43e3f5077dc766a591fe6463b138f9393720b075b568bd86a01	2011-11-17 00:21:29	259	1036	1	0	0	0	1	2	9101677851	223.9013	9101677851	223.9013	0	0	0	0	0	0	0
153614	f800ea042ba3bbcc371cf8768e53a9b982325b9592f8d7705aed31bf141f24c1	2011-11-17 00:21:29	258	1032	1	0	0	0	1	2	9900000000	243.54	9900000000	243.54	0	0	0	0	0	0	0
153614	618535644c11b64bda7a19beb7ac12f2f9d5422ece148dd85c40dc0eef652ea1	2011-11-17 00:21:29	257	1028	1	0	0	0	1	2	3653846000	89.8846	3653796000	89.8834	50000	0.0012	194553	0.0048	48638.1	0.0012	0
153614	320191cb9d33ed0636165d2cd77ce395afeb25ad416e4591eeda6cb9caaee8a5	2011-11-17 00:21:29	258	1032	1	0	0	0	1	2	1800000000	44.28	1800000000	44.28	0	0	0	0	0	0	0
153614	2855ebe708c1d071da87db20c6190b051ecc1c14a0e84b8ba0452af8e7f61c40	2011-11-17 00:21:29	796	3184	1	0	0	0	4	2	31147129981	766.2194	31147129981	766.2194	0	0	0	0	0	0	0
153614	466b828fef553496309d459c69e1382eae3f5f2b3851a87fdf940b5544ea0632	2011-11-17 00:21:29	258	1032	1	0	0	0	1	2	3255842465	80.0937	3255842465	80.0937	0	0	0	0	0	0	0
153614	9e8840e97b74479808269981064f2472b70beff077837b217c9ab80f1f630a52	2011-11-17 00:21:29	225	900	1	0	0	0	1	1	4698000000	115.5708	4698000000	115.5708	0	0	0	0	0	0	0
153614	12f348987f65652739a2a207fc70a91d2ccc7562c3c6ee0b116a7343c93e0590	2011-11-17 00:21:29	257	1028	1	0	0	0	1	2	4140950000	101.8674	4140950000	101.8674	0	0	0	0	0	0	0
153614	6548a07da1c8a001169ffb90c726c9a015e52078f48b6a6078f38cd35af37bc1	2011-11-17 00:21:29	797	3188	1	0	0	0	4	2	131824905	3.2429	131814905	3.2426	10000	0.0002	12547.1	0.0003	3136.76	0.0001	6.409578962628
153614	06aa980f475f0a9702933edc7918d89a59681a96156c858528e0c073be49886f	2011-11-17 00:21:29	439	1756	1	0	0	0	2	2	9275000000	228.165	9275000000	228.165	0	0	0	0	0	0	0
153614	3044d48aa152102aaef3702f97ab685de35e703e0f3ae7682f2765a59b8b8ed9	2011-11-17 00:21:29	801	3204	1	0	0	0	4	2	5130831168	126.2185	5130831168	126.2185	0	0	0	0	0	0	0
153614	1c51806cebd6671b5699d0cc0f81a4e4cf5d398ec7079a935f05d81db829cf66	2011-11-17 00:21:29	258	1032	1	0	0	0	1	2	1388434775	34.1555	1388434775	34.1555	0	0	0	0	0	0	0
153614	51dcf35cb7e1f5db5d80978841aea6980b3926c09484d42ada54e7906b83eb14	2011-11-17 00:21:29	259	1036	1	0	0	0	1	2	1531126348	37.6657	1531126348	37.6657	0	0	0	0	0	0	0
153614	4a96f5cba0d727bec205c8afcf53fa9230a4363e989a79f2991252505c0ee2d6	2011-11-17 00:21:29	257	1028	1	0	0	0	1	2	3881200000	95.4775	3881150000	95.4763	50000	0.0012	194553	0.0048	48638.1	0.0012	0
153614	1c3a5939942a34afb1c78a50f855fe832829959e298f685aadcb011d209e2a03	2011-11-17 00:21:29	258	1032	1	0	0	0	1	2	1552798000	38.1988	1552798000	38.1988	0	0	0	0	0	0	0
153614	c4a8ced1086a53f77d7cd99461787a8b92c39fc88240ac2e53ce1cd49b05655a	2011-11-17 00:21:29	257	1028	1	0	0	0	1	2	13323000000	327.7458	13322940000	327.7443	60000	0.0015	233463	0.0057	58365.8	0.0014	0
153614	0b39325277f0fb2c653d7eea4d49c5271340d725e1802ad502d54ccee553db55	2011-11-17 00:21:29	440	1760	1	0	0	0	2	2	8969760000	220.6561	8969700000	220.6546	60000	0.0015	136364	0.0034	34090.9	0.0008	642.89396258796
153614	2b745e679288ec65179e8b54e3eca066378d0e47018ecb48db34858b0afa9168	2011-11-17 00:21:29	258	1032	1	0	0	0	1	2	6320050000	155.4732	6320000000	155.472	50000	0.0012	193798	0.0048	48449.6	0.0012	0
153614	3fafc10a3e812d9082db5c0fcdd6aaf05e685c6fa42747f82b4586cbaddb6379	2011-11-17 00:21:29	259	1036	1	0	0	0	1	2	508000000	12.4968	507950000	12.4956	50000	0.0012	193050	0.0047	48262.5	0.0012	0
153614	d9e0bcb23678fd7f77bb3259cc3f3010a0786d772b362168097ff4cd6bb58738	2011-11-17 00:21:29	258	1032	1	0	0	0	1	2	4021739140	98.9348	4021689140	98.9336	50000	0.0012	193798	0.0048	48449.6	0.0012	0
153614	cf8b41869191e93d7bbf4647d8fad48e626fee6bae33133b012839a641c725c5	2011-11-17 00:21:29	259	1036	1	0	0	0	1	2	4017842213	98.8389	4017792213	98.8377	50000	0.0012	193050	0.0047	48262.5	0.0012	0
153614	be45a099efc9e54844f852bd8aeb8e522f06073ce796fd91c6c93d3474855e25	2011-11-17 00:21:29	436	1744	1	0	0	0	2	2	5701050000	140.2458	5701000000	140.2446	50000	0.0012	114679	0.0028	28669.7	0.0007	0.034543420138889
153614	42c156f91d945f5b43ca6ca1d1469d8feb5ad0a59835768524fffa31f34017df	2011-11-17 00:21:29	733	2932	1	0	0	0	1	16	1896473767	46.6533	1896423767	46.652	50000	0.0012	68212.8	0.0017	17053.2	0.0004	0
153614	b8dca83bd737d5622fed29faa142ee441781baca39a2cd8d47118a9816426cfb	2011-11-17 00:21:29	2238	8952	1	0	0	0	12	2	3001187367	73.8292	3001037367	73.8255	150000	0.0037	67024.1	0.0016	16756	0.0004	0
153614	d9265b81b3c1788c90b917c37135422f55f882671e98792d012825e40d1adfc4	2011-11-17 00:21:29	258	1032	1	0	0	0	1	2	385455675	9.4822	385405675	9.481	50000	0.0012	193798	0.0048	48449.6	0.0012	0
153614	ab02201fa9ad20a946bf1548e717b7b5e830de4b952bf9d09129e62b5a2aac54	2011-11-17 00:21:29	5655	22620	1	0	0	0	31	2	155827111	3.8333	155527111	3.826	300000	0.0074	53050.4	0.0013	13262.6	0.0003	2.1661885433523
153614	d37f50852d410299a677d5fefe6c3922223a0c5c1a2e3f927a71cbc5da076818	2011-11-17 00:21:29	798	3192	1	0	0	0	4	2	102550000	2.5227	102500000	2.5215	50000	0.0012	62656.6	0.0015	15664.2	0.0004	0.09912546875
153614	fb4f0bab91a3038952c4c3423ffe2b8da4858503b048adc8652ad083e685f53f	2011-11-17 00:21:29	438	1752	1	0	0	0	2	2	167124000	4.1113	167074000	4.11	50000	0.0012	114155	0.0028	28538.8	0.0007	0
153614	a85b21bfc874ced7a637bb2209243f71d16d5e5e725a1b797177b37568cd82fe	2011-11-17 00:21:29	257	1028	1	0	0	0	1	2	59073727	1.4532	59023727	1.452	50000	0.0012	194553	0.0048	48638.1	0.0012	0
153614	d3c426145852355f5331922c6220742484c2ca0c0b0d21000743c84eba9540db	2011-11-17 00:21:29	259	1036	1	0	0	0	1	2	506119545	12.4505	506069545	12.4493	50000	0.0012	193050	0.0047	48262.5	0.0012	0
153614	bcc970c0775fd051456b822a59a96e0b5b4c88b8e8496c1848799b25faaf2aed	2011-11-17 00:21:29	258	1032	1	0	0	0	1	2	72125924	1.7743	72075924	1.7731	50000	0.0012	193798	0.0048	48449.6	0.0012	0
153614	361c630d16c056bef8de94e34be45ae50d0fe16165dae4d5199d51b8375f877a	2011-11-17 00:21:29	5119	20476	1	0	0	0	28	2	340350362	8.3726	340000362	8.364	350000	0.0086	68372.7	0.0017	17093.2	0.0004	0
153614	97e47b0b5493c19a02c885030beead0c107e8afd8c5b0c3950f1ba7e49050d5c	2011-11-17 00:21:29	438	1752	1	0	0	0	2	2	3510045	0.0863	3460045	0.0851	50000	0.0012	114155	0.0028	28538.8	0.0007	0.017477139280093
153614	f129604ef273a1d09db109b4f44459c3902fc0184bb9f178e9cf7731d14fcda8	2011-11-17 00:21:29	258	1032	1	0	0	0	1	2	760000	0.0187	710000	0.0175	50000	0.0012	193798	0.0048	48449.6	0.0012	0.0078056574074074
153614	663fe2dffb245316a33046f67876a9f5d4ec91f58b655c4025f3b7602be4cf47	2011-11-17 00:21:29	259	1036	1	0	0	0	1	2	8996132	0.2213	8946132	0.2201	50000	0.0012	193050	0.0047	48262.5	0.0012	0
153614	5de06a9e43b3ec9d88e0b2ea347fe5644a5256154850ea06e1655fdda4537db4	2011-11-17 00:21:29	438	1752	1	0	0	0	2	2	3208635	0.0789	3158635	0.0777	50000	0.0012	114155	0.0028	28538.8	0.0007	0
153614	1f5b394aed1b58300b8686dfdc556945fbbd97c4ae672088d3130baffb6f20b6	2011-11-17 00:21:29	258	1032	1	0	0	0	1	2	3880650000	95.464	3880600000	95.4628	50000	0.0012	193798	0.0048	48449.6	0.0012	0
153614	9cae12089b328b0349c49a5b659c5776cf67fa179df11f6a3ca4fb44eb4aec8e	2011-11-17 00:21:29	257	1028	1	0	0	0	1	2	3961420813	97.451	3961370813	97.4497	50000	0.0012	194553	0.0048	48638.1	0.0012	0
153614	fa69ff40aa143d2164f08e7e5683931fb55fc04b80f81170daa6e929e134e01a	2011-11-17 00:21:29	258	1032	1	0	0	0	1	2	424609749	10.4454	424559749	10.4442	50000	0.0012	193798	0.0048	48449.6	0.0012	0
153614	9e75f7615796bf5488da7032f8b721e89e46b8b402f91cebeb8c79aa25816af2	2011-11-17 00:21:29	258	1032	1	0	0	0	1	2	3880100000	95.4505	3880050000	95.4492	50000	0.0012	193798	0.0048	48449.6	0.0012	0
153614	fff1c73c3a2d2f0f2672b814c6abde27a7e808e70c8af4d8c2a9d58b11fdb9d9	2011-11-17 00:21:29	259	1036	1	0	0	0	1	2	3613804762	88.8996	3613754762	88.8984	50000	0.0012	193050	0.0047	48262.5	0.0012	0
153614	485892c036bebe9bb2c2fc0dade279c0703f5e00bdfb4d3e33c6df8117e53662	2011-11-17 00:21:29	258	1032	1	0	0	0	1	2	93369449	2.2969	93319449	2.2957	50000	0.0012	193798	0.0048	48449.6	0.0012	0
153614	610b304be58192f7a0494b5581a1c322aa1eccb61d92631ee973ee234f45c508	2011-11-17 00:21:29	259	1036	1	0	0	0	1	2	3499651271	86.0914	3499601271	86.0902	50000	0.0012	193050	0.0047	48262.5	0.0012	0
153614	f05490587eff8781de5e4f5b591a49f7882de6f1528ddba0cfeba56d46baeb88	2011-11-17 00:21:29	257	1028	1	0	0	0	1	2	24474732	0.6021	24424732	0.6008	50000	0.0012	194553	0.0048	48638.1	0.0012	0
153614	8feaf0a17c6ff7aa8e2a4b4aded7dbc61ca9760ef0109ee69cd911e8404acbdc	2011-11-17 00:21:29	258	1032	1	0	0	0	1	2	15952532	0.3924	15902532	0.3912	50000	0.0012	193798	0.0048	48449.6	0.0012	0
153615	b2e55e6112e80008f76c8890d7a9e54cb6e5840008392f6e413b762a9483a9ce	2011-11-17 00:43:22	135	540	1	0	1	0	1	1	0	0	5001950010	123.048	0	0	0	0	0	0	0
153615	77048a9f42a3f73b4e26cf8993e00070b28b195be341a0ff97f43adf5acf77ed	2011-11-17 00:43:22	979	3916	1	0	0	0	5	2	17891000180	440.1186	17891000180	440.1186	0	0	0	0	0	0	11300.5402484
153615	863c7463fa3506015d492e266b58cbe2de5d80d406776ea9f26db281b7072080	2011-11-17 00:43:22	258	1032	1	0	0	0	1	2	1099950000	27.0588	1099950000	27.0588	0	0	0	0	0	0	737.88719888889
153615	6752910285e00ca911f296a6d53ddae0321d05888b5acc1067305616d1304b11	2011-11-17 00:43:22	427	1708	1	0	0	0	1	7	714000000	17.5644	714000000	17.5644	0	0	0	0	0	0	557.56350902778
153615	aaeab23e6b15b1b12631a8f0f037b592d0b04fda19aab870b19ae1e0ee4279bc	2011-11-17 00:43:22	619	2476	1	0	0	0	3	2	3501000000	86.1246	3501000000	86.1246	0	0	0	0	0	0	808.38751944444
153615	d80479b672e5c3ed362790360f1e37e942927cd61cf05036ba557ca7dd0610af	2011-11-17 00:43:22	976	3904	1	0	0	0	5	2	7801000169	191.9046	7801000169	191.9046	0	0	0	0	0	0	1035.4963761703
153615	2ca9131e8f38d45ebac5c3ca53601a98710684331af8fed9d22477f566075f1d	2011-11-17 00:43:22	619	2476	1	0	0	0	3	2	2033597692	50.0265	2033597692	50.0265	0	0	0	0	0	0	176.41556535858
153615	e625c9950fca1287ea9d783e9580650a967c5a9ad9db221554dc2713f2ac2401	2011-11-17 00:43:22	2775	11100	1	0	0	0	15	2	4217000000	103.7382	4217000000	103.7382	0	0	0	0	0	0	807.18953333333
153615	a711fe68cb2677a2d9fdc873662bc1dfe62cc7899c206ea672839ea28921ad76	2011-11-17 00:43:22	618	2472	1	0	0	0	3	2	201000000	4.9446	201000000	4.9446	0	0	0	0	0	0	170.78699143519
153615	1f0df5e065891fa6d38b9b931f4ee714393dcfc96126d73639075caab92b06aa	2011-11-17 00:43:22	438	1752	1	0	0	0	2	2	14180000000	348.828	14180000000	348.828	0	0	0	0	0	0	44.318643518519
153615	c8ec6b9bff5b1b8977139a0875f6572940413c76c5b6aa575841f3015baf7179	2011-11-17 00:43:22	158	632	1	0	0	0	1	1	5000000000	123	5000000000	123	0	0	0	0	0	0	0
153615	ad50471c432ad5ac0d1479eda84dace075a5c3f347a31b5a638cd38b99083ccb	2011-11-17 00:43:22	158	632	1	0	0	0	1	1	5000000000	123	5000000000	123	0	0	0	0	0	0	0
153615	0610a69710b45c5e403620c52a32492a3fff734682db4d0e9439fca315bec0b3	2011-11-17 00:43:22	191	764	1	0	0	0	1	2	5002350000	123.0578	5002350000	123.0578	0	0	0	0	0	0	0
153615	20566528f1970061aed22d03f69e0124cd9d65a2fdabf90a080abd84dcd5dc4e	2011-11-17 00:43:22	225	900	1	0	0	0	1	1	3000000000	73.8	3000000000	73.8	0	0	0	0	0	0	28.410416666667
153615	b8923881c0d27f5352750abf460e15be642397dbea1364a253564816eedb83c4	2011-11-17 00:43:22	619	2476	1	0	0	0	3	2	5290269925	130.1406	5290269925	130.1406	0	0	0	0	0	0	67.962167794881
153615	830b92583e9f8b6c2849b6efee6a6ce49f3a0b49baf6adc492b260bbd7fa6848	2011-11-17 00:43:22	437	1748	1	0	0	0	2	2	11442000000	281.4732	11442000000	281.4732	0	0	0	0	0	0	21.689703703704
153615	35f480021a63243c82b71804cb47e2e3c48416f32eac01db819ff02d9a0c7a0f	2011-11-17 00:43:22	257	1028	1	0	0	0	1	2	5809615000	142.9165	5809615000	142.9165	0	0	0	0	0	0	0
153615	9dbe9ca053cd7423643d78b122ce85d0b8f6567ce2940feb676a407dee4a61d1	2011-11-17 00:43:22	584	2336	1	0	0	0	3	1	123354862	3.0345	123354862	3.0345	0	0	0	0	0	0	29.126458182077
153615	03a24fa01fa7ceb774fa670ff149cbd771941e6ce9304054adb805b8648fc93a	2011-11-17 00:43:22	436	1744	1	0	0	0	2	2	505000000	12.423	505000000	12.423	0	0	0	0	0	0	10.910497685185
153615	fc7b31b96daed310d4a75b4aaf5390180dcfe549f2d7783370f949fd1743228a	2011-11-17 00:43:22	259	1036	1	0	0	0	1	2	14999549980	368.9889	14999549970	368.9889	10	0	38.61	0	9.65251	0	0
153615	6dbdef4d9788c9bc9de01f4275a392876fe1dc2214623d4ed0714bbcb958f6bd	2011-11-17 00:43:22	257	1028	1	0	0	0	1	2	6142340000	151.1016	6142340000	151.1016	0	0	0	0	0	0	0
153615	aa1fb78749c905a3c4be92b65e32580cc770b8a1ea5a27a4df5918de299ee9ce	2011-11-17 00:43:22	1156	4624	1	0	0	0	6	2	2248093452	55.3031	2248093452	55.3031	0	0	0	0	0	0	13.757710198706
153615	e89d8029992240008da7351755570e8af2aab63c3a47567f31f8f8aab5f425c3	2011-11-17 00:43:22	766	3064	1	0	0	0	4	1	17725315522	436.0428	17725315522	436.0428	0	0	0	0	0	0	0
153615	fe2a1e0c0b6e3320b4e8164fa6fefa1c8216b10964711205153bb04212c3d40a	2011-11-17 00:43:22	619	2476	1	0	0	0	3	2	94000000	2.3124	94000000	2.3124	0	0	0	0	0	0	9.4142802083333
153615	93bfcfcc98e9f3344c2988079f037fc2c1d92fa8bc8f7e038c48540fadc2122e	2011-11-17 00:43:22	259	1036	1	0	0	0	1	2	667000000	16.4082	667000000	16.4082	0	0	0	0	0	0	0
153615	0e5fe9808e10c9c3b4730b52166252b7e153d0cb016590ba692d933204a05ad3	2011-11-17 00:43:22	435	1740	1	0	0	0	2	2	10001277367	246.0314	10001277367	246.0314	0	0	0	0	0	0	0
153615	29eb2eaf27f723268e1bb4a6b548e0857900c19b889161b8a3bad1e09bbb9f7e	2011-11-17 00:43:22	258	1032	1	0	0	0	1	2	1246166748	30.6557	1246166748	30.6557	0	0	0	0	0	0	0
153615	f107c2b64842506a176ade725f4646bcf6110b7ce90e80f8e053c0bc3be1449a	2011-11-17 00:43:22	1873	7492	1	0	0	0	10	2	1201000000	29.5446	1201000000	29.5446	0	0	0	0	0	0	15.657058842592999
153615	ade4148ebfccac487708fc07fddfc3288d871be9a93e29a3226f0a782e8016e3	2011-11-17 00:43:22	258	1032	1	0	0	0	1	2	2172772100	53.4502	2172772100	53.4502	0	0	0	0	0	0	0
153615	ae379efc40c9e1e7411172cce0185081f3915a6e84b56452bc5e13237e7eca16	2011-11-17 00:43:22	258	1032	1	0	0	0	1	2	4447669599	109.4127	4447669599	109.4127	0	0	0	0	0	0	0
153615	385f4dbb45635e2e6611f117fd9a71b8b3c7340360ac992eb87496e6b09ae497	2011-11-17 00:43:22	259	1036	1	0	0	0	1	2	1431000000	35.2026	1431000000	35.2026	0	0	0	0	0	0	0
153615	5a04a3e5274a87ba776ee747a3fc5f891fec3f1cc55f6131407b77eae10fbf2f	2011-11-17 00:43:22	1158	4632	1	0	0	0	6	2	1001655502	24.6407	1000655502	24.6161	1000000	0.0246	863558	0.0212	215889	0.0053	5.2586826082833
153615	5c63dadb5f0dbf36eed36a1755ad8fe318fafd48fd34fb11fb97008d9728d662	2011-11-17 00:43:22	258	1032	1	0	0	0	1	2	650000000	15.99	649950000	15.9888	50000	0.0012	193798	0.0048	48449.6	0.0012	0
153615	ef8879e1347153b7a41ef292a40896740f3c030fea1bdfddca85ea849b9703f2	2011-11-17 00:43:22	259	1036	1	0	0	0	1	2	292000000	7.1832	292000000	7.1832	0	0	0	0	0	0	0
153615	582f78d074b63e5136f0f562dce89f412e6a126e5f5e5cf7b30af398898d0c2e	2011-11-17 00:43:22	617	2468	1	0	0	0	3	2	3896800000	95.8613	3896800000	95.8613	0	0	0	0	0	0	0
153615	e6cee73e0d5f6553f6be18e8fea19f719fad1726f287d0c07d0ef07ad7edfcbd	2011-11-17 00:43:22	799	3196	1	0	0	0	4	2	1341127660	32.9917	1341077660	32.9905	50000	0.0012	62578.2	0.0015	15644.6	0.0004	0
153615	eb0c8204a7823811d37f17a1f2a39602e37b61cc759e50815ff69e161c28b952	2011-11-17 00:43:22	257	1028	1	0	0	0	1	2	6175479017	151.9168	6175429017	151.9156	50000	0.0012	194553	0.0048	48638.1	0.0012	0
153615	438425a06cab13f6a518c51f1e5d7003c637a5fe3310a0069f7137b1bdc2b75b	2011-11-17 00:43:22	258	1032	1	0	0	0	1	2	250000000	6.15	250000000	6.15	0	0	0	0	0	0	0
153615	43b03fb9a0918f11d63d0c3ffbb5b4cb5162d7a4b7c9523fd6b5472ccdb5f5d1	2011-11-17 00:43:22	438	1752	1	0	0	0	2	2	1432000000	35.2272	1432000000	35.2272	0	0	0	0	0	0	0
153615	9c90ff3b21d489189bdbeaa84295d744edbc800265efc7230bf560830f530ca9	2011-11-17 00:43:22	258	1032	1	0	0	0	1	2	396000000	9.7416	396000000	9.7416	0	0	0	0	0	0	0
153615	30b95966cf435dd65b1912bbfd231a1a8d90773577606fd8753a50825c789218	2011-11-17 00:43:22	2774	11096	1	0	0	0	1	76	5000000000	123	4999850000	122.9963	150000	0.0037	54073.5	0.0013	13518.4	0.0003	0
153615	f4ddaa59b84bb243e73e88c4c83be773aa241c1c9c29ab1ff2d294109efc913b	2011-11-17 00:43:22	258	1032	1	0	0	0	1	2	2594832286	63.8329	2594832286	63.8329	0	0	0	0	0	0	0
153615	cc7e398c2cd84e62d6cbad19f92d89bf67548d425725435ea629f98ab41f00e4	2011-11-17 00:43:22	258	1032	1	0	0	0	1	2	149000000	3.6654	149000000	3.6654	0	0	0	0	0	0	0
153615	eb96ba08c360ef77bb6e6f3a35bfd7375e571f3042dc318780e66baf70c37b94	2011-11-17 00:43:22	258	1032	1	0	0	0	1	2	2385264583	58.6775	2385264583	58.6775	0	0	0	0	0	0	0
153615	dd9bd426ebcbde4bc7de686fe6f50a59583ef914b874a1a497ab9d29be3cfb1e	2011-11-17 00:43:22	257	1028	1	0	0	0	1	2	2316995074	56.9981	2316995074	56.9981	0	0	0	0	0	0	0
153615	7768fed4b8204fb0ea78c918f2cac1b0079423276bf6ddad1b766d4bf975fd8c	2011-11-17 00:43:22	5300	21200	1	0	0	0	29	2	5844301134	143.7698	5844001134	143.7624	300000	0.0074	56603.8	0.0014	14150.9	0.0003	0.0090510319261574
153615	8c9d20996afba41dae41ae9d014ee5df18f3acc85cd2a34640c96c749fd6fb04	2011-11-17 00:43:22	259	1036	1	0	0	0	1	2	3345059678	82.2885	3345059678	82.2885	0	0	0	0	0	0	0
153615	a3736d7be7c0ee63823c07e414ed2e3721c487cb80a1201c5d1c44853d843e8a	2011-11-17 00:43:22	258	1032	1	0	0	0	1	2	482669889	11.8737	482669889	11.8737	0	0	0	0	0	0	0
153615	614783f49aaddab2eec9101e8e7a2347f71176475d79b77e459e043a44c0aefc	2011-11-17 00:43:22	438	1752	1	0	0	0	2	2	1029726830	25.3313	1029726830	25.3313	0	0	0	0	0	0	0
153615	239fe2acede8f418b6b57e0aceb5fe7d37a5a805db1faeb85f3af499a2521dec	2011-11-17 00:43:22	438	1752	1	0	0	0	2	2	9243149999	227.3815	9243099999	227.3803	50000	0.0012	114155	0.0028	28538.8	0.0007	0
153615	885b6a968c1773b2cbf11345c919e0b78a3bae7c4bce745d5a8024f8b0dd2fb9	2011-11-17 00:43:22	258	1032	1	0	0	0	1	2	2950710000	72.5875	2950710000	72.5875	0	0	0	0	0	0	0
153615	cce28ffb3105b448e38a4d260012b18b4349116d19a8d948df49d6fdc45a80a1	2011-11-17 00:43:22	259	1036	1	0	0	0	1	2	2914053934	71.6857	2914053934	71.6857	0	0	0	0	0	0	0
153615	d5b6c47ba1bf5ed2d7abfae58e9bc9a03fc83e9e0cef1541b1c7a021a224bf3c	2011-11-17 00:43:22	258	1032	1	0	0	0	1	2	2736828224	67.326	2736828224	67.326	0	0	0	0	0	0	0
153615	af0446487c798e0fc0e5f0badc2bc9a911c954dc52658b510ab3ae3387cafb7b	2011-11-17 00:43:22	257	1028	1	0	0	0	1	2	2565641803	63.1148	2565641803	63.1148	0	0	0	0	0	0	0
153615	97b3d872ca98b93f21a2f5c10079d8b4ba3fbdc45fb53e9a5db2444c60bed665	2011-11-17 00:43:22	259	1036	1	0	0	0	1	2	2538732450	62.4528	2538732450	62.4528	0	0	0	0	0	0	0
153615	6f619949dbc9927ea3f5eb8bb24ccff6176f52d5a458836a96fdb2d1523be040	2011-11-17 00:43:22	618	2472	1	0	0	0	3	2	21662095	0.5329	21612095	0.5317	50000	0.0012	80906.1	0.002	20226.5	0.0005	0.76718055555556
153615	935a70e16346b299539d2e846355c9c8eca30fdac512ab7d9c6fd96b99c14433	2011-11-17 00:43:22	257	1028	1	0	0	0	1	2	1994200000	49.0573	1994200000	49.0573	0	0	0	0	0	0	0
153615	4296f41bc3c9d96f35f05224794551b26f0a323d910c159432dae46a4ba9ee57	2011-11-17 00:43:22	258	1032	1	0	0	0	1	2	396000000	9.7416	395950000	9.7404	50000	0.0012	193798	0.0048	48449.6	0.0012	0
153615	a5aaedfcd002ad5de6f866f348ec51e52de090adfa3cf36267cbab5eb3f93eac	2011-11-17 00:43:22	258	1032	1	0	0	0	1	2	205000000	5.043	205000000	5.043	0	0	0	0	0	0	0
153615	beb62a145ce1bef28f7b733bf365652ef905083bac4a2477c28227fdda8d4147	2011-11-17 00:43:22	259	1036	1	0	0	0	1	2	128557500	3.1625	128557500	3.1625	0	0	0	0	0	0	0
153615	8bf2843203552f55ff8fbf2d0c1e2a3e05548029d9b80d7a3514acb1031614e5	2011-11-17 00:43:22	258	1032	1	0	0	0	1	2	200000000	4.92	200000000	4.92	0	0	0	0	0	0	0
153615	a9064c209ca0ac5a1c1dd8a4348dcb625577a4d76e644b841816b676c01ab365	2011-11-17 00:43:22	258	1032	1	0	0	0	1	2	100000000	2.46	100000000	2.46	0	0	0	0	0	0	0
153615	b9171f1e0b270ea6edc48305ed5e62cdb2df5c30379c41dad4d83abd3bd016d8	2011-11-17 00:43:22	439	1756	1	0	0	0	2	2	179207463	4.4085	179207463	4.4085	0	0	0	0	0	0	0
153615	9490bbf7f6784a6c72a66eaf12f92c1fc8a58aef81be08fc1cf07a8bb9576cb3	2011-11-17 00:43:22	437	1748	1	0	0	0	2	2	23234744	0.5716	23234744	0.5716	0	0	0	0	0	0	0.32486465971157
153615	91335994e04108e74959ee8337380edd15841c0c6db31ac7d943233a2fcf8f15	2011-11-17 00:43:22	258	1032	1	0	0	0	1	2	100021238	2.4605	100021238	2.4605	0	0	0	0	0	0	0
153615	3f3ad0ca1ca4ea6f1afdfc6528da5eae3a39402b42b4a7e158c6a4acf60a1f9f	2011-11-17 00:43:22	259	1036	1	0	0	0	1	2	830000000	20.418	830000000	20.418	0	0	0	0	0	0	0
153615	a66f7da6c9bfd72c0a772875969ddd2075d1de33bfe1c63938de5c3637f7fa2e	2011-11-17 00:43:22	438	1752	1	0	0	0	2	2	313754529	7.7184	313754529	7.7184	0	0	0	0	0	0	0
153615	eb076f7b45652f3cc71f82a8ac03c3ae85fef05ecdd767bfdfb5c92f694b2cda	2011-11-17 00:43:22	438	1752	1	0	0	0	2	2	199573787	4.9095	199573787	4.9095	0	0	0	0	0	0	0
153615	22e36ce1b1ca2186e5df4c8063676f3f55b5674144c2902245f687bb3140b2c4	2011-11-17 00:43:22	258	1032	1	0	0	0	1	2	128902746	3.171	128902746	3.171	0	0	0	0	0	0	0
153615	6ed31fc90fbf280ad9083eee482593a00450e46cd8219668a64a31cf37f86253	2011-11-17 00:43:22	1340	5360	1	0	0	0	7	2	1233297032	30.3391	1233297032	30.3391	0	0	0	0	0	0	0
153615	8dcdce2152103c3965ab3b3f4033f23701c47876527f0f1e0edaef78dc00f6fe	2011-11-17 00:43:22	259	1036	1	0	0	0	1	2	906876471	22.3092	906876471	22.3092	0	0	0	0	0	0	0
153615	98b15d4528234abcb6607b8bc018770c14cb7f504afdc21c5e2c36755e0156d3	2011-11-17 00:43:22	257	1028	1	0	0	0	1	2	136701129	3.3628	136701129	3.3628	0	0	0	0	0	0	0
153615	9d2fa088465a50ded91b849a75efaaf09d426a2df379a21da602670bee4c1348	2011-11-17 00:43:22	258	1032	1	0	0	0	1	2	92982484	2.2874	92982484	2.2874	0	0	0	0	0	0	0
153615	dff2a5c40b329639d0991624edba6b7d23411117248fafefcbffbf40a591374d	2011-11-17 00:43:22	258	1032	1	0	0	0	1	2	748859089	18.4219	748809089	18.4207	50000	0.0012	193798	0.0048	48449.6	0.0012	0
153615	54d8671108665933e3be90fa929b845ee18cc4bd93d7d35aa6ccdc4c1a94915d	2011-11-17 00:43:22	440	1760	1	0	0	0	2	2	115100000	2.8315	115100000	2.8315	0	0	0	0	0	0	0
153615	4d943592ca5146ed920fdd9fdb5ea1ecc179f31bc1842f139e63eab90fc70eaf	2011-11-17 00:43:22	619	2476	1	0	0	0	3	2	142511690	3.5058	142511690	3.5058	0	0	0	0	0	0	0
153615	6ff03a5e1ad472f540573670ae79be57eaf6037ac6a89a3d902eefb3fa211f83	2011-11-17 00:43:22	258	1032	1	0	0	0	1	2	107000000	2.6322	107000000	2.6322	0	0	0	0	0	0	0
153615	a61e70254cedad36d25fbde91b230cdbf3494fbcb18d39ffe866e1fb2d80e623	2011-11-17 00:43:22	259	1036	1	0	0	0	1	2	536423767	13.196	536373767	13.1948	50000	0.0012	193050	0.0047	48262.5	0.0012	0
153615	b7d6f8d64271d4893328848aa05dabf5c00b52717c185a7cb0be00924aea4636	2011-11-17 00:43:22	257	1028	1	0	0	0	1	2	362010115	8.9054	361960115	8.9042	50000	0.0012	194553	0.0048	48638.1	0.0012	0
153615	69d2278f2919c6f5f38d78984fc875ce06d022120545cdcfc43980f6eb5f0619	2011-11-17 00:43:22	257	1028	1	0	0	0	1	2	19000000	0.4674	19000000	0.4674	0	0	0	0	0	0	0
153615	3120fe075e5e03f4ab5b8b5afce6b16f9fc743e8ea3c5395ab627765c11002e8	2011-11-17 00:43:22	798	3192	1	0	0	0	4	2	51100000	1.2571	51100000	1.2571	0	0	0	0	0	0	0
153615	a66cdb8b1c0c994e3ad4852e04aeeacf346158ff33c3d921f2fc0443a37e951e	2011-11-17 00:43:22	257	1028	1	0	0	0	1	2	24000000	0.5904	24000000	0.5904	0	0	0	0	0	0	0
153615	66951dc3122eb66562a1d1c1f37b36d3d7e4c6cdcd13e024d1476006eb9feb3e	2011-11-17 00:43:22	765	3060	1	0	0	0	4	1	15543279	0.3824	15543279	0.3824	0	0	0	0	0	0	0
153615	6660d5072c73654a426be34616b30d5d8cc0ed513356258f9dee0caf32b60d80	2011-11-17 00:43:22	257	1028	1	0	0	0	1	2	19490680	0.4795	19440680	0.4782	50000	0.0012	194553	0.0048	48638.1	0.0012	0
153615	8618c2066b700c3987477ec1d623db91782c7b12a08f34b5869d994fce1f65f3	2011-11-17 00:43:22	258	1032	1	0	0	0	1	2	17725315522	436.0428	17725315522	436.0428	0	0	0	0	0	0	0
153615	c6bd57148d60cffa506ee9c07cafb576007485d2c6beb23c7b58cc609767bab1	2011-11-17 00:43:22	224	896	1	0	0	0	1	1	3822000000	94.0212	3822000000	94.0212	0	0	0	0	0	0	0
153615	57d2f16b1a16af283bdac032c3e6a1b9bc2516c6ded4e1a730c75ee0d0e9e185	2011-11-17 00:43:22	258	1032	1	0	0	0	1	2	465995074	11.4635	465995074	11.4635	0	0	0	0	0	0	0
153615	f3100196c4509fcce4812d712281a4d2182984acab54cb6eebdd0c18aade3ce6	2011-11-17 00:43:22	258	1032	1	0	0	0	1	2	1832200000	45.0721	1832200000	45.0721	0	0	0	0	0	0	0
153615	b2d7bcbfbe0a9eba72856945502cd8746657ccb005638d5b6dbaf22392fbf0c8	2011-11-17 00:43:22	257	1028	1	0	0	0	1	2	829000000	20.3934	829000000	20.3934	0	0	0	0	0	0	0
153615	06a58173725748c1c7f5bea6994d24dff46d9f898d3c61b128b8b17224790a2a	2011-11-17 00:43:22	258	1032	1	0	0	0	1	2	879876471	21.645	879876471	21.645	0	0	0	0	0	0	0
153615	93e03bbd05345554ade2a609ad8bfe43e7d08e705d454e58814081fa1406431f	2011-11-17 00:43:22	257	1028	1	0	0	0	1	2	22000000	0.5412	22000000	0.5412	0	0	0	0	0	0	0
153615	fe1a6c225523fbe4ac256f279dda15805fc07d64a990d7fee9b5b2c7edb26cae	2011-11-17 00:43:22	258	1032	1	0	0	0	1	2	441995074	10.8731	441995074	10.8731	0	0	0	0	0	0	0
153615	21c7cbac872fda4a53787a0e4d69c8f30e65bbc9bd2d4c44c754343c4b9a8c79	2011-11-17 00:43:22	257	1028	1	0	0	0	1	2	1225200000	30.1399	1225200000	30.1399	0	0	0	0	0	0	0
153615	88d4808afe67c64aa63a3c2fc3c4a178dc6255d858537c8a0ba5cc8859419923	2011-11-17 00:43:22	258	1032	1	0	0	0	1	2	629000000	15.4734	629000000	15.4734	0	0	0	0	0	0	0
153615	c3c18941530a2d3580ac34db598eb63201e8dc557dd7177f8610c10c93eaebb6	2011-11-17 00:43:22	259	1036	1	0	0	0	1	2	407876471	10.0338	407876471	10.0338	0	0	0	0	0	0	0
153615	d9dcc9008dbae0f6476c71cdedc2a5315e09e4e0b69688b800f62020837d27d5	2011-11-17 00:43:22	223	892	1	0	0	0	1	1	11000000	0.2706	11000000	0.2706	0	0	0	0	0	0	0
153615	7ca8a742292e7e08aced289141f78cbbeb335b96ed21d6365ff96215a93bfcc1	2011-11-17 00:43:22	257	1028	1	0	0	0	1	2	285995074	7.0355	285995074	7.0355	0	0	0	0	0	0	0
153615	f191f4e6345624fd06a06257e6501a32121607d1aa09cb133c5df7d4af9826ce	2011-11-17 00:43:22	258	1032	1	0	0	0	1	2	1210200000	29.7709	1210200000	29.7709	0	0	0	0	0	0	0
153615	e304f8bf29731a41bda78a704ecee13b4ea8363eeeee9eadfa13e1ef2c51a42d	2011-11-17 00:43:22	258	1032	1	0	0	0	1	2	267000000	6.5682	267000000	6.5682	0	0	0	0	0	0	0
153615	6f5484a0687df4e1f29b768a85ca97ec860b4e3299d2397979b3d719581d6ea2	2011-11-17 00:43:22	258	1032	1	0	0	0	1	2	387876471	9.5418	387876471	9.5418	0	0	0	0	0	0	0
153616	5f3392322893e2aefdce5a66ed80f6b80aa70b5fbb7ccc09354063d0968c0568	2011-11-17 00:44:23	135	540	1	0	1	0	1	1	0	0	5000000000	123	0	0	0	0	0	0	0
153616	d7b4cc2a1feb1a360e3872736943a9a922256a9b4ad058ed582e7cfdd3e4a6a0	2011-11-17 00:44:23	796	3184	1	0	0	0	4	2	20081000000	493.9926	20081000000	493.9926	0	0	0	0	0	0	5543.1865600694
153616	00a0400dc942cf31bb23b179ff3dbe39f946dc9b2e8465637b692d2064a4590a	2011-11-17 00:44:23	3865	15460	1	0	0	0	21	2	1836004240	45.1657	1836004240	45.1657	0	0	0	0	0	0	480.67514532568
153616	0ca863a0f5dff0c51427c70e3cbf85a39bff9f349d5f4c1b393cb00e3663d977	2011-11-17 00:44:23	257	1028	1	0	0	0	1	2	500000000	12.3	500000000	12.3	0	0	0	0	0	0	0
153616	7a9cf32d0ec0ed386961f0e6302062a9faccb249e6f793983e70e2ea58da09bc	2011-11-17 00:44:23	257	1028	1	0	0	0	1	2	3442064570	84.6748	3442064570	84.6748	0	0	0	0	0	0	0
153616	2c5d0ee523bb3da9215b0961486aa1dbc48962006ab86b9c7d3d252b487f776d	2011-11-17 00:44:23	258	1032	1	0	0	0	1	2	1146200000	28.1965	1146200000	28.1965	0	0	0	0	0	0	0
153616	70d2c478a2a8f6b7d6e107749472e98687a0bd80cb10eefade337776b9b59d3d	2011-11-17 00:44:23	258	1032	1	0	0	0	1	2	233995074	5.7563	233995074	5.7563	0	0	0	0	0	0	0
153616	ffd2da6914912a3f15545bcf5f79f729cb14ed36b906bc6c15ec389dd0776fde	2011-11-17 00:44:23	257	1028	1	0	0	0	1	2	209876471	5.163	209876471	5.163	0	0	0	0	0	0	0
153616	08939913d0f7c3c1d813015e5603d243fa331636cb08a9744d41eaa862cb2267	2011-11-17 00:44:23	259	1036	1	0	0	0	1	2	208000000	5.1168	208000000	5.1168	0	0	0	0	0	0	0
153616	3ae8f996c47e7e006f581074da2a2480e30bdda11e966c99757a2cf2b005b9c9	2011-11-17 00:44:23	258	1032	1	0	0	0	1	2	1123200000	27.6307	1123200000	27.6307	0	0	0	0	0	0	0
153616	025cc5a261f6d6d9b0f55fda045324e2198d35f40280701e2e938376e3d2bc13	2011-11-17 00:44:23	258	1032	1	0	0	0	1	2	90995074	2.2385	90995074	2.2385	0	0	0	0	0	0	0
153616	537faf57690281afc2f4cc10eef386972707a3a346bd750ffd1b492c834e24a4	2011-11-17 00:44:23	258	1032	1	0	0	0	1	2	154876471	3.81	154876471	3.81	0	0	0	0	0	0	0
153616	20f3507897327196c53fef3c4f3e7df115e302e7a0fb3c2448739ec9f0d897e2	2011-11-17 00:44:23	258	1032	1	0	0	0	1	2	63000000	1.5498	63000000	1.5498	0	0	0	0	0	0	0
153616	eabebbfc8239a78977bc1e4b8ce13e720aa5d41882f77a3c18adf5dc090d05a5	2011-11-17 00:44:23	258	1032	1	0	0	0	1	2	1110200000	27.3109	1110200000	27.3109	0	0	0	0	0	0	0
153616	a973451a35f5a91f436e6e72a0f9da53b86f5d296e214b4ce167d92bf56b9f29	2011-11-17 00:44:23	257	1028	1	0	0	0	1	2	74995074	1.8449	74995074	1.8449	0	0	0	0	0	0	0
153616	b5420fee75b870cab30a5f2c0cc85d07d3a4f68cb1483b1626936d7ed9208568	2011-11-17 00:44:23	259	1036	1	0	0	0	1	2	44876471	1.104	44876471	1.104	0	0	0	0	0	0	0
153616	358c4fa66e645ddaf7f211184efefd6d3c9f2ddb51acc2d9ca5ebdcb45a96f13	2011-11-17 00:44:23	256	1024	1	0	0	0	1	2	42000000	1.0332	42000000	1.0332	0	0	0	0	0	0	0
153616	6d3159fe1a22c7a52f0e97c2f690fe5541f704c52a0328400f87c7c624090fdd	2011-11-17 00:44:23	258	1032	1	0	0	0	1	2	1056200000	25.9825	1056200000	25.9825	0	0	0	0	0	0	0
153616	d26673308922d98ff6db446c23a8fa2bbe98aef57b50716629b44dd842b25766	2011-11-17 00:44:23	257	1028	1	0	0	0	1	2	56995074	1.4021	56995074	1.4021	0	0	0	0	0	0	0
153616	5034f939bf3ba7950d7b556188faf0bba2f70bdd554d87112933005c13d0ee9a	2011-11-17 00:44:23	257	1028	1	0	0	0	1	2	5000000	0.123	5000000	0.123	0	0	0	0	0	0	0
153616	576ef445ddb4a34d48d054b045767b53324bcaf3218ca0ae493e1022d6f06e71	2011-11-17 00:44:23	259	1036	1	0	0	0	1	2	989200000	24.3343	989200000	24.3343	0	0	0	0	0	0	0
153616	284320c0aa365225c3deba36f1bf008e7866981d280daaa174e20cc0dcd54150	2011-11-17 00:44:23	257	1028	1	0	0	0	1	2	30995074	0.7625	30995074	0.7625	0	0	0	0	0	0	0
153616	30032dacf8d308628f1dca5f0f8fa63d56a4bfde8b265ee43732c1449e596f27	2011-11-17 00:44:23	259	1036	1	0	0	0	1	2	4000000	0.0984	4000000	0.0984	0	0	0	0	0	0	0
153616	85c609c9d494659cc59fa152f14943d06fff4cd2adb659131da79da421b3a0ed	2011-11-17 00:44:23	258	1032	1	0	0	0	1	2	951200000	23.3995	951200000	23.3995	0	0	0	0	0	0	0
153616	d851e7ea667cbe512f3840127746b0f00a25585a636b878abcd5a4c1691171da	2011-11-17 00:44:23	439	1756	1	0	0	0	2	2	27871545	0.6856	27871545	0.6856	0	0	0	0	0	0	0
153616	5d0568c36aa26c33d73939e63488789614e9da22d22b4b5c0229b169673aed03	2011-11-17 00:44:23	258	1032	1	0	0	0	1	2	3000000	0.0738	3000000	0.0738	0	0	0	0	0	0	0
153616	f0d0263e157582037745f12cd9bc91c461b12db3c0b8a53d03173c908473965f	2011-11-17 00:44:23	259	1036	1	0	0	0	1	2	919200000	22.6123	919200000	22.6123	0	0	0	0	0	0	0
153616	4abddcc7caabf61e292301f1796fcbceb98bdbef99fd46e59f5f51d606ce4d95	2011-11-17 00:44:23	259	1036	1	0	0	0	1	2	9871545	0.2428	9871545	0.2428	0	0	0	0	0	0	0
153616	88d1a9d372f9b241ec17e26ff6c88b6e24cf46b5c62d3d6f72511bc0969752d4	2011-11-17 00:44:23	257	1028	1	0	0	0	1	2	891200000	21.9235	891200000	21.9235	0	0	0	0	0	0	0
153616	11c7172b63f1149a10b627f191b8e3282a6206cc8d48ed00e1ebbfa7f7677cfc	2011-11-17 00:44:23	257	1028	1	0	0	0	1	2	873200000	21.4807	873200000	21.4807	0	0	0	0	0	0	0
153616	7e44b246afb2f71578cb37a97794db066d9c959972f8b27590634a19beb33648	2011-11-17 00:44:23	257	1028	1	0	0	0	1	2	859200000	21.1363	859200000	21.1363	0	0	0	0	0	0	0
153616	8e488097952d4f7e709814921285d765df2778735e59291abbdc2ac5bdfe9d66	2011-11-17 00:44:23	258	1032	1	0	0	0	1	2	788200000	19.3897	788200000	19.3897	0	0	0	0	0	0	0
153617	5c0f0c1aed14b7579404d827ca3b051ef4429ae1db7c9220e091723741f21e54	2011-11-17 00:58:02	135	540	1	0	1	0	1	1	0	0	5001300000	123.032	0	0	0	0	0	0	0
153617	12079c9eeb1ead6417a5a2fe918895e43547ff04b90e217f48f3cce7b915eebd	2011-11-17 00:58:02	257	1028	1	0	0	0	1	2	6200800000	152.5397	6200800000	152.5397	0	0	0	0	0	0	1436.306949537
153617	80efb7146b32b46bde3209e5f2c023080f80338fc84a895d35112adcf3dc4d84	2011-11-17 00:58:02	618	2472	1	0	0	0	3	2	15071000000	370.7466	15071000000	370.7466	0	0	0	0	0	0	636.93515069444
153617	5d5eccbca4f034b8882e7cab4c4c51a06024825b10f4342ba690323ea5038644	2011-11-17 00:58:02	225	900	1	0	0	0	1	1	2000000000	49.2	2000000000	49.2	0	0	0	0	0	0	103.50972222222
153617	5a769b2af54454e36772c576b75fb2f2f8c2561848ec99b301d9c6e70f8d24da	2011-11-17 00:58:02	403	1612	1	0	0	0	2	1	500000000	12.3	500000000	12.3	0	0	0	0	0	0	190.42424768519
153617	572d507dc05e135aab9ec79488fb1350edd0cc86919b86f0a13e58486fcf5769	2011-11-17 00:58:02	257	1028	1	0	0	0	1	2	1114200000	27.4093	1114200000	27.4093	0	0	0	0	0	0	23.653408541667
153617	d56b2add13720c0714f1ff9252607fd1fd6cac2511931a365141aa7bc0cb5b06	2011-11-17 00:58:02	802	3208	1	0	0	0	4	2	3001000000	73.8246	3001000000	73.8246	0	0	0	0	0	0	73.653325347222
153617	2c92905e9b8165e2f54063818da41b0ee2f83bfb6e9bd3654e8930712fbb8e7b	2011-11-17 00:58:02	439	1756	1	0	0	0	2	2	202040752	4.9702	201940752	4.9677	100000	0.0025	227790	0.0056	56947.6	0.0014	31.592148133676
153617	9a3dc3ef510a453aa80efcd94ec5e6d29bf42576807a92f722fafdb16e76093a	2011-11-17 00:58:02	224	896	1	0	0	0	1	1	100000000	2.46	100000000	2.46	0	0	0	0	0	0	6.9568865740741
153617	17c7613444df5eff2fb64681890c493e2cf58989d5bde7e70bc29dd38fc68abd	2011-11-17 00:58:02	798	3192	1	0	0	0	4	2	567789956	13.9676	567789956	13.9676	0	0	0	0	0	0	23.782700037744
153617	0a76a9417e12f6392e40c6a441e55246893f146010ec92f4a5b56e2f3c172986	2011-11-17 00:58:02	799	3196	1	0	0	0	4	2	7822814780	192.4413	7822814780	192.4413	0	0	0	0	0	0	0
153617	8bd2bd3ee3ac0af0fa61d2f78b5e261ee2fe72f3e7d75f4b4d094a3d50f89f68	2011-11-17 00:58:02	1158	4632	1	0	0	0	6	2	10001203352	246.0296	10001203352	246.0296	0	0	0	0	0	0	0
153617	9c36a0303c895b9a462711b5046fba01d039a7a648412ed03b7e4619cd6cd96f	2011-11-17 00:58:02	621	2484	1	0	0	0	3	2	2265000000	55.719	2264900000	55.7165	100000	0.0025	161031	0.004	40257.6	0.001	0
153617	e63baf10329e8da157627e337af63095e7490308c15f6b6de1119820b66533cb	2011-11-17 00:58:02	616	2464	1	0	0	0	3	2	3339478000	82.1512	3339478000	82.1512	0	0	0	0	0	0	0
153617	a20c3b5f0675f6419e18b481ba1452b97ed5f439621dc10fd2f9ae8c01f04b3b	2011-11-17 00:58:02	976	3904	1	0	0	0	5	2	2679015000	65.9038	2679015000	65.9038	0	0	0	0	0	0	0
153617	669b68e3f191f624ed4dcc308e04c75b3d4d8712502470a83dd8f6b8055a887a	2011-11-17 00:58:02	619	2476	1	0	0	0	3	2	8997000000	221.3262	8996950000	221.325	50000	0.0012	80775.4	0.002	20193.9	0.0005	0
153617	f6746b0e48ab2729443c34665336db1de3a82a20da9987a0c1e7e1cfa68a7db2	2011-11-17 00:58:02	224	896	1	0	0	0	1	1	100000000	2.46	99000000	2.4354	1000000	0.0246	4464290	0.1098	1116070	0.0275	0
153617	cda5d8ff76bcd74abc1eaebb8071e99fa55c9dd19d1e31e9976be5c52ff4c219	2011-11-17 00:58:02	257	1028	1	0	0	0	1	2	665200000	16.3639	665200000	16.3639	0	0	0	0	0	0	0
153617	f96ebfc7bc07112a110e7a6b3c74586a27b151f1f0a65ebfb452b5df77491b52	2011-11-17 00:58:02	437	1748	1	0	0	0	2	2	2215343	0.0545	2165343	0.0533	50000	0.0012	114416	0.0028	28604.1	0.0007	0
153617	0f74765138204f63922ce00ec1c41b89094c4b5ef609dbc3f7475d8f7de8bc85	2011-11-17 00:58:02	225	900	1	0	0	0	1	1	10000000000	246	10000000000	246	0	0	0	0	0	0	0
153618	b6881a0c24aaec1355d08eab533e45f8d4976b548c4898a19d7bf89694cdb476	2011-11-17 01:12:09	168	672	1	0	1	0	1	1	0	0	5001811000	123.0446	0	0	0	0	0	0	0
153618	32b333e051932bd9644fa577cb6cbaaee15ccadcff4fdb725738cc8ca36504f5	2011-11-17 01:12:09	259	1036	1	0	0	0	1	2	1941282000	47.7555	1941282000	47.7555	0	0	0	0	0	0	928.53203200625
153618	fb19b6b9e493a0148f4b126b64b0bb2649827d9da6514675d2ea9e3b05c2fa91	2011-11-17 01:12:09	257	1028	1	0	0	0	1	2	500000000	12.3	500000000	12.3	0	0	0	0	0	0	703.33292824074
153618	5256bb8dd42327700329a7e16777c244d4ca35713475270aa879431689ca1c05	2011-11-17 01:12:09	258	1032	1	0	0	0	1	2	798000000	19.6308	798000000	19.6308	0	0	0	0	0	0	484.57857291667
153618	b4a85befd527a1a19a3b248897bce0a6f81651f3fb807af3a8a3cfc2ffe45c25	2011-11-17 01:12:09	258	1032	1	0	0	0	1	2	898000000	22.0908	898000000	22.0908	0	0	0	0	0	0	231.86266458333
153618	fb44177a0770768e4d5f9384f155efa9ee94aad65cab629ef87f2313432a85d8	2011-11-17 01:12:09	979	3916	1	0	0	0	5	2	3801100000	93.5071	3801000000	93.5046	100000	0.0025	102145	0.0025	25536.3	0.0006	778.9626643287
153618	1a35a4febeb6e644ef18e19896eeaf9e69b0f18752f80b996fa7f2a146460a6a	2011-11-17 01:12:09	616	2464	1	0	0	0	3	2	3656055600	89.939	3656055600	89.939	0	0	0	0	0	0	430.55627743171
153618	a70077af37dc1db7b4065e0ddac5b8fb8df5401aaf5a48429badaff3efe7e674	2011-11-17 01:12:09	802	3208	1	0	0	0	4	2	3201050535	78.7458	3201000535	78.7446	50000	0.0012	62344.1	0.0015	15586	0.0004	155.39320579519
153618	a0648b0612cf7bf5d58ba3eb94c3b49307f5b58cbffa571bd73b994433cd4e56	2011-11-17 01:12:09	258	1032	1	0	0	0	1	2	3956411193	97.3277	3956411193	97.3277	0	0	0	0	0	0	0
153618	c87f14ce0bb1fd254eba6d6ba82d1bb09e7c859c822fb0f11fa624e015a4d700	2011-11-17 01:12:09	223	892	1	0	0	0	1	1	10000000000	246	10000000000	246	0	0	0	0	0	0	0
153618	e06622c92f67799748145e1d937103e9f55e70f9d304a3f8b1e1e7c8954458ef	2011-11-17 01:12:09	258	1032	1	0	0	0	1	2	2069433965	50.9081	2069433965	50.9081	0	0	0	0	0	0	0
153618	b6dc96bf32ef4e9729a9f633c0b54a3b5092aff9ebfddac609d2423f61fc2288	2011-11-17 01:12:09	618	2472	1	0	0	0	3	2	1427552246	35.1178	1427502246	35.1166	50000	0.0012	80906.1	0.002	20226.5	0.0005	24.523325879721
153618	9c10a4285fd9f05bfd008205a914daf6404d6b39ddd74c7a658a92f2797821bb	2011-11-17 01:12:09	258	1032	1	0	0	0	1	2	1650000000	40.59	1650000000	40.59	0	0	0	0	0	0	0
153618	931e15717064eed8235b7f9497665c6564e2a70631f9b98530985c216c136c23	2011-11-17 01:12:09	258	1032	1	0	0	0	1	2	4687418976	115.3105	4687418976	115.3105	0	0	0	0	0	0	0
153618	83c6fa41db1712b50ca3474cbbfe323cd4d085f6e5ae788b721460cb7af4f6e6	2011-11-17 01:12:09	223	892	1	0	0	0	1	1	4790000000	117.834	4790000000	117.834	0	0	0	0	0	0	0
153618	dd0a388c1ae9341dde255d03fd679cf791a35855f74fe8a55f4b9fa69c2eea4e	2011-11-17 01:12:09	257	1028	1	0	0	0	1	2	6300000000	154.98	6300000000	154.98	0	0	0	0	0	0	0
153618	61b08352b152f42befa631376163ff8641ecdbdc4606cccea7fcdfaeade86060	2011-11-17 01:12:09	259	1036	1	0	0	0	1	2	3965388689	97.5486	3965388689	97.5486	0	0	0	0	0	0	0
153618	08719358a8991450b21a07748b3ceb5228fc8b2a987b68859436a0188c02acf7	2011-11-17 01:12:09	258	1032	1	0	0	0	1	2	1457000000	35.8422	1457000000	35.8422	0	0	0	0	0	0	0
153618	8a40873e71fd212e96aaaa8b807cf07f85fa4107e4aa0b1a2f26dd33b5f4ebc2	2011-11-17 01:12:09	258	1032	1	0	0	0	1	2	3760128891	92.4992	3760128891	92.4992	0	0	0	0	0	0	0
153618	a1f2046f376f8a4db1335fccf3a7747a7fd88f71bb54882d56b9b11d15ac79d6	2011-11-17 01:12:09	258	1032	1	0	0	0	1	2	3740446653	92.015	3740446653	92.015	0	0	0	0	0	0	0
153618	27571dba3d244da4d99fc69dde230954543805925d926db9b8a07533ccb2ac62	2011-11-17 01:12:09	258	1032	1	0	0	0	1	2	3719838981	91.508	3719838981	91.508	0	0	0	0	0	0	0
153618	c9780222114e28721f993cd8a4ce669efefc01642c1cc867c93617da3a3dc1c7	2011-11-17 01:12:09	259	1036	1	0	0	0	1	2	2763403921	67.9797	2763403921	67.9797	0	0	0	0	0	0	0
153618	aa220bf83270028c7c0aab0f427bd201b6d1b6c2b1fcc9b2acd851f5c4b7826b	2011-11-17 01:12:09	224	896	1	0	0	0	1	1	6718000000	165.2628	6718000000	165.2628	0	0	0	0	0	0	0
153618	f9f5c31cb38a8ded8838c6e2ab1bdf87fb52f44f8f17af97ecec03fc07181694	2011-11-17 01:12:09	259	1036	1	0	0	0	1	2	4933300000	121.3592	4933300000	121.3592	0	0	0	0	0	0	0
153618	43144c8bf0ab4864867b762c85b880e81620848176747b30d3952afa08a9503d	2011-11-17 01:12:09	259	1036	1	0	0	0	1	2	4898720466	120.5085	4898720466	120.5085	0	0	0	0	0	0	0
153618	8b974feb53b57778b285537ddb2b1ae2fb5f8bc74135a4e7de9db3f936933c81	2011-11-17 01:12:09	258	1032	1	0	0	0	1	2	4711300000	115.898	4711300000	115.898	0	0	0	0	0	0	0
153618	68a0f7b1d0eeb8521827d9afe76c8da4f4370af8896aced4f964c23cb2e3a81b	2011-11-17 01:12:09	259	1036	1	0	0	0	1	2	4709077968	115.8433	4709077968	115.8433	0	0	0	0	0	0	0
153618	dfda8f555d862b58dfac9b511920fbb5766b751ee6d571f12bde2bd9adf85b21	2011-11-17 01:12:09	257	1028	1	0	0	0	1	2	4571000000	112.4466	4571000000	112.4466	0	0	0	0	0	0	0
153618	21f782832ca198282565f3eab5c45deb59e50c516ccc1ce4a7f28e16f4cf4269	2011-11-17 01:12:09	257	1028	1	0	0	0	1	2	4356005457	107.1577	4356005457	107.1577	0	0	0	0	0	0	0
153618	73db36cfae459a4ed7a866a35abbb6a0ac74d95cb62b138af5faf422e3a7e473	2011-11-17 01:12:09	257	1028	1	0	0	0	1	2	4255673657	104.6896	4255673657	104.6896	0	0	0	0	0	0	0
153618	6be391bfc061d8315e98db3c31c029ffb057783f4d77b31353a8509c82813c4d	2011-11-17 01:12:09	258	1032	1	0	0	0	1	2	4202350160	103.3778	4202350160	103.3778	0	0	0	0	0	0	0
153618	a2b38c4dc9a23d3d91768e24dd2682c75211f4eb5509366dc7948277b3a62251	2011-11-17 01:12:09	259	1036	1	0	0	0	1	2	3990088885	98.1562	3990088885	98.1562	0	0	0	0	0	0	0
153618	8c9ed749f403761cf07674892ad0c3a1fed2198914f0f7264125e7c5b0d79559	2011-11-17 01:12:09	259	1036	1	0	0	0	1	2	3984100000	98.0089	3984100000	98.0089	0	0	0	0	0	0	0
153618	74dda09470d55a616d42153551d5689d4b716167fc880ba92ee588ffbbbb5068	2011-11-17 01:12:09	259	1036	1	0	0	0	1	2	3841906821	94.5109	3841906821	94.5109	0	0	0	0	0	0	0
153618	4c80060cc7b62870655f4e7bc37c33fb69777b6381504fc8c8605367273de5f5	2011-11-17 01:12:09	259	1036	1	0	0	0	1	2	3815150000	93.8527	3815150000	93.8527	0	0	0	0	0	0	0
153618	21b4d0af5955a744988d7601ed9f190c9665c306ff64387c00d154ece6e86cdc	2011-11-17 01:12:09	258	1032	1	0	0	0	1	2	3784100000	93.0889	3784100000	93.0889	0	0	0	0	0	0	0
153618	cfa6c07221edb2219608fc940928db88df0c03327c93426554aea833eff985e7	2011-11-17 01:12:09	258	1032	1	0	0	0	1	2	6135487752	150.933	6135487752	150.933	0	0	0	0	0	0	0
153618	3aae21b3bac970c9aaa71e719c8457adb64aae3f70f9549ebd72a145860f35c4	2011-11-17 01:12:09	259	1036	1	0	0	0	1	2	3370599351	82.9167	3370599351	82.9167	0	0	0	0	0	0	0
153618	7ba39b4d7504a2b6ab5ccbcd0b80616afc20700c4f1683b00624f6c004b7e9bb	2011-11-17 01:12:09	258	1032	1	0	0	0	1	2	3122558019	76.8149	3122558019	76.8149	0	0	0	0	0	0	0
153618	9c597e42837931448afec69d849aa20a818351be617aaeb14c514ae8b714ce11	2011-11-17 01:12:09	293	1172	1	0	0	0	1	3	3879550000	95.4369	3879500000	95.4357	50000	0.0012	170648	0.0042	42662.1	0.001	0
153618	412418097fedf90121a8e9534c8e047330ff2e7a09a6b09319fee8cdcc62802f	2011-11-17 01:12:09	257	1028	1	0	0	0	1	2	2711685098	66.7075	2711635098	66.7062	50000	0.0012	194553	0.0048	48638.1	0.0012	0
153618	be659ba20259668911234d6ae195c534d757415956952bf99503a0689f90a784	2011-11-17 01:12:09	258	1032	1	0	0	0	1	2	2699427991	66.4059	2699377991	66.4047	50000	0.0012	193798	0.0048	48449.6	0.0012	0
153618	c943a34a961361db8a0e1d85d222658ea85bf4b6656cad8e4b64679581b68172	2011-11-17 01:12:09	618	2472	1	0	0	0	3	2	156099465	3.84	156049465	3.8388	50000	0.0012	80906.1	0.002	20226.5	0.0005	1.2003661684187
153618	f26fe005a3faae5ba79c942df02e57ffe1c7edf28723add6f1a6993054a8b10c	2011-11-17 01:12:09	3760	15040	1	0	0	0	1	105	446900000	10.9937	446700000	10.9888	200000	0.0049	53191.5	0.0013	13297.9	0.0003	8.7624986458333
153618	f6f35d49441c3be6172e1164c2622c01f71d1b2324ccb05329b54d8f0fee4371	2011-11-17 01:12:09	258	1032	1	0	0	0	1	2	857000000	21.0822	856950000	21.081	50000	0.0012	193798	0.0048	48449.6	0.0012	0
153618	6e58c00255276fb2151a4134cecd699e9a7153cdae3e275d8026eef1734a3e63	2011-11-17 01:12:09	395	1580	1	0	0	0	1	6	4343691140	106.8548	4343641140	106.8536	50000	0.0012	126582	0.0031	31645.6	0.0008	0
153618	f4a9579538ac24162f6b1425b7c076801d2178f6c6bf03125930579281ad66b2	2011-11-17 01:12:09	797	3188	1	0	0	0	4	2	8885950000	218.5944	8885900000	218.5931	50000	0.0012	62735.3	0.0015	15683.8	0.0004	0
153618	19aac170e6d785080be7b7c3e5000fad696b3caa327adb4df6be4088083ed973	2011-11-17 01:12:09	258	1032	1	0	0	0	1	2	1628986482	40.0731	1628936482	40.0718	50000	0.0012	193798	0.0048	48449.6	0.0012	0
153618	0a8fd58a57f57b6d54662f7967138979589d1a40f2a46128156bb3d3a7eb8854	2011-11-17 01:12:09	258	1032	1	0	0	0	1	2	1508104790	37.0994	1508054790	37.0981	50000	0.0012	193798	0.0048	48449.6	0.0012	0
153618	ef3b2181839ec26669b7b4100dc35fbc97beb50eb66c947afbdd8a081bb1d116	2011-11-17 01:12:09	258	1032	1	0	0	0	1	2	1105811812	27.203	1105761812	27.2017	50000	0.0012	193798	0.0048	48449.6	0.0012	0
153618	217d6d5059b877211e8a70f4748d5da6ee99d8cf25bbddf1078ce66aa11fdd2a	2011-11-17 01:12:09	439	1756	1	0	0	0	2	2	232000000	5.7072	231900000	5.7047	100000	0.0025	227790	0.0056	56947.6	0.0014	0
153618	fc7d91501298453246881b2aeb89e8442e6ec431e4e09cd7fdea2861c93b185c	2011-11-17 01:12:09	1039	4156	1	0	0	0	1	25	220200000	5.4169	220100000	5.4145	100000	0.0025	96246.4	0.0024	24061.6	0.0006	0
153618	8514f3913aa111ef6ceb097add147aca109b5d19e314a91409f0d3ef888a3f9e	2011-11-17 01:12:09	438	1752	1	0	0	0	2	2	501095165	12.3269	501045165	12.3257	50000	0.0012	114155	0.0028	28538.8	0.0007	0
153618	f642068d7518a095ad5f4ccce0c3aaadabdc001ac616039ddde41508251a074b	2011-11-17 01:12:09	439	1756	1	0	0	0	2	2	1835076000	45.1429	1835065000	45.1426	11000	0.0003	25056.9	0.0006	6264.24	0.0002	0
153618	9f4c6d604f4914d90b457953c12ed43bf5afcacd70b1b057b9b2b0af030e3529	2011-11-17 01:12:09	258	1032	1	0	0	0	1	2	486574873	11.9697	486524873	11.9685	50000	0.0012	193798	0.0048	48449.6	0.0012	0
153618	70d2114850836d10b183941fcba076eec18d16008c4d2d26d1b7dbeae4c1060d	2011-11-17 01:12:09	257	1028	1	0	0	0	1	2	179797275	4.423	179747275	4.4218	50000	0.0012	194553	0.0048	48638.1	0.0012	0
153618	c20d4d4ea7e37b74c50d8a340a205c702cef3d6330dc82a2f603963c3b8ddc4e	2011-11-17 01:12:09	1254	5016	1	0	0	0	2	26	16200000	0.3985	16100000	0.3961	100000	0.0025	79744.8	0.002	19936.2	0.0005	0.23272519675926
153618	192615a0c0c9a9a1f31526aff9c450994d2c5a8e38a7352e50691f28fcea4a5a	2011-11-17 01:12:09	796	3184	1	0	0	0	4	2	448962184	11.0445	448912184	11.0432	50000	0.0012	62814.1	0.0015	15703.5	0.0004	0
153618	ba6effc5fc9f166f354ff37e364f35632cd4ae6c160682fc0ca377fe5cef23d0	2011-11-17 01:12:09	1585	6340	1	0	0	0	1	41	50000000	1.23	49900000	1.2275	100000	0.0025	63091.5	0.0016	15772.9	0.0004	0
153618	68fe7e3da088b291599e76a5c8c01ded67ee017fe84af200c05651d51f1a1028	2011-11-17 01:12:09	609	2436	1	0	0	0	2	7	2413200	0.0594	2363200	0.0581	50000	0.0012	82101.8	0.002	20525.5	0.0005	0.022932742361111
153618	124590ace6548f7c9cdcc946b00b9318dc7270f55822bf5ba415d1e83878fd24	2011-11-17 01:12:09	258	1032	1	0	0	0	1	2	10000000	0.246	9950000	0.2448	50000	0.0012	193798	0.0048	48449.6	0.0012	0
153618	d33a6ef71132d949bc91e37e7384009aa51d1d9c69df2db5af1750640cba299d	2011-11-17 01:12:09	618	2472	1	0	0	0	3	2	3000000	0.0738	2950000	0.0726	50000	0.0012	80906.1	0.002	20226.5	0.0005	0
153618	459f75a150609ce9a8c29b87ae532ce8e36856533388735dc4480b1446f81291	2011-11-17 01:12:09	257	1028	1	0	0	0	1	2	3878500000	95.4111	3878450000	95.4099	50000	0.0012	194553	0.0048	48638.1	0.0012	0
153618	0bc4336d9a1ba6eedeeb491d1cb6356a75740ca1f199857af643440a437f93f2	2011-11-17 01:12:09	258	1032	1	0	0	0	1	2	3877950000	95.3976	3877900000	95.3963	50000	0.0012	193798	0.0048	48449.6	0.0012	0
153618	aa4123c2eeafebe3514be115314843fa06581220e9cfd5d2b379e3c18d0a6d5e	2011-11-17 01:12:09	326	1304	1	0	0	0	1	4	3877400000	95.384	3877350000	95.3828	50000	0.0012	153374	0.0038	38343.6	0.0009	0
153619	55216b3f1e9efd7f56190d24664fbf499f3afac992fd746c280d899d1a7c8947	2011-11-17 01:59:52	135	540	1	0	1	0	1	1	0	0	5001301000	123.032	0	0	0	0	0	0	0
153619	bbebfc623b6b4a02ffc348be5d7161daf96c052ac1312edccd89df8844001038	2011-11-17 01:59:52	258	1032	1	0	0	0	1	2	7064287010	173.7815	7064287010	173.7815	0	0	0	0	0	0	1095.6602861155
153619	a4693edb9c320663688d6b760ae8d31774dfa46ba5e311c2fdb9698fa405d09a	2011-11-17 01:59:52	258	1032	1	0	0	0	1	2	698000000	17.1708	698000000	17.1708	0	0	0	0	0	0	604.68580185185
153619	4cb51e2510649a1db8ffbe875ef520aa0be653537f7596084cc5fe1627c0604e	2011-11-17 01:59:52	259	1036	1	0	0	0	1	2	500000000	12.3	500000000	12.3	0	0	0	0	0	0	463.35324074074
153619	6bc8c77c4a60d4fd74b145cd592c808f82251cf2ca6fcd1834db8ccda09855b1	2011-11-17 01:59:52	259	1036	1	0	0	0	1	2	500000000	12.3	500000000	12.3	0	0	0	0	0	0	392.42482638889
153619	d8aa3f39d83bff4aeb57e316f93a511b100597e33f8ea6ec8908191228ab9ce7	2011-11-17 01:59:52	438	1752	1	0	0	0	2	2	1001003978	24.6247	1001003978	24.6247	0	0	0	0	0	0	569.50882200068
153619	03e7f7ce3b563f000399ed2fb893bf7fe5d313e2e040e05920078d0940afe081	2011-11-17 01:59:52	258	1032	1	0	0	0	1	2	600000000	14.76	600000000	14.76	0	0	0	0	0	0	334.70611111111
153619	4cb3afa97f3e9ddd53282453fb78fa0afe77eaa994918e7899ad6ecb0ed29719	2011-11-17 01:59:52	259	1036	1	0	0	0	1	2	310249265	7.6321	310249265	7.6321	0	0	0	0	0	0	311.53740989391
153619	e810ebfb465c5addcfbb6bf1df4692d1aa458fcb937158277b8fb7154850d95c	2011-11-17 01:59:52	439	1756	1	0	0	0	2	2	4918853965	121.0038	4918853965	121.0038	0	0	0	0	0	0	265.31167407407
153619	670e7d8e48a6ab46c3fb29aaa47ff80525844309d7ef2224ef64e7555ec6c14c	2011-11-17 01:59:52	617	2468	1	0	0	0	3	2	10016000000	246.3936	10016000000	246.3936	0	0	0	0	0	0	274.78266805556
153619	cebab8c7a1db81c6840c2d3a72b1b8610e20291d18630f3606fa164e34301d1d	2011-11-17 01:59:52	258	1032	1	0	0	0	1	2	14500000000	356.7	14500000000	356.7	0	0	0	0	0	0	0
153619	009be593667ff045d54db3b09c85056c354b4b7487fd2c92125cc7c8ccc05493	2011-11-17 01:59:52	2598	10392	1	0	0	0	14	2	2607737002	64.1503	2607737002	64.1503	0	0	0	0	0	0	553.0293612838
153619	a050015ccf362f41b6b4ee74fc50804205e3fec41f01676fe2938730687dcf9b	2011-11-17 01:59:52	259	1036	1	0	0	0	1	2	3345000000	82.287	3345000000	82.287	0	0	0	0	0	0	43.74284375
153619	96d87d614994d817958824e4705818449a74d7ee081ed77925c15a7cf158584e	2011-11-17 01:59:52	257	1028	1	0	0	0	1	2	20578000000	506.2188	20577500000	506.2065	500000	0.0123	1945530	0.0479	486381	0.012	0
153619	f07a867c01b731ce671db26159e29967e67ade13cfa1bbe986757b7b7c0b3ba8	2011-11-17 01:59:52	225	900	1	0	0	0	1	1	300000000	7.38	300000000	7.38	0	0	0	0	0	0	17.697395833333
153619	4c0498201ed721e63deb32501afb8a7a1e0d7032923caddc4bceec05b5951cb8	2011-11-17 01:59:52	437	1748	1	0	0	0	2	2	8900000000	218.94	8900000000	218.94	0	0	0	0	0	0	0
153619	4f07b339f578018fb0a88ee39f8fecc9d7e21e54aa6c0ea1b789d7f2af15fd96	2011-11-17 01:59:52	258	1032	1	0	0	0	1	2	2022000000	49.7412	2022000000	49.7412	0	0	0	0	0	0	0
153619	4863ff9468d18fe9faa5415f3cb10ddca9e677772f4d206cbcdc2561fd32f19b	2011-11-17 01:59:52	797	3188	1	0	0	0	4	2	3366383000	82.813	3366383000	82.813	0	0	0	0	0	0	40.943868277315
153619	df7936f7d1df84de601e807249b17dd66d0f25360f395fe743272edfca115d83	2011-11-17 01:59:52	3679	14716	1	0	0	0	20	2	2157761196	53.0809	2157711196	53.0797	50000	0.0012	13590.6	0.0003	3397.66	0.0001	202.10298075653
153619	e1a50639e3f3b706c42134924e8152ad96ac3fc3f69ec7c5e7aeccfd33a3bc19	2011-11-17 01:59:52	257	1028	1	0	0	0	1	2	14706253000	361.7738	14706253000	361.7738	0	0	0	0	0	0	0
153619	b9f3cb35a7726fc7d779f3d2bfe7007304d60fef32dab090a7ad49c768985c29	2011-11-17 01:59:52	257	1028	1	0	0	0	1	2	12708924261	312.6396	12708924261	312.6396	0	0	0	0	0	0	0
153619	4e53aa5e9f17696b4c71ad5ec03d669899f352644ee808f14c86c44ff8047176	2011-11-17 01:59:52	258	1032	1	0	0	0	1	2	11631748896	286.141	11631748896	286.141	0	0	0	0	0	0	0
153619	24b11e6498544a3e4bf7f86388d4dd89f179ccda3f14ad40a863a4137257083c	2011-11-17 01:59:52	259	1036	1	0	0	0	1	2	11263509193	277.0823	11263509193	277.0823	0	0	0	0	0	0	0
153619	44064ae7051612e5a631d4a8b5870d6c8d771da016b742635eba102ed33115c0	2011-11-17 01:59:52	259	1036	1	0	0	0	1	2	10762050000	264.7464	10762050000	264.7464	0	0	0	0	0	0	0
153619	6c577d3986fe14f53d14fb8a540fe005b444d81a8c8ed589a8648230ef606a1e	2011-11-17 01:59:52	258	1032	1	0	0	0	1	2	9997300010	245.9336	9997300010	245.9336	0	0	0	0	0	0	0
153619	defe7f114a8c530ff1f6c065f3d8e0d4b0caa33f88bc5383c4484ba5a2e54ba5	2011-11-17 01:59:52	259	1036	1	0	0	0	1	2	9735100000	239.4835	9735100000	239.4835	0	0	0	0	0	0	0
153619	9ff40ff82278f79ec219ff8ec936524c9e0a758a514a1d3724d1814f2ce4bdcc	2011-11-17 01:59:52	257	1028	1	0	0	0	1	2	9545923467	234.8297	9545923467	234.8297	0	0	0	0	0	0	0
153619	f809298612695b9158131c3e653025a6057e0f221379dadfa53d5fed505cb7a6	2011-11-17 01:59:52	258	1032	1	0	0	0	1	2	9332000000	229.5672	9332000000	229.5672	0	0	0	0	0	0	0
153619	f2e6852d2e96d3a51920176b98ab2c56305df30685d0ef0f9f3e28a69a807d06	2011-11-17 01:59:52	437	1748	1	0	0	0	2	2	11758650000	289.2628	11758650000	289.2628	0	0	0	0	0	0	0
153619	4ff29ad0f0dd68117602e9ee40b3d958de66f044a56db7c3ea1cb9e796211fa5	2011-11-17 01:59:52	798	3192	1	0	0	0	4	2	14085350283	346.4996	14085350283	346.4996	0	0	0	0	0	0	0
153619	b1545b2505c1ff76fd04bf9ea90c959a9c388ad8dc7a24259f7af2b4a947ffcf	2011-11-17 01:59:52	258	1032	1	0	0	0	1	2	7298869818	179.5522	7298869818	179.5522	0	0	0	0	0	0	0
153619	aedd6a66243f7c8568a886e6f22b92aecedb8312bf7c44e20e3c97c5e6c8fb8d	2011-11-17 01:59:52	258	1032	1	0	0	0	1	2	6615750100	162.7475	6615750100	162.7475	0	0	0	0	0	0	0
153619	4d031d8575f3060ff9f837905c4bfbfbc22c037ab4caf3bb186173ca045d620f	2011-11-17 01:59:52	257	1028	1	0	0	0	1	2	3777922105	92.9369	3777921105	92.9369	1000	0	3891.05	0.0001	972.763	0	0
153619	30b2caf8cf8dbea3bc186257cfe643e4abf5a81106f3672fc3d5c2472ae36516	2011-11-17 01:59:52	258	1032	1	0	0	0	1	2	6310352319	155.2347	6310352319	155.2347	0	0	0	0	0	0	0
153619	3250623ba9b9a7758e58496e71ef2836087f06248f15383b12d5800624e4a862	2011-11-17 01:59:52	258	1032	1	0	0	0	1	2	5784992446	142.3108	5784992446	142.3108	0	0	0	0	0	0	0
153619	c475de153ced016fbb23d3e486b3d1d6fb6a4d45b3e850027a54201ab34aa652	2011-11-17 01:59:52	259	1036	1	0	0	0	1	2	5726796433	140.8792	5726796433	140.8792	0	0	0	0	0	0	0
153619	1d2ab27d0204e543888c4515cf166c7d2c7c2e032fe7ae61a2dd289daa226171	2011-11-17 01:59:52	439	1756	1	0	0	0	2	2	5183000000	127.5018	5183000000	127.5018	0	0	0	0	0	0	0
153619	0d0ed4ca9161827a0c80e24acd26a9b0512478bdf4d0ea3473757096c5416194	2011-11-17 01:59:52	258	1032	1	0	0	0	1	2	5362300010	131.9126	5362300010	131.9126	0	0	0	0	0	0	0
153619	a814ba708583f128661e959463688334c816345491133b000c633eddce711f5a	2011-11-17 01:59:52	619	2476	1	0	0	0	3	2	5107773571	125.6512	5107773571	125.6512	0	0	0	0	0	0	0
153619	b066caf41209f6c3ad6a54995b28a0a6edc6cbab6e6c4c251e721adec380df00	2011-11-17 01:59:52	258	1032	1	0	0	0	1	2	2004890000	49.3203	2004890000	49.3203	0	0	0	0	0	0	0
153619	829e592caefe5da78a73c7954edc3e3a944faf723d3f04061cc089e9639c94b8	2011-11-17 01:59:52	438	1752	1	0	0	0	2	2	202000000	4.9692	202000000	4.9692	0	0	0	0	0	0	1.9070104166667
153619	cd1f9a2c87044ebf8040c328cd51966fff9b2194db19b2f4f02841480d3e24a8	2011-11-17 01:59:52	259	1036	1	0	0	0	1	2	5000000000	123	5000000000	123	0	0	0	0	0	0	0
153619	05b6bd95a054c124b044828bd7dca6547b20d21209eb4a69998d8c3a542c32b5	2011-11-17 01:59:52	259	1036	1	0	0	0	1	2	1150000000	28.29	1150000000	28.29	0	0	0	0	0	0	0
153619	16596784a810df9f117c395a4e0186206a03981c98199e49744f7ba58cc7837e	2011-11-17 01:59:52	439	1756	1	0	0	0	2	2	4061950000	99.924	4061900000	99.9227	50000	0.0012	113895	0.0028	28473.8	0.0007	0
153619	e7bc486e72e6568e55e972720a18bcc45a70a118f7f169bae9e4c692971c076c	2011-11-17 01:59:52	258	1032	1	0	0	0	1	2	3875850000	95.3459	3875800000	95.3447	50000	0.0012	193798	0.0048	48449.6	0.0012	0
153619	ca1c9badd881d4cfdd06df6477677ec50b9a15fcdb84b68bce2d9f2c0763033d	2011-11-17 01:59:52	258	1032	1	0	0	0	1	2	802420600	19.7395	802370600	19.7383	50000	0.0012	193798	0.0048	48449.6	0.0012	0
153619	61ed0d829fc6192f0ea91a9f0fe44604a3312ce83dd2f0e4285e00670d4799fa	2011-11-17 01:59:52	439	1756	1	0	0	0	2	2	682045430	16.7783	681995430	16.7771	50000	0.0012	113895	0.0028	28473.8	0.0007	0
153619	7ee14f0693126fa6fcc2feafaa9de2ae47db4d6201f9903758fc2211b39c2460	2011-11-17 01:59:52	258	1032	1	0	0	0	1	2	507519187	12.485	507469187	12.4837	50000	0.0012	193798	0.0048	48449.6	0.0012	0
153619	0a36c300d158159265b7508f4b9934c4a28012e054c690e0ebaa5a1879933414	2011-11-17 01:59:52	258	1032	1	0	0	0	1	2	31598443	0.7773	31548443	0.7761	50000	0.0012	193798	0.0048	48449.6	0.0012	0
153619	794585c8c2aa5b0b2aa5afdf090bf2c48f774810b0e4b8a6a5e71e28a4cf50a1	2011-11-17 01:59:52	258	1032	1	0	0	0	1	2	327469252	8.0557	327419252	8.0545	50000	0.0012	193798	0.0048	48449.6	0.0012	0
153619	ab17073e1101433fe0bda7f16f1342c073c6ccc827eb0b5c4b6d7d5772fd2187	2011-11-17 01:59:52	257	1028	1	0	0	0	1	2	289015600	7.1098	288965600	7.1086	50000	0.0012	194553	0.0048	48638.1	0.0012	0
153619	d517db04b27ed40a789a9678da3b033ec56cd70bb4609f4171473df3ecd3305b	2011-11-17 01:59:52	257	1028	1	0	0	0	1	2	1004542725	24.7118	1004492725	24.7105	50000	0.0012	194553	0.0048	48638.1	0.0012	0
153619	095fa484266241d39bbefe2b16dc3b4d5395b3744b49f6dd0380c2ce2e21b097	2011-11-17 01:59:52	258	1032	1	0	0	0	1	2	449792676	11.0649	449742676	11.0637	50000	0.0012	193798	0.0048	48449.6	0.0012	0
153619	aa73ff3a6be31d27215b6d03812232b188f8a4ada501dd81c70db4037ff87ae9	2011-11-17 01:59:52	585	2340	1	0	0	0	3	1	30000000	0.738	29950000	0.7368	50000	0.0012	85470.1	0.0021	21367.5	0.0005	0
153619	439e9f22f50085c01ae409ef432a793d7927e2e4d9d41ecc6c06d203adce4a95	2011-11-17 01:59:52	258	1032	1	0	0	0	1	2	20144671	0.4956	20094671	0.4943	50000	0.0012	193798	0.0048	48449.6	0.0012	0
153619	eb43e8a7bc66a59a059a8a0b9df0d1d45c1a3dfbcdc24266bfd2234732dfa13e	2011-11-17 01:59:52	258	1032	1	0	0	0	1	2	210249265	5.1721	210199265	5.1709	50000	0.0012	193798	0.0048	48449.6	0.0012	0
153619	45167fea0534569112b76c534d36f8ff601ac790cc52c3125d1f58c3f5d33a58	2011-11-17 01:59:52	258	1032	1	0	0	0	1	2	3875300000	95.3324	3875250000	95.3312	50000	0.0012	193798	0.0048	48449.6	0.0012	0
153619	33a4c7b7a618e33468212afe809c003e74520d1711afa4595f3772f1ae6f0ff4	2011-11-17 01:59:52	258	1032	1	0	0	0	1	2	3874750000	95.3189	3874700000	95.3176	50000	0.0012	193798	0.0048	48449.6	0.0012	0
153620	12d18556dad817b75639f1bcce2bd83cf206abcee9ea15e4432b503e5b7eddd7	2011-11-17 02:06:43	135	540	1	0	1	0	1	1	0	0	5005200000	123.1279	0	0	0	0	0	0	0
153620	e5f5092e322dd51d70f140f3d97192fc0d5f97e9ad8067e8946044d7a1e34f83	2011-11-17 02:06:43	257	1028	1	0	0	0	1	2	16266243000	400.1496	16266243000	400.1496	0	0	0	0	0	0	450.95711250382
153620	590c87586ece4c36b7b25db2c8686ee43e7fb7e533ab40feae5d8722b284cf6e	2011-11-17 02:06:43	224	896	1	0	0	0	1	1	800000000	19.68	800000000	19.68	0	0	0	0	0	0	283.52842592593
153620	7318acdc4bb95b574e359e50eda30934464aab9e8a9e8849e53bfe21d05e09b4	2011-11-17 02:06:43	258	1032	1	0	0	0	1	2	9400000000	231.24	9400000000	231.24	0	0	0	0	0	0	207.83138888889
153620	af576ddca4e31f533a1fa318fa3566fb928c522546009798ff81d0ea358a5c19	2011-11-17 02:06:43	438	1752	1	0	0	0	2	2	906059400	22.2891	906059400	22.2891	0	0	0	0	0	0	324.8265625
153620	1be33886b8dc202f7898b6ebefe88b5896ca2dbed4dea7c48e8f48d6d4f6c48f	2011-11-17 02:06:43	440	1760	1	0	0	0	2	2	6688586143	164.5392	6688586143	164.5392	0	0	0	0	0	0	244.21905730089
153620	989de9f9ef304119c0ea13256d25328ead30f5856e8e12c26e4fe606d4808c1a	2011-11-17 02:06:43	258	1032	1	0	0	0	1	2	500000000	12.3	500000000	12.3	0	0	0	0	0	0	158.28981481481
153620	c26b8ba0545b8d93784aa3eef7f85f56f9f0db8139e2bb384cf5c6982b9ce261	2011-11-17 02:06:43	223	892	1	0	0	0	1	1	10000000000	246	10000000000	246	0	0	0	0	0	0	105.99768518519
153620	5405266da3b2bdde6b5005bdfad40b081fdf19a1f281d2fdb48827e3f9ecb6df	2011-11-17 02:06:43	979	3916	1	0	0	0	5	2	3163060800	77.8113	3163060800	77.8113	0	0	0	0	0	0	383.50265046296
153620	cf81487f399b31eb2db4e143bc857b345bdc0a99188d7c2a638e33ea6efcb0dc	2011-11-17 02:06:43	271	1084	1	0	0	0	2	1	10001593387	246.0392	10001593387	246.0392	0	0	0	0	0	0	0
153620	650f334beed91c78441f2fd215a5c1ababa3f3624869b93645261d68213b2360	2011-11-17 02:06:43	1158	4632	1	0	0	0	6	2	1001000000	24.6246	1001000000	24.6246	0	0	0	0	0	0	261.36187789352
153620	926e84272414dd7a55768d19e97ada124dd2566e5ee7209757993bc1d604979a	2011-11-17 02:06:43	258	1032	1	0	0	0	1	2	7034000000	173.0364	7034000000	173.0364	0	0	0	0	0	0	0
153620	d261cdb58b5e5c025a41d801d2aecd55700b9c8c8dd7d28708ef0d00910fce92	2011-11-17 02:06:43	257	1028	1	0	0	0	1	2	2152858959	52.9603	2152858959	52.9603	0	0	0	0	0	0	22.762995062556
153620	52099526ce3c7138787ec9345088afa0ed64607fdc6c3ef00d667935bab5dd8f	2011-11-17 02:06:43	259	1036	1	0	0	0	1	2	2514583625	61.8588	2514583625	61.8588	0	0	0	0	0	0	0
153620	61e6dd3c3d6602eabb04507fe34158f8c3901a8ad858c1672f214780494aa544	2011-11-17 02:06:43	798	3192	1	0	0	0	4	2	5059933043	124.4744	5059933043	124.4744	0	0	0	0	0	0	7.8847117774385005
153620	7bcb159bef7fd66fd92e6852f440a9cb19512ca0f3c4174b5b2b1e88bee1754b	2011-11-17 02:06:43	438	1752	1	0	0	0	2	2	501596437	12.3393	501596437	12.3393	0	0	0	0	0	0	9.2241036496177
153620	a499152909a8743e39617cb0ab61e39d78080acfada87651ae26a81c202b4ed6	2011-11-17 02:06:43	258	1032	1	0	0	0	1	2	3881000000	95.4726	3881000000	95.4726	0	0	0	0	0	0	0
153620	c0b34260eb6b0bc5a7320fc0b99662b2d838a263e850835e87c1e7aa61f9123e	2011-11-17 02:06:43	258	1032	1	0	0	0	1	2	3802000000	93.5292	3802000000	93.5292	0	0	0	0	0	0	0
153620	3f2f985e5cc1aff59647d6a696b65faef665a45d7e409037583559363481a04e	2011-11-17 02:06:43	439	1756	1	0	0	0	2	2	55401070	1.3629	55401070	1.3629	0	0	0	0	0	0	8.6418780055313
153620	384929f7afb56b4a5800677d6be83c4e2781e32f4abdd04ccb511fe8ad4ec154	2011-11-17 02:06:43	258	1032	1	0	0	0	1	2	9921754299	244.0752	9921754299	244.0752	0	0	0	0	0	0	0
153620	9f5e09d1f4d87a6049aa6770def367d96313d653c0d74d0456a4fc7f3282f14f	2011-11-17 02:06:43	800	3200	1	0	0	0	4	2	12143899795	298.7399	12143899795	298.7399	0	0	0	0	0	0	0
153620	a1f62164cf382eb9b58ccf78531766f5f1b9e4534758a589aa5cf7f1a9b7f0c3	2011-11-17 02:06:43	799	3196	1	0	0	0	4	2	7148173176	175.8451	7148173176	175.8451	0	0	0	0	0	0	0
153620	ac788eaf406f2b63d09cd5d1fc08b6f041133fa7b8499cecc258d748964ff30d	2011-11-17 02:06:43	258	1032	1	0	0	0	1	2	2510000000	61.746	2510000000	61.746	0	0	0	0	0	0	0
153620	4e61dccd8cd3bdc2dc7d0758ae59c76ed7833ec62a47eaca4c6525b3ef56be9d	2011-11-17 02:06:43	259	1036	1	0	0	0	1	2	7800000000	191.88	7799000000	191.8554	1000000	0.0246	3861000	0.095	965251	0.0237	0
153620	a023feffe2db127a784c685140317dc89673d2a757fc547eb222259f7a1988d0	2011-11-17 02:06:43	258	1032	1	0	0	0	1	2	280700000	6.9052	280700000	6.9052	0	0	0	0	0	0	2.9259726157407
153620	3f649852f3110d5b5bb5f57a95aa6a08ebe899ce2edaab211729fb2a4910dad7	2011-11-17 02:06:43	259	1036	1	0	0	0	1	2	6314000000	155.3244	6313950000	155.3232	50000	0.0012	193050	0.0047	48262.5	0.0012	0
153620	db5235d982dddac7f7d61b03168506fad47ad9a76d77f63cce9f30bafe80b77a	2011-11-17 02:06:43	259	1036	1	0	0	0	1	2	1175821045	28.9252	1175821045	28.9252	0	0	0	0	0	0	0
153620	17c2782147b1b5a0d1318a539c17b6aa3a8b68678d941cfea823b688e63b1380	2011-11-17 02:06:43	257	1028	1	0	0	0	1	2	5002350000	123.0578	5002350000	123.0578	0	0	0	0	0	0	0
153620	49324a9af96f04b981fc1290f987f58d4966baa39986a78dd38c2f5426cc5b4f	2011-11-17 02:06:43	259	1036	1	0	0	0	1	2	4960100000	122.0185	4960100000	122.0185	0	0	0	0	0	0	0
153620	b9c56b67caed8e88707cba959e0aa34caf4fd2dcb270c23fd4cced0a7515f2de	2011-11-17 02:06:43	1337	5348	1	0	0	0	7	2	52028525	1.2799	52028525	1.2799	0	0	0	0	0	0	12.734412941638
153620	b30f39ed6481ff3c6a81094c9f932557f50f24c5e33475a5431fa3bf00ca47f2	2011-11-17 02:06:43	257	1028	1	0	0	0	1	2	2000000000	49.2	2000000000	49.2	0	0	0	0	0	0	0
153620	0b2b03e45ff7250caa2f8417045498e0578007160ca9101fd06a80ecc84b399d	2011-11-17 02:06:43	437	1748	1	0	0	0	2	2	1625518400	39.9878	1625418400	39.9853	100000	0.0025	228833	0.0056	57208.2	0.0014	3.0191608796296
153620	573d399b3d36064dd73bc6680750f01ee390d65496707b2d425f46a8758742fc	2011-11-17 02:06:43	258	1032	1	0	0	0	1	2	1029473670	25.3251	1029473670	25.3251	0	0	0	0	0	0	0
153620	4ce50649e8ace5fa1700397281d88905a794d8ca9c1fee4bff64aa676422bf80	2011-11-17 02:06:43	799	3196	1	0	0	0	4	2	31997900	0.7871	31997900	0.7871	0	0	0	0	0	0	5.0324492623611
153620	1d9ab5432d4d04048960bd9a5074149682881a97660bcdfce08f04d1f943b5ce	2011-11-17 02:06:43	789	3156	1	0	0	0	3	7	98000000	2.4108	98000000	2.4108	0	0	0	0	0	0	4.7757644675926
153620	b42eaa413fa09fabef1881d7788aed3edb627f8c3d1609d9b91ffcaa9cc5df83	2011-11-17 02:06:43	257	1028	1	0	0	0	1	2	985393769	24.2407	985393769	24.2407	0	0	0	0	0	0	0
153620	3ac03408262771aeec5b677acb4af3eb122aaab703588a102cb3e0a9b429320e	2011-11-17 02:06:43	257	1028	1	0	0	0	1	2	306112779	7.5304	306112779	7.5304	0	0	0	0	0	0	0
153620	05983ec550f82f5d6a99b90f430df056f0f7322361ebe87629684094e97f11f7	2011-11-17 02:06:43	258	1032	1	0	0	0	1	2	3363246564	82.7359	3363246564	82.7359	0	0	0	0	0	0	0
153620	6ceb152dcdd1912a3602420222868fda6a6f62bc04e17c7ceaa623229f7e8731	2011-11-17 02:06:43	258	1032	1	0	0	0	1	2	1119353286	27.5361	1119353286	27.5361	0	0	0	0	0	0	0
153620	55aade0e9882a175f1e2a0953b84e3edc2691d84be714417132a7d4b6341594e	2011-11-17 02:06:43	620	2480	1	0	0	0	3	2	9183000000	225.9018	9183000000	225.9018	0	0	0	0	0	0	0
153620	1cab2f471ebde1c34235728db33d6a0c87a42db41e045008a32746ad49e9df76	2011-11-17 02:06:43	224	896	1	0	0	0	1	1	3000000000	73.8	2999000000	73.7754	1000000	0.0246	4464290	0.1098	1116070	0.0275	0
153620	3b40efba517f3e0069f14aade0e9127639c2096d2b168b6430500ff97848379b	2011-11-17 02:06:43	259	1036	1	0	0	0	1	2	3227059678	79.3857	3227059678	79.3857	0	0	0	0	0	0	0
153620	ae890484d6538112c4641d2eeac4d4334098be33a3d7e0e0a6505cff68301029	2011-11-17 02:06:43	437	1748	1	0	0	0	2	2	1242120600	30.5562	1242070600	30.5549	50000	0.0012	114416	0.0028	28604.1	0.0007	0
153620	f83c8650461e416df4602265f3f22f552a02c7d1686ebf029d37afef10638b2f	2011-11-17 02:06:43	259	1036	1	0	0	0	1	2	2834710000	69.7339	2834710000	69.7339	0	0	0	0	0	0	0
153620	6a7dc986c5dfe856f3d2af3b010e1c27caa36cee86d835342a2c10a34d47d894	2011-11-17 02:06:43	258	1032	1	0	0	0	1	2	2812053934	69.1765	2812053934	69.1765	0	0	0	0	0	0	0
153620	813d88f5bef4ad145109b8aee3048c5fca768590d49cfa98776a201fa64544e1	2011-11-17 02:06:43	257	1028	1	0	0	0	1	2	28380872	0.6982	28330872	0.6969	50000	0.0012	194553	0.0048	48638.1	0.0012	0.93934445156019
153620	b81d658f6c17c495404c6005c326deff2725e99ecf75278d6b6e770a23400d77	2011-11-17 02:06:43	258	1032	1	0	0	0	1	2	3433064570	84.4534	3433064570	84.4534	0	0	0	0	0	0	0
153620	2977b36cb89364b2a84c3b04457d68fc46cf92a819024b5362f5e7c0e41886cc	2011-11-17 02:06:43	259	1036	1	0	0	0	1	2	2636828224	64.866	2636828224	64.866	0	0	0	0	0	0	0
153620	255b21518c681d71e68f3e109b6758cadf2336ca401742059c1dfeffe557c2f6	2011-11-17 02:06:43	257	1028	1	0	0	0	1	2	2561641803	63.0164	2561641803	63.0164	0	0	0	0	0	0	0
153620	e0322c06c56576bdc7ff40cde46d5beaec3d17eaf0a3090d8e52b63a7c47c0c0	2011-11-17 02:06:43	259	1036	1	0	0	0	1	2	2515832286	61.8895	2515832286	61.8895	0	0	0	0	0	0	0
153620	5b8ad1b3de0364021fca33bd0399777f266a93834f345942fde2f2d00c77d8b0	2011-11-17 02:06:43	439	1756	1	0	0	0	2	2	782487600	19.2492	782437600	19.248	50000	0.0012	113895	0.0028	28473.8	0.0007	0
153620	64c863f8afbc676e30318bce686d894e976f5fa177ba3c1a662c7e549d85f3dd	2011-11-17 02:06:43	257	1028	1	0	0	0	1	2	2339732450	57.5574	2339732450	57.5574	0	0	0	0	0	0	0
153620	b40a5ead0564f506dd1e45f9389f97dc2f42c14ab18f3b1547c165191583d920	2011-11-17 02:06:43	259	1036	1	0	0	0	1	2	2352264583	57.8657	2352264583	57.8657	0	0	0	0	0	0	0
153620	601b2ffe40e137283094246fe427c5f2ee893497eab651b209977d7d64116b50	2011-11-17 02:06:43	798	3192	1	0	0	0	4	2	3465604919	85.2539	3465604919	85.2539	0	0	0	0	0	0	0
153620	c65b9a0c83b424a9f5667395366e0cc3c642b05a21fa42569f3d39e8c8fc1782	2011-11-17 02:06:43	258	1032	1	0	0	0	1	2	369438978	9.0882	369438978	9.0882	0	0	0	0	0	0	0
153620	70eb145cd576e8e719fc86569de281db7027086b7472675c688f8fc2560ea7b1	2011-11-17 02:06:43	258	1032	1	0	0	0	1	2	843000000	20.7378	843000000	20.7378	0	0	0	0	0	0	0
153620	7fbd6b106e43b6d4676a67fab250c838e9af1a07e6f7cc217f5eee01d4feb026	2011-11-17 02:06:43	258	1032	1	0	0	0	1	2	4932300000	121.3346	4932300000	121.3346	0	0	0	0	0	0	0
153620	316e46f7ca7c17c18d494843bd4a0d8243589bf7ffd82a36302981a5ad1387fe	2011-11-17 02:06:43	258	1032	1	0	0	0	1	2	4894780466	120.4116	4894780466	120.4116	0	0	0	0	0	0	0
153620	6d4e1f02e859690c2812ac06756135f24e1330da8695ce2a987d51fe12add903	2011-11-17 02:06:43	257	1028	1	0	0	0	1	2	4708077968	115.8187	4708077968	115.8187	0	0	0	0	0	0	0
153620	05fe4a0660b6ea9f0093cf256baa0fc09b943a9a2f782f62849d638c6605a864	2011-11-17 02:06:43	257	1028	1	0	0	0	1	2	4607300000	113.3396	4607300000	113.3396	0	0	0	0	0	0	0
153620	b7ded637e3ed9f7890cbe2bedf18f5b67ee294383a5d09d58b03072806b68bc0	2011-11-17 02:06:43	259	1036	1	0	0	0	1	2	4369000000	107.4774	4369000000	107.4774	0	0	0	0	0	0	0
153620	789e55670ff5f33315eb3a9c022ad5c2c86f34951a2b24f48d86c70fb8a33e12	2011-11-17 02:06:43	258	1032	1	0	0	0	1	2	4152350160	102.1478	4152350160	102.1478	0	0	0	0	0	0	0
153620	bc224690fec451f1ce86b5180be93fbf13f65b61072fb93acf1d8f3d42f77680	2011-11-17 02:06:43	259	1036	1	0	0	0	1	2	4149673657	102.082	4149673657	102.082	0	0	0	0	0	0	0
153620	03b8326519aaf08258e7ad41720f291e91ff3db24de576deb9524380fc40a5d1	2011-11-17 02:06:43	257	1028	1	0	0	0	1	2	3884100000	95.5489	3884100000	95.5489	0	0	0	0	0	0	0
153620	f3d5d68a9b871aa00516b72f551719262888fd640fa3dcb9380736d3293903d1	2011-11-17 02:06:43	258	1032	1	0	0	0	1	2	3826906821	94.1419	3826906821	94.1419	0	0	0	0	0	0	0
153620	fe63047b3a860b2d695d4f2fcf602a2f7dc92a991eb82ab610a4c11d1cd9a219	2011-11-17 02:06:43	258	1032	1	0	0	0	1	2	3814150000	93.8281	3814150000	93.8281	0	0	0	0	0	0	0
153620	e88fc4c05d26f63ece44db55c896fef691311d2485a38bc74714a911e6ad7e25	2011-11-17 02:06:43	259	1036	1	0	0	0	1	2	3789088885	93.2116	3789088885	93.2116	0	0	0	0	0	0	0
153620	2b53b78d35895b1b93222abba2db290887be3903ea88bac3bbd7e9ec029e2e3c	2011-11-17 02:06:43	258	1032	1	0	0	0	1	2	343000000	8.4378	343000000	8.4378	0	0	0	0	0	0	0
153620	45925470765c91d1639033a39478113e5189cee439ab7d35d1422f954b646520	2011-11-17 02:06:43	258	1032	1	0	0	0	1	2	3684100000	90.6289	3684100000	90.6289	0	0	0	0	0	0	0
153620	d563dbff970fd24d30c7deb50ae6bbd9b2ba3f37038e4d7704c281ba0cac8d10	2011-11-17 02:06:43	258	1032	1	0	0	0	1	2	998300000	24.5582	998300000	24.5582	0	0	0	0	0	0	0
153620	36a5344b5952308e84c541cdf79ccdcc0d4f20b6eeb9a2c9fd96bf75e21dc06f	2011-11-17 02:06:43	258	1032	1	0	0	0	1	2	3353005457	82.4839	3353005457	82.4839	0	0	0	0	0	0	0
153620	604759115e014d56c6b2b8b9a29ee32ed9fd7b1a203ce116c602fcd57852238d	2011-11-17 02:06:43	259	1036	1	0	0	0	1	2	3317081430	81.6002	3317031430	81.599	50000	0.0012	193050	0.0047	48262.5	0.0012	0
153620	4c7d4e074dc4c613bc7e743601c36fbce6d34ae6125ddaae7feecc59df8c5324	2011-11-17 02:06:43	257	1028	1	0	0	0	1	2	1232000000	30.3072	1232000000	30.3072	0	0	0	0	0	0	0
153620	63ad3941cff4aa762d9a175eada088ec23b50b41a6ed562386c1c95b5af569f9	2011-11-17 02:06:43	257	1028	1	0	0	0	1	2	1232000000	30.3072	1232000000	30.3072	0	0	0	0	0	0	0
153620	bd5fa2064a0a12acfbc3066b407fad195dabb6aebd69538511c3fbebe1ea44ab	2011-11-17 02:06:43	258	1032	1	0	0	0	1	2	3072405750	75.5812	3072355750	75.58	50000	0.0012	193798	0.0048	48449.6	0.0012	0
153620	91b0b2f7be4e0d83f16ff7a41493aa005170ca8fccc6bfa5eee1735a1938ea1a	2011-11-17 02:06:43	258	1032	1	0	0	0	1	2	267946710	6.5915	267946710	6.5915	0	0	0	0	0	0	0
153620	97d07d9b2cb0b5ecaa777ea0372da29f4e084310dee8e5f6a9ed0635f415b301	2011-11-17 02:06:43	257	1028	1	0	0	0	1	2	5406992446	133.012	5406992446	133.012	0	0	0	0	0	0	0
153620	2c5c7fb4bf8db33fafcaa7179c5ea7a4c7dc5633dfe86c9af31e10c24314a439	2011-11-17 02:06:43	257	1028	1	0	0	0	1	2	5354300010	131.7158	5354300010	131.7158	0	0	0	0	0	0	0
153620	8755670c369f10aa187e3db0b2ba16adfec985e9d4a881cb79a44a436646fc4f	2011-11-17 02:06:43	258	1032	1	0	0	0	1	2	2648869230	65.1622	2648819230	65.161	50000	0.0012	193798	0.0048	48449.6	0.0012	0
153620	657088d8f9a408444ad6aaa2218419642d2e931c2bc5cbe3dbcbb1ad0fd79ff0	2011-11-17 02:06:43	258	1032	1	0	0	0	1	2	2589913505	63.7119	2589863505	63.7106	50000	0.0012	193798	0.0048	48449.6	0.0012	0
153620	15a24fb61c9759fc2229ca072bc028c6cfc14acf6eea6f46e9469e39e0800c56	2011-11-17 02:06:43	584	2336	1	0	0	0	3	1	150119056	3.6929	150069056	3.6917	50000	0.0012	85616.4	0.0021	21404.1	0.0005	0.77832685983275
153620	9ece190698e291c5acfe1cb553b58b3cadbfaa5f5094c5c2be83eb21096227e7	2011-11-17 02:06:43	258	1032	1	0	0	0	1	2	4730000000	116.358	4730000000	116.358	0	0	0	0	0	0	0
153620	ad482a92841ce58fb84d2ce4e4a9f735f979eb36479ab5853e89490e4f9b759f	2011-11-17 02:06:43	257	1028	1	0	0	0	1	2	400000000	9.84	400000000	9.84	0	0	0	0	0	0	0
153620	932059e6d858e92b8a775a06f27bc2aa08f2392d4451c5a463295bb7e245131d	2011-11-17 02:06:43	797	3188	1	0	0	0	4	2	1525477577	37.5267	1525427577	37.5255	50000	0.0012	62735.3	0.0015	15683.8	0.0004	0
153620	37cf803bd8b42da90a8ef744c16c4e9d3c7202b07f4b96dadc1a010f8bf9eed9	2011-11-17 02:06:43	258	1032	1	0	0	0	1	2	113000000	2.7798	113000000	2.7798	0	0	0	0	0	0	0
153620	99158d6084815548659f8d1144041fbeef2ba335fcd7746f5532355953350476	2011-11-17 02:06:43	258	1032	1	0	0	0	1	2	450000000	11.07	450000000	11.07	0	0	0	0	0	0	0
153620	3684d3dd72a2f9d69883a7378c99c5924b700c2eacb2d2ba44b1194533a441ef	2011-11-17 02:06:43	258	1032	1	0	0	0	1	2	1527861461	37.5854	1527811461	37.5842	50000	0.0012	193798	0.0048	48449.6	0.0012	0
153620	c97a7e2911d59205636fc2de9e5588218f99d102d126139442b1d4ec76f8d295	2011-11-17 02:06:43	257	1028	1	0	0	0	1	2	1401253750	34.4708	1401203750	34.4696	50000	0.0012	194553	0.0048	48638.1	0.0012	0
153620	95394e984e3a093061abe4d2219add2fc66a4b010e9f0e370ca4b3460ca9ac69	2011-11-17 02:06:43	258	1032	1	0	0	0	1	2	97359481	2.395	97359481	2.395	0	0	0	0	0	0	0
153620	e22bebce915d673fa9b4f6cbb6198c809a33540fe267e5baefff9c91c42e6a7e	2011-11-17 02:06:43	617	2468	1	0	0	0	3	2	3011184	0.0741	2011184	0.0495	1000000	0.0246	1620750	0.0399	405186	0.01	0.33828133511481
153620	bb6bbab4923ec25804544ce234c10f9ee8de30a282330eef8435dabc30954237	2011-11-17 02:06:43	257	1028	1	0	0	0	1	2	87000000	2.1402	87000000	2.1402	0	0	0	0	0	0	0
153620	e59ef50f09f35e6b9ca9fa9faa0fc544228bb6777f5a30362ae39058799975de	2011-11-17 02:06:43	439	1756	1	0	0	0	2	2	141990116	3.493	141890116	3.4905	100000	0.0025	227790	0.0056	56947.6	0.0014	0
153620	2ee88ea090926eba23a376b37b11e584228288c032ac95ca4dd85560b1922733	2011-11-17 02:06:43	257	1028	1	0	0	0	1	2	96435132	2.3723	96435132	2.3723	0	0	0	0	0	0	0
153620	723b27e04f432721565b716ab9a7da7c368783c87d5495266c1c5df664d72e97	2011-11-17 02:06:43	258	1032	1	0	0	0	1	2	13900000	0.3419	13900000	0.3419	0	0	0	0	0	0	0
153620	fd551a84aca1e901289288619adf8564c11f8fb7557a8eacf347c5687c5341a3	2011-11-17 02:06:43	224	896	1	0	0	0	1	1	200000000	4.92	200000000	4.92	0	0	0	0	0	0	0
153620	223766b3900a39c25911c00cb5fd413065a960133ec8118b139e186072c53a76	2011-11-17 02:06:43	258	1032	1	0	0	0	1	2	997968875	24.55	997918875	24.5488	50000	0.0012	193798	0.0048	48449.6	0.0012	0
153620	1272c1e2067525527e8a5fd94597f9e4077d8c412acc08ae86ed559b5c921b13	2011-11-17 02:06:43	258	1032	1	0	0	0	1	2	45953789	1.1305	45953789	1.1305	0	0	0	0	0	0	0
153620	e89a46b91d6ca8d3f2ff461293ce723812ea607d22060d6dc0719b9b2e898c92	2011-11-17 02:06:43	258	1032	1	0	0	0	1	2	33725699	0.8297	33725699	0.8297	0	0	0	0	0	0	0
153620	7dc5a358c2ce2ad052a296c2cdd995c030643518e4f106f8442a736ad3264dd1	2011-11-17 02:06:43	437	1748	1	0	0	0	2	2	6112467	0.1504	6062467	0.1491	50000	0.0012	114416	0.0028	28604.1	0.0007	0.079304415279167
153620	0dc5e1add340caec735922b047ba928a9370c3f08a14b825cacff561fdc19a77	2011-11-17 02:06:43	258	1032	1	0	0	0	1	2	203200000	4.9987	203200000	4.9987	0	0	0	0	0	0	0
153620	db88ef122480609333ced24544919909062cf22e35fe65b192c6f19dd5b632de	2011-11-17 02:06:43	258	1032	1	0	0	0	1	2	582370600	14.3263	582320600	14.3251	50000	0.0012	193798	0.0048	48449.6	0.0012	0
153620	0d0d096f1fcbcd35610893f2c04eecd16df1b546b99a0be352b042761fe4376b	2011-11-17 02:06:43	258	1032	1	0	0	0	1	2	441067607	10.8503	441017607	10.849	50000	0.0012	193798	0.0048	48449.6	0.0012	0
153620	e7fce29eb245d99979f381cf78d3e9665bd5f12e60712f63ff04bfed63aa918d	2011-11-17 02:06:43	258	1032	1	0	0	0	1	2	18000000	0.4428	17950000	0.4416	50000	0.0012	193798	0.0048	48449.6	0.0012	0
153620	2b02b80d771c5cdb2575b324f126b34625d52ee15c6e23e1c7e5aa02dbf6647e	2011-11-17 02:06:43	258	1032	1	0	0	0	1	2	378000000	9.2988	377000000	9.2742	1000000	0.0246	3875970	0.0953	968992	0.0238	0
153620	bf55b464e1869f5140213a093d9ff57ac1b6e03825ae2f04a8251b6bdd97cda4	2011-11-17 02:06:43	259	1036	1	0	0	0	1	2	156690096	3.8546	156640096	3.8533	50000	0.0012	193050	0.0047	48262.5	0.0012	0
153620	9efa2dddf3c7e88f6228f918c82a347bde0c3357d538945f95e60459781c982f	2011-11-17 02:06:43	709	2836	1	0	0	0	2	10	619658128	15.2436	619608128	15.2424	50000	0.0012	70521.9	0.0017	17630.5	0.0004	0
153620	ac43cffab927a6930f71a28fe74334f14a8ba21950ced386463f7f56cd4d2ba6	2011-11-17 02:06:43	258	1032	1	0	0	0	1	2	10459246	0.2573	10459246	0.2573	0	0	0	0	0	0	0
153620	f59d2dc8e513ad85275ac216b31d5dcbae39cbe7c5519c1041628beca384086f	2011-11-17 02:06:43	258	1032	1	0	0	0	1	2	10089355	0.2482	10089355	0.2482	0	0	0	0	0	0	0
153620	42eb2705a177a1125b8d9a7e51295db9d634d59affe3b357d37f0b10b4d07d05	2011-11-17 02:06:43	981	3924	1	0	0	0	5	2	230216000	5.6633	230166000	5.6621	50000	0.0012	50968.4	0.0013	12742.1	0.0003	0
153620	5fd6121d415db39ced82c6426ec3377b91ff906d5b291afed8c9285030b233ca	2011-11-17 02:06:43	258	1032	1	0	0	0	1	2	8224715	0.2023	8224715	0.2023	0	0	0	0	0	0	0
153620	6c2e43334df76f0f814ba48a7265e4aa0e07667d5fa7b026f4ff2b67b4b206b4	2011-11-17 02:06:43	258	1032	1	0	0	0	1	2	4529348	0.1114	4529348	0.1114	0	0	0	0	0	0	0
153620	5f5482618e185652210299747224048de46ee596235c65d82abe84d6308d347b	2011-11-17 02:06:43	258	1032	1	0	0	0	1	2	5871545	0.1444	5871545	0.1444	0	0	0	0	0	0	0
153620	28c277785872fecc4724d0aae43a8d6c4b135e53adff33e2ca5ffbd6ed3f667b	2011-11-17 02:06:43	257	1028	1	0	0	0	1	2	2000000	0.0492	2000000	0.0492	0	0	0	0	0	0	0
153620	272baab9c129aad15175d4c5646bc2ae9720ae2789dc3089103f35c07b477e51	2011-11-17 02:06:43	257	1028	1	0	0	0	1	2	1552641803	38.195	1552641803	38.195	0	0	0	0	0	0	0
153620	b3efc9105dddbc5ec80c2fe7950147bc5c7de351c34f26f888c7b53bc2ddf97c	2011-11-17 02:06:43	258	1032	1	0	0	0	1	2	2230264583	54.8645	2230264583	54.8645	0	0	0	0	0	0	0
153620	5f5a3a8a653921c3d476df28e32c1b06aaf9cae2670ace9a2cd1bce3ae9c5165	2011-11-17 02:06:43	257	1028	1	0	0	0	1	2	193200000	4.7527	193200000	4.7527	0	0	0	0	0	0	0
153620	f972360fd37e29ed606d6fa8cd1ee6b35879d3d0f43ba132bff4439fbd4a3d7b	2011-11-17 02:06:43	257	1028	1	0	0	0	1	2	1265641803	31.1348	1265641803	31.1348	0	0	0	0	0	0	0
153620	8377b9be3a5050e2ccf42e8977afa9e6c0c75bc11cf5d90f8f1b7d999f945dbe	2011-11-17 02:06:43	258	1032	1	0	0	0	1	2	89200000	2.1943	89200000	2.1943	0	0	0	0	0	0	0
153620	eb1dab48c6289e358aeaca01c1e75bb4691b40f25d549b702d995f267f26df48	2011-11-17 02:06:43	258	1032	1	0	0	0	1	2	799641803	19.6712	799641803	19.6712	0	0	0	0	0	0	0
153620	dde7e57eca81653f284e54102c5fc39456f68459e43258526d2cd7cf3b8bc512	2011-11-17 02:06:43	259	1036	1	0	0	0	1	2	75200000	1.8499	75200000	1.8499	0	0	0	0	0	0	0
153620	f497cf6cbba4b165e9cb21aa13a45cfead4d11681486878f8c2f2a5dd78f20e7	2011-11-17 02:06:43	259	1036	1	0	0	0	1	2	623641803	15.3416	623641803	15.3416	0	0	0	0	0	0	0
153620	24e229183c18e4c19458c7b7f1348d921fe0a722060e876d6a21259682856810	2011-11-17 02:06:43	258	1032	1	0	0	0	1	2	65200000	1.6039	65200000	1.6039	0	0	0	0	0	0	0
153620	ea01d6a838356f4a6f19ef17fbb94216b31d9ec3619e4d3cbcf7e18238246dcb	2011-11-17 02:06:43	258	1032	1	0	0	0	1	2	133641803	3.2876	133641803	3.2876	0	0	0	0	0	0	0
153620	ab9cddfc48397ac71977d2983b7dc660c281ac34ccc28567d57c1f855ffdc521	2011-11-17 02:06:43	258	1032	1	0	0	0	1	2	55200000	1.3579	55200000	1.3579	0	0	0	0	0	0	0
153620	d6dd0a77a772bb9fdffcccedf041626c8cb76e56bf0e73b901c51e81f8e7b2c6	2011-11-17 02:06:43	257	1028	1	0	0	0	1	2	17641803	0.434	17641803	0.434	0	0	0	0	0	0	0
153620	e6e08cc8e07d70be09cfd6f71a140760181ce2f237742457d3a8b4cee541bbd7	2011-11-17 02:06:43	257	1028	1	0	0	0	1	2	38200000	0.9397	38200000	0.9397	0	0	0	0	0	0	0
153620	185570b8e80a1d0e5977cc16588c885cee275da50bc114ffc17b76ba321b6759	2011-11-17 02:06:43	258	1032	1	0	0	0	1	2	4641803	0.1142	4641803	0.1142	0	0	0	0	0	0	0
153620	9d65cd9790b17e9041e93ec814818d72c7e6f74a0a4c789ab863eebe21fdf37c	2011-11-17 02:06:43	436	1744	1	0	0	0	2	2	4513348	0.111	4513348	0.111	0	0	0	0	0	0	0
153621	3c9d445bbdf424202c5fd3ca84fe529255e4c7b9d9e782f62d6e71f445f20be6	2011-11-17 02:07:05	135	540	1	0	1	0	1	1	0	0	5000000000	123	0	0	0	0	0	0	0
153622	ab89af9fbf16b564dc3b165f43e88102e34493e9c93d4b43eb4c62722f5e58f8	2011-11-17 02:09:43	134	536	1	0	1	0	1	1	0	0	5000350000	123.0086	0	0	0	0	0	0	0
153622	0d7627c0e0116978c1ce97641c5e6f1098d2d65d0e358a19f1f7adcf48ffe4fc	2011-11-17 02:09:43	797	3188	1	0	0	0	4	2	980738856310	24126.1758	980738856310	24126.1758	0	0	0	0	0	0	0
153622	ecf82588cf5fa6b98fe54dbbd359a33f91c9a3c3201e9eb09ea30a724343d481	2011-11-17 02:09:43	619	2476	1	0	0	0	3	2	675886000	16.6268	675836000	16.6256	50000	0.0012	80775.4	0.002	20193.9	0.0005	366.04986111111
153622	c511ed21580bb86c7daa5706c83ccabe5e29931398b0bf12ca027edee25c7f2d	2011-11-17 02:09:43	259	1036	1	0	0	0	1	2	4545450000	111.8181	4545450000	111.8181	0	0	0	0	0	0	0
153622	fafe5b892d44364bcef242e4c712ef7c97edfb8b016982fce1ca3af8465c527e	2011-11-17 02:09:43	258	1032	1	0	0	0	1	2	1204000000	29.6184	1204000000	29.6184	0	0	0	0	0	0	0
153622	23dc67e9c635f068b40eb94be303b02a46039fde35527f55bf9ca976ced4c72c	2011-11-17 02:09:43	2417	9668	1	0	0	0	13	2	123535000	3.039	123535000	3.039	0	0	0	0	0	0	31.929506310185
153622	cbab53cf3ebc1cdddb3e9d7ea6e71a2bf63dab84b91f3c0b9ebae6aec5095398	2011-11-17 02:09:43	258	1032	1	0	0	0	1	2	5633796433	138.5914	5633796433	138.5914	0	0	0	0	0	0	0
153622	38eacce8249dfd457c1e45d6bedca085465557fedf8e47f9d5242f6e2795fd5b	2011-11-17 02:09:43	259	1036	1	0	0	0	1	2	3641642315	89.5844	3641592315	89.5832	50000	0.0012	193050	0.0047	48262.5	0.0012	0
153622	d6651c6f76beaab470aec6c4df5f4d21bca1f3ee5b5d5fbd3b04b47a82297f9e	2011-11-17 02:09:43	258	1032	1	0	0	0	1	2	3606090339	88.7098	3606040339	88.7086	50000	0.0012	193798	0.0048	48449.6	0.0012	0
153622	1d0e72e01806aa3038ea16919ad42bff1b1cdacdf4e26e818f8ceec12e41f077	2011-11-17 02:09:43	257	1028	1	0	0	0	1	2	3073641140	75.6116	3073591140	75.6103	50000	0.0012	194553	0.0048	48638.1	0.0012	0
153622	0173c7ae874ef22da676fa40104785466c88343757372f2f806089acfa909379	2011-11-17 02:09:43	259	1036	1	0	0	0	1	2	101000000	2.4846	101000000	2.4846	0	0	0	0	0	0	0
153622	9aa3658d1bb84c84a357ee374eeead45b7440cba9341bf7b4f02e576cf7cd5c9	2011-11-17 02:09:43	941	3764	1	0	0	0	5	1	7235700000	177.9982	7235650000	177.997	50000	0.0012	53135	0.0013	13283.7	0.0003	0
153622	25e572b575fa3aab208df6950c2d94932c7bfba314b7e1e7c9f631a914ecd30c	2011-11-17 02:09:43	258	1032	1	0	0	0	1	2	369320600	9.0853	369270600	9.0841	50000	0.0012	193798	0.0048	48449.6	0.0012	0
153622	c567373e7826b6dc76bc1d77c4495a9e738838a9829ca768cfc61b819eaff0a9	2011-11-17 02:09:43	619	2476	1	0	0	0	3	2	19118554	0.4703	19068554	0.4691	50000	0.0012	80775.4	0.002	20193.9	0.0005	0
153623	2c5ef15776b546d693d5b7e5496a7804a008d94a4276b1b17902bb2044a354ed	2011-11-17 02:29:19	134	536	1	0	1	0	1	1	0	0	5003059875	123.0753	0	0	0	0	0	0	0
153623	7e21c136ebaeb5dba2b20671dc3d8274387afc9fc43e6f5792112333a7a6bc3e	2011-11-17 02:29:19	797	3188	1	0	0	0	4	2	929289203145	22860.5156	929289203145	22860.5156	0	0	0	0	0	0	0
153623	6eb5352769c82deadb732583d75c70603259c0f412c65b85d4c2ed88cd090a57	2011-11-17 02:29:19	801	3204	1	0	0	0	4	2	3225003380	79.3351	3225003380	79.3351	0	0	0	0	0	0	526.41890695137
153623	103f63718f90569255360cd80f650bf0ff419450bbde043b5f672d1fb0a31ca5	2011-11-17 02:29:19	799	3196	1	0	0	0	4	2	1001000000	24.6246	1001000000	24.6246	0	0	0	0	0	0	293.50261446759
153623	b4d0b9a4e7c46163288baf47ed32680644ee2ad9d0fe26bbad10f3a6941a3626	2011-11-17 02:29:19	618	2472	1	0	0	0	3	2	1726058959	42.4611	1726058959	42.4611	0	0	0	0	0	0	110.1556712963
153623	e3cf665879b4314c37a85d2218a0d486131c75ab883018ecf180188ae8291119	2011-11-17 02:29:19	257	1028	1	0	0	0	1	2	19496000000	479.6016	19496000000	479.6016	0	0	0	0	0	0	0
153623	52f07b1a37672c2c2a61d404b5d4109e2d8f358c68b2f7d7af6b024ae901c24f	2011-11-17 02:29:19	437	1748	1	0	0	0	2	2	3130343000	77.0064	3130343000	77.0064	0	0	0	0	0	0	40.185130208333
153623	ab99d67516d91095f638892af9ee4cb9f984da6e55e2f1da934e13090a1070df	2011-11-17 02:29:19	1160	4640	1	0	0	0	6	2	201215859	4.9499	201215859	4.9499	0	0	0	0	0	0	83.379683814945
153623	d3d494fb1d138fe4103b85912840ce3719340caa0a946f2fb777b47390bba8e1	2011-11-17 02:29:19	978	3912	1	0	0	0	5	2	2405155965	59.1668	2405155965	59.1668	0	0	0	0	0	0	44.524166666667
153623	b0884c75995569443ce6336a3afe03876397775e25f4022179e6c1afec5c76b4	2011-11-17 02:29:19	225	900	1	0	0	0	1	1	5000000000	123	5000000000	123	0	0	0	0	0	0	0
153623	8820a5077a3340b90c1ba4445f3caacafa64b4ef1813ddbb4f877b920a703bf1	2011-11-17 02:29:19	440	1760	1	0	0	0	2	2	9023514282	221.9785	9023514282	221.9785	0	0	0	0	0	0	0
153623	5550e563392b3d16e203f4787af00ab8147f305478555997c02a8f816fe30a7e	2011-11-17 02:29:19	617	2468	1	0	0	0	3	2	30900000000	760.14	30900000000	760.14	0	0	0	0	0	0	0
153623	14d2ce0bde42e9696a3242c4736c13814c3558a14358df56edac9cc3776e9f49	2011-11-17 02:29:19	258	1032	1	0	0	0	1	2	2434000000	59.8764	2434000000	59.8764	0	0	0	0	0	0	0
153623	a9c0df85acb453f203d9b0e10d0b1c8808d0529b36d05f00b9464b4c299e1bf1	2011-11-17 02:29:19	257	1028	1	0	0	0	1	2	1860000000	45.756	1860000000	45.756	0	0	0	0	0	0	0
153623	5fb20461a2f5c28eba0567d348d828f15e818ccb73a4ba73db78da991c8b0445	2011-11-17 02:29:19	258	1032	1	0	0	0	1	2	985000000	24.231	985000000	24.231	0	0	0	0	0	0	0
153623	3b35632d80ba91346643787ad28ac3696e4651aae431d145e78c9040f22dde03	2011-11-17 02:29:19	617	2468	1	0	0	0	3	2	356202455	8.7626	356202455	8.7626	0	0	0	0	0	0	7.6786994457714
153623	fbca8d066285df3dd6e991243db2ae3969e855fd041042c965661e9b88f32357	2011-11-17 02:29:19	800	3200	1	0	0	0	4	2	6697790000	164.7656	6697790000	164.7656	0	0	0	0	0	0	0
153623	2a775df9a6e65c109a764f1acd52f7fc40d92802be262b3158e884131fe5ed87	2011-11-17 02:29:19	258	1032	1	0	0	0	1	2	3200000000	78.72	3200000000	78.72	0	0	0	0	0	0	0
153623	0c993f023c406e4580d0767a66397d4e6223035264b55730bce065a15fda3d20	2011-11-17 02:29:19	437	1748	1	0	0	0	2	2	3352241682	82.4651	3352241682	82.4651	0	0	0	0	0	0	0
153623	c1b932cd04e01d1d09ea882d3485884f669e9b2a88fa2a2911a0e2a9a2d213ff	2011-11-17 02:29:19	1160	4640	1	0	0	0	6	2	9488157180	233.4087	9488057180	233.4062	100000	0.0025	86206.9	0.0021	21551.7	0.0005	0
153623	cd7c1020443da93899560310359a0761a2f30df585b69f30bedb7dbb2fec802d	2011-11-17 02:29:19	618	2472	1	0	0	0	3	2	1102950000	27.1326	1101950000	27.108	1000000	0.0246	1618120	0.0398	404531	0.01	1.752695462963
153623	37a5df167010e04a5c93070f4b09a25ee2a7768ec1126c1383548296eb99b5db	2011-11-17 02:29:19	259	1036	1	0	0	0	1	2	3185419671	78.3613	3185369671	78.3601	50000	0.0012	193050	0.0047	48262.5	0.0012	0
153623	d67cc5d33b1cc2dea2946ee9d428b35356efe8089f12d928944e1d6fbc914b8d	2011-11-17 02:29:19	403	1612	1	0	0	0	2	1	620879875	15.2736	619870000	15.2488	1009875	0.0248	2505890	0.0616	626473	0.0154	0
153623	b3851aba63301aafc1ce88001b6dff3890a0f9b1aee8da36e1d3884cd4b696f8	2011-11-17 02:29:19	6191	24764	1	0	0	0	34	2	165050000	4.0602	164700000	4.0516	350000	0.0086	56533.7	0.0014	14133.4	0.0003	5.4608934201389
153623	6b04476d0e71272aca6c0fd4796d9e6d046590dd2a05f4e6c9a72447e4beea67	2011-11-17 02:29:19	258	1032	1	0	0	0	1	2	895401834	22.0269	895351834	22.0257	50000	0.0012	193798	0.0048	48449.6	0.0012	0
153623	04760320b8cbc6185199b42327089af8736a893e0885590926fc8e5708a77106	2011-11-17 02:29:19	438	1752	1	0	0	0	2	2	301382220	7.414	301332220	7.4128	50000	0.0012	114155	0.0028	28538.8	0.0007	0.107206519
153623	9e1d2a3c18c3ddb39cb3043e61128c9740ffbff19479889fb7c866ff0098097c	2011-11-17 02:29:19	1159	4636	1	0	0	0	6	2	31800000	0.7823	31700000	0.7798	100000	0.0025	86281.3	0.0021	21570.3	0.0005	0.63721722222222
153623	5859d02a47900bed2a576076b55d5ea9a5d31d2e0976499cbd71fd7b08cf9cf9	2011-11-17 02:29:19	1156	4624	1	0	0	0	6	2	9415645	0.2316	9315645	0.2292	100000	0.0025	86505.2	0.0021	21626.3	0.0005	0.4253648568581
153623	58078c0d7672a13b7c1eda0fe72f4e9ae055ea0311912b1a0517928f3cbf3dca	2011-11-17 02:29:19	223	892	1	0	0	0	1	1	350000	0.0086	300000	0.0074	50000	0.0012	224215	0.0055	56053.8	0.0014	0.047329033564815
153623	54d258d87304c8bce5283ab77e5ce9004c5dc66b2915ac3a58c6b7472589408a	2011-11-17 02:29:19	259	1036	1	0	0	0	1	2	5000000	0.123	4950000	0.1218	50000	0.0012	193050	0.0047	48262.5	0.0012	0.046497685185185
153623	7229b8d7942e17d2129c99afbd1808234eb8646a877068f787c97cb107a136da	2011-11-17 02:29:19	258	1032	1	0	0	0	1	2	112452071	2.7663	112402071	2.7651	50000	0.0012	193798	0.0048	48449.6	0.0012	0
153623	a51bfcb6783ba595e1bf8eafa5d8633bf2523c6da29ce367c6cc06223a7f2941	2011-11-17 02:29:19	975	3900	1	0	0	0	5	2	45117404	1.1099	45067404	1.1087	50000	0.0012	51282.1	0.0013	12820.5	0.0003	0
153623	d42afe03218960af41ec9cf53d73a64655673b37cbb3a181776adb8000fa5214	2011-11-17 02:29:19	257	1028	1	0	0	0	1	2	1000000	0.0246	950000	0.0234	50000	0.0012	194553	0.0048	48638.1	0.0012	0
153624	247088563664c99f1e8dcec7c595db043ff717a7732dde29ff7ad3130d19b0e4	2011-11-17 02:39:57	135	540	1	0	1	0	1	1	0	0	5000250020	123.0061	0	0	0	0	0	0	0
153624	3ea520951ea23d294641446870e4cefc1e2b9e132d8344e125fb4cf69460da26	2011-11-17 02:39:57	440	1760	1	0	0	0	2	2	1001000000	24.6246	1001000000	24.6246	0	0	0	0	0	0	924.86404861111
153624	e2c6ef1cd424315aaefa345ef0f934c0307dfa588974d389581f007e4f1ef2d5	2011-11-17 02:39:57	618	2472	1	0	0	0	3	2	9941000000	244.5486	9941000000	244.5486	0	0	0	0	0	0	242.56184675926
153624	55fdfa164ea6f78ad214b5abfda3ca8dc92245be70a32b345decd2a93f4c0a12	2011-11-17 02:39:57	272	1088	1	0	0	0	2	1	10005500830	246.1353	10005500830	246.1353	0	0	0	0	0	0	0
153624	fd4be4eff8b52dc59f9f25db72d8939da677f2c7d6eaeccc43dfeca1964548c7	2011-11-17 02:39:57	796	3184	1	0	0	0	4	2	501400063	12.3344	501350063	12.3332	50000	0.0012	62814.1	0.0015	15703.5	0.0004	145.67041150095
153624	0ac0a8b379f7251b3064f3ad131b862065d2ca8f645939e505ea11d6766cd6ac	2011-11-17 02:39:57	437	1748	1	0	0	0	2	2	30001043166	738.0257	30001043156	738.0257	10	0	22.8833	0	5.72082	0	0
153624	6878aa3f463eaec90603e2cb7bb538f60ff2b55e46de7ce63dbbce031f21574a	2011-11-17 02:39:57	619	2476	1	0	0	0	3	2	10078484740	247.9307	10078484730	247.9307	10	0	16.1551	0	4.03877	0	0.75770852853009
153624	4bc714a33bf58d23297acf678134d7d3b299aa2449ba884a869c14a329a374e5	2011-11-17 02:39:57	258	1032	1	0	0	0	1	2	1837374000	45.1994	1837374000	45.1994	0	0	0	0	0	0	0
153624	b16900e7bb9c75a2608c3a9a8e3f0c335fbcc2abe6cd333b9e0247d9a45825e8	2011-11-17 02:39:57	258	1032	1	0	0	0	1	2	4968979758	122.2369	4968979758	122.2369	0	0	0	0	0	0	0
153624	2bb9dba0a9bf561500f0345abcc2d4fdd75ad583dc847ea4ce50c37568337131	2011-11-17 02:39:57	258	1032	1	0	0	0	1	2	4859548956	119.5449	4859548956	119.5449	0	0	0	0	0	0	0
153624	11b8ced14d7d636017508caa1c9c2a5dc86cdb80cf1d3dd9c0a1f4403a6cd220	2011-11-17 02:39:57	616	2464	1	0	0	0	3	2	1354459400	33.3197	1354459400	33.3197	0	0	0	0	0	0	0
153624	e2379c8d4766720ad634102004a54dbefa69381be29723e26fcd011e37091939	2011-11-17 02:39:57	224	896	1	0	0	0	1	1	4000000000	98.4	4000000000	98.4	0	0	0	0	0	0	0
153624	ea89806bd19ac65a9b30d491bcd8bfd0fcd3495919eb40329f8844f108c995b5	2011-11-17 02:39:57	259	1036	1	0	0	0	1	2	6101966259	150.1084	6101966259	150.1084	0	0	0	0	0	0	0
153624	b462e2b14603ec25149fa0746065d99a6e397822d8ba413458c05c6e6889bb99	2011-11-17 02:39:57	618	2472	1	0	0	0	3	2	3001372900	73.8338	3001372900	73.8338	0	0	0	0	0	0	0
153624	86199b3b02a72744e6c6b97e809cbc1617a2b4aea2e926b092cff67ae37358a8	2011-11-17 02:39:57	437	1748	1	0	0	0	2	2	1481647098	36.4485	1481647098	36.4485	0	0	0	0	0	0	0
153624	b48207da9faa43eb05153c11db863d487f521d7352aea746dae9104379938043	2011-11-17 02:39:57	258	1032	1	0	0	0	1	2	784000000	19.2864	784000000	19.2864	0	0	0	0	0	0	0
153624	07e81e411e66b111e92f4faba7be0ef86bb24536c5b7fa13d6795f2e85ee77da	2011-11-17 02:39:57	438	1752	1	0	0	0	2	2	929818825	22.8735	929818825	22.8735	0	0	0	0	0	0	0
153624	3af9ee3d34cb51e77e6949e855456b55b26e5ac51343a2ce82e68e3cb3bb0343	2011-11-17 02:39:57	439	1756	1	0	0	0	2	2	2411380428	59.32	2411380428	59.32	0	0	0	0	0	0	0
153624	37d1209ca8fd6fc030e8093bacf67c22906fee6e1a9e21b94fc83e64fcf5fe72	2011-11-17 02:39:57	258	1032	1	0	0	0	1	2	436000000	10.7256	436000000	10.7256	0	0	0	0	0	0	0
153624	f49f740c5130e8dc1ae6a317db912e9b7cb0a6deffceb395e0cc68c9bc97b0d7	2011-11-17 02:39:57	258	1032	1	0	0	0	1	2	1370351500	33.7106	1370351500	33.7106	0	0	0	0	0	0	0
153624	7349cc8f6e6b3baa380688a19a7630e9eb4abce53e927befdb3de26bb867764c	2011-11-17 02:39:57	258	1032	1	0	0	0	1	2	1026500000	25.2519	1026500000	25.2519	0	0	0	0	0	0	0
153624	1ca1d10d16f674f325b52c189d12e358b38a97e3657c5c638f6ccb574e18a903	2011-11-17 02:39:57	258	1032	1	0	0	0	1	2	2611770537	64.2496	2611770537	64.2496	0	0	0	0	0	0	0
153624	182caa46858ac553f6dc3a1efa3b5b0fc0c66d57d24ed80f90b3cdf9c99d3e51	2011-11-17 02:39:57	258	1032	1	0	0	0	1	2	281589041	6.9271	281539041	6.9259	50000	0.0012	193798	0.0048	48449.6	0.0012	0
153624	4271adcc6b9f30e257c72e1df209f205d45e92a4bfbb04b06563238a4554adbe	2011-11-17 02:39:57	258	1032	1	0	0	0	1	2	2501832286	61.5451	2501832286	61.5451	0	0	0	0	0	0	0
153624	36fadafa0f902422244ba8eb77d36d8309e1f65a64931596ac239e4a52fc7a2d	2011-11-17 02:39:57	258	1032	1	0	0	0	1	2	109000000	2.6814	109000000	2.6814	0	0	0	0	0	0	0
153624	e2d64f34c2f99977ea8a8b157f8d2f4699e00939517552b958b07c0537d097c2	2011-11-17 02:39:57	620	2480	1	0	0	0	3	2	889206262	21.8745	889206262	21.8745	0	0	0	0	0	0	0
153624	bafa785774336709dd4f02fb5665f57b9a1032c410302d50e22fcc402cfe6b0a	2011-11-17 02:39:57	259	1036	1	0	0	0	1	2	2239732450	55.0974	2239732450	55.0974	0	0	0	0	0	0	0
153624	8d9e88e9280af42252a2e03bf99a546ae33abfa71cde909a67959a525b7f8dd6	2011-11-17 02:39:57	258	1032	1	0	0	0	1	2	311594700	7.6652	311594700	7.6652	0	0	0	0	0	0	0
153624	d928f9cda10133055cb19e88b77d34d2c57c989d49b18eb5d831a529595728ba	2011-11-17 02:39:57	259	1036	1	0	0	0	1	2	108204827	2.6618	108204827	2.6618	0	0	0	0	0	0	0
153624	27eead2b5e8ec4de8bbac82f30fad2c026fe7c67d622facf66e0ae1b6b213809	2011-11-17 02:39:57	257	1028	1	0	0	0	1	2	1507264583	37.0787	1507264583	37.0787	0	0	0	0	0	0	0
153624	0e4e91e5a6e93d9642a2dd02968abd535468673778c5fd2d22fa8099be05b38b	2011-11-17 02:39:57	258	1032	1	0	0	0	1	2	2935505926	72.2134	2935455926	72.2122	50000	0.0012	193798	0.0048	48449.6	0.0012	0
153624	e97dcd67f3cc69bdfc1c0b0524a29bf4f4f297145f153cf8a9bc636fcc51a3df	2011-11-17 02:39:57	439	1756	1	0	0	0	2	2	320062271	7.8735	320062271	7.8735	0	0	0	0	0	0	0
153624	104955c31dae9dd74930f2de9eab13fc95005c5e5bc00ef330759ddde2282293	2011-11-17 02:39:57	257	1028	1	0	0	0	1	2	100448752	2.471	100448752	2.471	0	0	0	0	0	0	0
153624	f91dafaeb64a46a6e18f02ba99363a3ebc649acb5745240999eb3bef3e292b05	2011-11-17 02:39:57	258	1032	1	0	0	0	1	2	99000000	2.4354	99000000	2.4354	0	0	0	0	0	0	0
153624	1cabdc4d376e1979b53e0c6b7a1b502297e4fd0af292b6b5f526b2641a707ca3	2011-11-17 02:39:57	259	1036	1	0	0	0	1	2	390000000	9.594	390000000	9.594	0	0	0	0	0	0	0
153624	a345853216f327c943cd986252c76bda7edb438a9e0239b45246580c431c8f10	2011-11-17 02:39:57	437	1748	1	0	0	0	2	2	653000000	16.0638	653000000	16.0638	0	0	0	0	0	0	0
153624	9dd65d9b5513b2baf2023fe5bb71e3e3696e2eeed0555bd6a673a7597811bf2a	2011-11-17 02:39:57	617	2468	1	0	0	0	3	2	673000000	16.5558	673000000	16.5558	0	0	0	0	0	0	0
153624	83acc8d2e679ae4f0e6f9718ab0442b9827ef8880ea3d8a9398e676838f55f82	2011-11-17 02:39:57	258	1032	1	0	0	0	1	2	100000000	2.46	100000000	2.46	0	0	0	0	0	0	0
153624	470cc70248ec22a72cb299721782a4cb3e0d610a9e7ac858103cf032419c1b7a	2011-11-17 02:39:57	438	1752	1	0	0	0	2	2	165454862	4.0702	165454862	4.0702	0	0	0	0	0	0	0
153624	1c3f5fc16f231ed8c3df6f8e8791482ad05830ceeb21c27c9368173516972308	2011-11-17 02:39:57	617	2468	1	0	0	0	3	2	35984268	0.8852	35934268	0.884	50000	0.0012	81037.3	0.002	20259.3	0.0005	0
153624	4757c9d06a8fc0614dbbab34611eed41d36b9e216e465d880e163a53983468c5	2011-11-17 02:39:57	257	1028	1	0	0	0	1	2	21200000	0.5215	21200000	0.5215	0	0	0	0	0	0	0
153624	2d42adc04a9a48ba553297befc27f3e7f961c153d79fc4cdce644ea160d97d07	2011-11-17 02:39:57	800	3200	1	0	0	0	4	2	4000000	0.0984	3950000	0.0972	50000	0.0012	62500	0.0015	15625	0.0004	0
153625	96c8a9fc9a26612f875c43558c6d1c1978519d8ad159e3660bf51dd2d9b0ce9e	2011-11-17 02:55:47	182	728	1	0	1	0	1	1	0	0	5001451000	123.0357	0	0	0	0	0	0	0
153625	9a8a58271787e226689537cdc3e533edcb18a53864bf1e79b0e389fd60f3c91e	2011-11-17 02:55:47	800	3200	1	0	0	0	4	2	7941000248	195.3486	7941000248	195.3486	0	0	0	0	0	0	4105.6797190699
153625	f6c6d9e6c90e7753ea6aaeed49ba18a26e5a9a1d6ae080480755820ecd9f66e8	2011-11-17 02:55:47	799	3196	1	0	0	0	4	2	935534431780	23014.1465	935534431780	23014.1465	0	0	0	0	0	0	0
153625	6b1b2b6f7caa98fa7879697be555d92661dafb0d49863b4b8a5f24c44380e03c	2011-11-17 02:55:47	797	3188	1	0	0	0	4	2	1299000833	31.9554	1299000833	31.9554	0	0	0	0	0	0	522.1367301185
153625	94d7e7d351bf8d7aa07e2712dc115bebf4fb4953d1e45079756c05e3723fdb4f	2011-11-17 02:55:47	798	3192	1	0	0	0	4	2	226691472448	5576.6104	226691472448	5576.6104	0	0	0	0	0	0	0
153625	29b41d9af52b4aa46c02c48725b4b3cf62852b222641444adcf9eef8704c5829	2011-11-17 02:55:47	438	1752	1	0	0	0	2	2	117953089307	2901.646	117953089307	2901.646	0	0	0	0	0	0	0
153625	66b1d4dfc3cf94b5d8cf108952ae4c55664241b175158cda35960a90ecf95700	2011-11-17 02:55:47	1878	7512	1	0	0	0	10	2	3317937440	81.6213	3317937440	81.6213	0	0	0	0	0	0	388.99850405884
153625	f57dfeca0575e5288f736b57db3027221ada15f31e2c6377dbc4bb842808ef62	2011-11-17 02:55:47	258	1032	1	0	0	0	1	2	5000661000	123.0163	5000661000	123.0163	0	0	0	0	0	0	53.83003205625
153625	fd7fb5af1ffaf233b7fe3873791e828dcb7f2c468f30e91bd4c460ae826bcae4	2011-11-17 02:55:47	259	1036	1	0	0	0	1	2	26977826321	663.6545	26977826321	663.6545	0	0	0	0	0	0	0
153625	659f98e9d8e0a0f5b9e9575d49d0b0a91bba52d4a3afea5c70b03a2cc5368a82	2011-11-17 02:55:47	440	1760	1	0	0	0	2	2	202651878	4.9852	202651878	4.9852	0	0	0	0	0	0	49.27049293178
153625	bbd90dab2bd52326d737e3e98eac2fdd782510523d23a258dce29f5ce93e0f6d	2011-11-17 02:55:47	257	1028	1	0	0	0	1	2	1967505636	48.4006	1967505636	48.4006	0	0	0	0	0	0	0
153625	5683c7d6b67db1a389d7e0a2a06166e01719dcc908e9eacc4500d9fbad855d74	2011-11-17 02:55:47	258	1032	1	0	0	0	1	2	3653846000	89.8846	3653846000	89.8846	0	0	0	0	0	0	0
153625	b3c9ee76271cb0e3d612f7207fc0a66f519592c8e0e9e5489c5d3426e3a9b012	2011-11-17 02:55:47	259	1036	1	0	0	0	1	2	1000000000	24.6	1000000000	24.6	0	0	0	0	0	0	9.5832175925926
153625	03d30949b6482294b6a8052833f20a486f10754308165c96235bcce0e97f2c30	2011-11-17 02:55:47	621	2484	1	0	0	0	3	2	8084887420	198.8882	8084887420	198.8882	0	0	0	0	0	0	0
153625	497736c9dcbff0da2974e8c0fab08d1459f5abb20b777e87f91fde4b0af6e177	2011-11-17 02:55:47	259	1036	1	0	0	0	1	2	672723973	16.549	672723973	16.549	0	0	0	0	0	0	7.3599428555322
153625	2ac07827f51fc31bf1417294c41d95425f87a588df5470cd3e8c5f11f6a5fcdf	2011-11-17 02:55:47	258	1032	1	0	0	0	1	2	4880000000	120.048	4880000000	120.048	0	0	0	0	0	0	0
153625	ffaa418cc6e789f9a15c296ea20a00dbb0cef79109d84aac32cdf4df51299552	2011-11-17 02:55:47	584	2336	1	0	0	0	3	1	8222514282	202.2738	8222514282	202.2738	0	0	0	0	0	0	0
153625	ba2395c7e562c4aa5883361a07619cdb256281d1d09e49ee6698afe36c20575e	2011-11-17 02:55:47	258	1032	1	0	0	0	1	2	2846389012	70.0212	2846389012	70.0212	0	0	0	0	0	0	0
153625	5e2e93e19bb615d57e475c00b9495fbcb12ed7351f1461261959e00728855bfd	2011-11-17 02:55:47	616	2464	1	0	0	0	3	2	12309382182	302.8108	12309382182	302.8108	0	0	0	0	0	0	0
153625	39b6dce56249822b042aa3c1d7443a62d77234d13e45aa0d19f323b2996a7700	2011-11-17 02:55:47	799	3196	1	0	0	0	4	2	8146630767	200.4071	8146630767	200.4071	0	0	0	0	0	0	0
153625	fd92690ed09600999635838faf82619da676e0f52ab9a507eb2956075d4ace48	2011-11-17 02:55:47	5291	21164	1	0	0	0	1	152	5000000000	123	5000000000	123	0	0	0	0	0	0	62.554976851852
153625	80a1c66191779aa866906e16d12a92dd728780019f6bff0ad6d346a6e77c754d	2011-11-17 02:55:47	258	1032	1	0	0	0	1	2	898000000	22.0908	898000000	22.0908	0	0	0	0	0	0	0
153625	aee17fe085bccabd8ab47c9979b79e63e4e08d4095d90e769a57629a4539fc7a	2011-11-17 02:55:47	257	1028	1	0	0	0	1	2	2489937200	61.2525	2489937200	61.2525	0	0	0	0	0	0	0
153625	436dd6d80d40c339acbc34ae4f40392402dcb3af96a16f9ccd67c39683f6a245	2011-11-17 02:55:47	258	1032	1	0	0	0	1	2	1030000000	25.338	1030000000	25.338	0	0	0	0	0	0	0
153625	a9e010c5992ce818bfec049513a7229ada95d78a57ebbfea16a7ff6e2d173339	2011-11-17 02:55:47	258	1032	1	0	0	0	1	2	3933181400	96.7563	3933181400	96.7563	0	0	0	0	0	0	0
153625	dcba18b642391c6d5ade8839c7a1d0e0707652eca3575f7977e5ce950863411f	2011-11-17 02:55:47	259	1036	1	0	0	0	1	2	100000000	2.46	100000000	2.46	0	0	0	0	0	0	1.7120949074074
153625	03f421452dab25a546100b6040cbc85774c6910a9ddfe5b9bcc20ca5d2651d3d	2011-11-17 02:55:47	258	1032	1	0	0	0	1	2	3874200000	95.3053	3874150000	95.3041	50000	0.0012	193798	0.0048	48449.6	0.0012	0
153625	98adc2c4365f0a57d3834c0f1fe68eedc4741983a62f88476f80860050d1c448	2011-11-17 02:55:47	258	1032	1	0	0	0	1	2	3598919737	88.5334	3598918737	88.5334	1000	0	3875.97	0.0001	968.992	0	0
153625	16cab49b5f47e1e0eff2fbe5d5f0bfbf61bc5beb189bc4508cdf1dcc43f6404a	2011-11-17 02:55:47	618	2472	1	0	0	0	3	2	103066719	2.5354	103016719	2.5342	50000	0.0012	80906.1	0.002	20226.5	0.0005	1.1563993377564
153625	1dad764c2e9d22116ca9a609cc8fdc5b1df523514a71e8154b99b21c6ecadc10	2011-11-17 02:55:47	257	1028	1	0	0	0	1	2	102119675	2.5121	102069675	2.5109	50000	0.0012	194553	0.0048	48638.1	0.0012	0
153625	0873d21d9f3fe6d173a3fff04e0fea15bbd949589d066aab3ce21b04ba368ab3	2011-11-17 02:55:47	259	1036	1	0	0	0	1	2	369811354	9.0974	369761354	9.0961	50000	0.0012	193050	0.0047	48262.5	0.0012	0
153625	527fc9dfd4271a8becf0f271fed843811e819a41d040ff0288a7f98d6540df2f	2011-11-17 02:55:47	258	1032	1	0	0	0	1	2	214900000	5.2865	213900000	5.2619	1000000	0.0246	3875970	0.0953	968992	0.0238	0
153625	fb18919b910b56e1b2dd9743f08b09b96410131bfa100348c4b6169ddd5b1178	2011-11-17 02:55:47	259	1036	1	0	0	0	1	2	268714711	6.6104	268664711	6.6092	50000	0.0012	193050	0.0047	48262.5	0.0012	0
153625	c8bcd0dc7942b11e67688eddaee8c48610b471008ec99d01b975527a2028f4f7	2011-11-17 02:55:47	3503	14012	1	0	0	0	19	2	126211195	3.1048	126011195	3.0999	200000	0.0049	57093.9	0.0014	14273.5	0.0004	0.00021748586875
153626	a9f61167137bbf8ac7b1d8a77843f0046c2ea13b97447f9645d9a50c25a6418a	2011-11-17 02:56:14	180	720	1	0	1	0	1	1	0	0	5000050000	123.0012	0	0	0	0	0	0	0
153626	d16e8d303300d52d9cb0c67a0987fe41198c08c6a9e4438ddecd672617f7af31	2011-11-17 02:56:14	259	1036	1	0	0	0	1	2	7500000000	184.5	7500000000	184.5	0	0	0	0	0	0	0
153626	bcf3eb9a051597843413f837f1225f4a078c68d2c98a272752188e57217f6df3	2011-11-17 02:56:14	257	1028	1	0	0	0	1	2	2227000000	54.7842	2227000000	54.7842	0	0	0	0	0	0	0
153626	e47c437b5bb88ee5fdd8bc85ff464188de886264b694db38fb7b9d8088738a5c	2011-11-17 02:56:14	258	1032	1	0	0	0	1	2	1012612522	24.9103	1012612522	24.9103	0	0	0	0	0	0	0
153626	463cfa6d06def88c1d9d4df9becad4519e4564d1f78669ae4ee241ba92181e45	2011-11-17 02:56:14	257	1028	1	0	0	0	1	2	265000000	6.519	265000000	6.519	0	0	0	0	0	0	0
153626	16deb1cb894dce380700635883610da2d5f13ed3476959a079fdd153da4d7051	2011-11-17 02:56:14	258	1032	1	0	0	0	1	2	957000000	23.5422	957000000	23.5422	0	0	0	0	0	0	0
153626	7a9daf4a4fa797867e7807f01491ef22da2c5ef84377e48a5fa427d4a1df4858	2011-11-17 02:56:14	258	1032	1	0	0	0	1	2	498196800	12.2556	498196800	12.2556	0	0	0	0	0	0	0
153626	66e0bc4c88bdb803bc119e308f5278ee0f631faedf0c3bbdaac6afb16ad90049	2011-11-17 02:56:14	258	1032	1	0	0	0	1	2	99000000	2.4354	99000000	2.4354	0	0	0	0	0	0	0
153626	f7892163d2421dd4776ad9e32898853c86e8938a720989d9ed450038252c6ee0	2011-11-17 02:56:14	257	1028	1	0	0	0	1	2	2849799511	70.1051	2849749511	70.1038	50000	0.0012	194553	0.0048	48638.1	0.0012	0
153626	187acb39e3836143627251e96c47772b484894fc504739b7d64266a0b5c6b49a	2011-11-17 02:56:14	259	1036	1	0	0	0	1	2	2299832286	56.5759	2299832286	56.5759	0	0	0	0	0	0	0
153626	7dc9a853917f9231f6ac35ead331a50c558bdb48a1df19edeea98f97adca60d7	2011-11-17 02:56:14	259	1036	1	0	0	0	1	2	101609758	2.4996	101609758	2.4996	0	0	0	0	0	0	0
153626	a45dbad1ba68b7123b2a6f654c08442794bdbf21405f2941c32330b612e83b22	2011-11-17 02:56:14	258	1032	1	0	0	0	1	2	2139732450	52.6374	2139732450	52.6374	0	0	0	0	0	0	0
153627	6c6382f6cb241819626b010de269efd0540f42fa3e221feec0dab791427c31de	2011-11-17 04:00:26	135	540	1	0	1	0	1	1	0	0	5004479006	123.1102	0	0	0	0	0	0	0
153627	b20bad415825253283aae67449c259899eef2a59e7d11504d7f135ba4b3f577f	2011-11-17 04:00:26	257	1028	1	0	0	0	1	2	60000000000	1476	59999000000	1475.9755	1000000	0.0246	3891050	0.0957	972763	0.0239	66226.326388889
153627	b3d60196c7bb703739eabb65756703300eed3351c14c0bf63e546a21fe6fa7f9	2011-11-17 04:00:26	257	1028	1	0	0	0	1	2	2100000000	51.66	2100000000	51.66	0	0	0	0	0	0	2815.5375694444
153627	7ce9728c7d65302c4f3f71d28e7b4be115ddf7a184ebb1fee031cb5e8c98a0b4	2011-11-17 04:00:26	225	900	1	0	0	0	1	1	1700000000	41.82	1700000000	41.82	0	0	0	0	0	0	1279.6993981481
153627	a4c7e4a56b4aaf73eb0271f66a984208de97d9e85e187dcdcd9826df65317b28	2011-11-17 04:00:26	224	896	1	0	0	0	1	1	700000000	17.22	700000000	17.22	0	0	0	0	0	0	1017.2395138889
153627	602693bc79f73a116bc30a362141b086a58bb0a7ee897119cf8cf1a42eef4148	2011-11-17 04:00:26	258	1032	1	0	0	0	1	2	1100000000	27.06	1100000000	27.06	0	0	0	0	0	0	809.27267361111
153627	674f6177c0fef9b4b1725cc95b62fe3ad26940a71a324cc0955dbc4c58366b7c	2011-11-17 04:00:26	259	1036	1	0	0	0	1	2	500000000	12.3	500000000	12.3	0	0	0	0	0	0	666.80561342593
153627	8d9328e4f92f6fe483d39f47fd4eb09a7b69fbc5fb6466ffeec6ebff84100c14	2011-11-17 04:00:26	258	1032	1	0	0	0	1	2	500000000	12.3	500000000	12.3	0	0	0	0	0	0	590.85989583333
153627	1197075a54bb381697cd22fa43575a961e25c540c98a0c84333adc0cf13041c8	2011-11-17 04:00:26	798	3192	1	0	0	0	4	2	936654465859	23041.7012	936654465859	23041.7012	0	0	0	0	0	0	0
153627	81e27119b9ab34e88abed7239fc9ae941071b18496430ed5e094ce255bd0b2c1	2011-11-17 04:00:26	259	1036	1	0	0	0	1	2	500000000	12.3	500000000	12.3	0	0	0	0	0	0	392.49450231481
153627	a029d4ba8a5e0536b81a00197eb9266ca9c73142c8e5b6b6108cf7e507f6c787	2011-11-17 04:00:26	223	892	1	0	0	0	1	1	4000000000	98.4	4000000000	98.4	0	0	0	0	0	0	300.02824074074
153627	d7fa310aa544641372427718810495e7600b425736e33d872af9fc3cb58e7e03	2011-11-17 04:00:26	797	3188	1	0	0	0	4	2	2011068021	49.4723	2011068021	49.4723	0	0	0	0	0	0	1024.7041723787
153627	1653ab16a50b986d9d1302929e500ce62a6aac67c23c5b4697e221fb392cffca	2011-11-17 04:00:26	258	1032	1	0	0	0	1	2	500000000	12.3	500000000	12.3	0	0	0	0	0	0	307.38061342593
153627	87515fb6e312bda46f457774f0829c3092ea740943a037c83a3ef0547cf1f22e	2011-11-17 04:00:26	796	3184	1	0	0	0	4	2	715484833810	17600.9277	715484833810	17600.9277	0	0	0	0	0	0	0
153627	d34f33847257835ce18b891b84ddadde688578bdc01b0848165946c9c8549578	2011-11-17 04:00:26	258	1032	1	0	0	0	1	2	6676000000	164.2296	6676000000	164.2296	0	0	0	0	0	0	207.21871296296
153627	20a386c99ee5b3adc490f49e241bc60da642326e730e918ea0f73b710a931cb2	2011-11-17 04:00:26	798	3192	1	0	0	0	4	2	237415052713	5840.4102	237415052713	5840.4102	0	0	0	0	0	0	0
153627	84269058e7e09505a67f52e6144922e1db5b3a751ec35fa521d20086204cdbc8	2011-11-17 04:00:26	258	1032	1	0	0	0	1	2	20000000000	492	20000000000	492	0	0	0	0	0	0	208.09722222222
153627	ebff73c2dc5eaa64819e09accd1ace748c22f1e33089e987de70ffb68047f5bf	2011-11-17 04:00:26	225	900	1	0	0	0	1	1	1000000000	24.6	1000000000	24.6	0	0	0	0	0	0	131.02060185185
153627	2b25e57e3dbaf4e82580d0270be75167115c091a85c3a169a957228ab82b341d	2011-11-17 04:00:26	258	1032	1	0	0	0	1	2	30000000000	738	29999950000	737.9988	50000	0.0012	193798	0.0048	48449.6	0.0012	0
153627	4ffd3f3e08a87595342815b2997b660ec1505fcb5e04d064ac84326b086d95ee	2011-11-17 04:00:26	258	1032	1	0	0	0	1	2	5001300000	123.032	5001300000	123.032	0	0	0	0	0	0	107.32072020833
153627	467c1f22f0657c770b739215e4518e6a1a99c4c490fb67b13196c73c3ef14404	2011-11-17 04:00:26	797	3188	1	0	0	0	4	2	1001000000	24.6246	1001000000	24.6246	0	0	0	0	0	0	357.4274505787
153627	356d26915f57cbcd5c792ab24f2c2ed2a1541ca3e28754671b8be2637b873384	2011-11-17 04:00:26	798	3192	1	0	0	0	4	2	200234145483	4925.7603	200234145483	4925.7603	0	0	0	0	0	0	0
153627	2db83cc0b2170fbab7711caebfaac9044d88665c09747e7c6528cda2af55f1c4	2011-11-17 04:00:26	258	1032	1	0	0	0	1	2	27865250000	685.4852	27865200000	685.4839	50000	0.0012	193798	0.0048	48449.6	0.0012	0
153627	f9125a1fb3e99a331d69c9e782910572bdaae03ceb3279ff63debfe84d5ed9e1	2011-11-17 04:00:26	258	1032	1	0	0	0	1	2	5001250000	123.0308	5001250000	123.0308	0	0	0	0	0	0	82.029761574074
153627	e7b1502dabb74fcaacde961da65f7ec417433385279a6cea40fc0248a62c2102	2011-11-17 04:00:26	271	1084	1	0	0	0	2	1	10001250000	246.0307	10001250000	246.0307	0	0	0	0	0	0	0
153627	087b47e61bede6d8e884306fbe5bfe68c71a80e4a4eed5051a47268dbb43fd18	2011-11-17 04:00:26	258	1032	1	0	0	0	1	2	3798000000	93.4308	3798000000	93.4308	0	0	0	0	0	0	67.798695833333
153627	b7a7607ef1a74cc3a5741f666bbb85163093d3989154f4da99e784d07ea69e29	2011-11-17 04:00:26	259	1036	1	0	0	0	1	2	5001200000	123.0295	5001200000	123.0295	0	0	0	0	0	0	72.468777222222
153627	f63412ea0b0dc4f9a36379961f88628a2de0911849ffe99f9d7483abc8245863	2011-11-17 04:00:26	258	1032	1	0	0	0	1	2	5000300000	123.0074	5000300000	123.0074	0	0	0	0	0	0	0
153627	4eaca79e5d609a6cd27df9a3c18dc361ca2cb5ce375c428f887c8f7c29dba9f9	2011-11-17 04:00:26	257	1028	1	0	0	0	1	2	8302000000	204.2292	8302000000	204.2292	0	0	0	0	0	0	0
153627	86325476d9989345f79e8e9451fa769a4c08e87311a943fa7840f601438c8155	2011-11-17 04:00:26	224	896	1	0	0	0	1	1	9900000000	243.54	9900000000	243.54	0	0	0	0	0	0	0
153627	2931debaea1093a0ebe72beebdfe6a1f944f16985dabd021e3e979f698538c38	2011-11-17 04:00:26	257	1028	1	0	0	0	1	2	990000000	24.354	990000000	24.354	0	0	0	0	0	0	32.118166666667
153627	87d76498decfe85ecf6a3ea90ffb681fbf85750cbc26e8eb3183b7798695f2f3	2011-11-17 04:00:26	258	1032	1	0	0	0	1	2	1586000000	39.0156	1586000000	39.0156	0	0	0	0	0	0	31.741477083333
153627	b8ffdbceb316ab23d0d7aa455c12f15d5d512e4f06b263229b03812e4df99766	2011-11-17 04:00:26	259	1036	1	0	0	0	1	2	22792168958	560.6874	22792167958	560.6873	1000	0	3861	0.0001	965.251	0	0
153627	06e70a4c66b3f4a45fab9677775e87aebcf975d213c907e9a47d3e2c37533674	2011-11-17 04:00:26	259	1036	1	0	0	0	1	2	9134615000	224.7115	9134615000	224.7115	0	0	0	0	0	0	0
153627	4e0490398496791798d840cdb72af4ea06e3ee77260d7bdfa4af53e12f3a0480	2011-11-17 04:00:26	619	2476	1	0	0	0	3	2	1001000000	24.6246	1001000000	24.6246	0	0	0	0	0	0	53.566517708333
153627	bf5cb7cb74106d4be258445531f05fa5abc6014960e4aca951a9caa527104519	2011-11-17 04:00:26	258	1032	1	0	0	0	1	2	2500000000	61.5	2499000000	61.4754	1000000	0.0246	3875970	0.0953	968992	0.0238	25.319444444444
153627	27c71f7914cafb4f012f137f3d90519e3e314abbcb9d7bdf9868e7b7016a14d5	2011-11-17 04:00:26	258	1032	1	0	0	0	1	2	7500000000	184.5	7500000000	184.5	0	0	0	0	0	0	0
153627	9a858538ce39c530fb024c3982ba616248cb85c8a8d3ab8545537cbca8fc3f57	2011-11-17 04:00:26	439	1756	1	0	0	0	2	2	4800459400	118.0913	4800459400	118.0913	0	0	0	0	0	0	0
153627	97ecb3cf0499f280f2ddb00f59392f06b40f89404b23cb58ca4d5a2fea506316	2011-11-17 04:00:26	800	3200	1	0	0	0	4	2	16668090617	410.035	16668090617	410.035	0	0	0	0	0	0	0
153627	fc97d2ce5a60d5a6f0eedb934e5e16d8f44af9d6f3318286f5fdee98cd5fa62d	2011-11-17 04:00:26	438	1752	1	0	0	0	2	2	21167686640	520.7251	21167686640	520.7251	0	0	0	0	0	0	0
153627	7e9ca8a29690940524d8ee639de50034e4884435124a94b7782fdaa9ee775e26	2011-11-17 04:00:26	583	2332	1	0	0	0	3	1	11902000000	292.7892	11902000000	292.7892	0	0	0	0	0	0	0
153627	d18054b2bd584c9dff2af1dc7a57b1f70d26a51ccc0ce3a7aec67c18aaf754e3	2011-11-17 04:00:26	258	1032	1	0	0	0	1	2	4900000000	120.54	4900000000	120.54	0	0	0	0	0	0	0
153627	7c72d6c4de36e74e2ae0ab52e47bf31966a9e6ce5409e994e516dd31d49194ba	2011-11-17 04:00:26	258	1032	1	0	0	0	1	2	14590253000	358.9202	14590253000	358.9202	0	0	0	0	0	0	0
153627	62008a5161948e3350896569e681c14dba66a228553da0ec37594dfc8da20a78	2011-11-17 04:00:26	259	1036	1	0	0	0	1	2	1391600000	34.2334	1391600000	34.2334	0	0	0	0	0	0	0
153627	072b1607fb2ac6d992cc86144c6cb248d060a755205d72a2f138aac1c41cc7a3	2011-11-17 04:00:26	258	1032	1	0	0	0	1	2	3644528244	89.6554	3644528244	89.6554	0	0	0	0	0	0	0
153627	976223a0c109da335edb3e9985f85baf3645233d5df8b3b87669ca67419f634c	2011-11-17 04:00:26	257	1028	1	0	0	0	1	2	12679924261	311.9261	12679924261	311.9261	0	0	0	0	0	0	0
153627	aced7c52a82fde7e88b908093f2822caa305b4bd5611f4b23515e7428718909e	2011-11-17 04:00:26	1123	4492	1	0	0	0	6	1	585918006	14.4136	585900000	14.4131	18006	0.0004	16033.8	0.0004	4008.46	0.0001	29.052219156881
153627	4a1ed708a50bb4b9fab020036df64824fa10e72c48827195a226f2b95e77c521	2011-11-17 04:00:26	258	1032	1	0	0	0	1	2	11585748896	285.0094	11585748896	285.0094	0	0	0	0	0	0	0
153627	65ceabed8c139d91dba7f502ef001f1fb42d3265acf5ecad7ca55bc57ad06b15	2011-11-17 04:00:26	3496	13984	1	0	0	0	19	2	404181667	9.9429	404181667	9.9429	0	0	0	0	0	0	92.561558687536
153627	627be78ed290894699ec89a6b188ac4ba66773cdfffb992d76e37747d4ccbb88	2011-11-17 04:00:26	259	1036	1	0	0	0	1	2	11185509193	275.1635	11185509193	275.1635	0	0	0	0	0	0	0
153627	c160a724b0d9b52712fc9708fdd7488d21e918efffc2bc780573efd9f37bfd96	2011-11-17 04:00:26	259	1036	1	0	0	0	1	2	10747050000	264.3774	10747050000	264.3774	0	0	0	0	0	0	0
153627	bf9c700fecda77eb2cbfd966e72a490875213d0ed8b2fa98ef2662979c2476f4	2011-11-17 04:00:26	436	1744	1	0	0	0	2	2	2375000000	58.425	2375000000	58.425	0	0	0	0	0	0	0
153627	99bbc74b83e3e81c20e4c3eefe99ce5f7f04a16593a382f54ecb81c92fa17054	2011-11-17 04:00:26	796	3184	1	0	0	0	4	2	19362507233	476.3177	19362507233	476.3177	0	0	0	0	0	0	0
153627	43878a4a71f64588eac7d9cf6fa82583ed454d9bbd3c642999c60507e73e4f9b	2011-11-17 04:00:26	257	1028	1	0	0	0	1	2	9982300010	245.5646	9982300010	245.5646	0	0	0	0	0	0	0
153627	5acf27cb02ce7bc8f0eaf5816de37aa91b16820c4cd5334093b8c65ec51667fa	2011-11-17 04:00:26	259	1036	1	0	0	0	1	2	9724100000	239.2129	9724100000	239.2129	0	0	0	0	0	0	0
153627	3c58d77a18536247c775e00fad961a2ee4a3d44aa6a3c5c0271ada07bd051301	2011-11-17 04:00:26	2238	8952	1	0	0	0	12	2	50001188450	1230.0293	50001188450	1230.0293	0	0	0	0	0	0	0
153627	fefee384873ce2d53a98b153f0ba46ac17146f20b0628065ba8aa6b8cad5f9ef	2011-11-17 04:00:26	259	1036	1	0	0	0	1	2	9445923467	232.3697	9445923467	232.3697	0	0	0	0	0	0	0
153627	338390d8d0f07271ca47e0ba38a8910dc985fa6dfe841ba9c10e77c867ce7578	2011-11-17 04:00:26	257	1028	1	0	0	0	1	2	9328000000	229.4688	9328000000	229.4688	0	0	0	0	0	0	0
153627	6c244a57d61e1b27dbc2e77ac2789038d80691dbbc2eaafe0d7822adf01523de	2011-11-17 04:00:26	258	1032	1	0	0	0	1	2	10001593387	246.0392	10001593387	246.0392	0	0	0	0	0	0	0
153627	3ce3fc5a720af3a4b0acce2a80c247de47529b3da873cbdc49b0913dfd8be757	2011-11-17 04:00:26	258	1032	1	0	0	0	1	2	944989367	23.2467	944989367	23.2467	0	0	0	0	0	0	0
153627	aae2b6a553add24a3e262d5d17db8071240c0b96fd27710472fe42f78012e246	2011-11-17 04:00:26	978	3912	1	0	0	0	5	2	9592731600	235.9812	9592681600	235.98	50000	0.0012	51124.7	0.0013	12781.2	0.0003	0
153627	2bcb26c8bf06e195c7fab82f49c5bbacae39f710d6a66fb09290774a1fd654d4	2011-11-17 04:00:26	258	1032	1	0	0	0	1	2	7206869818	177.289	7206869818	177.289	0	0	0	0	0	0	0
153627	2b167157372642aa1ba5fac8bc92f96f8c11e23a61a840722f62573b32ca5270	2011-11-17 04:00:26	800	3200	1	0	0	0	4	2	12217589302	300.5527	12217589302	300.5527	0	0	0	0	0	0	0
153627	57c1e6206b2494dabb82a40bc9f3fc8e22291173b5df4d04d553bd780d08143d	2011-11-17 04:00:26	942	3768	1	0	0	0	5	1	304279436	7.4853	304269436	7.485	10000	0.0002	10615.7	0.0003	2653.93	0.0001	14.051364620852
153627	93299ef807b619ccef8628e209a557b48ae73803d21dfb2cc76551bdcc893b54	2011-11-17 04:00:26	258	1032	1	0	0	0	1	2	6607477476	162.5439	6607477476	162.5439	0	0	0	0	0	0	0
153627	c908e6a0e5539a7e816ccd8cc7965f4d2b7ebe1bd7f6daf8124f4fb715f8b8f9	2011-11-17 04:00:26	258	1032	1	0	0	0	1	2	6210352319	152.7747	6210352319	152.7747	0	0	0	0	0	0	0
153627	7ef693f446dc4dbb183e1558cf83a1c173274e75af9574bf9b316dab28f6d271	2011-11-17 04:00:26	257	1028	1	0	0	0	1	2	500000000	12.3	500000000	12.3	0	0	0	0	0	0	0
153627	71a46bbff30c2060c1eb85816fe90edbf61200902c55532513777a6c948f76c0	2011-11-17 04:00:26	258	1032	1	0	0	0	1	2	3822000000	94.0212	3822000000	94.0212	0	0	0	0	0	0	0
153627	67cf0769c9677e48cc441d693b884e2e08c8f3ff08b7d0ebe00cc0ba4e2692d6	2011-11-17 04:00:26	257	1028	1	0	0	0	1	2	6293950000	154.8312	6293900000	154.8299	50000	0.0012	194553	0.0048	48638.1	0.0012	0
153627	5b205d220541bbdfbb742e3fe764a870b78bd7e9696561cd34eccf303eb4f2ed	2011-11-17 04:00:26	257	1028	1	0	0	0	1	2	5336300010	131.273	5336300010	131.273	0	0	0	0	0	0	0
153627	4af49c2c8f9e771eb239501362145f18de579c95934d53b2dda51ee9e4a49169	2011-11-17 04:00:26	258	1032	1	0	0	0	1	2	1169600000	28.7722	1169600000	28.7722	0	0	0	0	0	0	0
153627	152e5a8b42ab0085941e7336b09c0330d72ae44c6f50bedd688a86ed45c1332d	2011-11-17 04:00:26	258	1032	1	0	0	0	1	2	1289000000	31.7094	1289000000	31.7094	0	0	0	0	0	0	0
153627	c4df5c766cbf85d895d8f5d6fd3095a7e1b82faf9ce8ff7c29100f0501c594a4	2011-11-17 04:00:26	223	892	1	0	0	0	1	1	300000000	7.38	300000000	7.38	0	0	0	0	0	0	0
153627	0e28e01f7ecc39bd6268ea23b9c3e63479e7512c473d8fa780cdb2b89384ef26	2011-11-17 04:00:26	258	1032	1	0	0	0	1	2	5248992446	129.1252	5248992446	129.1252	0	0	0	0	0	0	0
153627	77bb26b47f3de9ebea07e2c2fef36a04f609b9288207cce69b8da420f2e2819d	2011-11-17 04:00:26	259	1036	1	0	0	0	1	2	4977350000	122.4428	4977350000	122.4428	0	0	0	0	0	0	0
153627	c38b9202b5652b4bae9598491ccd37bf8c3e780ec12182a2171a95194decb7c2	2011-11-17 04:00:26	258	1032	1	0	0	0	1	2	4910100000	120.7885	4910100000	120.7885	0	0	0	0	0	0	0
153627	1cfe901645abdb131d98e681f132fce7d44e7770e744813f23ec9627380a14f5	2011-11-17 04:00:26	259	1036	1	0	0	0	1	2	4854780466	119.4276	4854780466	119.4276	0	0	0	0	0	0	0
153627	dada100199befd7d133fc46927e9d9de2e68371fc049ed87a38d1a43c36cbf48	2011-11-17 04:00:26	259	1036	1	0	0	0	1	2	4835453496	118.9522	4835453496	118.9522	0	0	0	0	0	0	0
153627	6d32af6468e1c55c17b3562645940f3dd0e5e8ec0f126587be372dfced41712b	2011-11-17 04:00:26	258	1032	1	0	0	0	1	2	4728000000	116.3088	4728000000	116.3088	0	0	0	0	0	0	0
153627	7cd1724f41ab4a15e211624b284f3b3755d485655a0839e677297b9fef552c9d	2011-11-17 04:00:26	258	1032	1	0	0	0	1	2	4707077968	115.7941	4707077968	115.7941	0	0	0	0	0	0	0
153627	55555f7a2b4d666d93de804e0c8fae7584ce1698908bf79d2db39b2d81b509be	2011-11-17 04:00:26	258	1032	1	0	0	0	1	2	4596300000	113.069	4596300000	113.069	0	0	0	0	0	0	0
153627	68139834c7427272eda433b66bd45df636b8360f731e0b3752c9e2c53f80e34f	2011-11-17 04:00:26	799	3196	1	0	0	0	4	2	11398754299	280.4094	11398754299	280.4094	0	0	0	0	0	0	0
153627	922c7877b9473176a6370b0d3fe56ee5a0697d296a973df26fdc1aede789e51a	2011-11-17 04:00:26	257	1028	1	0	0	0	1	2	4344000000	106.8624	4344000000	106.8624	0	0	0	0	0	0	0
153627	29e5f80c661824836ee7a6b59fa14487c29d83719281e08146aece6e664588e5	2011-11-17 04:00:26	257	1028	1	0	0	0	1	2	10005500830	246.1353	10005500830	246.1353	0	0	0	0	0	0	0
153627	d4bafb06f905fdf86f13e43377f4e8160510b2e81615f129ebdff6ff0cf824db	2011-11-17 04:00:26	438	1752	1	0	0	0	2	2	3761466747	92.5321	3761466747	92.5321	0	0	0	0	0	0	0
153627	6f781dfa22e97c7b263b815869ab6db9920596d8f3638fad67dcab7c2c47657a	2011-11-17 04:00:26	798	3192	1	0	0	0	4	2	3617362732	88.9871	3617362732	88.9871	0	0	0	0	0	0	0
153627	b8c55112127d17098f3b9174c46918a45c2ce1395a40fbda35a338288bcba4f0	2011-11-17 04:00:26	258	1032	1	0	0	0	1	2	4146350160	102.0002	4146350160	102.0002	0	0	0	0	0	0	0
153627	af6ab25a18720c6dbc15c51baff13930789cf1a484531783c22f48b4a1f943b2	2011-11-17 04:00:26	794	3176	1	0	0	0	4	2	6179287144	152.0105	6179287144	152.0105	0	0	0	0	0	0	0
153627	8b13e0bccf4923c56e18393d0bedc87fa72dbb6084605bdee11fb5d14385e7ae	2011-11-17 04:00:26	259	1036	1	0	0	0	1	2	5617796433	138.1978	5617796433	138.1978	0	0	0	0	0	0	0
153627	d3fa732fe1968f4eb81729aa54f7df1eb627e08b744ee7b620326a6513969ac9	2011-11-17 04:00:26	439	1756	1	0	0	0	2	2	3333897072	82.0139	3333897072	82.0139	0	0	0	0	0	0	0
153627	3cc887d11dfbe0b798814c647a5babd322e614a669e11e9f408bf59eb97bde25	2011-11-17 04:00:26	258	1032	1	0	0	0	1	2	3948673657	97.1374	3948673657	97.1374	0	0	0	0	0	0	0
153627	17b84e79da80e995c397d20a2d6cb5c7b251b62a351f92e88298ce126b708c98	2011-11-17 04:00:26	257	1028	1	0	0	0	1	2	3789150000	93.2131	3789150000	93.2131	0	0	0	0	0	0	0
153627	13c6013b2a26d12df9e080837208f822f335e79dbb28907dd7c077687c37a7e5	2011-11-17 04:00:26	258	1032	1	0	0	0	1	2	3787088885	93.1624	3787088885	93.1624	0	0	0	0	0	0	0
153627	043216ae1e2d8a3f0968c680410c56c23aa39215921e9a67450a5d8f59a65ba9	2011-11-17 04:00:26	258	1032	1	0	0	0	1	2	3784100000	93.0889	3784100000	93.0889	0	0	0	0	0	0	0
153627	32b400e7e4ce81a66c665cfe1bda8d00bb1f1b6f1cfa796ba983d3cbcb90a24e	2011-11-17 04:00:26	259	1036	1	0	0	0	1	2	3725906821	91.6573	3725906821	91.6573	0	0	0	0	0	0	0
153627	0cada5b277757b1471d9f25626d602c337e8fb23687b5dc62e49ddc6f9bd48ce	2011-11-17 04:00:26	258	1032	1	0	0	0	1	2	3634100000	89.3989	3634100000	89.3989	0	0	0	0	0	0	0
153627	da44f56bb39609c42b06b1b53db6f4a9a763aaaa108a734d3dca9f60c1210d27	2011-11-17 04:00:26	258	1032	1	0	0	0	1	2	1017116909	25.0211	1017116909	25.0211	0	0	0	0	0	0	0
153627	cd0a7e613f6b6708004778e7f36fe4bd152dc71487e80a4dda1a513e33faa485	2011-11-17 04:00:26	618	2472	1	0	0	0	3	2	551158177	13.5585	551158177	13.5585	0	0	0	0	0	0	0
153627	1fb76b945ad0d369f2b390fd955adc54b5a0aae831304f2ce4370f09c8b7f66c	2011-11-17 04:00:26	437	1748	1	0	0	0	2	2	5140000000	126.444	5140000000	126.444	0	0	0	0	0	0	0
153627	922726764cb0ee1befa66307a3fddccc656256e0de9277383fb8ff81cc77446b	2011-11-17 04:00:26	258	1032	1	0	0	0	1	2	3393064570	83.4694	3393064570	83.4694	0	0	0	0	0	0	0
153627	e93c6cb0a502a842c3aa847077077b0219bb17fd94dbca18e48830c1f47fbe9b	2011-11-17 04:00:26	257	1028	1	0	0	0	1	2	3252005457	79.9993	3252005457	79.9993	0	0	0	0	0	0	0
153627	5b90ffcb6047aa0551dc036781300987373b5e7f4e2f58eba4f4a16a8f806345	2011-11-17 04:00:26	258	1032	1	0	0	0	1	2	3210059678	78.9675	3210059678	78.9675	0	0	0	0	0	0	0
153627	5747a16c670b3a70475e87a089018e541eb9380446e11a7bd81d8e82f3ac0190	2011-11-17 04:00:26	438	1752	1	0	0	0	2	2	1099000000	27.0354	1099000000	27.0354	0	0	0	0	0	0	0
153627	8b4dc79c506cfc7f87eb58dd9f59b31c9d61ef8829c464539ff78bbcbaf2a9a8	2011-11-17 04:00:26	440	1760	1	0	0	0	2	2	4245000000	104.427	4244950000	104.4258	50000	0.0012	113636	0.0028	28409.1	0.0007	0
153627	cc4a311c6add39b3a0ba6f0e695652a371bdf3cf5d37d2cc8678d56e9c17ce72	2011-11-17 04:00:26	257	1028	1	0	0	0	1	2	2732710000	67.2247	2732710000	67.2247	0	0	0	0	0	0	0
153627	417a73326822b7e59227621f311d3fb0c6eac558fab5d3336d7275227daec54c	2011-11-17 04:00:26	259	1036	1	0	0	0	1	2	2616828224	64.374	2616828224	64.374	0	0	0	0	0	0	0
153627	a468d86541633bd53392c4e51bb4069455ef58b12932bad3adf66158213a6e80	2011-11-17 04:00:26	258	1032	1	0	0	0	1	2	610450656	15.0171	610450656	15.0171	0	0	0	0	0	0	0
153627	7abe9ddb1066b3233902cd24d76621c5baf9547b6387810dbd3573d1b0ffbb19	2011-11-17 04:00:26	439	1756	1	0	0	0	2	2	3897119326	95.8691	3897119326	95.8691	0	0	0	0	0	0	0
153627	31577ad757271eedceed8a310c9c10224ba42d19b14e0aaed513c88b1815f6a2	2011-11-17 04:00:26	799	3196	1	0	0	0	4	2	5501067180	135.3262	5501067180	135.3262	0	0	0	0	0	0	0
153627	e0827d026f6cb065dd342b0463d1185e120f383447b37eb46d7e407ea0798beb	2011-11-17 04:00:26	617	2468	1	0	0	0	3	2	3421440638	84.1674	3421440638	84.1674	0	0	0	0	0	0	0
153627	234588e410f93fdc4b7c6975158f62decc4aa7f0ffdc0db5b9faa64b1eedfd60	2011-11-17 04:00:26	257	1028	1	0	0	0	1	2	4695090020	115.4992	4695040020	115.498	50000	0.0012	194553	0.0048	48638.1	0.0012	0
153627	c9de17b7d184894ea22b6f6f3fd28fbb44aad6851f4a61942d81627a7c20eb15	2011-11-17 04:00:26	258	1032	1	0	0	0	1	2	4563773579	112.2688	4563723579	112.2676	50000	0.0012	193798	0.0048	48449.6	0.0012	0
153627	c13158b55625170cb835aca3f7e23f33305f2720e6778e4d56098f3e961e4f60	2011-11-17 04:00:26	223	892	1	0	0	0	1	1	5675000000	139.605	5674000000	139.5804	1000000	0.0246	4484300	0.1103	1121080	0.0276	0
153627	f6e91aaa8f1f4df9e4919e769930cd709de1bee6c0de1311540c672611c85eed	2011-11-17 04:00:26	978	3912	1	0	0	0	5	2	2999816754	73.7955	2999766754	73.7943	50000	0.0012	51124.7	0.0013	12781.2	0.0003	0
153627	dd0caefe8838e672d6c6d9b4e3fe24b7fcc1c9c51d6397a2b40dbb4acfae9245	2011-11-17 04:00:26	258	1032	1	0	0	0	1	2	4972973509	122.3352	4972923509	122.3339	50000	0.0012	193798	0.0048	48449.6	0.0012	0
153627	05a5e845c9ca0649d1f261309c70b6a7d85e1c2b2b5f447771c6bd6a50bf1613	2011-11-17 04:00:26	618	2472	1	0	0	0	3	2	4528000000	111.3888	4527000000	111.3642	1000000	0.0246	1618120	0.0398	404531	0.01	0.30508194444444
153627	f17f5a1d8f52269f139d911ff829c933569ca8ecf5c3a99f3f1b0c4fe4cf81ad	2011-11-17 04:00:26	258	1032	1	0	0	0	1	2	2601770537	64.0036	2601770537	64.0036	0	0	0	0	0	0	0
153627	42f023c58e663916d0e960e9383c0afa7fc02adae8c837a73ea3d8ac9d42b874	2011-11-17 04:00:26	258	1032	1	0	0	0	1	2	904890000	22.2603	904890000	22.2603	0	0	0	0	0	0	0
153627	21504157c57606172aa0e905c2a4171ae75147f10335da72a1fa4842ce35c5a2	2011-11-17 04:00:26	257	1028	1	0	0	0	1	2	595000000	14.637	595000000	14.637	0	0	0	0	0	0	0
153628	7198de6b12c990a0c2f672176656d332984ee51c08432f5b52cc26bc6b6148e7	2011-11-17 04:05:32	134	536	1	0	1	0	1	1	0	0	5002223348	123.0547	0	0	0	0	0	0	0
153628	e1bb5badbc4aaf107284db554340dd2f22c709e10b512b0002d833574c5c1b25	2011-11-17 04:05:32	326	1304	1	0	0	0	1	4	5001350000	123.0332	5001350000	123.0332	0	0	0	0	0	0	165.63556601273
153628	a3f0b0dba2cafce8e88a9a590d475d95103212aa39597a1c99cfd4f13d6421fd	2011-11-17 04:05:32	978	3912	1	0	0	0	5	2	2648327107	65.1488	2648327107	65.1488	0	0	0	0	0	0	29.180751470508
153628	8cbeae60e31e0a15e60574d0d4ce5158b13ef5d41d24ecee0a7f258cac5b9ad2	2011-11-17 04:05:32	258	1032	1	0	0	0	1	2	10000000000	246	10000000000	246	0	0	0	0	0	0	0
153628	c0f6809be9166d65a12d38684b46393e2dce6acec92ddb1f9aee858b99c62704	2011-11-17 04:05:32	438	1752	1	0	0	0	2	2	310900000	7.6481	310900000	7.6481	0	0	0	0	0	0	0
153628	8ea4d371c9dc9260ada368dfc554788885396aac9489d52c7012561224a0b95c	2011-11-17 04:05:32	258	1032	1	0	0	0	1	2	3552719177	87.3969	3552669177	87.3957	50000	0.0012	193798	0.0048	48449.6	0.0012	0
153628	eedb6ce0055591c77713c1f6e3e1323988156809af8047f8863b58b8f3b5c7ce	2011-11-17 04:05:32	259	1036	1	0	0	0	1	2	1500264583	36.9065	1500264583	36.9065	0	0	0	0	0	0	0
153628	6d7f67ceffc178fddcb680d60e53e576c9baa9b6ae2e16fe8b2a81ab3920b162	2011-11-17 04:05:32	257	1028	1	0	0	0	1	2	196294573	4.8288	196294573	4.8288	0	0	0	0	0	0	0
153628	8e14d04f6d735c576125a9a5ca430f978860d123b0988639ccfe5b9a44a459dd	2011-11-17 04:05:32	258	1032	1	0	0	0	1	2	380000000	9.348	380000000	9.348	0	0	0	0	0	0	0
153628	2dc23a31589f7675b737da31bcb5f63cb9122960e72f428390cba68672bc237c	2011-11-17 04:05:32	799	3196	1	0	0	0	4	2	529950000	13.0368	529900000	13.0355	50000	0.0012	62578.2	0.0015	15644.6	0.0004	0
153628	dd17b1227a290353b1a2cc1d3048d46ee03b1334c68d3d92a75e3479a38a5123	2011-11-17 04:05:32	258	1032	1	0	0	0	1	2	2179832286	53.6239	2179832286	53.6239	0	0	0	0	0	0	0
153628	7a42faee72f962d7c826e1345f0254495d9f4a43786f322f7839972c5ed9fc43	2011-11-17 04:05:32	257	1028	1	0	0	0	1	2	2020732450	49.71	2020732450	49.71	0	0	0	0	0	0	0
153628	94c322e4494f612bf5bf8e37704ecb384523e0aaba85b0b23be58dd00633001c	2011-11-17 04:05:32	258	1032	1	0	0	0	1	2	3134005457	77.0965	3134005457	77.0965	0	0	0	0	0	0	0
153628	7b706d0ecd6f640553c37f127e2de1893076150574a7b122027caabe23bce912	2011-11-17 04:05:32	257	1028	1	0	0	0	1	2	3108059678	76.4583	3108059678	76.4583	0	0	0	0	0	0	0
153628	c2841473a924956668e4b65f37119d859f8556796ac0f751a99a8415dc298684	2011-11-17 04:05:32	258	1032	1	0	0	0	1	2	2530710000	62.2555	2530710000	62.2555	0	0	0	0	0	0	0
153628	ba0edc58be10db9c73d60b2bd859469179544fb8213bd95d7dac66d137902eb0	2011-11-17 04:05:32	495	1980	1	0	0	0	1	9	2376536783	58.4628	2376486783	58.4616	50000	0.0012	101010	0.0025	25252.5	0.0006	0
153628	9e0a2302d9e3e8f2fa227ccb65ebcb5c9ac00a6ab47d91ac6da9fd5b2b5b9fa0	2011-11-17 04:05:32	438	1752	1	0	0	0	2	2	77633598	1.9098	77633598	1.9098	0	0	0	0	0	0	0
153628	fc6215e66cf3407011329340719544db9392590a6550588a5cbc8fa58389cbf3	2011-11-17 04:05:32	258	1032	1	0	0	0	1	2	154000000	3.7884	154000000	3.7884	0	0	0	0	0	0	0
153628	50762adbaf3b24769376074ed7a70602e1a13bc36d05ad851af9890746b59d4a	2011-11-17 04:05:32	440	1760	1	0	0	0	2	2	1010082677	24.848	1010032677	24.8468	50000	0.0012	113636	0.0028	28409.1	0.0007	0
153628	84f1d2f87e9446169562c074f12fdf16ff83ac2cf4fbc87cc62108888373fe3b	2011-11-17 04:05:32	257	1028	1	0	0	0	1	2	2100770537	51.679	2100770537	51.679	0	0	0	0	0	0	0
153628	39878c286763f865cbd95ab4eee729cdcad0e9aaa4d67a2ae255732134228bd5	2011-11-17 04:05:32	439	1756	1	0	0	0	2	2	11628009	0.286	10728009	0.2639	900000	0.0221	2050110.1	0.0504	512528	0.0126	0.21882576463021
153628	c1f1d4fd196aec3fe8a97999892c9157fc36629dcd701f39766d72267a9d23ad	2011-11-17 04:05:32	438	1752	1	0	0	0	2	2	100313400	2.4677	100263400	2.4665	50000	0.0012	114155	0.0028	28538.8	0.0007	0
153628	7f8bd1dcf750343c9dda540ff181d5f61f380adc856ffe21f4899eb5bb2abdfe	2011-11-17 04:05:32	258	1032	1	0	0	0	1	2	1610828224	39.6264	1610828224	39.6264	0	0	0	0	0	0	0
153628	f8176adc8120c36ec15d47efe8d1d139125b95d9d623ef5e8f60edfb5762853d	2011-11-17 04:05:32	258	1032	1	0	0	0	1	2	12875859	0.3167	12825859	0.3155	50000	0.0012	193798	0.0048	48449.6	0.0012	0
153628	84d7a04a149bfcf1a3a316dfdbb50a1de8f5401f36ba7316c6a6396a28d94aab	2011-11-17 04:05:32	1340	5360	1	0	0	0	7	2	849710000	20.9029	849710000	20.9029	0	0	0	0	0	0	0
153628	d1932e59cc46e81a0af5cdfc5477fa5954acab3183ef2a7dd33ae3cfdb3102b0	2011-11-17 04:05:32	439	1756	1	0	0	0	2	2	149439294	3.6762	149439294	3.6762	0	0	0	0	0	0	0
153628	e3ffddc31f9349d4bbf16f3c637f6a48d869a9c9dd8265d291765ae6e57f0ae1	2011-11-17 04:05:32	259	1036	1	0	0	0	1	2	102000000	2.5092	102000000	2.5092	0	0	0	0	0	0	0
153628	51eec31152a22f8e7412499949f864526a61bd73fc029c0c0e5d0cfc807b9565	2011-11-17 04:05:32	258	1032	1	0	0	0	1	2	82000000	2.0172	82000000	2.0172	0	0	0	0	0	0	0
153628	06611a47009d022fb905dba97189980022000bbdc5ebb97fcceb36acc61d4467	2011-11-17 04:05:32	618	2472	1	0	0	0	3	2	116951018	2.877	116951018	2.877	0	0	0	0	0	0	0
153628	61c370eb691a202f2b5a53a930a96c3cf1d586a3ed1ff5f3110dea4f2eecfc85	2011-11-17 04:05:32	404	1616	1	0	0	0	2	1	28000000	0.6888	28000000	0.6888	0	0	0	0	0	0	0.1146625
153628	4c7a42cf3aa22a88e0b0592ec0b1984ee40101a5e154acba2bd504b1e2232286	2011-11-17 04:05:32	797	3188	1	0	0	0	4	2	147753310	3.6347	147703310	3.6335	50000	0.0012	62735.3	0.0015	15683.8	0.0004	0
153628	43301f9b7fb060e3dc6b386d7a7bdfbd198784bafaf9559e7096810ce97b40b3	2011-11-17 04:05:32	257	1028	1	0	0	0	1	2	110199265	2.7109	110149265	2.7097	50000	0.0012	194553	0.0048	48638.1	0.0012	0
153628	83d05093c632d7ebac419c31af26667ebeac64327dc82647de42b7fa8e9cb645	2011-11-17 04:05:32	2237	8948	1	0	0	0	12	2	901070137	22.1663	901070137	22.1663	0	0	0	0	0	0	0
153628	c2848154a268a3c4d70b034d6791ea0619aed5f0b7f5e333dfebb27aafdc65dd	2011-11-17 04:05:32	258	1032	1	0	0	0	1	2	234428520	5.7669	234378520	5.7657	50000	0.0012	193798	0.0048	48449.6	0.0012	0
153628	6124e8f40978f4da17e69e1cfd0478bdc3c223a1a58f152feefadf753482376b	2011-11-17 04:05:32	1519	6076	1	0	0	0	8	2	319135214	7.8507	319035214	7.8483	100000	0.0025	65832.8	0.0016	16458.2	0.0004	0
153628	8da7ca9692b9419aa78b4947c400d4e3e52a9ada8b88b1e97773e426d9f2680a	2011-11-17 04:05:32	584	2336	1	0	0	0	3	1	795450000	19.5681	795400000	19.5668	50000	0.0012	85616.4	0.0021	21404.1	0.0005	0.010287743634259
153628	c29a105ba962e6bc8fc0ac6a7dc5a78d5fd51dbba51e0b0d0ba68c7e2ca47739	2011-11-17 04:05:32	259	1036	1	0	0	0	1	2	89400000	2.1992	89400000	2.1992	0	0	0	0	0	0	0
153628	5d5871f0ecda41440d9573bcd79b891f069dfbe3a1634050a5189913337428e4	2011-11-17 04:05:32	259	1036	1	0	0	0	1	2	25888800	0.6369	25878800	0.6366	10000	0.0002	38610	0.0009	9652.51	0.0002	0
153628	e467bbefc87caf308d426025b577b9c0daf2d0fd27d68a59966a374e43dbd4d8	2011-11-17 04:05:32	799	3196	1	0	0	0	4	2	28055012	0.6902	28005012	0.6889	50000	0.0012	62578.2	0.0015	15644.6	0.0004	0
153628	4a877ee89e8ee88d4fd9410e89907bf67adcac5d798dc461f0e03695897eceba	2011-11-17 04:05:32	257	1028	1	0	0	0	1	2	13031136	0.3206	12981136	0.3193	50000	0.0012	194553	0.0048	48638.1	0.0012	0
153628	bd1be217e30b8627f88cd40082c2560254d52bf279a4b68d7a82856216cc2810	2011-11-17 04:05:32	2416	9664	1	0	0	0	13	2	54000000	1.3284	54000000	1.3284	0	0	0	0	0	0	0
153628	29f6c9fedc6708a7858d1ca409a965cc36820cb02fb9e32f51d6f01710584650	2011-11-17 04:05:32	440	1760	1	0	0	0	2	2	14635979	0.36	14585979	0.3588	50000	0.0012	113636	0.0028	28409.1	0.0007	0
153628	40462d2b8001daf6123e812699ab95b34aec99c458d2b4ca9b875db3ccf1d684	2011-11-17 04:05:32	259	1036	1	0	0	0	1	2	18200000	0.4477	18200000	0.4477	0	0	0	0	0	0	0
153628	7fff06cb6b8c20b98c84c48d95d550ae2bd3112f7c87d7d2d17eaa83803bd684	2011-11-17 04:05:32	766	3064	1	0	0	0	4	1	24077949	0.5923	24077949	0.5923	0	0	0	0	0	0	0
153628	0829d756875d76ad4d26a58e3c112cf8eb8636d7d52033fbe430b33b155e08c8	2011-11-17 04:05:32	620	2480	1	0	0	0	3	2	4870529	0.1198	4820529	0.1186	50000	0.0012	80645.2	0.002	20161.3	0.0005	0
153628	7309bce78e9ddd8465ff08ead0f16a2bca2f24a887ff69a4788ebd2059647b50	2011-11-17 04:05:32	947	3788	1	0	0	0	5	1	7202066	0.1772	7202066	0.1772	0	0	0	0	0	0	0
153628	ab8ab589ee3f137cf3502704999f763161fd7bd0bb6ed89572bf8d27dd960cfe	2011-11-17 04:05:32	223	892	1	0	0	0	1	1	1513348	0.0372	1000000	0.0246	513348	0.0126	2302010	0.0566	575502	0.0142	0
153628	0ed1639686f9aecc724fc183a1154e01310dde8f51e3f7c18a78259f37dd266f	2011-11-17 04:05:32	225	900	1	0	0	0	1	1	1000000	0.0246	1000000	0.0246	0	0	0	0	0	0	0
153628	118f041d60bd2a476d9b76887f512ca6b7b7a18de423d1353fdf908324505232	2011-11-17 04:05:32	259	1036	1	0	0	0	1	2	852264583	20.9657	852264583	20.9657	0	0	0	0	0	0	0
153628	95361e9cde703b08080e14af3f60ee0728daa50228c757e5958d0fef88454229	2011-11-17 04:05:32	258	1032	1	0	0	0	1	2	1879832286	46.2439	1879832286	46.2439	0	0	0	0	0	0	0
153628	39609d74060361829517828dfccc92604195fe867162a5eedef51171436e35fc	2011-11-17 04:05:32	259	1036	1	0	0	0	1	2	2010732450	49.464	2010732450	49.464	0	0	0	0	0	0	0
153628	e86107da2432b124b82c48386e6c241c657bc874c6283756a7da46f1716d165a	2011-11-17 04:05:32	258	1032	1	0	0	0	1	2	1902059678	46.7907	1902059678	46.7907	0	0	0	0	0	0	0
153628	bbe0aeb69cf2059e2526750224006c282ac202f01b8bb27de4e2293d34fb56fe	2011-11-17 04:05:32	259	1036	1	0	0	0	1	2	1537710000	37.8277	1537710000	37.8277	0	0	0	0	0	0	0
153628	56dd7d36a8758051103b1a436a27ed884adf084c02812e49a8660a831f626be8	2011-11-17 04:05:32	258	1032	1	0	0	0	1	2	1998770537	49.1698	1998770537	49.1698	0	0	0	0	0	0	0
153628	11707326de829de92e9ce07ab9e282973f7345aa308a90dfa7d33d30529c84ff	2011-11-17 04:05:32	258	1032	1	0	0	0	1	2	1506828224	37.068	1506828224	37.068	0	0	0	0	0	0	0
153628	0ca1e5e2276f155af3eccd80991a11fa45b1b42696573d0c2fc4f276330a3eec	2011-11-17 04:05:32	258	1032	1	0	0	0	1	2	5200000	0.1279	5200000	0.1279	0	0	0	0	0	0	0
153628	d3110d6e6e2e6f6e6f9efe012a6ce1dc980f35b38700435daaf162132e7ae1b0	2011-11-17 04:05:32	257	1028	1	0	0	0	1	2	802264583	19.7357	802264583	19.7357	0	0	0	0	0	0	0
153628	3a46acbf824ed2d7752089fd897b717eaef7daa89d9220c1969ae3d6660d3daf	2011-11-17 04:05:32	258	1032	1	0	0	0	1	2	1369832286	33.6979	1369832286	33.6979	0	0	0	0	0	0	0
153628	7801f9ff2fd094552077279cbaf277bb816903a774fd63cf9210d9ff289246b2	2011-11-17 04:05:32	257	1028	1	0	0	0	1	2	1501710000	36.9421	1501710000	36.9421	0	0	0	0	0	0	0
153628	f784dbe4e1deb8743b52a61cf30107a1b73cb9f711a5d5b0abba21304415e66f	2011-11-17 04:05:32	259	1036	1	0	0	0	1	2	1773770537	43.6348	1773770537	43.6348	0	0	0	0	0	0	0
153628	b7cc91ff09245a9d78215813f948c4f593a7578f39c32a8e350b5d599579a00e	2011-11-17 04:05:32	259	1036	1	0	0	0	1	2	1406828224	34.608	1406828224	34.608	0	0	0	0	0	0	0
153628	c284d43d1349b2a1169e90c2323a5ff7ecb95da187b9ffdd20805ba6398eddc8	2011-11-17 04:05:32	259	1036	1	0	0	0	1	2	276264583	6.7961	276264583	6.7961	0	0	0	0	0	0	0
153628	03666633f065309176c4a3a7677cac381b588f16ccd2080bf43323ff403d1fc6	2011-11-17 04:05:32	258	1032	1	0	0	0	1	2	869832286	21.3979	869832286	21.3979	0	0	0	0	0	0	0
153628	4c5df50d353d641097c2ba824bde648466cc7939a5a83fe6f75a106b55145aa3	2011-11-17 04:05:32	257	1028	1	0	0	0	1	2	1419710000	34.9249	1419710000	34.9249	0	0	0	0	0	0	0
153628	3f94080cf51506887416a9f3d5d11c45100367e55e2a9cd1a083e7c5e3766ee1	2011-11-17 04:05:32	258	1032	1	0	0	0	1	2	1768770537	43.5118	1768770537	43.5118	0	0	0	0	0	0	0
153628	d107d61c5405fc5054b6bb36b5e3789ddc6506b4ef7a341a34f01a29651ab328	2011-11-17 04:05:32	259	1036	1	0	0	0	1	2	1203828224	29.6142	1203828224	29.6142	0	0	0	0	0	0	0
153628	513e7955f641e29be86fe7f7caaca05dde507f33625250ae3a55f0cdb2f47874	2011-11-17 04:05:32	259	1036	1	0	0	0	1	2	76264583	1.8761	76264583	1.8761	0	0	0	0	0	0	0
153628	a1e81c1740532274d2b928fda4cf46ad87af9e106ee2f252100a22e6622d9458	2011-11-17 04:05:32	257	1028	1	0	0	0	1	2	836832286	20.5861	836832286	20.5861	0	0	0	0	0	0	0
153628	73e8b066737ab4afb8b83c2171ff74317ddad7d323f15eaf7c4529a4b73a3486	2011-11-17 04:05:32	258	1032	1	0	0	0	1	2	1349710000	33.2029	1349710000	33.2029	0	0	0	0	0	0	0
153628	f4fe2c22cf000d253ce26fb6e6b24f9d44cc9cd170a12a6ffbf577702a5149c5	2011-11-17 04:05:32	257	1028	1	0	0	0	1	2	643770537	15.8368	643770537	15.8368	0	0	0	0	0	0	0
153628	b2815da395c132fba40228094e3374f24fdeaa880554370e0a0b4675c62810a8	2011-11-17 04:05:32	258	1032	1	0	0	0	1	2	702828224	17.2896	702828224	17.2896	0	0	0	0	0	0	0
153628	4380d774942d251d751b2dfd3cf1588c58644340583fc09cdf5a96f4af4cc485	2011-11-17 04:05:32	258	1032	1	0	0	0	1	2	34264583	0.8429	34264583	0.8429	0	0	0	0	0	0	0
153628	ad30cc76acce7553590d986b0609424e5eb811e7f72bfeca105cb26f2b5b423a	2011-11-17 04:05:32	258	1032	1	0	0	0	1	2	320832286	7.8925	320832286	7.8925	0	0	0	0	0	0	0
153628	619c0bc7404b6d8c04f508ba156b7a3e49a5c24bb1f9be27e03b9a0380306002	2011-11-17 04:05:32	258	1032	1	0	0	0	1	2	1327710000	32.6617	1327710000	32.6617	0	0	0	0	0	0	0
153628	c6c8f5cba61b7074bd1da221fb6b42ff5f94afcf4886ab2f569924ca83b8b2b4	2011-11-17 04:05:32	257	1028	1	0	0	0	1	2	619770537	15.2464	619770537	15.2464	0	0	0	0	0	0	0
153628	c5048ceefde450f05aa99cb10e43f1c3e09ce729be28771a539df15b545ecba7	2011-11-17 04:05:32	258	1032	1	0	0	0	1	2	600828224	14.7804	600828224	14.7804	0	0	0	0	0	0	0
153628	2ae7fbb6cef7d124833445f4cbad4d80483294eb139e27f838f906de1d067de5	2011-11-17 04:05:32	257	1028	1	0	0	0	1	2	23264583	0.5723	23264583	0.5723	0	0	0	0	0	0	0
153628	5ddba169a97e95cb0402bc2d2ee3ff96ef6b174957ad6203706fb10222568806	2011-11-17 04:05:32	437	1748	1	0	0	0	2	2	1274564736	31.3543	1274564736	31.3543	0	0	0	0	0	0	0
153628	49294153b2bfdbd65ab97ce39028660964a5363f72e675fde0e4cd920dc3f1f6	2011-11-17 04:05:32	259	1036	1	0	0	0	1	2	1278710000	31.4563	1278710000	31.4563	0	0	0	0	0	0	0
153628	ae4a9a74d3e567e3adbe57773d8be7fa985330addeaa644e2f4c5e3031aee238	2011-11-17 04:05:32	258	1032	1	0	0	0	1	2	503770537	12.3928	503770537	12.3928	0	0	0	0	0	0	0
153628	9a3d470f8efb7d33d581a6256fc4e221756dcce2d3d789a8e29f9b898395c461	2011-11-17 04:05:32	258	1032	1	0	0	0	1	2	528828224	13.0092	528828224	13.0092	0	0	0	0	0	0	0
153628	470ea634ff593b7716eed20d4e48a59ee835269b56692fd5f3dfc93f46b6469c	2011-11-17 04:05:32	259	1036	1	0	0	0	1	2	218564736	5.3767	218564736	5.3767	0	0	0	0	0	0	0
153628	fb2d6a4b92580dea052856a7676d6f2b26a1e01bde7e0db22331432759e9fc61	2011-11-17 04:05:32	259	1036	1	0	0	0	1	2	1262710000	31.0627	1262710000	31.0627	0	0	0	0	0	0	0
153628	b8a049c2d36e2dce1e8ce683bba58bd61ba849bfb2c1a58b7bbb7963e9bfdc3d	2011-11-17 04:05:32	258	1032	1	0	0	0	1	2	498770537	12.2698	498770537	12.2698	0	0	0	0	0	0	0
153628	e9e511a7bace3be52162728a85c46e8fd0f7288a3abb6d40ea38ae5f612cd2fb	2011-11-17 04:05:32	619	2476	1	0	0	0	3	2	14292807	0.3516	14292807	0.3516	0	0	0	0	0	0	0
153628	14ae580106eccc4d030ec80bd4e73ee9cb756dbccebd998af21f1373052da606	2011-11-17 04:05:32	258	1032	1	0	0	0	1	2	1172710000	28.8487	1172710000	28.8487	0	0	0	0	0	0	0
153628	e7a5c399fbfd5d81f6a00e0601a4350131ddbad9f6c45d57e98536425b59d23d	2011-11-17 04:05:32	258	1032	1	0	0	0	1	2	377770537	9.2932	377770537	9.2932	0	0	0	0	0	0	0
153628	c74223e6a0fcb0b1d9d2901358b977166f431ff10e2266a6b2baff5d63143903	2011-11-17 04:05:32	438	1752	1	0	0	0	2	2	134485746	3.3083	134485746	3.3083	0	0	0	0	0	0	0
153628	1547bc85c213b066643a63a180cfe7436f163f6e80ec970ce50d4dd766189a30	2011-11-17 04:05:32	258	1032	1	0	0	0	1	2	871710000	21.4441	871710000	21.4441	0	0	0	0	0	0	0
153628	ec3d35c398e7af27ae1439b7a34137441b5b407542a0dbfb7dd85b47190db731	2011-11-17 04:05:32	259	1036	1	0	0	0	1	2	146770537	3.6106	146770537	3.6106	0	0	0	0	0	0	0
153628	35b566fd83d639c8e985cf63370b88f10aac5bc6191289c33b9dffe18b0b63f3	2011-11-17 04:05:32	257	1028	1	0	0	0	1	2	4485746	0.1103	4485746	0.1103	0	0	0	0	0	0	0
153628	3db89e404132150cb2a9ee156024aebe5d5158701023f7e70e041a00bbfaa352	2011-11-17 04:05:32	258	1032	1	0	0	0	1	2	857710000	21.0997	857710000	21.0997	0	0	0	0	0	0	0
153628	70d4e382fc940ca6f12aeea39f0eff43477d6eb34129ea5746563b0a435eb5d4	2011-11-17 04:05:32	259	1036	1	0	0	0	1	2	42770537	1.0522	42770537	1.0522	0	0	0	0	0	0	0
153628	0ba66608927ef5104400245392957ebef34d168b48def37634b0a6d89816a517	2011-11-17 04:05:32	259	1036	1	0	0	0	1	2	796710000	19.5991	796710000	19.5991	0	0	0	0	0	0	0
153628	ce6f7c6264d4bb906952e424fed43064c3d90c026e95b00c0bc1a860e7ed3865	2011-11-17 04:05:32	258	1032	1	0	0	0	1	2	35770537	0.88	35770537	0.88	0	0	0	0	0	0	0
153628	a65319aaaacc134a03fc79a51ca23bea80a634949c2d81a9d7bddc95df677a3a	2011-11-17 04:05:32	259	1036	1	0	0	0	1	2	576710000	14.1871	576710000	14.1871	0	0	0	0	0	0	0
153628	499b9889c4276f653eedb5d421f4c93ced7b9c99d18340e50ba4b4c80f341daf	2011-11-17 04:05:32	257	1028	1	0	0	0	1	2	10770537	0.265	10770537	0.265	0	0	0	0	0	0	0
153628	84bd4eccefbb851abaa282f21155df4f5ee16e97692e79c37f661c635fc4b79b	2011-11-17 04:05:32	257	1028	1	0	0	0	1	2	564710000	13.8919	564710000	13.8919	0	0	0	0	0	0	0
153628	a5747d6223fdad16743d747b55ac2bd2270bfab7d1b12e9f1d9efe93f145db1a	2011-11-17 04:05:32	257	1028	1	0	0	0	1	2	3770537	0.0928	3770537	0.0928	0	0	0	0	0	0	0
153628	cd5ecf3468cd1a210f84625bfc01ba27834d2b0562ec2853b1fe39e7fba79d85	2011-11-17 04:05:32	259	1036	1	0	0	0	1	2	211710000	5.2081	211710000	5.2081	0	0	0	0	0	0	0
153628	2a0d1769cc695d6554bdeec9f7a05dc9365fc872d3104fbe1d333983c3504a70	2011-11-17 04:05:32	439	1756	1	0	0	0	2	2	3256283	0.0801	3256283	0.0801	0	0	0	0	0	0	0
153628	7e878cd4953d1745893af0de9240fdedd9b3a401d1d710d89a178235d324fe76	2011-11-17 04:05:32	259	1036	1	0	0	0	1	2	201710000	4.9621	201710000	4.9621	0	0	0	0	0	0	0
153628	0bf9ca2e8911af02fba4346c0dd68cb958dedb5e8b1f4beafdc140ba0c81c3f9	2011-11-17 04:05:32	259	1036	1	0	0	0	1	2	171710000	4.2241	171710000	4.2241	0	0	0	0	0	0	0
153628	d5f9eef65f6a5cdbe6e6a0e3654c682cdfaf9e5b0144ba1e890c8805287a76f0	2011-11-17 04:05:32	258	1032	1	0	0	0	1	2	101710000	2.5021	101710000	2.5021	0	0	0	0	0	0	0
153629	209f2fa7a999cd113203f1bd5037e6d239a98f7b2388ed063b22a9dcb48b4bb1	2011-11-17 04:11:13	135	540	1	0	1	0	1	1	0	0	5001200000	123.0295	0	0	0	0	0	0	0
153629	e2f60031c1fe6228d8120d3a6d916c00dbc0dc671c32b60dc56f9c5a91bcd044	2011-11-17 04:11:13	257	1028	1	0	0	0	1	2	1100000000	27.06	1100000000	27.06	0	0	0	0	0	0	126.27516203704
153629	d7132f091ffb428a43698c9152dcc283d13a1383473e7af0953a3154bb22bb18	2011-11-17 04:11:13	619	2476	1	0	0	0	3	2	1840875214	45.2855	1840875214	45.2855	0	0	0	0	0	0	20.383625
153629	d12dd90980cb26935996c6d4d0afe570cada4c53a462861d255174ea25976942	2011-11-17 04:11:13	259	1036	1	0	0	0	1	2	2628859740	64.67	2627859740	64.6453	1000000	0.0246	3861000	0.095	965251	0.0237	0
153629	baafb8a1f88d4b58c2fde47b6c7e488c679945d10eada3e24ca5f9c6941982c6	2011-11-17 04:11:13	258	1032	1	0	0	0	1	2	2821005457	69.3967	2821005457	69.3967	0	0	0	0	0	0	0
153629	2e7c7a4f535cf625b0f518207ad9096200a8c47b5a5a3fd320036b2daff532dd	2011-11-17 04:11:13	403	1612	1	0	0	0	2	1	795579000	19.5712	795529000	19.57	50000	0.0012	124069	0.0031	31017.4	0.0008	0.0037322950231481
153629	634cb253d3b3a6cc952996d28dd2dc81926721c897dabcac1911cfe4014f6e93	2011-11-17 04:11:13	979	3916	1	0	0	0	5	2	6200000	0.1525	6100000	0.1501	100000	0.0025	102145	0.0025	25536.3	0.0006	0.061622083333333
153629	e4d7902ce2d3d640a3974a22d368d4eb71640fddb67a1b0de751781cd87c9f99	2011-11-17 04:11:13	259	1036	1	0	0	0	1	2	207197881	5.0971	207147881	5.0958	50000	0.0012	193050	0.0047	48262.5	0.0012	0
153629	998e5b106f8e3ee9ad35fcefff428ba4ef0c07bb993f151a34a89270ec6be285	2011-11-17 04:11:13	259	1036	1	0	0	0	1	2	76710000	1.8871	76710000	1.8871	0	0	0	0	0	0	0
153630	2ff4b34e1e5d5400f36778b869071a1fdfd20d6b8f0ae544ec144b32b5eb7326	2011-11-17 04:17:01	135	540	1	0	1	0	1	1	0	0	5000200000	123.0049	0	0	0	0	0	0	0
153630	4f0617fcf42a7a9a84ddcdff865acf09a83c7d99245ad91fdbf0c41c967a8941	2011-11-17 04:17:01	406	1624	1	0	0	0	2	1	616941517	15.1768	616941517	15.1768	0	0	0	0	0	0	78.965727830293
153630	c29c368fe58036bd34493f6dc52e6e33ec45094c03de2180fe168d5626b23ec8	2011-11-17 04:17:01	259	1036	1	0	0	0	1	2	400000000	9.84	400000000	9.84	0	0	0	0	0	0	33.006527777778
153630	564428fe2866398403c71c1a5e92466260b9bc1c0db70d01f37acfb7aec63903	2011-11-17 04:17:01	798	3192	1	0	0	0	4	2	501000000	12.3246	501000000	12.3246	0	0	0	0	0	0	28.239761342593
153630	c596db3254a67c5978a88e9966033ce811fd1fdeda4134c047baae07dff20779	2011-11-17 04:17:01	258	1032	1	0	0	0	1	2	3010463509	74.0574	3010463509	74.0574	0	0	0	0	0	0	0
153630	568e5058820d83c1ca200febc20e5c61fb658b6686e15fc73f2e72a0c51518ff	2011-11-17 04:17:01	256	1024	1	0	0	0	1	2	3392064570	83.4448	3392064570	83.4448	0	0	0	0	0	0	0
153630	d5ffdcd4d3bd5c8f864938a4e6eba9da308d74ff76a254600f7b7e6024b03106	2011-11-17 04:17:01	1340	5360	1	0	0	0	7	2	11950000	0.294	11800000	0.2903	150000	0.0037	111940	0.0028	27985.1	0.0007	0.15434850115741
153630	98604eefb48c05d8edead2b5f4f90e88dd112147d3fbe4327f74f2c167b0b122	2011-11-17 04:17:01	438	1752	1	0	0	0	2	2	16000000	0.3936	16000000	0.3936	0	0	0	0	0	0	0
153630	0812ff1d95aa6321cb50e4b5e155d4b20a8d47e89092044dc5df9017cc7134fa	2011-11-17 04:17:01	798	3192	1	0	0	0	4	2	73087121	1.7979	73037121	1.7967	50000	0.0012	62656.6	0.0015	15664.2	0.0004	0
153631	829a95508284c1ae77dd7f3335c0c0e1fd88b8cf0945e5a1f3b3b61c9dedd3d1	2011-11-17 04:18:29	135	540	1	0	1	0	1	1	0	0	5003198765	123.0787	0	0	0	0	0	0	0
153631	91267bc007ac1f503bd84e676e73b6f7318e8c6492e48633ebe82e2c712b0b55	2011-11-17 04:18:29	2596	10384	1	0	0	0	14	2	130161380637	3201.97	130161380637	3201.97	0	0	0	0	0	0	637.02866759259
153631	4bc7fd7db2ab340b57c571a4cc469b641ca730d37a2d24ff4e24d01ff8515906	2011-11-17 04:18:29	257	1028	1	0	0	0	1	2	955000000	23.493	955000000	23.493	0	0	0	0	0	0	20.999499421296
153631	4d5120f68b68ea426de7b06c06ccfca8f6d20694431d6b8749b214867bf83e06	2011-11-17 04:18:29	437	1748	1	0	0	0	2	2	1767000000	43.4682	1767000000	43.4682	0	0	0	0	0	0	33.681380208333
153631	d504ac7d232bf43b111963c906354b1a80286459293ed2a79a04f54c11d799c5	2011-11-17 04:18:29	977	3908	1	0	0	0	5	2	1501551366	36.9382	1501551366	36.9382	0	0	0	0	0	0	48.332861473613
153631	132a353320ddc79cc708db95731fe242d8638dae4e76170676ced493af2c3420	2011-11-17 04:18:29	798	3192	1	0	0	0	4	2	667950000	16.4316	667900000	16.4303	50000	0.0012	62656.6	0.0015	15664.2	0.0004	9.9203366493056
153631	c0bdbe387a6a829f4576628daca2d42e0ee3e415b8141562d2eebca3a47a31ae	2011-11-17 04:18:29	258	1032	1	0	0	0	1	2	5600000000	137.76	5599000000	137.7354	1000000	0.0246	3875970	0.0953	968992	0.0238	0
153631	ab002c15c689565cc5390fb3909b753f3333f71a0734d429636f5f148d74014f	2011-11-17 04:18:29	798	3192	1	0	0	0	4	2	6090060000	149.8155	6090010000	149.8143	50000	0.0012	62656.6	0.0015	15664.2	0.0004	2.7686923263889
153631	a44616dc7c3b7f08ceba1b6480697d4b5a3117e8dde0e60cb3fe0f9fc4996496	2011-11-17 04:18:29	258	1032	1	0	0	0	1	2	3873650000	95.2918	3873600000	95.2906	50000	0.0012	193798	0.0048	48449.6	0.0012	0
153631	c6cd33316c9d73a55f2d47e601a3467ba5abd6d5f6013b98179855191090311b	2011-11-17 04:18:29	225	900	1	0	0	0	1	1	619870000	15.2488	618870000	15.2242	1000000	0.0246	4444440	0.1093	1111110	0.0273	0
153631	0f4d5a8bd222830c8b2efa82035bb7fdb85f24c62469cd967493e2d4f5982bdf	2011-11-17 04:18:29	259	1036	1	0	0	0	1	2	13172834	0.3241	12674069	0.3118	498765	0.0123	1925730	0.0474	481433	0.0118	0.24286192980648
153631	571184e748943f44915b6a11ffaf3d615a72570d6bcbca2b4d7466bea2b50567	2011-11-17 04:18:29	223	892	1	0	0	0	1	1	150000	0.0037	100000	0.0025	50000	0.0012	224215	0.0055	56053.8	0.0014	0.013865225694444
153631	1012b6c81ab6e70b69421c389dad65d1fb1788a935a5f77a25b7953c6442374f	2011-11-17 04:18:29	617	2468	1	0	0	0	3	2	59100000	1.4539	59050000	1.4526	50000	0.0012	81037.3	0.002	20259.3	0.0005	0.0040743634259259
153631	7e7c3df7c3b1c41fe5aeaf59fad93071547c171494fbe66b81ae2707d728abdd	2011-11-17 04:18:29	619	2476	1	0	0	0	3	2	1500000	0.0369	1450000	0.0357	50000	0.0012	80775.4	0.002	20193.9	0.0005	0.0054580439814815
153631	512fbec219cbac1923960ff8efc1cd7fcb9f1e8571a92ed355ee6ddc4296fa4b	2011-11-17 04:18:29	439	1756	1	0	0	0	2	2	2093653	0.0515	2043653	0.0503	50000	0.0012	113895	0.0028	28473.8	0.0007	0
153631	08406a4343c26c2b110cf7c9a9eaeef2eb2b3c5e2e1243f13f2135b7ea6f9a7f	2011-11-17 04:18:29	326	1304	1	0	0	0	1	4	3873100000	95.2783	3873050000	95.277	50000	0.0012	153374	0.0038	38343.6	0.0009	0
153631	0c75e6cfe69f30bd906a6b82af3ff556ca387094fdcd1de469af7a2bac478a5d	2011-11-17 04:18:29	258	1032	1	0	0	0	1	2	3871550000	95.2401	3871500000	95.2389	50000	0.0012	193798	0.0048	48449.6	0.0012	0
153631	7e13cc9bacd00352f8ff7efba854a6f94bd5e7bd95501e7c31de2d6701b7e248	2011-11-17 04:18:29	257	1028	1	0	0	0	1	2	3871000000	95.2266	3870950000	95.2254	50000	0.0012	194553	0.0048	48638.1	0.0012	0
153631	461b79a50993f6f3e9eba60a554728030a57f5e97bb449750a73b5365ecbd37b	2011-11-17 04:18:29	257	1028	1	0	0	0	1	2	3870450000	95.2131	3870400000	95.2118	50000	0.0012	194553	0.0048	48638.1	0.0012	0
153631	0c10dd1ee5ba8663eea2a38f4498e1e16071006287cd10e75c60e2fe58e8c157	2011-11-17 04:18:29	257	1028	1	0	0	0	1	2	3869900000	95.1995	3869850000	95.1983	50000	0.0012	194553	0.0048	48638.1	0.0012	0
153631	04fce85ff5deae25ae2e36f57ab9c080614f8f4415365c6519df0277bd57f7db	2011-11-17 04:18:29	258	1032	1	0	0	0	1	2	3869350000	95.186	3869300000	95.1848	50000	0.0012	193798	0.0048	48449.6	0.0012	0
153631	f68b67470607971bc5734c4f27687f28eaa98b812870672ced1a5b791f264127	2011-11-17 04:18:29	259	1036	1	0	0	0	1	2	3868800000	95.1725	3868750000	95.1712	50000	0.0012	193050	0.0047	48262.5	0.0012	0
153632	4b4f7f66e658dc6a37ce143c8d3760fdc59bda30a17852069647b783fe9250c9	2011-11-17 04:25:25	134	536	1	0	1	0	1	1	0	0	5000123336	123.003	0	0	0	0	0	0	0
153632	49a0b3ae79a9c06ebcf81410299625e5812ee323b76b75c0ce659df07227fa3f	2011-11-17 04:25:25	9429	37716	1	0	0	0	52	2	590001000000	14514.0244	590001000000	14514.0244	0	0	0	0	0	0	8126.4028267361
153632	7f9c57e269608ff75c52740092694b075f0b8a87e9c096da4c2b9277a35ecd7a	2011-11-17 04:25:25	765	3060	1	0	0	0	4	1	2024000000	49.7904	2024000000	49.7904	0	0	0	0	0	0	167.61272708333
153632	400c8d7c686b01be2d388764ec701a9c578a33fb290cb132caaf80cb06cb5828	2011-11-17 04:25:25	800	3200	1	0	0	0	4	2	10456157500	257.2215	10456157500	257.2215	0	0	0	0	0	0	0
153632	9d6771244bf6401f90ff0ebf4d7b3b56e7af9cc86915f1b4e5b2eed67876ee21	2011-11-17 04:25:25	798	3192	1	0	0	0	4	2	1531471282	37.6742	1531471282	37.6742	0	0	0	0	0	0	5.9897269464729
153632	bb0f72c8f7a603c2cb55ed39a4cb69d7c86e993322c5420b0f9ac5916f89ac61	2011-11-17 04:25:25	584	2336	1	0	0	0	3	1	314073336	7.7262	314000000	7.7244	73336	0.0018	125575	0.0031	31393.8	0.0008	4.0276652705938
153632	c213ce24b52d9cfb571744547401d206e6181ad82bbd85668a863cc124ad2beb	2011-11-17 04:25:25	438	1752	1	0	0	0	2	2	3871181400	95.2311	3871181400	95.2311	0	0	0	0	0	0	0
153632	3b60337cd64599edac0a06ede6d1d3b9eb7f17629ae232b0f51e282e75558b94	2011-11-17 04:25:25	438	1752	1	0	0	0	2	2	3261253012	80.2268	3261253012	80.2268	0	0	0	0	0	0	0
153632	6149f1e2ad3c0ba3f24e5835973e7001522119f05cea3008e44843c6dc27907b	2011-11-17 04:25:25	258	1032	1	0	0	0	1	2	145583707	3.5814	145583707	3.5814	0	0	0	0	0	0	0
153632	a768edd9488dffb51b723173228cd5c0a3c6e1a766e0dc2d2502234570560102	2011-11-17 04:25:25	257	1028	1	0	0	0	1	2	1200000000	29.52	1199950000	29.5188	50000	0.0012	194553	0.0048	48638.1	0.0012	0
153632	3d8482e1fca65d856880fb253a810d9f0c154011f53082330b53253cb5093a5d	2011-11-17 04:25:25	437	1748	1	0	0	0	2	2	1483290000	36.4889	1483290000	36.4889	0	0	0	0	0	0	0
153632	5fae9fcc9637306dcfe8c87729fe1da0055e41facb483d5c800cde69617caabc	2011-11-17 04:25:25	583	2332	1	0	0	0	3	1	64000000	1.5744	64000000	1.5744	0	0	0	0	0	0	0.43487824074074
153632	3e3995b1166945d89e0de9216737eff8a992a9d21a8f91aa622d67b84036c3a9	2011-11-17 04:25:25	1157	4628	1	0	0	0	6	2	1006580000	24.7619	1006580000	24.7619	0	0	0	0	0	0	0
153632	6c1bc2675f21523099f292ef96ce83dc47e77d69ac2c615d36a274eff45ffcba	2011-11-17 04:25:25	257	1028	1	0	0	0	1	2	282059678	6.9387	282059678	6.9387	0	0	0	0	0	0	0
153633	f7a043de4194f29c9392500774ed1eac90cc4c865a475bf86fc15c08e52e7bbb	2011-11-17 04:39:54	134	536	1	0	1	0	1	1	0	0	5000750000	123.0185	0	0	0	0	0	0	0
153633	2510b8caff45a0b4393d9e320145448701e932f088d8998b3c98ac60fac0cc9b	2011-11-17 04:39:54	224	896	1	0	0	0	1	1	200000000	4.92	200000000	4.92	0	0	0	0	0	0	295.42284722222
153633	34a5213f76ae8bd5f5c452acdcc3f8032da8a18b7e1c29523f145f030a4e0260	2011-11-17 04:39:54	224	896	1	0	0	0	1	1	20000000000	492	20000000000	492	0	0	0	0	0	0	0
153633	ff02fdb715368c546f61289b711902d5eaa489037d8543dcda2ba24c7a42865e	2011-11-17 04:39:54	157	628	1	0	0	0	1	1	5002046419	123.0503	5002046419	123.0503	0	0	0	0	0	0	0
153633	8496da79708cc646c1687e9f108a88e28674048c1ddd42729ef5f0b0832da20f	2011-11-17 04:39:54	159	636	1	0	0	0	1	1	5002450000	123.0603	5002450000	123.0603	0	0	0	0	0	0	0
153633	d8c3c33f40e1d6616c7fb0f50eb3dabd306ca6a816496bf6fb52df695312a17e	2011-11-17 04:39:54	192	768	1	0	0	0	1	2	5001461000	123.0359	5001461000	123.0359	0	0	0	0	0	0	0
153633	1377b445a52efac399f92d52a019d47ecd4d8b2d5a31acd96636092fe779f969	2011-11-17 04:39:54	258	1032	1	0	0	0	1	2	4645043288	114.2681	4645043288	114.2681	0	0	0	0	0	0	0
153633	0ec6461057bb348cdb9be394bcd88982940da01204fc0d50feab062d7572e88e	2011-11-17 04:39:54	257	1028	1	0	0	0	1	2	4538371329	111.6439	4538371329	111.6439	0	0	0	0	0	0	0
153633	f0e42ddf59c9f36e7c54c2c23bfc37ab9d2ecb6536c99a2105a361ea47246f45	2011-11-17 04:39:54	258	1032	1	0	0	0	1	2	3289180097	80.9138	3289180097	80.9138	0	0	0	0	0	0	0
153633	a5ffb66a3565c01f5c81430dc888a498145ca47c94b5c69e1335b778bcc19478	2011-11-17 04:39:54	800	3200	1	0	0	0	4	2	120816664307	2972.0901	120816664307	2972.0901	0	0	0	0	0	0	0
153633	4ac138006d7d6f7014dd6b0c43d3b11c72f173bcebbec69bc1bcf2bf5370f934	2011-11-17 04:39:54	257	1028	1	0	0	0	1	2	3061091406	75.3028	3061091406	75.3028	0	0	0	0	0	0	0
153633	3c905f7c7e1f00c121476638f4c899a79ec0a687b81121c3b017a07f34d684c9	2011-11-17 04:39:54	258	1032	1	0	0	0	1	2	14374803120	353.6201	14374803120	353.6201	0	0	0	0	0	0	0
153633	6247df269dc04520cecbd84c937cd280cb306d7a5ab9b9b0030be3870ac321fe	2011-11-17 04:39:54	1517	6068	1	0	0	0	8	2	1001011095	24.6249	1001011095	24.6249	0	0	0	0	0	0	92.635263299462
153633	6983301afd12668e95a79bcb8a219f1d23a104d6555066056e102c780962fa92	2011-11-17 04:39:54	258	1032	1	0	0	0	1	2	4416800000	108.6533	4416800000	108.6533	0	0	0	0	0	0	0
153633	37c24858437ea159e59123df85ad2fb2539657864c6beeda3a6146a8da28036b	2011-11-17 04:39:54	257	1028	1	0	0	0	1	2	3901400000	95.9744	3901400000	95.9744	0	0	0	0	0	0	0
153633	aa6b5b98bfbe308e04ec59b2fe50c04dc93cbb87b42ec89139f46d2c83adda89	2011-11-17 04:39:54	258	1032	1	0	0	0	1	2	1082537840	26.6304	1082537840	26.6304	0	0	0	0	0	0	0
153633	0dbf16ad5fa0928f2020b1677512d250bcdd6ad4fdb7e4ab80b479de4698ebb8	2011-11-17 04:39:54	259	1036	1	0	0	0	1	2	1269000000	31.2174	1269000000	31.2174	0	0	0	0	0	0	0
153633	27b79604bcbdbe9b86b225709cbdaf14e35cb60e4e032825fae83a9e81c4f1fd	2011-11-17 04:39:54	258	1032	1	0	0	0	1	2	2099200000	51.6403	2099200000	51.6403	0	0	0	0	0	0	0
153633	567ffbfaaed16389caf280f5303145cc73a1950ccba3a205bb7a2751effa840b	2011-11-17 04:39:54	259	1036	1	0	0	0	1	2	6077470346	149.5058	6077470346	149.5058	0	0	0	0	0	0	0
153633	1b61b9668ac9808d214f5c7adaa985ba80e705677c496954bd8e9b5428c6c665	2011-11-17 04:39:54	800	3200	1	0	0	0	4	2	11713871154	288.1612	11713871154	288.1612	0	0	0	0	0	0	0
153633	de96df9a1cc69a46da754eb1b0ba3d4f68c6d667dc9b8aaf693c63be64150d23	2011-11-17 04:39:54	223	892	1	0	0	0	1	1	3500000000	86.1	3500000000	86.1	0	0	0	0	0	0	0
153633	cc8f7b39655f5ce3a575e62a9d0340950a83234e875b949138f68b74336086d0	2011-11-17 04:39:54	258	1032	1	0	0	0	1	2	654900000	16.1105	654900000	16.1105	0	0	0	0	0	0	0
153633	7b116afd3b320cbea1b164293989e964f8ac01d42b138013d9adb172d0b6ca2f	2011-11-17 04:39:54	257	1028	1	0	0	0	1	2	3534100000	86.9389	3534100000	86.9389	0	0	0	0	0	0	0
153633	55cab30a381c58b8adb8480c83897a4bf7166d89fb1352b889bbc95c45aba2b0	2011-11-17 04:39:54	257	1028	1	0	0	0	1	2	533550000	13.1253	533550000	13.1253	0	0	0	0	0	0	0
153633	0c97e7fb14a543f7eaff5a99a78a9064ccb70344458ced6b6ca3621b08eabd05	2011-11-17 04:39:54	258	1032	1	0	0	0	1	2	900000000	22.14	900000000	22.14	0	0	0	0	0	0	0
153633	01d859c5e28a679ea921bb21abde3564c8d406cb6565222b029e023618fdf6d0	2011-11-17 04:39:54	977	3908	1	0	0	0	5	2	4528174512	111.3931	4528124512	111.3919	50000	0.0012	51177.1	0.0013	12794.3	0.0003	1.0401851851852
153633	70bd9014832cb35909fefa1553067b0e0e57c7af3e68144beab0aefc88b18523	2011-11-17 04:39:54	259	1036	1	0	0	0	1	2	285000000	7.011	284950000	7.0098	50000	0.0012	193050	0.0047	48262.5	0.0012	0
153633	8be7c4833af0cc64d525ed1ba642bc3d1887adf549e7e94c9992d549597626bd	2011-11-17 04:39:54	258	1032	1	0	0	0	1	2	3868250000	95.159	3868200000	95.1577	50000	0.0012	193798	0.0048	48449.6	0.0012	0
153633	e601c8a88e1e15094bc3158bb005550947ac8a790dfa8925bf8dc3e3d790b2ec	2011-11-17 04:39:54	257	1028	1	0	0	0	1	2	300291199	7.3872	300241199	7.3859	50000	0.0012	194553	0.0048	48638.1	0.0012	0
153633	22fdd1eba514c6fcfbefc9aa205680d9e277e5c78f84df471c80a6e279255bc0	2011-11-17 04:39:54	258	1032	1	0	0	0	1	2	140545527	3.4574	140495527	3.4562	50000	0.0012	193798	0.0048	48449.6	0.0012	0
153633	c03509515105821bcc7f0f9303ced5d71a58789a94c7a97a717e10a93c5a3fa9	2011-11-17 04:39:54	258	1032	1	0	0	0	1	2	473212728	11.641	473162728	11.6398	50000	0.0012	193798	0.0048	48449.6	0.0012	0
153633	7481a7b2d70471a62f03dc4b80bede34c0b2d4ae35118160890311fbbdc73089	2011-11-17 04:39:54	258	1032	1	0	0	0	1	2	2400000000	59.04	2399950000	59.0388	50000	0.0012	193798	0.0048	48449.6	0.0012	0
153633	f7a0afe76fadabfd4ab9d46a06e7990993f7be0229c4549ed9ad038684cfd38d	2011-11-17 04:39:54	258	1032	1	0	0	0	1	2	199500000	4.9077	199450000	4.9065	50000	0.0012	193798	0.0048	48449.6	0.0012	0
153633	92ce3b6efb60502296dfceb47a10d757a44271f682ad482d0c8b71fdcabeebb1	2011-11-17 04:39:54	258	1032	1	0	0	0	1	2	63350000	1.5584	63300000	1.5572	50000	0.0012	193798	0.0048	48449.6	0.0012	0
153633	28a40d5d5388fa7cf30285ed24c0ebe4c0cd8ce7a041403b6f57ec37d1e5d4f2	2011-11-17 04:39:54	617	2468	1	0	0	0	3	2	18434715	0.4535	18384715	0.4523	50000	0.0012	81037.3	0.002	20259.3	0.0005	0
153633	8715ff4b71159bd6b641ee03c34d55a44bbbc40418aa242e3755176be5a702e7	2011-11-17 04:39:54	258	1032	1	0	0	0	1	2	1000000	0.0246	950000	0.0234	50000	0.0012	193798	0.0048	48449.6	0.0012	0
153633	011c28bc00066c8675a638b60ea9595460077d8c8f243cabfd3e69fed889b2b1	2011-11-17 04:39:54	257	1028	1	0	0	0	1	2	886982178	21.8198	886932178	21.8185	50000	0.0012	194553	0.0048	48638.1	0.0012	0
153633	6566fbf80e62dd515d002afac9e987ec5b215e9f765385c8ee4ce6ac7a09e94e	2011-11-17 04:39:54	292	1168	1	0	0	0	1	3	3867700000	95.1454	3867650000	95.1442	50000	0.0012	171233	0.0042	42808.2	0.0011	0
153633	c6d184dd01cd5bfe64638189bb70b33307abbf7d1dcfaca94aae2d32f83747f1	2011-11-17 04:39:54	257	1028	1	0	0	0	1	2	824140494	20.2739	824090494	20.2726	50000	0.0012	194553	0.0048	48638.1	0.0012	0
153633	ff489803f4ff9404408aefd07bb212577d1ed9930b585bd3143df670881c62e1	2011-11-17 04:39:54	259	1036	1	0	0	0	1	2	696061188	17.1231	696011188	17.1219	50000	0.0012	193050	0.0047	48262.5	0.0012	0
153634	8c755ae4e7f1e1c7eff8c2ff2abf4c646554ddd43feca4daea1f278da1257206	2011-11-17 04:53:35	168	672	1	0	1	0	1	1	0	0	5001251010	123.0308	0	0	0	0	0	0	0
153634	c246c27e7bacc667d27ace253abf2bba82aa1e5fcd1d73e1b85863f6b890e1bf	2011-11-17 04:53:35	795	3180	1	0	0	0	4	2	49974398238996	1229370.25	49974398238996	1229370.25	0	0	0	0	0	0	0
153634	47917fee74114c4e723bed227a6642ba2e5cda1101418ad930cfdb19fb5c6b33	2011-11-17 04:53:35	259	1036	1	0	0	0	1	2	3492000000	85.9032	3492000000	85.9032	0	0	0	0	0	0	492.61247916667
153634	4456765c0416a1e0efcfe228962b57346ab4046ab2dc8de4bb10d94a1485d53e	2011-11-17 04:53:35	224	896	1	0	0	0	1	1	4000000000	98.4	4000000000	98.4	0	0	0	0	0	0	291.44166666667
153634	30fcae8830ea9a619bded5b40fdea0c8191ed1574cfa6e66bb938b87394dc312	2011-11-17 04:53:35	258	1032	1	0	0	0	1	2	2175000000	53.505	2175000000	53.505	0	0	0	0	0	0	267.74174479167
153634	8b11f354d1f90332436140663af7f9448ce604d308c4363309b0827b629b2d09	2011-11-17 04:53:35	257	1028	1	0	0	0	1	2	1545479381	38.0188	1545479381	38.0188	0	0	0	0	0	0	220.16158719523
153634	a137d1c4ce840e8aeca275762511b669040fa6578651826eafe598f0ad875189	2011-11-17 04:53:35	258	1032	1	0	0	0	1	2	15484700000	380.9236	15484700000	380.9236	0	0	0	0	0	0	0
153634	9b48100a7fe29418275426bf26f2990e0f73183c716a9e1ff7dd3ab1857c54b8	2011-11-17 04:53:35	257	1028	1	0	0	0	1	2	4685000000	115.251	4685000000	115.251	0	0	0	0	0	0	104.50911921296
153634	ec3abd1d7f1ebe44a46870dce10e2b31d5ee8d40cb80574fd02fd6cd3fb41126	2011-11-17 04:53:35	798	3192	1	0	0	0	4	2	4276496521	105.2018	4276496521	105.2018	0	0	0	0	0	0	308.45198576389
153634	498bb90d2022f2ae2a70ec15fb48bfc2752511e4f78953b90393bfc34af11780	2011-11-17 04:53:35	618	2472	1	0	0	0	3	2	510000000	12.546	509000000	12.5214	1000000	0.0246	1618120	0.0398	404531	0.01	97.256875
153634	2af38d8cc7fa6a7535724dc2d39c0e974d27bce626b72073fa4aec490da7f8c8	2011-11-17 04:53:35	258	1032	1	0	0	0	1	2	50000000000	1230	50000000000	1230	0	0	0	0	0	0	0
153634	f4238c4efe5241d38008fb5461750a4f7ae607aba57278fa88b39525d4e94112	2011-11-17 04:53:35	259	1036	1	0	0	0	1	2	3398000000	83.5908	3398000000	83.5908	0	0	0	0	0	0	0
153634	4a3387bef7bcc3b49015378756adb0a8a33e2544ca0dbf6c2d6dff27d7d2accb	2011-11-17 04:53:35	437	1748	1	0	0	0	2	2	20281818825	498.9327	20281818825	498.9327	0	0	0	0	0	0	0
153634	ec4090d887fbb047e05c7e19f8491c3a32b2645305a9b8585a37a1beb38665bc	2011-11-17 04:53:35	438	1752	1	0	0	0	2	2	30078264730	739.9254	30078264720	739.9254	10	0	22.8311	0	5.70776	0	0
153634	496fd6fe3fa1fae81e9ad0390e1c7aa156a24bba6c81c51ee8a37ef83cc01406	2011-11-17 04:53:35	258	1032	1	0	0	0	1	2	11351000000	279.2346	11351000000	279.2346	0	0	0	0	0	0	0
153634	1b4b2efab0e65d258cd3a52db1f92303f9dd816c883b3571107de9df9df1bef7	2011-11-17 04:53:35	797	3188	1	0	0	0	4	2	5889443200	144.8803	5889443200	144.8803	0	0	0	0	0	0	0
153634	6ec5a6b29078aceceda49028201ef97227e812b26cd8834256fb3eb1580fa290	2011-11-17 04:53:35	1157	4628	1	0	0	0	6	2	631298317	15.5299	631298317	15.5299	0	0	0	0	0	0	19.948577480799
153634	57da21aa69bc5f64e0df57ba66459aa46dbabbd830607d28f6dea2a894fe2b67	2011-11-17 04:53:35	437	1748	1	0	0	0	2	2	1848412600	45.471	1848412600	45.471	0	0	0	0	0	0	0
153634	4fc9ee678ac51abec0a68472973dd99041e78410f0c603a1460312dfe0eb9249	2011-11-17 04:53:35	258	1032	1	0	0	0	1	2	1006058558	24.749	1006058558	24.749	0	0	0	0	0	0	0
153634	6e496f55bf772ff1d9ec7bba53dd67a8fa735b28c102bb9a1a128cac005a1156	2011-11-17 04:53:35	259	1036	1	0	0	0	1	2	6112900000	150.3773	6112850000	150.3761	50000	0.0012	193050	0.0047	48262.5	0.0012	0
153634	8aa5dd18a3ff1cb9d921bc3a7d30e8475275532cb45bd18f48fc7f881624c9f8	2011-11-17 04:53:35	258	1032	1	0	0	0	1	2	2404000000	59.1384	2404000000	59.1384	0	0	0	0	0	0	0
153634	aef41756edebb7f6cf21ef7f2bbf616e9a494fcdf3f34b657ef72664960d15b6	2011-11-17 04:53:35	258	1032	1	0	0	0	1	2	3681088885	90.5548	3681088885	90.5548	0	0	0	0	0	0	0
153634	cd9ed6bf1e487f3fcec2e79a103177a6fe570308f1382744618747348535627e	2011-11-17 04:53:35	257	1028	1	0	0	0	1	2	3645350160	89.6756	3645350160	89.6756	0	0	0	0	0	0	0
153634	812235eb434b8845a44e20f6f1047a682a0d164f931e206b7a2f8f0cb6e73414	2011-11-17 04:53:35	257	1028	1	0	0	0	1	2	3621906821	89.0989	3621906821	89.0989	0	0	0	0	0	0	0
153634	6180b6177861c776d9e6012b2136d8d57ecb5ed0e50ef806329c45627254a130	2011-11-17 04:53:35	257	1028	1	0	0	0	1	2	3526549994	86.7531	3526548994	86.7531	1000	0	3891.05	0.0001	972.763	0	0
153634	5c456aa0dd2851fd15a3e959c692618186d7fbe733c25ec27c388148c4de0605	2011-11-17 04:53:35	437	1748	1	0	0	0	2	2	2520600000	62.0068	2520600000	62.0068	0	0	0	0	0	0	0
153634	40b0047a2336cbdea1d0fce8a44fdbdd0663ae6467bce5421c7b8d153243e732	2011-11-17 04:53:35	258	1032	1	0	0	0	1	2	1786486783	43.9476	1786436783	43.9463	50000	0.0012	193798	0.0048	48449.6	0.0012	0
153634	15ed3f54b638e50bbe2da5622948a0a943782091cfa54f042fdec66a4ea8e7d8	2011-11-17 04:53:35	439	1756	1	0	0	0	2	2	9501200000	233.7295	9501150000	233.7283	50000	0.0012	113895	0.0028	28473.8	0.0007	0.23458986111111
153634	ce378ed409d778a6cff12ccd25e3ba68f45f5b302cfe51c1942834bab21f0cf3	2011-11-17 04:53:35	977	3908	1	0	0	0	5	2	251650000	6.1906	251600000	6.1894	50000	0.0012	51177.1	0.0013	12794.3	0.0003	0.66112855902778
153634	bcb63ee5e6eba7e12cae9656850ee43cb183321f803ee2be8871481c1a1b8f95	2011-11-17 04:53:35	259	1036	1	0	0	0	1	2	243162728	5.9818	243112728	5.9806	50000	0.0012	193050	0.0047	48262.5	0.0012	0
153635	bfaa568525ac27a44e390eb5d274e2d7ef4941f3a14f8a752aeffe08e1b28304	2011-11-17 04:58:01	135	540	1	0	1	0	1	1	0	0	5001050000	123.0258	0	0	0	0	0	0	0
153635	7aedb6cfb9dcdba48b04b68658f73a39d5e0e92a84815a60066a11b60ef3bef7	2011-11-17 04:58:01	620	2480	1	0	0	0	3	2	923215731035	22711.1074	923215731035	22711.1074	0	0	0	0	0	0	0
153635	a842eeefa851c5a021c327748e78059e4c45e9cf8d7cf9e1f134662c8b32db74	2011-11-17 04:58:01	616	2464	1	0	0	0	3	2	812000772	19.9752	812000772	19.9752	0	0	0	0	0	0	571.15396402778
153635	c23cdb4b22881d838791f67a6fd78514acb28fd3b389c4e7eb3a12267fe7b726	2011-11-17 04:58:01	271	1084	1	0	0	0	2	1	10002467790	246.0607	10002467790	246.0607	0	0	0	0	0	0	0
153635	778b44d38426f9f40d9deb994d5108f1e2dec65e4969b2d911c49a2109671f76	2011-11-17 04:58:01	798	3192	1	0	0	0	4	2	173123041823	4258.8267	173123041823	4258.8267	0	0	0	0	0	0	0
153635	84613c454c393beef36aae10f46785ac69cc4cc0664790c08630a1b918aed65a	2011-11-17 04:58:01	1156	4624	1	0	0	0	6	2	618441885	15.2137	618441885	15.2137	0	0	0	0	0	0	101.17184360511
153635	70854d216cddd150d9286676840c668dee08678fc9eaa4d820a8b3972a0f0489	2011-11-17 04:58:01	798	3192	1	0	0	0	4	2	5335205065	131.246	5335205065	131.246	0	0	0	0	0	0	0
153635	1f2352f4d88647bd9bc6d916e1a97cb3266287e7472559682561267013124ca6	2011-11-17 04:58:01	257	1028	1	0	0	0	1	2	3094064570	76.114	3094064570	76.114	0	0	0	0	0	0	0
153635	4247eed6f7ca23f8416342588bcd6c2df983960443b9f70af25418f9e9ead57f	2011-11-17 04:58:01	258	1032	1	0	0	0	1	2	6066101325	149.2261	6066051325	149.2249	50000	0.0012	193798	0.0048	48449.6	0.0012	0
153635	dada41b8f4f25282227867dcb0941fe7609f4579e1c81c60531d62d86e9cad38	2011-11-17 04:58:01	257	1028	1	0	0	0	1	2	6045850000	148.7279	6045800000	148.7267	50000	0.0012	194553	0.0048	48638.1	0.0012	0
153635	b963581a168a5c32ed19ac644f48983435cfc7107035699ffd71a16598ebf94e	2011-11-17 04:58:01	223	892	1	0	0	0	1	1	99950000	2.4588	99000000	2.4354	950000	0.0234	4260090	0.1048	1065020	0.0262	0
153636	06d7bd6803e75b936330770fe5677438dbf33e47e7ef68ab093d46c06d8b39e1	2011-11-17 05:11:02	182	728	1	0	1	0	1	1	0	0	5001550000	123.0381	0	0	0	0	0	0	0
153636	d6a3c2c2b1fa666cdb1ad86aac2e20722c102c125af91571f0e872f6ca7f5917	2011-11-17 05:11:02	257	1028	1	0	0	0	1	2	10000000000	246	10000000000	246	0	0	0	0	0	0	3793.1481481481
153636	1db0240fe9efac120b8d840f2c0cb50ff3a55d9a3e7a5ae6f7c6dc1495ab8f39	2011-11-17 05:11:02	800	3200	1	0	0	0	4	2	976024467630	24010.2031	976024467630	24010.2031	0	0	0	0	0	0	0
153636	72ecfd3ac212fb4459dbcc0768bf6025e31945c9ca5bc67fe380c239ab0cdd29	2011-11-17 05:11:02	404	1616	1	0	0	0	2	1	6154495000	151.4006	6153495000	151.376	1000000	0.0246	2475250	0.0609	618812	0.0152	452.45747938542
153636	a3b55de516563eb1ba8f120829d1d51e4d6b3e6a66a6c00d15484c18ae78c9cc	2011-11-17 05:11:02	6380	25520	1	0	0	0	35	2	6601511507	162.3972	6601511507	162.3972	0	0	0	0	0	0	6327.8478516392
153636	a55a1562e5ec4aceb8063adbc1cbfad43b629222b43bea9ccb0f127809bb7872	2011-11-17 05:11:02	617	2468	1	0	0	0	3	2	38871000000	956.2266	38871000000	956.2266	0	0	0	0	0	0	581.99194444444
153636	6373c62a9c215bf3ae355b2ad151363a00d5fd648e750235c4af137762feedce	2011-11-17 05:11:02	259	1036	1	0	0	0	1	2	3910735900	96.2041	3910635900	96.2016	100000	0.0025	386100	0.0095	96525.1	0.0024	0
153636	8310e5202fb8b2664e000efdff3ab28759e089ed86f91259ea70200fd0661d6f	2011-11-17 05:11:02	224	896	1	0	0	0	1	1	10000000000	246	10000000000	246	0	0	0	0	0	0	0
153636	29a38c90003248129ff50972d114678eb199d08696e28d151fc53ddfd254d0a0	2011-11-17 05:11:02	258	1032	1	0	0	0	1	2	5300000000	130.38	5299950000	130.3788	50000	0.0012	193798	0.0048	48449.6	0.0012	0
153636	1571983eb449d784300f386954a918a6e03c2488996e6675af1c20b9e4049830	2011-11-17 05:11:02	257	1028	1	0	0	0	1	2	4000000000	98.4	4000000000	98.4	0	0	0	0	0	0	0
153636	7844e5a1de7df857fcc3863ebb3aecd69597340b567f81cf64ba1cf94a53a3fe	2011-11-17 05:11:02	258	1032	1	0	0	0	1	2	10000593387	246.0146	10000593387	246.0146	0	0	0	0	0	0	0
153636	fb47b6c5155ab934f7d466590555c83f9c40f28009a584f47f4e16b296126308	2011-11-17 05:11:02	259	1036	1	0	0	0	1	2	10001250000	246.0307	10001250000	246.0307	0	0	0	0	0	0	0
153636	190aa0f567fc35fa4d79513241188ff8a82828774eeb3beca4507221fbe21255	2011-11-17 05:11:02	257	1028	1	0	0	0	1	2	9902500830	243.6015	9902500830	243.6015	0	0	0	0	0	0	0
153636	7a0df153a4c45b6b04c600c5c7c71ea3b24d6a2ac0620d338fd28441e357742f	2011-11-17 05:11:02	258	1032	1	0	0	0	1	2	9722100000	239.1637	9722100000	239.1637	0	0	0	0	0	0	0
153636	668e558d324235438bc4a52dc4535fe5989a05ad1b31eb38b0033558a61de54a	2011-11-17 05:11:02	258	1032	1	0	0	0	1	2	9256923467	227.7203	9256923467	227.7203	0	0	0	0	0	0	0
153636	d08e3e6e4b5bf3f1fecc6dfe8902a32c208bdcbb468d3ed7231c7793e5a07a66	2011-11-17 05:11:02	259	1036	1	0	0	0	1	2	9217000000	226.7382	9217000000	226.7382	0	0	0	0	0	0	0
153636	64e5bc0fffe089fc39eb18d713d50b7c35b9a705839b465d808ace25bda2c3b8	2011-11-17 05:11:02	258	1032	1	0	0	0	1	2	7196869818	177.043	7196869818	177.043	0	0	0	0	0	0	0
153636	1e0333d9d5e223bec964dd1cdc1eaf6bae46bd9ae278e08b90f6afe95836696c	2011-11-17 05:11:02	258	1032	1	0	0	0	1	2	6507477476	160.084	6507477476	160.084	0	0	0	0	0	0	0
153636	976c37ac193ac7d12f13b381437531b4fd7f1d26b4af606695e447e86c94b474	2011-11-17 05:11:02	258	1032	1	0	0	0	1	2	6209352319	152.7501	6209352319	152.7501	0	0	0	0	0	0	0
153636	1be4515de7c60afe92779d6f16a1803a975da1101e39f910a3a312bc75427bf8	2011-11-17 05:11:02	618	2472	1	0	0	0	3	2	14507856293	356.8933	14507856293	356.8933	0	0	0	0	0	0	0
153636	d0518e3976338ed15c96d82b29f4c5ba7c242949813dedb87f1cdfd7f2a246b3	2011-11-17 05:11:02	259	1036	1	0	0	0	1	2	5614796433	138.124	5614796433	138.124	0	0	0	0	0	0	0
153636	1ebf746c98ec8b1333aee5da44684182242f154aaa86ae0469bca2b49cf86d31	2011-11-17 05:11:02	258	1032	1	0	0	0	1	2	5335300010	131.2484	5335300010	131.2484	0	0	0	0	0	0	0
153636	65be4cb55064357cedf128e629f8f90ff814e1cf7824edc037ff6e3367a15766	2011-11-17 05:11:02	258	1032	1	0	0	0	1	2	5219992446	128.4118	5219992446	128.4118	0	0	0	0	0	0	0
153636	041348a384014ab61db63771a05b8a73388f479702d2c588ea5daeefb0ca1f61	2011-11-17 05:11:02	259	1036	1	0	0	0	1	2	4860100000	119.5585	4860100000	119.5585	0	0	0	0	0	0	0
153636	9e6748a8cceb738b608983a275386e508cbd077eea33c734e651960e2998afe5	2011-11-17 05:11:02	258	1032	1	0	0	0	1	2	4774453496	117.4516	4774453496	117.4516	0	0	0	0	0	0	0
153636	106673ac01d3e3a87967882c0f05c2c3a70905351b7419fed5b1cbadeb871113	2011-11-17 05:11:02	798	3192	1	0	0	0	4	2	8032899795	197.6093	8032899795	197.6093	0	0	0	0	0	0	0
153636	30b3d99fda3ac58a89c2e43016a171cb6037cae9e6be12d6f53e967782665c09	2011-11-17 05:11:02	258	1032	1	0	0	0	1	2	4751780466	116.8938	4751780466	116.8938	0	0	0	0	0	0	0
153636	ac77af560362dcc5d1e229d18c0901de2d4a0b043145e6127694302150f93ec8	2011-11-17 05:11:02	257	1028	1	0	0	0	1	2	4718000000	116.0628	4718000000	116.0628	0	0	0	0	0	0	0
153636	4bb0e6df3e82438f3545570f9a78146c8aca9f440de729556097123431dea4d4	2011-11-17 05:11:02	258	1032	1	0	0	0	1	2	4722350000	116.1698	4722350000	116.1698	0	0	0	0	0	0	0
153636	2e57a8565bc1cb6e64684148f57363433d90aaac00a251308583eb5089c2c961	2011-11-17 05:11:02	258	1032	1	0	0	0	1	2	4687077968	115.3021	4687077968	115.3021	0	0	0	0	0	0	0
153636	4f0f924a52a7da3c0ad1922d5f1578c2933b54f8fb836917beb40bf1e70d8559	2011-11-17 05:11:02	259	1036	1	0	0	0	1	2	2513583625	61.8342	2513583625	61.8342	0	0	0	0	0	0	0
153636	d5ca4c7df5bba6787364404969f654ea23ad3f4b73246bf748f6732b601eabf0	2011-11-17 05:11:02	258	1032	1	0	0	0	1	2	4270000000	105.042	4270000000	105.042	0	0	0	0	0	0	0
153636	0e56780abda66dacc1a4d9779b8c103e8579134eacf4c538bf756939b12c4775	2011-11-17 05:11:02	258	1032	1	0	0	0	1	2	4000000000	98.4	4000000000	98.4	0	0	0	0	0	0	0
153636	00c494ce25f4cec46c383d41b12f9af4d94a309b51ba51bad661e2b25c5d0632	2011-11-17 05:11:02	259	1036	1	0	0	0	1	2	3947673657	97.1128	3947673657	97.1128	0	0	0	0	0	0	0
153636	cc3851c5872a0db80aeefe064b541fc1657f3dbeb456e4cdddf442bd4609f22f	2011-11-17 05:11:02	257	1028	1	0	0	0	1	2	3788150000	93.1885	3788150000	93.1885	0	0	0	0	0	0	0
153636	64efbd59ca18bbafec03469270719c173d773cfe7f7e30016b3ed3569852a479	2011-11-17 05:11:02	259	1036	1	0	0	0	1	2	3780100000	92.9905	3780100000	92.9905	0	0	0	0	0	0	0
153636	97f1c67f26d23e8e9e5416b86d1201cf191001ea436959c5abc329ebfa2267d0	2011-11-17 05:11:02	619	2476	1	0	0	0	3	2	4427824895	108.9245	4427824895	108.9245	0	0	0	0	0	0	5.533359951316
153636	016501cb8680a7d43f5c08a31ad4bd13124166a9bc20936d90a30fa98a21d46f	2011-11-17 05:11:02	259	1036	1	0	0	0	1	2	3063758951	75.3685	3063758951	75.3685	0	0	0	0	0	0	0
153636	acc08432c2d9ce2a2ded3479f4e42e000b24088f32f46f6ecbca9e194613a042	2011-11-17 05:11:02	258	1032	1	0	0	0	1	2	1600000000	39.36	1600000000	39.36	0	0	0	0	0	0	0
153636	10ecb3c17b70eb5750f2cb4e2665334a50e7694905f9d1f8427fa1f84f85c311	2011-11-17 05:11:02	259	1036	1	0	0	0	1	2	2389152383	58.7732	2389152383	58.7732	0	0	0	0	0	0	0
153636	1a483280619f961a882f079e680ebeec37eb8a86fa420fa851ef15b846a03e71	2011-11-17 05:11:02	258	1032	1	0	0	0	1	2	103198802	2.5387	103148802	2.5375	50000	0.0012	193798	0.0048	48449.6	0.0012	1.0354279800667
153636	58494bdc1490ed63ddfa08097fe9c28b9f941c9521b32b0081bf11b88b94ff13	2011-11-17 05:11:02	259	1036	1	0	0	0	1	2	100635680	2.4756	100585680	2.4744	50000	0.0012	193050	0.0047	48262.5	0.0012	1.0097113226667
153636	6fc100bcb1d7388f6d3354940467b72b8126caf2012eb2fd44514783a3f07937	2011-11-17 05:11:02	437	1748	1	0	0	0	2	2	100000000	2.46	99950000	2.4588	50000	0.0012	114416	0.0028	28604.1	0.0007	1.0654826388889
153636	ab04fea6175cb82f5d9e7289001e96354ccffc1598471ead11692bf28dfedb14	2011-11-17 05:11:02	259	1036	1	0	0	0	1	2	6036116247	148.4885	6036066247	148.4872	50000	0.0012	193050	0.0047	48262.5	0.0012	0
153636	39f36ae6b47b12d13d67a0c15c8482e57421211d8f2fc1abc260fa66a4dd2f5f	2011-11-17 05:11:02	257	1028	1	0	0	0	1	2	315196235	7.7538	315146235	7.7526	50000	0.0012	194553	0.0048	48638.1	0.0012	0
153636	7b6de9a88b76be247393f5bbdc7ae6c36838b86ddaa6fa9f9426568344913b51	2011-11-17 05:11:02	495	1980	1	0	0	0	1	9	1720620132	42.3273	1720570132	42.326	50000	0.0012	101010	0.0025	25252.5	0.0006	0
153636	fb0902d00bea32c8dfd6771f60151ab6911fe30b344c382ba8bbd9b303c3c8c4	2011-11-17 05:11:02	259	1036	1	0	0	0	1	2	192164237	4.7272	192114237	4.726	50000	0.0012	193050	0.0047	48262.5	0.0012	0
153636	b49f5f4de58ad2c993422c34ea2d4322011383648f98717f0f462bcb99bebb56	2011-11-17 05:11:02	437	1748	1	0	0	0	2	2	121950000	3	121900000	2.9987	50000	0.0012	114416	0.0028	28604.1	0.0007	0
153637	722dfeee652bc58e6bf1fa984f9c400871b7224e7af963912a2ec4f3ce20c086	2011-11-17 05:19:34	136	544	1	0	1	0	1	1	0	0	5001350000	123.0332	0	0	0	0	0	0	0
153637	39c915a60184ce1d9a1f76587d6e6b71a848f5692eda505ca9ef8323b71f8011	2011-11-17 05:19:34	798	3192	1	0	0	0	4	2	926720379040	22797.3223	926720379040	22797.3223	0	0	0	0	0	0	0
153637	eaa59519848f30241e52439f0cd60fd6203d49ca234cc6c2d75c264c5848df76	2011-11-17 05:19:34	224	896	1	0	0	0	1	1	100000000	2.46	100000000	2.46	0	0	0	0	0	0	70.236296296296
153637	a0b97a8d4bd700d275dbcfae29c44753aacf50640b3e73cac0341e9ae0bf8bd9	2011-11-17 05:19:34	436	1744	1	0	0	0	2	2	3996000000	98.3016	3995000000	98.277	1000000	0.0246	2293580	0.0564	573394	0.0141	47.0052625
153637	4b55d20699a06ae1a219b50b0ddc922158af09a92c516ec4553130ed0ff921b0	2011-11-17 05:19:34	797	3188	1	0	0	0	4	2	25036085593	615.8877	25036085593	615.8877	0	0	0	0	0	0	0
153637	2a64ada45f1be88428c351723d30745b466ec58ea18711301bbfa6f6f5f8f6e7	2011-11-17 05:19:34	224	896	1	0	0	0	1	1	10000000000	246	10000000000	246	0	0	0	0	0	0	0
153637	5a67d7f43ebb45292279d7cb62e108a211e635876263a4dc5b4e623e9ff402c9	2011-11-17 05:19:34	259	1036	1	0	0	0	1	2	11482748896	282.4756	11482748896	282.4756	0	0	0	0	0	0	0
153637	837fb2c14c7b53294e763d20c8a9931154ea405176f8be1485eb005b535f5ee8	2011-11-17 05:19:34	259	1036	1	0	0	0	1	2	11167686640	274.7251	11167686640	274.7251	0	0	0	0	0	0	0
153637	a875de21e09d82e90de9b077c45eb2651495db9bc5cf399c32dc437071a5ff56	2011-11-17 05:19:34	257	1028	1	0	0	0	1	2	11055509193	271.9655	11055509193	271.9655	0	0	0	0	0	0	0
153637	672dc2f058bcb8733923853f0f1cf7ceb9c9507f9f56f8e75736c5a3f9011b1b	2011-11-17 05:19:34	257	1028	1	0	0	0	1	2	10721050000	263.7378	10721050000	263.7378	0	0	0	0	0	0	0
153637	e2d57df2148a4099bea32db3830e19343ef1874e2b2f35623020a6d3fddc0163	2011-11-17 05:19:34	258	1032	1	0	0	0	1	2	1937238600	47.6561	1937238600	47.6561	0	0	0	0	0	0	0
153637	462d559b017c6edf31cc0e675637b9ed3378c027e71681d018da3b0a6f2cdfe3	2011-11-17 05:19:34	258	1032	1	0	0	0	1	2	3866650000	95.1196	3866600000	95.1184	50000	0.0012	193798	0.0048	48449.6	0.0012	0
153637	bb2327f9e98cdc41825180c87777c40503209f76d914edd8b4b5390cfb923616	2011-11-17 05:19:34	797	3188	1	0	0	0	4	2	108105933	2.6594	108055933	2.6582	50000	0.0012	62735.3	0.0015	15683.8	0.0004	0.4670232312588
153637	5beccf02641f61bcee051ac910b430569e46f1d7e0abb2427c3756de3ac331c2	2011-11-17 05:19:34	619	2476	1	0	0	0	3	2	609045405	14.9825	608995405	14.9813	50000	0.0012	80775.4	0.002	20193.9	0.0005	0
153637	bda1bcae13270299db96f0c0086878356518e23feb6b7bc6ac8337b900d13223	2011-11-17 05:19:34	438	1752	1	0	0	0	2	2	246270600	6.0583	246220600	6.057	50000	0.0012	114155	0.0028	28538.8	0.0007	0
153637	c9279ae560d4eece7e834a07072c7ac2b1e7c7f415c7350abffb72832e435f14	2011-11-17 05:19:34	1520	6080	1	0	0	0	8	2	851261441	20.941	851161441	20.9386	100000	0.0025	65789.5	0.0016	16447.4	0.0004	0
153637	1b0ce61129e6487173dfe8379460231b03599dc052836cb43ea071ebce358973	2011-11-17 05:19:34	224	896	1	0	0	0	1	1	27687491	0.6811	27637491	0.6799	50000	0.0012	223214	0.0055	55803.6	0.0014	0
153638	a57753e9382b431372155d4a5b38d6a1faf967b13fb4306d6d1b7d789f399c25	2011-11-17 05:20:56	135	540	1	0	1	0	1	1	0	0	5000000000	123	0	0	0	0	0	0	0
153638	6694e39b95a3e705441b7f7ed0678d1e1e798bc03f0df06b9ae1f6d68911285c	2011-11-17 05:20:56	258	1032	1	0	0	0	1	2	3516100000	86.4961	3516100000	86.4961	0	0	0	0	0	0	0
153638	d51d971fe96bd0690b03fc1fbea2773d6d25aad9d36f5fafa6c5fec1b2511f8e	2011-11-17 05:20:56	258	1032	1	0	0	0	1	2	7188869818	176.8462	7188869818	176.8462	0	0	0	0	0	0	0
153638	8272096b614fcccffa223a8568fef22e587593d479d6c3d7a3ec313b3f0f707f	2011-11-17 05:20:56	258	1032	1	0	0	0	1	2	3590906821	88.3363	3590906821	88.3363	0	0	0	0	0	0	0
153638	214e47d6fe9e8b6a08a7a3199467a1fc549cea0c973424965db0ca40d2d3eae8	2011-11-17 05:20:56	258	1032	1	0	0	0	1	2	3448088885	84.823	3448088885	84.823	0	0	0	0	0	0	0
153638	bb39ddc5869ffc9df8662d924410da2008154694aeeca9c772f019480b55fe17	2011-11-17 05:20:56	259	1036	1	0	0	0	1	2	3441350160	84.6572	3441350160	84.6572	0	0	0	0	0	0	0
153638	d908937271cf3a10d2dd5fbfc32a3f76a354892a783d02e3be89f70c7459f397	2011-11-17 05:20:56	257	1028	1	0	0	0	1	2	6395477476	157.3288	6395477476	157.3288	0	0	0	0	0	0	0
153638	6bc347b3ad5ebc1ab21123c98a4aeb338b6f1050faf67e670a78763fcffe148f	2011-11-17 05:20:56	258	1032	1	0	0	0	1	2	6133352319	150.8805	6133352319	150.8805	0	0	0	0	0	0	0
153638	e2b0c3918a7ed2d6a90a8c0e05eccbe2590627c613c427bc7e2fd117ec38c8c6	2011-11-17 05:20:56	259	1036	1	0	0	0	1	2	5514796433	135.664	5514796433	135.664	0	0	0	0	0	0	0
153638	15bbe3382a012e0b09c55ee05222abc8e4050392c71c332a6e57aa63abe04abb	2011-11-17 05:20:56	257	1028	1	0	0	0	1	2	5208992446	128.1412	5208992446	128.1412	0	0	0	0	0	0	0
153638	dabcb8d5f6095d498f1852a3d775f56851703784eecbbc5234d32776a6bcd7d9	2011-11-17 05:20:56	257	1028	1	0	0	0	1	2	4758100000	117.0493	4758100000	117.0493	0	0	0	0	0	0	0
153638	6f36d57467234b71c07f374c359d13d8d2b0fc860c9ce727c19fef45f6af76fe	2011-11-17 05:20:56	258	1032	1	0	0	0	1	2	4750780466	116.8692	4750780466	116.8692	0	0	0	0	0	0	0
153639	6b1643e1c06eae68b7e05b257a126f8c0ae77bf94c11374e5955572278ef9c80	2011-11-17 05:27:21	135	540	1	0	1	0	1	1	0	0	5000050000	123.0012	0	0	0	0	0	0	0
153639	31dabcc74565411fe1e9936377d63ae5f5cbbb049747bc38bdc104000c05340e	2011-11-17 05:27:21	1336	5344	1	0	0	0	7	2	3001154535	73.8284	3001154535	73.8284	0	0	0	0	0	0	367.96524349726
153639	89d697f60911c2a1b076194160cc9e038935add47a6bb6884bf194b3b485d3f4	2011-11-17 05:27:21	192	768	1	0	0	0	1	2	5004153725	123.1022	5004153725	123.1022	0	0	0	0	0	0	0
153639	b2b58ab92cf8c06db0cfca89e01fe5d8ddd7eb6e0b7b0e2d526a5dfb7892c2e0	2011-11-17 05:27:21	223	892	1	0	0	0	1	1	11437000000	281.3502	11437000000	281.3502	0	0	0	0	0	0	0
153639	ef59c0a74c1fe395f11273067c828575fcaf53f2a077eafcfbd5160e7e1a1803	2011-11-17 05:27:21	439	1756	1	0	0	0	2	2	27225454121	669.7462	27225454121	669.7462	0	0	0	0	0	0	0
153639	1cf438d14282cc8ed8005f4ecab831419d0d29dc1f38a56ec5228375ebe0ac85	2011-11-17 05:27:21	257	1028	1	0	0	0	1	2	1931043702	47.5037	1931043702	47.5037	0	0	0	0	0	0	0
153639	2e3c2982db05ec6f5b1c01217e4e46e9099ce3ef58af7afa0e4c1956fc27b4f8	2011-11-17 05:27:21	257	1028	1	0	0	0	1	2	850000000	20.91	850000000	20.91	0	0	0	0	0	0	0
153639	f35ca459f664d54087e660b8080dba0d78e6f7771e8838452cad4d5fa0b34c52	2011-11-17 05:27:21	258	1032	1	0	0	0	1	2	1310000000	32.226	1310000000	32.226	0	0	0	0	0	0	0
153639	3e6088df642992583df34e0b60fd5f9e4139d7009f8086156916713ff406563b	2011-11-17 05:27:21	258	1032	1	0	0	0	1	2	4735300010	116.4884	4735300010	116.4884	0	0	0	0	0	0	0
153639	5ddc4fd3ea6081a9c3aa5dc507a9d6885f297f18537637323643bdadd2b2886e	2011-11-17 05:27:21	257	1028	1	0	0	0	1	2	4697350000	115.5548	4697350000	115.5548	0	0	0	0	0	0	0
153639	fbda6fa2ecf27161dfa4bb260cc35cfac71a2c80bdcd9c8f28e8285da8395a22	2011-11-17 05:27:21	258	1032	1	0	0	0	1	2	4682077968	115.1791	4682077968	115.1791	0	0	0	0	0	0	0
153639	cef358177cb3c857b881216f970a8119abf4c8806ba1af16835009f5896e184e	2011-11-17 05:27:21	259	1036	1	0	0	0	1	2	4678000000	115.0788	4678000000	115.0788	0	0	0	0	0	0	0
153639	120075b772e32f02edeb658907fe569dc4881bb52107a2faf783f16fdecf4019	2011-11-17 05:27:21	257	1028	1	0	0	0	1	2	4260000000	104.796	4260000000	104.796	0	0	0	0	0	0	0
153639	7fdf68447d3af4e9a041fe13b1571648026369f77e764e53fc7e713dd19fcc20	2011-11-17 05:27:21	224	896	1	0	0	0	1	1	3638000000	89.4948	3638000000	89.4948	0	0	0	0	0	0	0
153639	fd733bf40789b021761375d0b67a3d02af93274dadbe69044f63efbdd396244d	2011-11-17 05:27:21	257	1028	1	0	0	0	1	2	3078064570	75.7204	3078064570	75.7204	0	0	0	0	0	0	0
153639	1a47c1f7a239e8fe04a354b28bbca345ac19a60945b75735a2d051a45bf14f41	2011-11-17 05:27:21	258	1032	1	0	0	0	1	2	3946673657	97.0882	3946673657	97.0882	0	0	0	0	0	0	0
153639	7fde9c0bb9cf4ebd5217e8bef4e6fd9474733b351e3ae7909c34201ca3b0d04a	2011-11-17 05:27:21	438	1752	1	0	0	0	2	2	2249000000	55.3254	2248950000	55.3242	50000	0.0012	114155	0.0028	28538.8	0.0007	0
153639	0aa02313c358803fcb2d981a38517bb889e22bb99548efa1c1cff32ebf538759	2011-11-17 05:27:21	257	1028	1	0	0	0	1	2	3716100000	91.4161	3716100000	91.4161	0	0	0	0	0	0	0
153639	3221fb17ba794dc83873b1252a0d74375c0dcfdea9298f1d6b229b3ee98106bb	2011-11-17 05:27:21	257	1028	1	0	0	0	1	2	2782150000	68.4409	2782150000	68.4409	0	0	0	0	0	0	0
153639	664d5eda164230cf99ff009114589e843b2bec29f552d2602e89ba3d4d4b25b9	2011-11-17 05:27:21	257	1028	1	0	0	0	1	2	2763453496	67.981	2763453496	67.981	0	0	0	0	0	0	0
153639	0b8a4a73ddb85105864b862132a84dd5893ff63c838ada2387a919870b862d25	2011-11-17 05:27:21	257	1028	1	0	0	0	1	2	2251152383	55.3783	2251152383	55.3783	0	0	0	0	0	0	0
153639	9c11fd1a2215227b051eabe04c47bcbd47f241556159baba771ae75e6b6fb7dc	2011-11-17 05:27:21	800	3200	1	0	0	0	4	2	1424000000	35.0304	1424000000	35.0304	0	0	0	0	0	0	0
153639	5fae0b5c9d61766bc29954711b141fb1870e35cc3785dad35c44725c038b7115	2011-11-17 05:27:21	259	1036	1	0	0	0	1	2	1590906821	39.1363	1590906821	39.1363	0	0	0	0	0	0	0
153639	44c82cf07ac01ca0975026f246508b56a131c974429860a70ec9a4b8bf0784cc	2011-11-17 05:27:21	257	1028	1	0	0	0	1	2	182059678	4.4787	182059678	4.4787	0	0	0	0	0	0	0
153639	3bedeb2b0009275485c7bcfba49fd0009cbbe1babf002b65c07e6fdf3ab2e4a5	2011-11-17 05:27:21	257	1028	1	0	0	0	1	2	66710000	1.6411	66710000	1.6411	0	0	0	0	0	0	0
153639	a702909caa3dfccc07785d1e79c65bd84cfe66bf73c26e23a750b1f8fa8da28d	2011-11-17 05:27:21	766	3064	1	0	0	0	4	1	17785664	0.4375	17785664	0.4375	0	0	0	0	0	0	0
153639	87924c5af9d9ab466a55dbec70a07a9601aaf0217158d26c07a32e01fbf2df6e	2011-11-17 05:27:21	224	896	1	0	0	0	1	1	6000000	0.1476	6000000	0.1476	0	0	0	0	0	0	0
153639	7685205e8b5fe0bf65cec4117528ca59e31a30a30848bef8e784597ca785c28a	2011-11-17 05:27:21	224	896	1	0	0	0	1	1	11437000000	281.3502	11437000000	281.3502	0	0	0	0	0	0	0
153640	3ae39696584f56e9d71bac43bf16680292452ea735718b51aa120ee79110895f	2011-11-17 05:28:24	168	672	1	0	1	0	1	1	0	0	5000000000	123	0	0	0	0	0	0	0
153640	da7517493dfec9fa1c4fa90ab009992839e1540d4dbc03f917d7274305def574	2011-11-17 05:28:24	979	3916	1	0	0	0	5	2	1936009121	47.6258	1936009121	47.6258	0	0	0	0	0	0	139.33279143519
153640	a29618618a06e7c862abf2d2ae914270dfa8edfd230d601734a6e0d3324a8667	2011-11-17 05:28:24	223	892	1	0	0	0	1	1	4000000000	98.4	4000000000	98.4	0	0	0	0	0	0	0
153641	93c0d893e6329676a2e684b16a8218d517b86287a82e3d6f76c73411ab93ef19	2011-11-17 05:36:35	134	536	1	0	1	0	1	1	0	0	5003300000	123.0812	0	0	0	0	0	0	0
153641	725145f772081ccf29fe0634696861a311b5c31d71298f03dfcd754797ea9f2a	2011-11-17 05:36:35	439	1756	1	0	0	0	2	2	2548602000	62.6956	2548602000	62.6956	0	0	0	0	0	0	719.78044500463
153641	d4c83e0c722f6b958c5c05ed9b786a72424026547826e9b4c721b25dbe0aa3bf	2011-11-17 05:36:35	258	1032	1	0	0	0	1	2	1186483400	29.1875	1186383400	29.185	100000	0.0025	387597	0.0095	96899.2	0.0024	177.89190053752
153641	d712a403f0f5a1b6c692a7451a5f823b7be3c5f7af6b9fc0b2e379b6f785af77	2011-11-17 05:36:35	258	1032	1	0	0	0	1	2	1396000000	34.3416	1396000000	34.3416	0	0	0	0	0	0	147.7709625
153641	e4cc879f76b03697e535055e864fba5bb86a6c52a4b9810120302f8dbf32754e	2011-11-17 05:36:35	437	1748	1	0	0	0	2	2	501000000	12.3246	501000000	12.3246	0	0	0	0	0	0	123.52456631944
153641	8d3fc06012becda402580abf9aa5aa40b5ec58642404ea1f63675b0f603bf7b5	2011-11-17 05:36:35	191	764	1	0	0	0	1	2	5025800000	123.6347	5025800000	123.6347	0	0	0	0	0	0	0
153641	4ca8ff68fc264197c8d5ce0497c708e40902a15a3f4461f777442840180daad2	2011-11-17 05:36:35	1157	4628	1	0	0	0	6	2	2103992002	51.7582	2101992002	51.709	2000000	0.0492	1728610	0.0425	432152	0.0106	33.997076031762
153641	ffb94eb0bbd1224002ddc0665eb1bf087a57fc772185b5175e6805ad4e169637	2011-11-17 05:36:35	258	1032	1	0	0	0	1	2	4000000000	98.4	4000000000	98.4	0	0	0	0	0	0	0
153641	d2f5343f58aecf5b6d4776a233649f82dd24609e23a984e0ab80a99a4871d5e9	2011-11-17 05:36:35	223	892	1	0	0	0	1	1	3500000000	86.1	3500000000	86.1	0	0	0	0	0	0	0
153641	6969f0f88a09fe75991c54562fe7379469e0d9bb0b075c08539efc7126b8a88d	2011-11-17 05:36:35	259	1036	1	0	0	0	1	2	100000000	2.46	100000000	2.46	0	0	0	0	0	0	2.216412037037
153641	c1666d818e4d37ad5aac2f5e0e6496a9c5b6c26f4d8c3bad55e73d04397a2b44	2011-11-17 05:36:35	257	1028	1	0	0	0	1	2	5946571915	146.2857	5946571915	146.2857	0	0	0	0	0	0	0
153641	f9c8e7ec3709e2a6fb1c48f73e2240c6a473016ce4a911136010b090638d767f	2011-11-17 05:36:35	2752	11008	1	0	0	0	2	70	7716662210	189.8299	7716662210	189.8299	0	0	0	0	0	0	0
153641	ab20f9a97d7c18075252bdc35004414deecf0f3d431692496ad9522da3164213	2011-11-17 05:36:35	258	1032	1	0	0	0	1	2	3009302359	74.0288	3009302359	74.0288	0	0	0	0	0	0	0
153641	d3c2e4d259a97d9b7a824f07b43b833ac605132cd2cdef8fb605a6964cb074ec	2011-11-17 05:36:35	439	1756	1	0	0	0	2	2	8821316	0.217	8771316	0.2158	50000	0.0012	113895	0.0028	28473.8	0.0007	1.5164385954338
153641	fd4fa6b586be1572841277c6fc63210974e2cfddc5a6c705b8731db710c5d8ea	2011-11-17 05:36:35	795	3180	1	0	0	0	4	2	640128278	15.7472	640078278	15.7459	50000	0.0012	62893.1	0.0015	15723.3	0.0004	0
153641	3efeca581abc17cab9049854fa0c0fb4b8601d7f1ba9f0e0568898f5d210dd77	2011-11-17 05:36:35	259	1036	1	0	0	0	1	2	12696696	0.3123	11696696	0.2877	1000000	0.0246	3861000	0.095	965251	0.0237	0.24829976115
153641	40c8d07af2c872bd6240a66aafe15e7829261bcf101123405ab51e28291fe3e8	2011-11-17 05:36:35	258	1032	1	0	0	0	1	2	200570132	4.934	200520132	4.9328	50000	0.0012	193798	0.0048	48449.6	0.0012	0
153641	68ebaf5147831fc184ff65900230174116c2d5aed58bb94a63a8f185670f5dc5	2011-11-17 05:36:35	258	1032	1	0	0	0	1	2	10000000	0.246	10000000	0.246	0	0	0	0	0	0	0
153641	8d708e6f3c0a7eb399f38fc4633c427c40b36b248bd7a215e365a737f0d738e3	2011-11-17 05:36:35	224	896	1	0	0	0	1	1	54456592	1.3396	54406592	1.3384	50000	0.0012	223214	0.0055	55803.6	0.0014	0
153641	197baa9216e75b72b9ed644674a8bbef686f6b3a1635f4241eb7b075a5ef0b7b	2011-11-17 05:36:35	258	1032	1	0	0	0	1	2	62059678	1.5267	62059678	1.5267	0	0	0	0	0	0	0
153642	23620ea71e33bfefd70e3ef7cbc0e9c740d8763b91c59478e8fcd4b37b95ab48	2011-11-17 05:39:30	135	540	1	0	1	0	1	1	0	0	5000000000	123	0	0	0	0	0	0	0
153642	65a7172b261b6c7e1681a20548d9b426c0e36591293df6660c1b1d510dfafbca	2011-11-17 05:39:30	618	2472	1	0	0	0	3	2	4224550000	103.9239	4224550000	103.9239	0	0	0	0	0	0	1420.1808655359
153642	33950c5af990b222420590eb00bd92e9a5c2acd995d1e73c8c59e1b3d51b897b	2011-11-17 05:39:30	1160	4640	1	0	0	0	6	2	965602006	23.7538	965602006	23.7538	0	0	0	0	0	0	35.573149911861
153642	c506c25c128a84ffc6d32a77c0d3fd3b1b3b42c066d35593571a5f21c6262327	2011-11-17 05:39:30	799	3196	1	0	0	0	4	2	11332872898	278.7887	11332872898	278.7887	0	0	0	0	0	0	0
153643	9c1507ea8b72a1d3a56dbf28c12a46d5f148a0112a3070c30a86964df7f55c43	2011-11-17 05:49:38	181	724	1	0	1	0	1	1	0	0	5001250000	123.0308	0	0	0	0	0	0	0
153643	99d0b41ffacb8e2be8f4137ca6c09a97dacbc2a32bfda535dd53894a1aa14495	2011-11-17 05:49:38	223	892	1	0	0	0	1	1	4000000000	98.4	4000000000	98.4	0	0	0	0	0	0	660.8
153643	4c2ac2cb54c74fe1aac96956540b60ade987a6fb4b4a9fcb83e9bdf1f3b9a8c5	2011-11-17 05:49:38	192	768	1	0	0	0	1	2	5002900000	123.0713	5002900000	123.0713	0	0	0	0	0	0	504.85746240741
153643	2043216f30cc5521a81f8a854b985dddaa0e91d5f56fa83878b3eca617a06b5e	2011-11-17 05:49:38	192	768	1	0	0	0	1	2	5002950000	123.0726	5002950000	123.0726	0	0	0	0	0	0	477.58253347222
153643	2c3aaa44dc656bdfa9f0e8278e421d1f4baef4efa85b2f6120bcdc0739a8a8a5	2011-11-17 05:49:38	1698	6792	1	0	0	0	9	2	90715000000	2231.5891	90715000000	2231.5891	0	0	0	0	0	0	2154.2491966435
153643	d3112784a6d246125948e2e89a8edb034b4f5d390770bf25efe1224431600607	2011-11-17 05:49:38	259	1036	1	0	0	0	1	2	1689700000	41.5666	1689700000	41.5666	0	0	0	0	0	0	338.69293344907
153643	85787d6ec67c28f3e835568edab9ffcd184ba2d0ab4452810833071ca1dbf81a	2011-11-17 05:49:38	193	772	1	0	0	0	1	2	5001100000	123.0271	5001100000	123.0271	0	0	0	0	0	0	235.47656196759
153643	4a4b3da025a786ad17f1a25b9f54e193fd6b3a66f70fcb6a2db8fee47c64aeed	2011-11-17 05:49:38	193	772	1	0	0	0	1	2	5001150000	123.0283	5001150000	123.0283	0	0	0	0	0	0	218.86919407986
153643	8f04c4d37a49b40e663224dacf6ad1dd22b25d8ab2f6f66c7e6c5a9ee4dc59b0	2011-11-17 05:49:38	191	764	1	0	0	0	1	2	5002711010	123.0667	5002711010	123.0667	0	0	0	0	0	0	149.2388598695
153643	002443a62338cd2c8588226b88f885cac148adc2edd99e5a85f04e13e927c3c4	2011-11-17 05:49:38	193	772	1	0	0	0	1	2	5002119144	123.0521	5002119144	123.0521	0	0	0	0	0	0	139.04849112165
153643	55cfc77eefef3b93a6d94b9dbedc8b138ea375f10a0093c10875acee327ca83d	2011-11-17 05:49:38	618	2472	1	0	0	0	3	2	701117103	17.2475	701117103	17.2475	0	0	0	0	0	0	379.16363513848
153643	a67619880cc1cfa50bdaac97e14d447a847d342518551b64bb11c14ab3e3fe53	2011-11-17 05:49:38	259	1036	1	0	0	0	1	2	5000000000	123	5000000000	123	0	0	0	0	0	0	119.76793981481
153643	df73c098b0b6d3a4193b34ee816765b234ea5ab3a72bcd5f58a6c64ae9d1eff1	2011-11-17 05:49:38	259	1036	1	0	0	0	1	2	5000000000	123	5000000000	123	0	0	0	0	0	0	116.87037037037
153643	c9c0acf1b6b5d55b295eeb5eef26bd2211393a1654b837430b15ead417ed125f	2011-11-17 05:49:38	193	772	1	0	0	0	1	2	5000700000	123.0172	5000700000	123.0172	0	0	0	0	0	0	89.448284895833
153643	3c1f2557caf493059ccad65731bf1cb1e30f982044b820cf7f49857eda3537c7	2011-11-17 05:49:38	259	1036	1	0	0	0	1	2	5000000000	123	5000000000	123	0	0	0	0	0	0	116.27025462963
153643	5ef12cc4323b3e571db18228c7b5625f47ffa43116b33323e3646ea01fbca1d3	2011-11-17 05:49:38	258	1032	1	0	0	0	1	2	5000000000	123	5000000000	123	0	0	0	0	0	0	113.48206018519
153643	c7b0591ec4f887b140247abdeb3418ac330c6a526d76b19dbf8e5e43d87e5002	2011-11-17 05:49:38	437	1748	1	0	0	0	2	2	2322000000	57.1212	2322000000	57.1212	0	0	0	0	0	0	189.79898148148
153643	86647c2e14b4bbaf3cacc3af8b4b6b454fd41ca326b5eae9739f26f006f0baf9	2011-11-17 05:49:38	258	1032	1	0	0	0	1	2	5000000000	123	5000000000	123	0	0	0	0	0	0	110.28819444444
153643	1e210c22053c2ed982f7ff0f9a92a8e16caf34cdaec10fe8259322c4077d3f35	2011-11-17 05:49:38	259	1036	1	0	0	0	1	2	5000000000	123	5000000000	123	0	0	0	0	0	0	110.15914351852
153643	624052b56fa7418810a0b7b782928691489c2d2c3d117aad35acc0ab55841687	2011-11-17 05:49:38	257	1028	1	0	0	0	1	2	5000000000	123	5000000000	123	0	0	0	0	0	0	107.05844907407
153643	a102322b210ffa98a37b87c79f83bfcb584cddddfe1ca93297c177869200d4da	2011-11-17 05:49:38	193	772	1	0	0	0	1	2	5001292624	123.0318	5001292624	123.0318	0	0	0	0	0	0	82.189645347672
153643	e32f0a9b093ecf31230817eabd91686f4fb190e74c76a3b51cc21b1e02835c66	2011-11-17 05:49:38	192	768	1	0	0	0	1	2	5000700000	123.0172	5000700000	123.0172	0	0	0	0	0	0	69.874364375
153643	99afe0773e3ad23f9d79ee9cc5fec6ace15fe39d7931fd725b66a4907c10906e	2011-11-17 05:49:38	258	1032	1	0	0	0	1	2	5000000000	123	5000000000	123	0	0	0	0	0	0	76.243055555556
153643	17793eaa9f41b5952a1a1102930b43306791a2eaadca15f6ab104fbe10cceb76	2011-11-17 05:49:38	193	772	1	0	0	0	1	2	5001350000	123.0332	5001350000	123.0332	0	0	0	0	0	0	53.967113483796
153643	dd8d21d873fb0682b4ef55cbb26215183a50013247355e6f65c3bb925ef90b6f	2011-11-17 05:49:38	258	1032	1	0	0	0	1	2	5000000000	123	5000000000	123	0	0	0	0	0	0	71.97337962963
153643	16a81960b31598fffc2cdf091679c21f4b8ded2771304f45fa29fd372ed111c4	2011-11-17 05:49:38	258	1032	1	0	0	0	1	2	5000000000	123	5000000000	123	0	0	0	0	0	0	70.05150462963
153643	c368785b5e55e9bb2ade12817bb3d61ac9a75fd8229dc936ae9d0aa3c1357e64	2011-11-17 05:49:38	192	768	1	0	0	0	1	2	5000100000	123.0025	5000100000	123.0025	0	0	0	0	0	0	0
153643	aa92f0f12c696034da6597a4f5fef4ba8098d106f1cd6fcdc1d5a1eb9a89c756	2011-11-17 05:49:38	192	768	1	0	0	0	1	2	5001450000	123.0357	5001450000	123.0357	0	0	0	0	0	0	0
153643	a339a00a60e1a563aa64722193772a6fd4e615f8acec4e5d16ca46d8f6bfce9f	2011-11-17 05:49:38	619	2476	1	0	0	0	3	2	661000078	16.2606	661000078	16.2606	0	0	0	0	0	0	142.61136535614
153643	99f28541988bbc0a8bcd5bc1a1e26adb50002e1cd6f451240e824f4c4fa319b6	2011-11-17 05:49:38	258	1032	1	0	0	0	1	2	5000000000	123	5000000000	123	0	0	0	0	0	0	52.026041666667
153643	ae7b6015ee5ec3e1888651fd5783da541e11901f04cb6809ef57986efc0c3ff1	2011-11-17 05:49:38	258	1032	1	0	0	0	1	2	5000000000	123	5000000000	123	0	0	0	0	0	0	0
153643	c82ca7569af3b8499508d511eb17e968dc7b551aba5b6e6260b24507994a4a4a	2011-11-17 05:49:38	258	1032	1	0	0	0	1	2	5000000000	123	5000000000	123	0	0	0	0	0	0	0
153643	89686c796426c2e397c47909ae10ac6fce5b53730016c9cc5148612b8d74d36e	2011-11-17 05:49:38	224	896	1	0	0	0	1	1	4500000000	110.7	4500000000	110.7	0	0	0	0	0	0	0
153643	dd0c2047c548a4ccff5351fc86b5b4bc9fe64d9d1854834dc7aaa015833590bc	2011-11-17 05:49:38	259	1036	1	0	0	0	1	2	5000000000	123	5000000000	123	0	0	0	0	0	0	0
153643	a9bcaf05eef3cd7d54f4ad87c9e6f755914df1d6a6ea1d15fb37857c9bb1692d	2011-11-17 05:49:38	799	3196	1	0	0	0	4	2	1710137399	42.0694	1710137399	42.0694	0	0	0	0	0	0	114.5249249537
153643	fa76f819f7f8b8f1974fe4c4a1504f4e3a0465157b816d6a128758e09f90ca28	2011-11-17 05:49:38	259	1036	1	0	0	0	1	2	5000000000	123	5000000000	123	0	0	0	0	0	0	0
153643	4195aca6ed33a804f473517eacc3191e7134a04bf4789002bbcf8a781715f862	2011-11-17 05:49:38	258	1032	1	0	0	0	1	2	5000000000	123	5000000000	123	0	0	0	0	0	0	0
153643	9a5b1622f8616e4737e41bdd3508e101d30ed7633c1238209bb29a18edefd026	2011-11-17 05:49:38	258	1032	1	0	0	0	1	2	4899659056	120.5316	4899659056	120.5316	0	0	0	0	0	0	0
153643	2f98d03445f8a2b18dd268465f00ecee95adea9904e15e935d4129cefa68a4ae	2011-11-17 05:49:38	258	1032	1	0	0	0	1	2	5000000000	123	5000000000	123	0	0	0	0	0	0	0
153643	c3620e47b211df05a0ca80116b9f9b2bc79113d507713cfb3ba7c889e8e7ff8a	2011-11-17 05:49:38	798	3192	1	0	0	0	4	2	21581197629	530.8975	21581197629	530.8975	0	0	0	0	0	0	0
153643	7acb3b35388bd0064a7d39c8f8b7b184ce769bf292246054b6bead295b76c868	2011-11-17 05:49:38	1338	5352	1	0	0	0	7	2	6217885049	152.96	6217885049	152.96	0	0	0	0	0	0	64.423207189815
153643	ca76aa18b241b34d9ab15bdc4266936d36fbeaacc3d4ce18cfbe91f2b5414f90	2011-11-17 05:49:38	2637	10548	1	0	0	0	1	72	5000000000	123	5000000000	123	0	0	0	0	0	0	101.45891203704
153643	26cc1c3097d957afed338a362b3fdac4246e50d79fb0c47287b7b4d5b9913e0d	2011-11-17 05:49:38	258	1032	1	0	0	0	1	2	4486031087	110.3564	4486031087	110.3564	0	0	0	0	0	0	0
153643	1d22b24097785db84eb745eec41cce449c41c67c7204d3e57e26a695001ab382	2011-11-17 05:49:38	837	3348	1	0	0	0	1	19	1900000000	46.74	1900000000	46.74	0	0	0	0	0	0	23.843900462963
153643	18540576d145e67fcacb809a51a38a60319dd5ab358a5bebf3d6a93dc40af7c2	2011-11-17 05:49:38	258	1032	1	0	0	0	1	2	3874707831	95.3178	3874707831	95.3178	0	0	0	0	0	0	0
153643	c41623a859e9a4d03e2d4767579a150c9dd2263b138b5fa405ec5746b82d3815	2011-11-17 05:49:38	258	1032	1	0	0	0	1	2	3690006879	90.7742	3690006879	90.7742	0	0	0	0	0	0	0
153643	4ee68b1a82de4a7bfa48fe760b384cd4e98e0957998ddd80f008ff84d58bef0f	2011-11-17 05:49:38	585	2340	1	0	0	0	3	1	1335622508	32.8563	1335622508	32.8563	0	0	0	0	0	0	14.213152131511
153643	b5ce410a95e4227626cce7754de626c517a0a18249f2f46cf25861b112fa8595	2011-11-17 05:49:38	259	1036	1	0	0	0	1	2	3591232229	88.3443	3591232229	88.3443	0	0	0	0	0	0	0
153643	ea07fea023cb7797bdf6b2b587614a78347a31037502a89d040f94b078007219	2011-11-17 05:49:38	797	3188	1	0	0	0	4	2	8585591879	211.2056	8585591879	211.2056	0	0	0	0	0	0	0
153643	5fefc89d1fd4830c1f72a707c2193523ec0a59249993286886f4e1f93350c317	2011-11-17 05:49:38	259	1036	1	0	0	0	1	2	3400558081	83.6537	3400558081	83.6537	0	0	0	0	0	0	0
153643	125a4cc5b1fff537ffb6dad1554ba61f2e786a01d1c7415a2f10ac86b16d13ce	2011-11-17 05:49:38	258	1032	1	0	0	0	1	2	3017989007	74.2425	3017989007	74.2425	0	0	0	0	0	0	0
153643	66773326e2669e6af2e4f3b80b72989c3bb2b51e0bc378088e625090de71a7f3	2011-11-17 05:49:38	259	1036	1	0	0	0	1	2	2810394809	69.1357	2810394809	69.1357	0	0	0	0	0	0	0
153643	5d706d0c1e76179287407b985a027e38752d92365f301852cafdeb99a30877b3	2011-11-17 05:49:38	258	1032	1	0	0	0	1	2	2598649177	63.9268	2598649177	63.9268	0	0	0	0	0	0	0
153643	e34e50c99a1e598eaa1bc85f8a24794b8b932eca44ab375f35166026943171fc	2011-11-17 05:49:38	259	1036	1	0	0	0	1	2	2487623770	61.1955	2487623770	61.1955	0	0	0	0	0	0	0
153643	a9144da3739d0666b06867945df29de82a553866d03e782ac5ced44f5c9d2753	2011-11-17 05:49:38	257	1028	1	0	0	0	1	2	6028800000	148.3085	6028750000	148.3073	50000	0.0012	194553	0.0048	48638.1	0.0012	0
153643	d74c6a8b8e8005d19b0aa2022090865106422425c4ddd83e7d16e2981e9f4b33	2011-11-17 05:49:38	797	3188	1	0	0	0	4	2	18231069351	448.4843	18231069351	448.4843	0	0	0	0	0	0	0
153643	bf834039ea9c91a8f70d829442844f4b0be25cb0b64dcbc768b6685d61f3c2ec	2011-11-17 05:49:38	257	1028	1	0	0	0	1	2	1475840595	36.3057	1475840595	36.3057	0	0	0	0	0	0	0
153643	b12e54ab05a8ea25d46145757266da9ac012a8a3741f00c98a4c916f47619aff	2011-11-17 05:49:38	257	1028	1	0	0	0	1	2	1231055732	30.284	1231055732	30.284	0	0	0	0	0	0	0
153643	ea791923fa9fe0670fd87a1eda832bb210aa17c480ced090aa1aa51c42412466	2011-11-17 05:49:38	976	3904	1	0	0	0	5	2	1011017301	24.871	1010017301	24.8464	1000000	0.0246	1024590	0.0252	256148	0.0063	0.4076585938125
153643	c15698a26eecad8fe977f1ad9ee1f56899a6bc7d8819854477a1ffb690fa59fc	2011-11-17 05:49:38	798	3192	1	0	0	0	4	2	1138494332	28.007	1138494332	28.007	0	0	0	0	0	0	0
153643	048c9055a0249fe4c4e7a292898ab3a20b2150338ba4a06f34e8a0bbbaab9d82	2011-11-17 05:49:38	439	1756	1	0	0	0	2	2	31068554	0.7643	31018554	0.7631	50000	0.0012	113895	0.0028	28473.8	0.0007	0
153643	525dc9cf9c50809f6cee2ecb214246f54ab1c826c53083d44a9c5ba26f6dddd2	2011-11-17 05:49:38	982	3928	1	0	0	0	5	2	41600000	1.0234	41550000	1.0221	50000	0.0012	50916.5	0.0013	12729.1	0.0003	0
153643	ec30263a7289217bf66961f591e7423fbb97cb7b04bfc33781407cd698d5032b	2011-11-17 05:49:38	437	1748	1	0	0	0	2	2	80875808	1.9895	80825808	1.9883	50000	0.0012	114416	0.0028	28604.1	0.0007	0
153643	6f42a3cb956d4d09b9e9b2985f3b30a26557f52a48e61a87909d3ccc7563ec07	2011-11-17 05:49:38	619	2476	1	0	0	0	3	2	2100000	0.0517	2050000	0.0504	50000	0.0012	80775.4	0.002	20193.9	0.0005	0.037142650462963
153644	d7e8f98d4b0a7578cd6aaeeb1248649dc0852dfe7923566b8270cfa22e65ca29	2011-11-17 05:49:52	134	536	1	0	1	0	1	1	0	0	5000000000	123	0	0	0	0	0	0	0
153644	bf416d3295fe6aa01245d17bdb14f5d6eba6853dab210a824c25bb2e1a8fea1c	2011-11-17 05:49:52	225	900	1	0	0	0	1	1	1000000000	24.6	1000000000	24.6	0	0	0	0	0	0	782.803125
153644	050454e7a61571b2528cbf196bb94469a97d4416eb02cbecd7de6dbb2f9f980a	2011-11-17 05:49:52	257	1028	1	0	0	0	1	2	1570906821	38.6443	1570906821	38.6443	0	0	0	0	0	0	0
153644	8d18953bee154b1918cfe7a74dca6576d66ae0355137003320a33ef6343ca486	2011-11-17 05:49:52	258	1032	1	0	0	0	1	2	65710000	1.6165	65710000	1.6165	0	0	0	0	0	0	0
153644	199a77ad5f1e615e8ba243530d5d67d5cc8e3414f499ddc5640308ff65e445dc	2011-11-17 05:49:52	258	1032	1	0	0	0	1	2	43059678	1.0593	43059678	1.0593	0	0	0	0	0	0	0
153645	00efa37bbe8e7b5d20d95fe9bf00b58f5765fb9be261afcde6a246c1cfbd95c1	2011-11-17 05:53:11	135	540	1	0	1	0	1	1	0	0	5000050000	123.0012	0	0	0	0	0	0	0
153645	d9ded995bd7b51a002f6fea32d7194c3b488e0804e4a87303c1e1cf389bdfc85	2011-11-17 05:53:11	157	628	1	0	0	0	1	1	5000000000	123	5000000000	123	0	0	0	0	0	0	0
153645	8aa33a86c3b96e3667713bb09b34f7a57bae0ac42fb311c64a4cac299a8367a0	2011-11-17 05:53:11	258	1032	1	0	0	0	1	2	5858358929	144.1156	5858358929	144.1156	0	0	0	0	0	0	0
153645	a0b77fc661336137d4eb4bfaba90c409380070b0247b12cf1e0e6d3bfd3725c1	2011-11-17 05:53:11	258	1032	1	0	0	0	1	2	942368428	23.1823	942318428	23.181	50000	0.0012	193798	0.0048	48449.6	0.0012	0
153646	06451fa39652bb974f71844d04ca3ead9450210d56cd0ace7d2190f050b32bd9	2011-11-17 05:58:58	181	724	1	0	1	0	1	1	0	0	5000200000	123.0049	0	0	0	0	0	0	0
153646	0108ac1f8ff3fad4d273134a1fc0ef6c0c6e223b6473e058f1a21afce5aba5cc	2011-11-17 05:58:58	273	1092	1	0	0	0	2	1	10002850000	246.0701	10002850000	246.0701	0	0	0	0	0	0	0
153646	d9cdc0bc7d5542067ad400c25879992e6f07ea07a68ca355e156be70dc933ad2	2011-11-17 05:58:58	402	1608	1	0	0	0	2	1	10348000000	254.5608	10348000000	254.5608	0	0	0	0	0	0	0
153646	8d34892d9b92bfa912b2a7dfba9c691ac5294acc7fc1f4bf32e1f1fd62f06211	2011-11-17 05:58:58	257	1028	1	0	0	0	1	2	14310670595	352.0425	14310670595	352.0425	0	0	0	0	0	0	0
153646	30f212c4b4fb35c68ad0f9ae7d9235e51a66216efaefc01b7a06814e9bcd6769	2011-11-17 05:58:58	799	3196	1	0	0	0	4	2	14212411300	349.6253	14212411300	349.6253	0	0	0	0	0	0	0
153646	64dc5931d9b88cdca5fdacba968ed5c43cb11023166e8c2bb5d514ae70fb738a	2011-11-17 05:58:58	1517	6068	1	0	0	0	8	2	415000000	10.209	415000000	10.209	0	0	0	0	0	0	45.512853240741
153646	8c574ddb892e82d6bac4f28bf8b0a38542391f8566d3ef48a6248a54031e9311	2011-11-17 05:58:58	258	1032	1	0	0	0	1	2	645496697	15.8792	645496697	15.8792	0	0	0	0	0	0	0
153646	d28ddf7943ec463bfe62a363bacf81c9d054eb748474a18be11ca4640031e80d	2011-11-17 05:58:58	797	3188	1	0	0	0	4	2	8993947388	221.2511	8993947388	221.2511	0	0	0	0	0	0	0
153646	91d20392c4765625a23220858b8cf1cbf8789266b4ed0d257939f5fd701e3b92	2011-11-17 05:58:58	1558	6232	1	0	0	0	2	35	3435000000	84.501	3434900000	84.4985	100000	0.0025	64184.9	0.0016	16046.2	0.0004	0
153646	0cd9b1c56d5400d0007ca0e7dd13cad78157e75514333207a2fad7cbfb529fd6	2011-11-17 05:58:58	583	2332	1	0	0	0	3	1	15434900000	379.6985	15434900000	379.6985	0	0	0	0	0	0	139.94166666667
153646	0a998bdd4353ba799d424a62907abdd77eb53294ae33a52b2f000de93b6aed9e	2011-11-17 05:58:58	259	1036	1	0	0	0	1	2	5760762213	141.7148	5760712213	141.7135	50000	0.0012	193050	0.0047	48262.5	0.0012	0
153646	5e7179ca6f8e2889be8825ff16ac1ac180223145ce858db11f4b93908080efc7	2011-11-17 05:58:58	764	3056	1	0	0	0	4	1	20050000	0.4932	20000000	0.492	50000	0.0012	65445	0.0016	16361.3	0.0004	0
153647	245ef234f46870ebfe84d718d59ef6134d442494eb32c3014b9a31c82f42b558	2011-11-17 06:10:18	135	540	1	0	1	0	1	1	0	0	5003006293	123.074	0	0	0	0	0	0	0
153647	24450e515fe572211f5162980c6a26015d5b78a10da5e457a01b5cbfd68692dd	2011-11-17 06:10:18	17888	71552	1	0	0	0	99	2	10547952400	259.4796	10547052400	259.4575	900000	0.0221	50313.1	0.0012	12578.3	0.0003	5642.3517225355
153647	6ed6892e5d9dd4cc05ec1d628499ff80803ebc4a32786b15624d1581c0c50bba	2011-11-17 06:10:18	256	1024	1	0	0	0	1	2	1819871904	44.7688	1819871904	44.7688	0	0	0	0	0	0	35.527522459222
153647	f77fd3d2e389aeb1d55471e648817c598b294250447de06e6960f8285611d4a3	2011-11-17 06:10:18	258	1032	1	0	0	0	1	2	14487253000	356.3864	14487253000	356.3864	0	0	0	0	0	0	0
153647	896fa526e3d0ae2825c28d14fb5f865f6fc9c9dedf783b1982233ad007be8af3	2011-11-17 06:10:18	258	1032	1	0	0	0	1	2	12678924261	311.9016	12678924261	311.9016	0	0	0	0	0	0	0
153647	33e37029acf7bb0ad776fecf2ab75ccc0f9d9197b962ee0c36fcb4f6ce0a1633	2011-11-17 06:10:18	259	1036	1	0	0	0	1	2	1468875488	36.1343	1467875488	36.1097	1000000	0.0246	3861000	0.095	965251	0.0237	0
153647	76f58b7cf5be788593a14575de13eaacb6323f27324f8806fc263d8962bc4114	2011-11-17 06:10:18	258	1032	1	0	0	0	1	2	10002467790	246.0607	10002467790	246.0607	0	0	0	0	0	0	0
153647	90d120d0a2a6ba7dddfe339a6585d0a47fcf90fa7a90ecb13a97bec3ddfdb044	2011-11-17 06:10:18	259	1036	1	0	0	0	1	2	11370748896	279.7204	11370748896	279.7204	0	0	0	0	0	0	0
153647	6d41706de165bc5d98ed0915b8b827a62841cd750d40e3044eea5ffcc70ab917	2011-11-17 06:10:18	258	1032	1	0	0	0	1	2	9918593387	243.9974	9918593387	243.9974	0	0	0	0	0	0	0
153647	da89f97f19bd31bd42fcfea4013c2d53d3aa9bb133fff21ec0f5d0dc83b52fc6	2011-11-17 06:10:18	257	1028	1	0	0	0	1	2	10821509193	266.2091	10821509193	266.2091	0	0	0	0	0	0	0
153647	24eb2eb266c79b4d3601ca58ab30ef44cd5b4daafc58b0c5c8c305cd285ee087	2011-11-17 06:10:18	258	1032	1	0	0	0	1	2	10620050000	261.2532	10620050000	261.2532	0	0	0	0	0	0	0
153647	2bbae9bf6ed7c8c8e1b34ff6293bf13b678f93bc76ec3fc5770f236c2ffdafde	2011-11-17 06:10:18	258	1032	1	0	0	0	1	2	9255923467	227.6957	9255923467	227.6957	0	0	0	0	0	0	0
153647	c27b2fe68f41dd3e88aaf5c7a04340341b045a3beb99dabda732360bc3997a17	2011-11-17 06:10:18	258	1032	1	0	0	0	1	2	9190000000	226.074	9190000000	226.074	0	0	0	0	0	0	0
153647	6439068d80614649fa2603532f5805ee2a2811441b9fc8955c1b5c97ccf8256a	2011-11-17 06:10:18	258	1032	1	0	0	0	1	2	8881500830	218.4849	8881500830	218.4849	0	0	0	0	0	0	0
153647	df4009b214e59362a41c39a74a707e8d5595f16ffd61e27bee1323e8a9e68a61	2011-11-17 06:10:18	258	1032	1	0	0	0	1	2	8717100000	214.4407	8717100000	214.4407	0	0	0	0	0	0	0
153647	c721879b5a4906a20abd2430a26d883acd7337f4741fc4e6315a22fd0c33d085	2011-11-17 06:10:18	258	1032	1	0	0	0	1	2	8502250000	209.1553	8502250000	209.1553	0	0	0	0	0	0	0
153647	af39037a2360b023a4e3640dbfb9a4bc51744331ce60be1df370c37bd3a345e9	2011-11-17 06:10:18	258	1032	1	0	0	0	1	2	4203526076	103.4067	4203526076	103.4067	0	0	0	0	0	0	0
153647	474cedf8432e36c87b48a92b560b41da828a7ce5a5855d3ba484b321cc13153b	2011-11-17 06:10:18	258	1032	1	0	0	0	1	2	5002450000	123.0603	5002450000	123.0603	0	0	0	0	0	0	0
153647	7460ee3add0af574f690759e75b2627b9d8f9cf7d69e8af273a4c46bb7972606	2011-11-17 06:10:18	258	1032	1	0	0	0	1	2	5002046419	123.0503	5002046419	123.0503	0	0	0	0	0	0	0
153647	6233382e27eea3800a3fec2feacd744ec02604e4ab8b45f8492919397d438625	2011-11-17 06:10:18	258	1032	1	0	0	0	1	2	7085869818	174.3124	7085869818	174.3124	0	0	0	0	0	0	0
153647	522b0563fe783424f6b11374802b0d0a422ad37e3d0bfe144f4ab4a36651af6d	2011-11-17 06:10:18	258	1032	1	0	0	0	1	2	6304477476	155.0901	6304477476	155.0901	0	0	0	0	0	0	0
153647	f50a3831efcafade594fa697590762d9334dfe17b10d9f05236782898194b0e1	2011-11-17 06:10:18	259	1036	1	0	0	0	1	2	6132352319	150.8559	6132352319	150.8559	0	0	0	0	0	0	0
153647	f2422a700cdbd15cb0ca142ca227cbda83b5f6ba45aecaa10856e1819440f020	2011-11-17 06:10:18	258	1032	1	0	0	0	1	2	5411796433	133.1302	5411796433	133.1302	0	0	0	0	0	0	0
153647	2cb236e5c523d5beeb355214e1b04e6f8ed91b93223f2c840b3df004313943c7	2011-11-17 06:10:18	258	1032	1	0	0	0	1	2	5062992446	124.5496	5062992446	124.5496	0	0	0	0	0	0	0
153647	61b8406bfe9d56d14e968aa0378b2ae95017d2b22d6ebaf7d2f46e5c8db61e15	2011-11-17 06:10:18	439	1756	1	0	0	0	2	2	1023576000	25.18	1023576000	25.18	0	0	0	0	0	0	0
153647	e84b35964ee7ba8679f4fa68b58da6551e29d7d7d096b88870c593fc33941f0b	2011-11-17 06:10:18	259	1036	1	0	0	0	1	2	4699780466	115.6146	4699780466	115.6146	0	0	0	0	0	0	0
153647	cc609c6eaf6349280d3ec04584a0732b96cd796cb50a68daf9be9286322edff7	2011-11-17 06:10:18	259	1036	1	0	0	0	1	2	4552100000	111.9817	4552100000	111.9817	0	0	0	0	0	0	0
153647	23b00e5069b152c09ef789afa24b29b16de4f77f4406b7f016b644ead58d9b09	2011-11-17 06:10:18	258	1032	1	0	0	0	1	2	4675000000	115.005	4675000000	115.005	0	0	0	0	0	0	0
153647	0002c25ab87d20e48d40809134bd01d83c1453107c41f3cc274504606f65163b	2011-11-17 06:10:18	258	1032	1	0	0	0	1	2	4670350000	114.8906	4670350000	114.8906	0	0	0	0	0	0	0
153647	6e83177222193da8bbb020ce6448cc6034fcfe5db321046b65f6168460241677	2011-11-17 06:10:18	259	1036	1	0	0	0	1	2	4637077968	114.0721	4637077968	114.0721	0	0	0	0	0	0	0
153647	fa81dde4884003c97c101e1f62812ee73a3219471a14514db19d96bf6813486a	2011-11-17 06:10:18	257	1028	1	0	0	0	1	2	4438300010	109.1822	4438300010	109.1822	0	0	0	0	0	0	0
153647	7d36d6984fdddf4c761a2644e724cbcc0c8069f9478cbdb8b6f904a935c73501	2011-11-17 06:10:18	225	900	1	0	0	0	1	1	4000000000	98.4	4000000000	98.4	0	0	0	0	0	0	0
153647	798097f0902fddb2b130baa95f8e114b57d52463d5b8adb3673edf1fbbd09897	2011-11-17 06:10:18	259	1036	1	0	0	0	1	2	3927673657	96.6208	3927673657	96.6208	0	0	0	0	0	0	0
153647	e3e948e1e3399543b5293ffe4ab55cd17b3f63b8c357618d5697a08f7339b0f4	2011-11-17 06:10:18	258	1032	1	0	0	0	1	2	3892000000	95.7432	3892000000	95.7432	0	0	0	0	0	0	0
153647	19ccedc5623375bcf1ff549879a77b151b378690cb0aaa39a33e1b612afa4f11	2011-11-17 06:10:18	257	1028	1	0	0	0	1	2	3446088885	84.7738	3446088885	84.7738	0	0	0	0	0	0	0
153647	bfe9af11a905daed6fd687639001732171925d750a83e04847d30627bc95119e	2011-11-17 06:10:18	259	1036	1	0	0	0	1	2	3440350160	84.6326	3440350160	84.6326	0	0	0	0	0	0	0
153647	3252efce3335e7180875d3b38590ebefa458ce7bc7b8bc24864f5af8b2be92cb	2011-11-17 06:10:18	437	1748	1	0	0	0	2	2	1550100000	38.1325	1550100000	38.1325	0	0	0	0	0	0	0
153647	636eab1a3dcb87a0408be9e645189a28231fa96fa6b0de0d491e8bf39abcca69	2011-11-17 06:10:18	258	1032	1	0	0	0	1	2	3507100000	86.2747	3507100000	86.2747	0	0	0	0	0	0	0
153647	0f186af5246266f8825c23ca4423358571e989635daa85305fb2bb742c2ab870	2011-11-17 06:10:18	797	3188	1	0	0	0	4	2	3531110735	86.8653	3531110735	86.8653	0	0	0	0	0	0	0
153647	98a3efb953ffddc0526a78e9f38c02ce7eaafbcd66a3344f203763bda38a590b	2011-11-17 06:10:18	224	896	1	0	0	0	1	1	3500000000	86.1	3500000000	86.1	0	0	0	0	0	0	0
153647	b56e86395a69f4ff8727888f32a346360b3ee0b4723c8ad73eea6d8898aa7f5b	2011-11-17 06:10:18	258	1032	1	0	0	0	1	2	2659101663	65.4139	2659101663	65.4139	0	0	0	0	0	0	0
153647	9412f25b43767181f31ebc0e58f3fa8010be21f0b2eca79316e18776877a178a	2011-11-17 06:10:18	258	1032	1	0	0	0	1	2	2978064570	73.2604	2978064570	73.2604	0	0	0	0	0	0	0
153647	fa721c5ef666a621e8adea2fce417e78f5e44600a4e1bef993e2c271ccda034a	2011-11-17 06:10:18	258	1032	1	0	0	0	1	2	2758150000	67.8505	2758150000	67.8505	0	0	0	0	0	0	0
153647	ae251f81c6a0e4bba339adf5e4c616593685a06d9401fec368bd98063529f99d	2011-11-17 06:10:18	258	1032	1	0	0	0	1	2	2753453496	67.735	2753453496	67.735	0	0	0	0	0	0	0
153647	963177994f92688b244db497703d10148033fb609f7657f18b534afd9e2a1d75	2011-11-17 06:10:18	259	1036	1	0	0	0	1	2	2151152383	52.9184	2151152383	52.9184	0	0	0	0	0	0	0
153647	89d11d4de933ff165c6d8b2976cb26ecc27d98537e85e9ac0b936c6a4ebe5cf9	2011-11-17 06:10:18	257	1028	1	0	0	0	1	2	10002850000	246.0701	10002850000	246.0701	0	0	0	0	0	0	0
153647	86a54770a1f1aa06d5b77134754a4836f54b8120ca73451b62d07aec521a87a2	2011-11-17 06:10:18	496	1984	1	0	0	0	1	9	2997018051	73.7266	2996968051	73.7254	50000	0.0012	100806	0.0025	25201.6	0.0006	0
153647	766adf496728e3a943fc9cd58cbac30f51927f22c78c334e261e5149ac5eafaf	2011-11-17 06:10:18	438	1752	1	0	0	0	2	2	2055000000	50.553	2055000000	50.553	0	0	0	0	0	0	0
153647	ab08b27c18657b9fee5fc25ef5762a514a896b6407ca057ae6e66e244670a705	2011-11-17 06:10:18	258	1032	1	0	0	0	1	2	1066241746	26.2295	1066191746	26.2283	50000	0.0012	193798	0.0048	48449.6	0.0012	0
153647	5a8685495c02265ab7318c4f04a3ba07ef8182cdbf0b662dd591d832e6f1d22e	2011-11-17 06:10:18	258	1032	1	0	0	0	1	2	198000000	4.8708	197950000	4.8696	50000	0.0012	193798	0.0048	48449.6	0.0012	0
153647	f28d6e074174ce2160883915dbafc63041ba499d4c959144f3d6101756f16d22	2011-11-17 06:10:18	259	1036	1	0	0	0	1	2	1358906821	33.4291	1358906821	33.4291	0	0	0	0	0	0	0
153647	a05ea1935d500d47ba375fbde60ff3f46f92e082d05bca6b3fb587d5f000728d	2011-11-17 06:10:18	978	3912	1	0	0	0	5	2	643880000	15.8394	643880000	15.8394	0	0	0	0	0	0	0
153647	b5e4384a105d4bfdfae7c85661f0bcfaf884eab0dba3877fb0fa99160ac5928a	2011-11-17 06:10:18	258	1032	1	0	0	0	1	2	811019532	19.9511	810969532	19.9499	50000	0.0012	193798	0.0048	48449.6	0.0012	0
153647	925e4a307c649f980d3ba0a4d31ebc591eb258e24b842c838e29d6699c902106	2011-11-17 06:10:18	258	1032	1	0	0	0	1	2	190396988	4.6838	190346988	4.6825	50000	0.0012	193798	0.0048	48449.6	0.0012	0
153647	01ea043b2476a04eccceefc412a0db8491c7b222604b57c053f475420d7d38d6	2011-11-17 06:10:18	439	1756	1	0	0	0	2	2	73769678	1.8147	73769678	1.8147	0	0	0	0	0	0	0
153647	8b34b013c1e646770c276043b07c752eb374cb2545e0325c7d630b6542fff553	2011-11-17 06:10:18	223	892	1	0	0	0	1	1	1856293	0.0457	1000000	0.0246	856293	0.0211	3839880	0.0945	959970	0.0236	0
153647	b09b66727c5b50ad8a3a91baaacda4e7d9326cb7fa9a87d76d24e1ceb8904b5a	2011-11-17 06:10:18	257	1028	1	0	0	0	1	2	51992446	1.279	51992446	1.279	0	0	0	0	0	0	0
153647	1bff304aaa8577a9202c99a1680916e8afa8f9460cd24d28ce7dcc3e7980f9f0	2011-11-17 06:10:18	257	1028	1	0	0	0	1	2	1659101663	40.8139	1659101663	40.8139	0	0	0	0	0	0	0
153647	b8167cbb28566557bc5ad99249421770df549d00fce5dd5443eb96f46745b979	2011-11-17 06:10:18	259	1036	1	0	0	0	1	2	1217906821	29.9605	1217906821	29.9605	0	0	0	0	0	0	0
153647	1443e90d3cfb7306464c65c934ee024b24dcd672078a27d2ca9fd925e583fe25	2011-11-17 06:10:18	259	1036	1	0	0	0	1	2	30699479	0.7552	30699479	0.7552	0	0	0	0	0	0	0
153647	4b149f60cceb129d0b8484280f981e67cbdfd313ccf7de447aec728407d18555	2011-11-17 06:10:18	258	1032	1	0	0	0	1	2	1143101663	28.1203	1143101663	28.1203	0	0	0	0	0	0	0
153647	ae476482702d1224f8270bb0f71a4e9e13b331b1cea0125c736770c0daef783f	2011-11-17 06:10:18	258	1032	1	0	0	0	1	2	1197906821	29.4685	1197906821	29.4685	0	0	0	0	0	0	0
153647	3d06128f1d7198804519f0def22073ce2b058f53041127af6c332d4e76a46a4b	2011-11-17 06:10:18	257	1028	1	0	0	0	1	2	8699479	0.214	8699479	0.214	0	0	0	0	0	0	0
153647	518da6f01c5a04b098e9b0d7729a99897cb441461801267eb3886cd4df506fde	2011-11-17 06:10:18	258	1032	1	0	0	0	1	2	998101663	24.5533	998101663	24.5533	0	0	0	0	0	0	0
153647	040ee5f506d75f77e6bade8688c5859c756e4baef22fc579d9c13524d89c270e	2011-11-17 06:10:18	258	1032	1	0	0	0	1	2	933906821	22.9741	933906821	22.9741	0	0	0	0	0	0	0
153647	67a4bd5a2621f0afbb16de51cb83509a251b42347da13a565ee01e3c95f18b42	2011-11-17 06:10:18	436	1744	1	0	0	0	2	2	5691925	0.14	5691925	0.14	0	0	0	0	0	0	0
153647	ac23fd0c43ccec9881a3c427ce197b1dbdde62000316f1e7deea19e519022d4e	2011-11-17 06:10:18	258	1032	1	0	0	0	1	2	796101663	19.5841	796101663	19.5841	0	0	0	0	0	0	0
153647	9f17169aa9803d6bb90e566cf369ebf6e2c67ac2e61ff062569608df7a1c1d11	2011-11-17 06:10:18	257	1028	1	0	0	0	1	2	833906821	20.5141	833906821	20.5141	0	0	0	0	0	0	0
153647	e330ed6f816a893cb5687b1944a4c4ebbe0792f1875688b4edfb0157c3458e04	2011-11-17 06:10:18	259	1036	1	0	0	0	1	2	671101663	16.5091	671101663	16.5091	0	0	0	0	0	0	0
153647	c69591b93a3834fc82317e7ed2df7a47ff7327e40d2bf228f639d8ca9449ce59	2011-11-17 06:10:18	258	1032	1	0	0	0	1	2	730906821	17.9803	730906821	17.9803	0	0	0	0	0	0	0
153647	abb83f58f55605b004f6e5dcfb1374bf7341df406762ac8b02891f87e83e3e4a	2011-11-17 06:10:18	257	1028	1	0	0	0	1	2	610906821	15.0283	610906821	15.0283	0	0	0	0	0	0	0
153647	877541509d1e3006fb581b07f9b632e822880b222b2bc4584b8bebccc3015711	2011-11-17 06:10:18	258	1032	1	0	0	0	1	2	449906821	11.0677	449906821	11.0677	0	0	0	0	0	0	0
153647	ae8fc55ad2744198ebc719232be34e4d1d8cf033a1552071f614264b217d4911	2011-11-17 06:10:18	258	1032	1	0	0	0	1	2	339906821	8.3617	339906821	8.3617	0	0	0	0	0	0	0
153647	a5248050a0baeabe875a61211a1db8d900d87f24e6e5849b6df6bc35651f22e8	2011-11-17 06:10:18	258	1032	1	0	0	0	1	2	329906821	8.1157	329906821	8.1157	0	0	0	0	0	0	0
153647	ece6230bc02e7100f9ad0833445cccb00d6692af40751df9496ac04593efcf4d	2011-11-17 06:10:18	258	1032	1	0	0	0	1	2	275906821	6.7873	275906821	6.7873	0	0	0	0	0	0	0
153647	c4deb86b4dd2e62d5647509095e193228f1f1ac629b6e9f86712fe6ae6022bb6	2011-11-17 06:10:18	258	1032	1	0	0	0	1	2	265906821	6.5413	265906821	6.5413	0	0	0	0	0	0	0
153647	c858c08e95b8843fd75b7de4bf8a2c94fc779fe4b50ef7d9e8d69b8eb9cd062e	2011-11-17 06:10:18	258	1032	1	0	0	0	1	2	251906821	6.1969	251906821	6.1969	0	0	0	0	0	0	0
153647	269a7613ff7d2f89731155a762c97fbdde82197cdea424bd83e251735f6e713c	2011-11-17 06:10:18	259	1036	1	0	0	0	1	2	197906821	4.8685	197906821	4.8685	0	0	0	0	0	0	0
153647	edc31acaf84023abd83285d3bfbc19e563f99b7da66c6b7225fbc4ec9843e585	2011-11-17 06:10:18	257	1028	1	0	0	0	1	2	97906821	2.4085	97906821	2.4085	0	0	0	0	0	0	0
153647	a0feb3a9e6dc156d24a233777d546422255fa1a9b18e966d2307fb1d2221a421	2011-11-17 06:10:18	258	1032	1	0	0	0	1	2	80906821	1.9903	80906821	1.9903	0	0	0	0	0	0	0
153647	7daf8c76a80cf67f20fcd826f39aa9aaf86b507a4f7b5969d0a38f5c0d47d69e	2011-11-17 06:10:18	259	1036	1	0	0	0	1	2	55906821	1.3753	55906821	1.3753	0	0	0	0	0	0	0
153647	9ad0c27416edd0c321f9a8e32b2323331a55ce6c01499c022892794489cdfc88	2011-11-17 06:10:18	258	1032	1	0	0	0	1	2	49906821	1.2277	49906821	1.2277	0	0	0	0	0	0	0
153648	8007ac46657b0dd7edec55f91bf5beefd38682ad9ede31f5aa14b4a726d879da	2011-11-17 06:22:25	134	536	1	0	1	0	1	1	0	0	5002470000	123.0608	0	0	0	0	0	0	0
153648	284c69bc2a853cdac2e96740d9c4a24c55b147774356b54f1c96d2632e39eb54	2011-11-17 06:22:25	1300	5200	1	0	0	0	7	1	10581404215	260.3026	10581404215	260.3026	0	0	0	0	0	0	2648.745448517
153648	57df1534b45beb374b6582b31f2b58fce61fb56f8b31867a48c6219c56eaa637	2011-11-17 06:22:25	801	3204	1	0	0	0	4	2	713084268585	17541.873	713084268585	17541.873	0	0	0	0	0	0	705.29537380958
153648	b709061229ca48391c09bccbb58d966c917b3676b3f524dca2129e721f675922	2011-11-17 06:22:25	799	3196	1	0	0	0	4	2	916702389841	22550.8789	916702389841	22550.8789	0	0	0	0	0	0	537.47845482394
153648	5ba8323e10b6dd5b97764bb05ddc9ff10e6cec2c42dc3a1e7af188abcc096ec1	2011-11-17 06:22:25	257	1028	1	0	0	0	1	2	163123041823	4012.8269	163123041823	4012.8269	0	0	0	0	0	0	95.608227290703
153648	f3b27c2071720d8a9530f7cbd54da26008ef47241e1a37144ef4db9e56caca72	2011-11-17 06:22:25	1519	6076	1	0	0	0	8	2	4601072393	113.1864	4601052393	113.1859	20000	0.0005	13166.6	0.0003	3291.64	0.0001	247.52522104696
153648	07ead2768c3c6e40be98c4d463efef40868b82808a783b2faee8c728c0b0fd78	2011-11-17 06:22:25	798	3192	1	0	0	0	4	2	114935653053	2827.417	114935653053	2827.417	0	0	0	0	0	0	89.442668780055
153648	e25a659584156ae661cf93784581cf914e8c5cc42ee375c46cab3d7b6df7c0ee	2011-11-17 06:22:25	258	1032	1	0	0	0	1	2	27856200000	685.2625	27856150000	685.2613	50000	0.0012	193798	0.0048	48449.6	0.0012	27.466084236111
153648	040c23ce0c18238c40e52f03da74a3e2f0a0b52f3cefd25ae7cdad468aaaa4a6	2011-11-17 06:22:25	259	1036	1	0	0	0	1	2	2086844125	51.3364	2086844125	51.3364	0	0	0	0	0	0	26.663781288802
153648	dd489d35a92acbaf972bb2e23001ae462501c390ec981b66847e459f150d9558	2011-11-17 06:22:25	258	1032	1	0	0	0	1	2	3866100000	95.1061	3866050000	95.1048	50000	0.0012	193798	0.0048	48449.6	0.0012	1.6873915625
153648	ccd51f219e613f5b06af74bd3f1bd461d8a49a0113d757a9a37e09bd341d6fdd	2011-11-17 06:22:25	258	1032	1	0	0	0	1	2	6026750000	148.2581	6026700000	148.2568	50000	0.0012	193798	0.0048	48449.6	0.0012	1.3720621817129999
153648	68dbb232736dd7290105e5f7d541a511ad6fc940eebef9e7b83e60bf442a24e1	2011-11-17 06:22:25	257	1028	1	0	0	0	1	2	14299613919	351.7705	14299613919	351.7705	0	0	0	0	0	0	2.3286524055594002
153648	b33dda0281c380c929fe1a587f1655a4392dea0edc842c259f250218302de185	2011-11-17 06:22:25	796	3184	1	0	0	0	4	2	524789569	12.9098	524789569	12.9098	0	0	0	0	0	0	3.4923423795731
153648	047f4cd5d17e58817821f625fac6987b229b1ff26b1a7a316fe88c5e7d966c40	2011-11-17 06:22:25	619	2476	1	0	0	0	3	2	1702000000	41.8692	1702000000	41.8692	0	0	0	0	0	0	2.3127383101852
153648	9063d53dd798cf317e3df8928c46c2967afc3dad29cfe386d02d256a68fc8f9f	2011-11-17 06:22:25	258	1032	1	0	0	0	1	2	5684567344	139.8404	5684517344	139.8391	50000	0.0012	193798	0.0048	48449.6	0.0012	0.92571600150556
153648	03042c3204cd0066a3d26bcfbd07586ac855f60704d668e52c90078f05cf9162	2011-11-17 06:22:25	404	1616	1	0	0	0	2	1	2631700000	64.7398	2630000000	64.698	1700000	0.0418	4207920	0.1035	1051980	0.0259	0.56011626157407
153648	5ffa349d55efe23feedf59585d98a876a96af1176891a9037af7e5adff6e0b5d	2011-11-17 06:22:25	2172	8688	1	0	0	0	2	53	3906016354	96.088	3905866354	96.0843	150000	0.0037	69060.8	0.0017	17265.2	0.0004	1.077353801086
153648	aa5e4c76f1f7b7b009edd9741d272b8900afda27e4c6167eaf0a115f1c6de1f7	2011-11-17 06:22:25	258	1032	1	0	0	0	1	2	2416968051	59.4574	2416918051	59.4562	50000	0.0012	193798	0.0048	48449.6	0.0012	0.20337219595799
153648	3c43b14fde2fd163b2a644b507eaa1c6808407dd0df84795d945c4af78c3db63	2011-11-17 06:22:25	617	2468	1	0	0	0	3	2	1002900000	24.6713	1002850000	24.6701	50000	0.0012	81037.3	0.002	20259.3	0.0005	0.27433884259259
153648	be24ee7a7ac8c4fc5a995d9591ac84d2b195b0f69e663aebec7bd0f033ba97e0	2011-11-17 06:22:25	799	3196	1	0	0	0	4	2	106394090	2.6173	106344090	2.6161	50000	0.0012	62578.2	0.0015	15644.6	0.0004	0.44867511598171
153648	4f94302d8bbb59fd1fd92875eb7d0f2a2cff4bf3be7b0bfd80c254f37ee5089e	2011-11-17 06:22:25	257	1028	1	0	0	0	1	2	697123131	17.1492	697073131	17.148	50000	0.0012	194553	0.0048	48638.1	0.0012	0.058658393082986
153648	5043e2fb0b41ea000e7b274877a3f93c2df56854bc1e7d86c9b928c3fd1bd33b	2011-11-17 06:22:25	437	1748	1	0	0	0	2	2	117578400	2.8924	117528400	2.8912	50000	0.0012	114416	0.0028	28604.1	0.0007	0.055707233425926
153648	4d91f3bd34e4d5c5b3fa883bf7280d53f019872f030c1d56954b381ee2d606e4	2011-11-17 06:22:25	801	3204	1	0	0	0	4	2	104288851	2.5655	104238851	2.5643	50000	0.0012	62422	0.0015	15605.5	0.0004	0.074442906600694
153648	161db762a0592a632d998758360e0c45a7d6bd981f7a464b37906a2e597da664	2011-11-17 06:22:25	762	3048	1	0	0	0	4	1	1700000	0.0418	1600000	0.0394	100000	0.0025	131234	0.0032	32808.4	0.0008	0.077986400462963
153649	a5e60dd065a3a67c4f2ee7d18ca80de9710ea73a204feb94f0bf1e20540386f1	2011-11-17 06:31:31	136	544	1	0	1	0	1	1	0	0	5000310000	123.0076	0	0	0	0	0	0	0
153649	3a8954add69cb1ef52ddb69d4237269e81f983cf742e986c7a37a90d722e8297	2011-11-17 06:31:31	798	3192	1	0	0	0	4	2	49966008738996	1229163.875	49966008738996	1229163.875	0	0	0	0	0	0	33983.946776313
153649	2239368f311407836f70d722d3ac70d5d19b7c10ae9e621d2e04ab7772a63027	2011-11-17 06:31:31	798	3192	1	0	0	0	4	2	19002221000	467.4547	19002211000	467.4544	10000	0.0002	12531.3	0.0003	3132.83	0.0001	17017.481061638
153649	aac0d8b63ef8b759884da53eec1ab9872539d00780c4cf9b859419db7071ec3c	2011-11-17 06:31:31	258	1032	1	0	0	0	1	2	932654465859	22943.3008	932654465859	22943.3008	0	0	0	0	0	0	978.53156632081
153649	9f5cd0ea01d6a6d023f307a470fc63482ecfb6cc84d4e98ec8725f4a32478e36	2011-11-17 06:31:31	1159	4636	1	0	0	0	6	2	49506000000	1217.8477	49506000000	1217.8477	0	0	0	0	0	0	2182.76529125
153649	b12d5e08c32131c637201b56448186f0240bc3379cfa1b2a83a93e9ceea7546a	2011-11-17 06:31:31	158	632	1	0	0	0	1	1	5000300000	123.0074	5000300000	123.0074	0	0	0	0	0	0	37.280014444444
153649	5352fb2b6209463de56ba116737752c26539afacc18edc033365402143842ee7	2011-11-17 06:31:31	225	900	1	0	0	0	1	1	2050000000	50.43	2050000000	50.43	0	0	0	0	0	0	4.747505787037
153649	83fcbc84bd3ecbbe1a217b6373068847512237e933a4b1fb5d0779d773e031b7	2011-11-17 06:31:31	259	1036	1	0	0	0	1	2	8450250000	207.8762	8450250000	207.8762	0	0	0	0	0	0	1.2450426215278
153649	9749ab26842ca1adfe369e9d29d562628fbb2da84a3b4d7124d41eec0132d413	2011-11-17 06:31:31	258	1032	1	0	0	0	1	2	8405100000	206.7655	8405100000	206.7655	0	0	0	0	0	0	1.2383903125
153649	e248c1a8b779d0178222caa88bb17884faf6ea757c5d717ca57916979a209829	2011-11-17 06:31:31	258	1032	1	0	0	0	1	2	263850000	6.4907	263800000	6.4895	50000	0.0012	193798	0.0048	48449.6	0.0012	0.27682873263889
153649	529d677fb98f0b6ff7500e278a5a627efd5e7c349378f7ba8e9693411f9323fb	2011-11-17 06:31:31	258	1032	1	0	0	0	1	2	274319469	6.7483	274269469	6.747	50000	0.0012	193798	0.0048	48449.6	0.0012	0.21262933841354
153649	44beb55228e1bb60dda492773fef5fdf13b3cad1011435e5a94931d5ed3a73a6	2011-11-17 06:31:31	257	1028	1	0	0	0	1	2	1726808347	42.4795	1726758347	42.4783	50000	0.0012	194553	0.0048	48638.1	0.0012	0
153649	c692f4426aa20bd978de1b4f32925524f1a93049b036b2a5e6e9411d42d261e8	2011-11-17 06:31:31	1340	5360	1	0	0	0	7	2	649113399	15.9682	649013399	15.9657	100000	0.0025	74626.9	0.0018	18656.7	0.0005	0.39905484704711
153649	09f02ce6dded53d91533fea7312470289f5de492cec8c952ff0bb4fdeeb9bd1d	2011-11-17 06:31:31	437	1748	1	0	0	0	2	2	1100774	0.0271	1050774	0.0258	50000	0.0012	114416	0.0028	28604.1	0.0007	0.045552308938889
153650	b34174f5fe600dda15415bfdd02438b3f5994739ddf78f8643ca3028a380c5fc	2011-11-17 06:43:33	135	540	1	0	1	0	1	1	0	0	5000250000	123.0061	0	0	0	0	0	0	0
153650	f7e5f653033719b4f9ed6ac3b52d78c6d72ccb54217099daeb7b16e43a53abb3	2011-11-17 06:43:33	615	2460	1	0	0	0	3	2	877303509830	21581.666	877303509830	21581.666	0	0	0	0	0	0	2810.7751681806
153650	e23b150a6cfdfa6f0c3953728a6a73f7b5a0a2389af332bceaf96e8931e97d06	2011-11-17 06:43:33	799	3196	1	0	0	0	4	2	921606592081	22671.5234	921606592081	22671.5234	0	0	0	0	0	0	539.72641860482
153650	664f2e3d7a24045285865d51c754a478e930da4ab1359390c067b821352aeca8	2011-11-17 06:43:33	618	2472	1	0	0	0	3	2	1509124124	37.1245	1509124124	37.1245	0	0	0	0	0	0	296.74069115689
153650	7b723e5df4866c3e544b03e27ee9288bc4d8ee1016ce90e272b4dd34a8848b21	2011-11-17 06:43:33	192	768	1	0	0	0	1	2	5055591580	124.3676	5055591580	124.3676	0	0	0	0	0	0	38.198973324718
153650	1416ce8cdf687bade06d2a10d417ebb3cd27a1d5806422abb2d61f2d577073fb	2011-11-17 06:43:33	620	2480	1	0	0	0	3	2	10156973281	249.8615	10156973281	249.8615	0	0	0	0	0	0	77.026402617479
153650	0d74780de75bf5508952c1de5fb385138079dbe0cc6513f36b5c5b44b489a08e	2011-11-17 06:43:33	618	2472	1	0	0	0	3	2	6509322886	160.1293	6509322886	160.1293	0	0	0	0	0	0	50.670675017161
153650	a0678ab8fa1e4373751cf6bbea2e25f2167f173866af2ce8e5b6768516fe8eed	2011-11-17 06:43:33	619	2476	1	0	0	0	3	2	8815355761	216.8578	8815355761	216.8578	0	0	0	0	0	0	30.814935344794
153650	280af6d08e3bf31428926542850f07b5267d68753dac330a92b39b8f19f44dc8	2011-11-17 06:43:33	798	3192	1	0	0	0	4	2	11300343103	277.9884	11300343103	277.9884	0	0	0	0	0	0	33.822802426044
153650	1f73dc315de288587e807322dc819c89097243f6fa8e497811095424e772813d	2011-11-17 06:43:33	438	1752	1	0	0	0	2	2	4451386816	109.5041	4451386816	109.5041	0	0	0	0	0	0	18.395691299333
153650	43127e77633777ddc98436e7f90fa61194d22744a99b323f429ed081a52edfcb	2011-11-17 06:43:33	257	1028	1	0	0	0	1	2	1199000000	29.4954	1198950000	29.4942	50000	0.0012	194553	0.0048	48638.1	0.0012	8.4666885416667
153650	33cfb1f6c950318e94668cb415b062c4f2cc44dcf11ad51538a2b82dec01558b	2011-11-17 06:43:33	438	1752	1	0	0	0	2	2	6565180000	161.5034	6565180000	161.5034	0	0	0	0	0	0	12.734489768519
153650	b7be8580aa48b551167e0d0ecb0fbbe3037189da3a3e03e9cbd14328d8f5a825	2011-11-17 06:43:33	620	2480	1	0	0	0	3	2	3884483246	95.5583	3884483246	95.5583	0	0	0	0	0	0	14.199715475155
153650	b0d17a686561a4382122df0fe0911d788ac52cebae308b31b1ac800b7247ed9f	2011-11-17 06:43:33	798	3192	1	0	0	0	4	2	15057511438	370.4148	15057511438	370.4148	0	0	0	0	0	0	12.529377268047
153650	159406a6cfea31bf638559cf3231411878e09fc4ee842c1f53adf41b4b2c3931	2011-11-17 06:43:33	616	2464	1	0	0	0	3	2	3002000000	73.8492	3002000000	73.8492	0	0	0	0	0	0	9.2955238425926
153650	b52a9e8e58d85179e9c0489f8853f19f587d1f89e814db5e56c7a13e6abc753e	2011-11-17 06:43:33	617	2468	1	0	0	0	3	2	1132640920	27.863	1132640920	27.863	0	0	0	0	0	0	9.1928755225694
153650	09386d047a269fe1929d30ee4d29ebc2986a880766dff648eaf39de91d0a3623	2011-11-17 06:43:33	258	1032	1	0	0	0	1	2	1427500000	35.1165	1427500000	35.1165	0	0	0	0	0	0	3.2852326388889
153650	bd8d898b54911f1a738962f7f39ebbbd353eb6b5c55fe1634b89d8446aba65fc	2011-11-17 06:43:33	795	3180	1	0	0	0	4	2	3141587636	77.2831	3141587636	77.2831	0	0	0	0	0	0	6.1311102034057
153650	155e0a7052fdb251712af30ee1887941513ce2b4bcd096c66fd0561e97733f8c	2011-11-17 06:43:33	259	1036	1	0	0	0	1	2	7084869818	174.2878	7084869818	174.2878	0	0	0	0	0	0	1.6359161211701
153650	4b18333a75e945f0719ddf9318ada55d1f8308e121e768ac86c225626968d617	2011-11-17 06:43:33	257	1028	1	0	0	0	1	2	6143477476	151.1295	6143477476	151.1295	0	0	0	0	0	0	1.4185460144236
153650	3dec731d06136be77c99161100fb2f411d145ba571c3ab85ffe5b9634b193e58	2011-11-17 06:43:33	259	1036	1	0	0	0	1	2	6032352319	148.3959	6032352319	148.3959	0	0	0	0	0	0	1.3928869069913001
153650	bd01df6aace52563fe41598aa91aa0e1c5e4dd1948d0569e6b20c8577023b731	2011-11-17 06:43:33	438	1752	1	0	0	0	2	2	23600000000	580.56	23600000000	580.56	0	0	0	0	0	0	0
153650	eaf62abf69115f8d5ad9adba8d7fb754cc64694b23a514de9575d2f6201786fc	2011-11-17 06:43:33	258	1032	1	0	0	0	1	2	5400796433	132.8596	5400796433	132.8596	0	0	0	0	0	0	1.247058898592
153650	807c58def1828d7b4a030d9ed32ff5ae0116d11f6ce455b1b3c5ae9ef0c70478	2011-11-17 06:43:33	259	1036	1	0	0	0	1	2	4902046419	120.5903	4902046419	120.5903	0	0	0	0	0	0	1.1318961349427
153650	d5003c99934ca498fb291739938c9bf69987991dd1f4983c36cfc4cfa9743891	2011-11-17 06:43:33	257	1028	1	0	0	0	1	2	4826450000	118.7307	4826450000	118.7307	0	0	0	0	0	0	1.1144407118056
153650	fee44da1053b1cebad790e8116f63e4c3b2ed422d083f1bab4ff861160867a17	2011-11-17 06:43:33	257	1028	1	0	0	0	1	2	4689780466	115.3686	4689780466	115.3686	0	0	0	0	0	0	1.0828833367674
153650	31f186a6d58a39be69fb166471ba571c63b9e1d52346deb00cc4cb043d060ba8	2011-11-17 06:43:33	258	1032	1	0	0	0	1	2	4649000000	114.3654	4649000000	114.3654	0	0	0	0	0	0	1.0734670138889
153650	586db2e1e8562be86b9167e9596289d3d7f3f53dc92e441cde9ccec043c2f401	2011-11-17 06:43:33	259	1036	1	0	0	0	1	2	4540100000	111.6865	4540100000	111.6865	0	0	0	0	0	0	1.0483217013889
153650	03c41cd460feacca7648a34a34fac6b4f868bd9c8751340978afbdc4e3af897d	2011-11-17 06:43:33	257	1028	1	0	0	0	1	2	4436077968	109.1275	4436077968	109.1275	0	0	0	0	0	0	1.02430272525
153650	c08b5b9dcde4083ee3370bcf7558422e6db49812377f72ca0ecc8d4b0f5e72dd	2011-11-17 06:43:33	259	1036	1	0	0	0	1	2	3937300010	96.8576	3937300010	96.8576	0	0	0	0	0	0	0.90913350925347
153650	f2ae87546c5e6d1cb8ebee429f6126e92d57007036460eb06af636c16de2b75f	2011-11-17 06:43:33	258	1032	1	0	0	0	1	2	3910673657	96.2026	3910673657	96.2026	0	0	0	0	0	0	0.90298541038368
153650	0aa1efb61cbf7ce384e5854865098c429a6ef419dc0d6d5cc172ad7ab09f0d92	2011-11-17 06:43:33	1479	5916	1	0	0	0	8	1	379786200	9.3427	379686200	9.3403	100000	0.0025	67613.2	0.0017	16903.3	0.0004	4.4263055037916
153650	e5e5a49db949f05002c9186ca7ac940d6f0022746ae9bf5de074da3ecc2f36d9	2011-11-17 06:43:33	259	1036	1	0	0	0	1	2	3668350000	90.2414	3668350000	90.2414	0	0	0	0	0	0	0.84703220486111
153650	09d95a27f053fdd5b159fd1990dcb51ccb103838338c5e7250c6d2286445d433	2011-11-17 06:43:33	258	1032	1	0	0	0	1	2	3533000000	86.9118	3533000000	86.9118	0	0	0	0	0	0	0.81577951388889
153650	25adfcb3faaf188ded25e4d98a86eb33c56f0872a7bed2bfe37b1820ce68fe42	2011-11-17 06:43:33	259	1036	1	0	0	0	1	2	3506100000	86.2501	3506100000	86.2501	0	0	0	0	0	0	0.80956822916667
153650	df150235686ffda0a8cf4f7f590ce21deef371ee26fb79176698ec156db429ef	2011-11-17 06:43:33	257	1028	1	0	0	0	1	2	3424350160	84.239	3424350160	84.239	0	0	0	0	0	0	0.79069196402778
153650	0c03c68517a4742ef80a17dfc8a84a89127cb71d1e0eeb1f589fce542d33bcdc	2011-11-17 06:43:33	258	1032	1	0	0	0	1	2	3436088885	84.5278	3436088885	84.5278	0	0	0	0	0	0	0.79340246823785
153650	7dd4aed15d33057406e9a00614581fde0869d56753dc7e787d00a457c5424b96	2011-11-17 06:43:33	437	1748	1	0	0	0	2	2	105950000	2.6064	105900000	2.6051	50000	0.0012	114416	0.0028	28604.1	0.0007	1.1595377025463
153650	15d2c70dbe1039fcd9b9d6ec16613616124a2d857064a7fd9ea8e2deaac506f6	2011-11-17 06:43:33	259	1036	1	0	0	0	1	2	2877064570	70.7758	2877064570	70.7758	0	0	0	0	0	0	0.66432220105903
153650	471a683e9c329b0bf6e86f1840448648a408c5d40098a44320633a34d3ddd6e0	2011-11-17 06:43:33	258	1032	1	0	0	0	1	2	8395100000	206.5195	8395100000	206.5195	0	0	0	0	0	0	0
153650	31fab1b5cddd495dbaba5a1c59feb18b03727e7d8344ec55f7a5baafa97cc7d0	2011-11-17 06:43:33	258	1032	1	0	0	0	1	2	2703453496	66.505	2703453496	66.505	0	0	0	0	0	0	0.62423492181944
153650	317fd859dc6ba202c6221c8cdec9011e919f5480f434b6ad66839c984caf605e	2011-11-17 06:43:33	257	1028	1	0	0	0	1	2	2281150000	56.1163	2281150000	56.1163	0	0	0	0	0	0	0.52672387152778
153650	ffb67f0acc180d4df92e82560c6200cc1e6d3919532e162ea2ccf6cd8064afb7	2011-11-17 06:43:33	259	1036	1	0	0	0	1	2	1905152383	46.8667	1905152383	46.8667	0	0	0	0	0	0	0.43990497732465
153650	7de7ec55e607a1d98f0d8221cafc7bcd1a79618903f22455f430f6887a466797	2011-11-17 06:43:33	259	1036	1	0	0	0	1	2	2050000000	50.43	2050000000	50.43	0	0	0	0	0	0	0
153650	dd4309bf6a03c3e67efef8af5ed8c240a5138c022ac8e26ed5b693dc717dcc75	2011-11-17 06:43:33	259	1036	1	0	0	0	1	2	520101663	12.7945	520101663	12.7945	0	0	0	0	0	0	0.12009291871354
153650	e99542ca8fdcb1077e7c06a909ef7a236083cb9c9d30ce7549ca6a9777a08861	2011-11-17 06:43:33	258	1032	1	0	0	0	1	2	25906821	0.6373	25906821	0.6373	0	0	0	0	0	0	0.0059819569322917
153650	b5cfea4fafc362a9b8da95b53a425a5aaafc0cba17975b80d1aa67635c7323ad	2011-11-17 06:43:33	583	2332	1	0	0	0	3	1	8089606	0.199	8089606	0.199	0	0	0	0	0	0	0.004250582975463
153650	87bd46ae9884586591dc24849a14673382025ef9cf900426777fb8d47281ccd2	2011-11-17 06:43:33	259	1036	1	0	0	0	1	2	2691925	0.0662	2691925	0.0662	0	0	0	0	0	0	0.00062157296006944
153650	2a169c35490772f030e112128a1fe5bd8910b55b4fdf2dc89484015ab3c8362d	2011-11-17 06:43:33	257	1028	1	0	0	0	1	2	599950000	14.7588	599900000	14.7575	50000	0.0012	194553	0.0048	48638.1	0.0012	0
153650	d2095589aebe41f3a1afb0e368304eb1f68282862734935467f35e9acd7303a7	2011-11-17 06:43:33	257	1028	1	0	0	0	1	2	416101663	10.2361	416101663	10.2361	0	0	0	0	0	0	0
153650	c82c9a3928bf4c807d8c3a4ebba5bf7a44536ab48b4d8a293395fccfb689f9d1	2011-11-17 06:43:33	259	1036	1	0	0	0	1	2	389101663	9.5719	389101663	9.5719	0	0	0	0	0	0	0
153651	0913e18c506331b6d1ab0d8363069b411d3a9eaaa0151ba30994c143dcc508b1	2011-11-17 06:46:27	135	540	1	0	1	0	1	1	0	0	5000005000	123.0001	0	0	0	0	0	0	0
153651	a23e823009fc6490731e09ce69c020ef0a299f11473d4726c86b4195d0065ef0	2011-11-17 06:46:27	372	1488	1	0	0	0	2	2	5001850000	123.0455	5001850000	123.0455	0	0	0	0	0	0	43.773653072917
153651	99e252005b28406dc564f8a40e6f8cf9ed06758284588cc44a30c7e25d51f8d5	2011-11-17 06:46:27	223	892	1	0	0	0	1	1	14949000	0.3677	14944000	0.3676	5000	0.0001	22421.5	0.0006	5605.38	0.0001	8.3656957083333
153651	8085b250e8c44f05c6467d43d72ce67901aefbe6ab245f480ce95db8a0e9aff2	2011-11-17 06:46:27	2512	10048	1	0	0	0	2	63	6052831493	148.8997	6052831493	148.8997	0	0	0	0	0	0	29.004050925926
153651	19b8902eb70b0c43e366a15651fa189f3838407b8ca1f7c27efb6ca48ad9e95a	2011-11-17 06:46:27	436	1744	1	0	0	0	2	2	2406000000	59.1876	2406000000	59.1876	0	0	0	0	0	0	1.9078680555556
153651	e78dd5df8c18520431377eda8cfac1993b444b3ba99a78d1acb5197898cc44c2	2011-11-17 06:46:27	258	1032	1	0	0	0	1	2	1935000000	47.601	1935000000	47.601	0	0	0	0	0	0	1.048796875
153652	ea564e20839ac2d2144291eb6fbbf6d635362d8d86b2e235f6dede67eef0f9a4	2011-11-17 06:52:51	136	544	1	0	1	0	1	1	0	0	5000000000	123	0	0	0	0	0	0	0
153652	4ad4c0732da1b8da67e291dedbfa699be38f8574b21c14e0983f17edd2dba61f	2011-11-17 06:52:51	258	1032	1	0	0	0	1	2	3900000000	95.94	3900000000	95.94	0	0	0	0	0	0	617.67017361111
153652	5c0ab4ed09dba9390e93cf08d3188cce7facf8df5dca9796500ddd172cb569fb	2011-11-17 06:52:51	797	3188	1	0	0	0	4	2	217183314525	5342.7095	217183314525	5342.7095	0	0	0	0	0	0	358.04545302029
153652	b91ade36de6192321096a50d2f96eea7c6ed64b108d1d65d7b73bd9495c945b5	2011-11-17 06:52:51	259	1036	1	0	0	0	1	2	1550000000	38.13	1550000000	38.13	0	0	0	0	0	0	83.795798611111
153652	584b75c80c9097aae10b4c403d38716598bed9d2b14891a742f10a0970f4938d	2011-11-17 06:52:51	617	2468	1	0	0	0	3	2	20001949399	492.048	20001949399	492.048	0	0	0	0	0	0	170.58796296296
153652	a919a01b316493c33f163c3d6661ed95949a39b975aea8fb1c0a76dd9f829569	2011-11-17 06:52:51	225	900	1	0	0	0	1	1	10900000000	268.14	10900000000	268.14	0	0	0	0	0	0	39.747152777778
153652	0327f141cdf1d0e87eaab2675e1ff63f747c13d780b80e720443a0d7d8349436	2011-11-17 06:52:51	258	1032	1	0	0	0	1	2	1300000000	31.98	1300000000	31.98	0	0	0	0	0	0	30.957002314815
153652	2472db57767c768fc5ba407f895cd4ef3af47482b8af75f8ed469e8b9861e756	2011-11-17 06:52:51	223	892	1	0	0	0	1	1	1374000000	33.8004	1374000000	33.8004	0	0	0	0	0	0	0.72771111111111
153652	ac55fee2e11ca53bab0b845081420646c07d6b523a88969e1e5a4aeb0fa07b6a	2011-11-17 06:52:51	258	1032	1	0	0	0	1	2	1796152383	44.1853	1796152383	44.1853	0	0	0	0	0	0	0
153653	e15cb187c2df4d197bc3b6a77582a8eeb777c6e26f1bc573a1478537f744168d	2011-11-17 06:58:54	181	724	1	0	1	0	1	1	0	0	5000250000	123.0061	0	0	0	0	0	0	0
153653	89a5a9654913e554a7817ca656a788f05d8c6b31f77b0cb3b40b88183666b2fe	2011-11-17 06:58:54	257	1028	1	0	0	0	1	2	70000000000	1722	70000000000	1722	0	0	0	0	0	0	8596.4131944444
153653	733d7e97a0fde2b97651dfc15e8823b71db3164d377ad3e07d77dd65f347347b	2011-11-17 06:58:54	257	1028	1	0	0	0	1	2	2529471680	62.225	2529471680	62.225	0	0	0	0	0	0	73.117833512926
153653	bda555242cbae8af9819c46d0f6f3a7f1573f215f781f1c6c77af3af0d53f0c3	2011-11-17 06:58:54	800	3200	1	0	0	0	4	2	11149636270	274.2811	11149636270	274.2811	0	0	0	0	0	0	7.0105145171706
153653	303c92b0788cd0e95d830d4570b33efbd9f888dddcff5a53ddb98dbcc8d4c4c2	2011-11-17 06:58:54	258	1032	1	0	0	0	1	2	3865550000	95.0925	3865500000	95.0913	50000	0.0012	193798	0.0048	48449.6	0.0012	0
153653	4c0cd20a13be749642496482f5b6b09282a521b2010497f31fa2e94972fd79af	2011-11-17 06:58:54	259	1036	1	0	0	0	1	2	2279150000	56.0671	2279150000	56.0671	0	0	0	0	0	0	0
153653	3c1b521c665a39c2f354c908ade9346bda3dafd4de9b83cd37baffae5513904c	2011-11-17 06:58:54	438	1752	1	0	0	0	2	2	276945687	6.8129	276895687	6.8116	50000	0.0012	114155	0.0028	28538.8	0.0007	0.39154394388565
153653	ffe6d0b0ae7a6f8bea37c0aaaa86bd6e08bd56732ea98c86da12b09f7defcf5b	2011-11-17 06:58:54	258	1032	1	0	0	0	1	2	354101663	8.7109	354101663	8.7109	0	0	0	0	0	0	0
153653	6d7edc86cb0359751d0f11f1a5b5ee324ee0791db453b3886bcbf5607973ab96	2011-11-17 06:58:54	257	1028	1	0	0	0	1	2	166849863	4.1045	166799863	4.1033	50000	0.0012	194553	0.0048	48638.1	0.0012	0.0563118287625
153653	98eb07f443a3351d80cfdd9435e4baee870f515a559db38a5b7ffe5c0e12a7ec	2011-11-17 06:58:54	438	1752	1	0	0	0	2	2	15268276	0.3756	15218276	0.3744	50000	0.0012	114155	0.0028	28538.8	0.0007	0.01947072046412
153653	e85b48bae130134c535024c20a98245f2f850bcd24c724e06a1c4e49ae904b35	2011-11-17 06:58:54	585	2340	1	0	0	0	3	1	3791552	0.0933	3741552	0.092	50000	0.0012	85470.1	0.0021	21367.5	0.0005	0.019249128551852
153654	19e71e0abcae05615574cc849086484a648463c51ebb0587a7e08ce37470b504	2011-11-17 06:59:59	168	672	1	0	1	0	1	1	0	0	5000050000	123.0012	0	0	0	0	0	0	0
153654	9f09b9092a5fb64275a800a9bfa643e2c9cde40142a4c5c53a8714b4fe6cfcff	2011-11-17 06:59:59	404	1616	1	0	0	0	2	1	500000000	12.3	500000000	12.3	0	0	0	0	0	0	137.68121527778
153654	cef71e9bf051c701b9bdc6025d1fb5a2dda411341259f30ddbbcb11d88178b60	2011-11-17 06:59:59	193	772	1	0	0	0	1	2	5007848984	123.1931	5007848984	123.1931	0	0	0	0	0	0	36.560775256106
153654	c703c78611664e57764e6bd94bbd05600b918f39d0550f73f93f845c20b45241	2011-11-17 06:59:59	257	1028	1	0	0	0	1	2	5388796433	132.5644	5388796433	132.5644	0	0	0	0	0	0	0
153654	1d51268a9b93bb1fd4e71e2487b33016c5d580cb193f2dabfc58201d23eb6313	2011-11-17 06:59:59	258	1032	1	0	0	0	1	2	4767046419	117.2693	4767046419	117.2693	0	0	0	0	0	0	0
153654	c89da3ee37321376b00e104fc9a1179a2e487eaed916368be93f3d097145adbe	2011-11-17 06:59:59	258	1032	1	0	0	0	1	2	4642000000	114.1932	4642000000	114.1932	0	0	0	0	0	0	0
153654	fa49b40a7f47edd63d9ccbd0692b2a8662ac1e5772e6baae206893344e084d16	2011-11-17 06:59:59	257	1028	1	0	0	0	1	2	4589780466	112.9086	4589780466	112.9086	0	0	0	0	0	0	0
153654	4b78c2460856f0cbf1fd0a137d0e135dc787dfc5061fb665f8d7aa816ba2df68	2011-11-17 06:59:59	258	1032	1	0	0	0	1	2	4456100000	109.6201	4456100000	109.6201	0	0	0	0	0	0	0
153654	167faa96adc78d1aef505a2b95ed6242bffd6473a515be79660c6b10367b0bcd	2011-11-17 06:59:59	259	1036	1	0	0	0	1	2	4383077968	107.8237	4383077968	107.8237	0	0	0	0	0	0	0
153654	d5b9bdbd84c3286393bc721603417a572017d840ecd526b941f5aaf2d0d03381	2011-11-17 06:59:59	258	1032	1	0	0	0	1	2	4042450000	99.4443	4042450000	99.4443	0	0	0	0	0	0	0
153654	40b0a34ad4ad7af2ddacec32763906e1a3bc5964b6fefe26c2fdad8c062f15e4	2011-11-17 06:59:59	257	1028	1	0	0	0	1	2	3928300010	96.6362	3928300010	96.6362	0	0	0	0	0	0	0
153654	c7a63062ce64b849a8d9344d0a02bb5a02fb2db6ce9f21b880a355c465d28650	2011-11-17 06:59:59	257	1028	1	0	0	0	1	2	3794673657	93.349	3794673657	93.349	0	0	0	0	0	0	0
153654	3128e8a568d369ee21d3c66ad62460d21c4a8c393f40e3513d3a3de2bb19b6c7	2011-11-17 06:59:59	259	1036	1	0	0	0	1	2	632796281	15.5668	632746281	15.5656	50000	0.0012	193050	0.0047	48262.5	0.0012	0.26813277601169
153655	1c6f0f23305c4c43884486de61033e7e5f2739234f7235c45788692aca11ff93	2011-11-17 07:05:30	135	540	1	0	1	0	1	1	0	0	5002958991	123.0728	0	0	0	0	0	0	0
153655	07d2d0031c5172abc38de41733806c5a170f858cc62d9989ec2414811f67150a	2011-11-17 07:05:30	259	1036	1	0	0	0	1	2	1298000000	31.9308	1298000000	31.9308	0	0	0	0	0	0	684.29403217593
153655	5db22f0c8bb3bc60f202dc9a5b67f5fefcf06534de01d1782410f202f8246348	2011-11-17 07:05:30	796	3184	1	0	0	0	4	2	230026664018	5658.6562	230026664018	5658.6562	0	0	0	0	0	0	303.6442095462
153655	f191e1f98c3a4ac32a374238005133fd01e6afde5e8589ba13ad6692a911d3b0	2011-11-17 07:05:30	257	1028	1	0	0	0	1	2	4900000000	120.54	4900000000	120.54	0	0	0	0	0	0	57.281226851852
153655	d8a878f425b855de1da7eff5b201617b58981f3c9c18d60b8764dd408bf43387	2011-11-17 07:05:30	223	892	1	0	0	0	1	1	10000000000	246	10000000000	246	0	0	0	0	0	0	8.8530092592593
153655	a80a3b79ad762333a0438f65a56a4e3aa6a94f3cc26944611a1f04fcc45b5865	2011-11-17 07:05:30	258	1032	1	0	0	0	1	2	2450250000	60.2761	2450250000	60.2761	0	0	0	0	0	0	14.5375828125
153655	f8b2ba41fc1b9d159609d9170d0770f9394217fe342744809fd448ecaf82cb96	2011-11-17 07:05:30	257	1028	1	0	0	0	1	2	4963590464	122.1043	4963590464	122.1043	0	0	0	0	0	0	14.236427695415
153655	c758e41046c32f74a8d8296d3882a70327d48017ab71cc6a14ababafa8353c60	2011-11-17 07:05:30	259	1036	1	0	0	0	1	2	4990400153	122.7638	4990400153	122.7638	0	0	0	0	0	0	14.313322475867
153655	8991c476446d6b16c78c49126e8e7b6c3f2b0a32547b4509fbc2a0aafa5f778a	2011-11-17 07:05:30	257	1028	1	0	0	0	1	2	4904498407	120.6507	4904498407	120.6507	0	0	0	0	0	0	14.066941553688
153655	6ccd437fbe874bce67840584e18e2de08eff897b4fdc519fedd3ae2a5436626f	2011-11-17 07:05:30	259	1036	1	0	0	0	1	2	4936159256	121.4295	4936159256	121.4295	0	0	0	0	0	0	14.157750292006
153655	74e42ae93d7b357015e19e2f172bf4c6734b54694be02f7fe4b4b3f8dd9c5fa1	2011-11-17 07:05:30	257	1028	1	0	0	0	1	2	4739751880	116.5979	4739751880	116.5979	0	0	0	0	0	0	13.594420293782001
153655	c0956a767befc2ae54b071bf3b32846a33332de7900103f6786903e94a12392a	2011-11-17 07:05:30	258	1032	1	0	0	0	1	2	4735569852	116.495	4735569852	116.495	0	0	0	0	0	0	13.582425521112
153655	07ea5cdbbe65cbe63e35cbbd548bad1044f5ddb8949195d9d98320bd1e748ac6	2011-11-17 07:05:30	258	1032	1	0	0	0	1	2	4704765828	115.7372	4704765828	115.7372	0	0	0	0	0	0	13.494074303665
153655	bf11a94fdfa360709e5bc52cb6df12d86c56fcdbdd24a5f87036f1d4d13fb80f	2011-11-17 07:05:30	258	1032	1	0	0	0	1	2	4608184586	113.3613	4608184586	113.3613	0	0	0	0	0	0	13.2170627576
153655	08e6d715fb5702e4ffadf353ef807b077b0e227c0aee5c59646153f080655436	2011-11-17 07:05:30	259	1036	1	0	0	0	1	2	4600252460	113.1662	4600252460	113.1662	0	0	0	0	0	0	13.194312061488
153655	303cd79d65d59685bf5f51b45bf433c80eeb211b10d0b354c73b96804116e3d5	2011-11-17 07:05:30	257	1028	1	0	0	0	1	2	4269052972	105.0187	4269052972	105.0187	0	0	0	0	0	0	12.244375196659
153655	54bacfcebea2139e36c681fcc71baf6345596e64de5d5fb1ccb4ec322e56dab0	2011-11-17 07:05:30	258	1032	1	0	0	0	1	2	3826113651	94.1224	3826113651	94.1224	0	0	0	0	0	0	10.734817246978
153655	ca562b3e469cf717861710e591a708644f540b6eb52d8bc618a0042d045ea0ed	2011-11-17 07:05:30	259	1036	1	0	0	0	1	2	2911850000	71.6315	2911850000	71.6315	0	0	0	0	0	0	9.7708744444444
153655	e90590a3234b8628205ebef28f6e677c23cf79e204c13978da5658f2cb7faa7b	2011-11-17 07:05:30	259	1036	1	0	0	0	1	2	1585596504	39.0057	1585596504	39.0057	0	0	0	0	0	0	9.4075055541722
153655	de575b09af419801bd3c4a386538f1a2864b7ff73fa10ba443e37e3446df9454	2011-11-17 07:05:30	258	1032	1	0	0	0	1	2	4900000000	120.54	4900000000	120.54	0	0	0	0	0	0	3.0256365740741
153655	813a4cc2297450fcfaf72164988b0dfd14434e212bddc1a418080c8062cf6a05	2011-11-17 07:05:30	259	1036	1	0	0	0	1	2	2730272122	67.1647	2730272122	67.1647	0	0	0	0	0	0	3.1944815834836
153655	287e3fd92bc55002acd80990e86fa1fa937718755a76ac31c9a09d92a25dad19	2011-11-17 07:05:30	1695	6780	1	0	0	0	9	2	11472771023	282.2302	11472771023	282.2302	0	0	0	0	0	0	21.312302673159
153655	b38b665cfc349e252dc72430694968b0260e314bddfde9ddc0321c144e5c6078	2011-11-17 07:05:30	259	1036	1	0	0	0	1	2	6087678770	149.7569	6087678770	149.7569	0	0	0	0	0	0	0
153655	5346316194102a21803c7ce445f1ad144383015963416f26139c8b9fe794ece7	2011-11-17 07:05:30	259	1036	1	0	0	0	1	2	6022352319	148.1499	6022352319	148.1499	0	0	0	0	0	0	0
153655	6df7fc097e42abb90177ffaa3985c57523b71013d16e581ca7213bb42c5886c4	2011-11-17 07:05:30	258	1032	1	0	0	0	1	2	5000000000	123	5000000000	123	0	0	0	0	0	0	0
153655	d0200525e2c32715ffe12174399fd884a09c5f0522eeabe4a025494a2ea60b08	2011-11-17 07:05:30	257	1028	1	0	0	0	1	2	3501100000	86.1271	3501100000	86.1271	0	0	0	0	0	0	0
153655	20ed3f711b580992cb3ce20e12082ec771670b962a1206d44c8f1b198308b882	2011-11-17 07:05:30	258	1032	1	0	0	0	1	2	3483350000	85.6904	3483350000	85.6904	0	0	0	0	0	0	0
153655	e2ed62b775b610bcef3df190ab7ce12154581169010238661b0671ec2c8e18fd	2011-11-17 07:05:30	257	1028	1	0	0	0	1	2	3431088885	84.4048	3431088885	84.4048	0	0	0	0	0	0	0
153655	f116ed67719158938c1d605d185194c76989e6f74f2b85d6214b9c3a289753af	2011-11-17 07:05:30	258	1032	1	0	0	0	1	2	3432000000	84.4272	3432000000	84.4272	0	0	0	0	0	0	0
153655	d9cd5171db4befc2064f7765dc3ecf0a5524ef8c338c11046a5bfe3b052b04aa	2011-11-17 07:05:30	497	1988	1	0	0	0	1	9	4098624641	100.8262	4098624641	100.8262	0	0	0	0	0	0	1.5711394457167
153655	078e9fdc0b77151a253bca57abd21b753036cb42daf23bd5494ff0a7bef75c5b	2011-11-17 07:05:30	258	1032	1	0	0	0	1	2	3394350160	83.501	3394350160	83.501	0	0	0	0	0	0	0
153655	517bbef8faa8fdfa335f4165fde282bc6202ca62acaae21f533a2664379111c4	2011-11-17 07:05:30	259	1036	1	0	0	0	1	2	2766064570	68.0452	2766064570	68.0452	0	0	0	0	0	0	0
153655	e6a503f54f588ac8556f296a826c982c673373b2f7de49c7ac2d673497377343	2011-11-17 07:05:30	258	1032	1	0	0	0	1	2	2594453496	63.8236	2594453496	63.8236	0	0	0	0	0	0	0
153655	9cd90d77b1e51f407a92b17ad7e8f743797e2d11ffa201612d33b53d87c9733c	2011-11-17 07:05:30	258	1032	1	0	0	0	1	2	300000000	7.38	299950000	7.3788	50000	0.0012	193798	0.0048	48449.6	0.0012	0.38555555555556
153655	799ba1abca13c58bdab836447bc789515308bd144c455a16aa2e5865f1ebca9f	2011-11-17 07:05:30	258	1032	1	0	0	0	1	2	41250000	1.0148	41200000	1.0135	50000	0.0012	193798	0.0048	48449.6	0.0012	0.48089670138889
153655	ddec329c581163fd93be9608d9c8ee86b29941de0170deb6a2ad802fbf5d19b1	2011-11-17 07:05:30	259	1036	1	0	0	0	1	2	29950000	0.7368	29900000	0.7355	50000	0.0012	193050	0.0047	48262.5	0.0012	0.33193890046296
153655	7034261c40a963bd797e4091c9d906ca434ed915bc85dbc8d34b450aed65954b	2011-11-17 07:05:30	257	1028	1	0	0	0	1	2	4536000000	111.5856	4536000000	111.5856	0	0	0	0	0	0	0
153655	4f9de37c1c101b2af1a5a87d9d9bbdd1054604579bce729e15b71de6410548b3	2011-11-17 07:05:30	258	1032	1	0	0	0	1	2	2248150000	55.3045	2248150000	55.3045	0	0	0	0	0	0	0
153655	608ac0c933c3fb286524a5a8aa22933dc4ce5acf0b0c84783452093bcabfa05c	2011-11-17 07:05:30	257	1028	1	0	0	0	1	2	4352077968	107.0611	4352077968	107.0611	0	0	0	0	0	0	0
153655	9478a3385273ed3f772fba23022cfff90671f26f967c77e5760f002104fc7a52	2011-11-17 07:05:30	259	1036	1	0	0	0	1	2	4364780466	107.3736	4364780466	107.3736	0	0	0	0	0	0	0
153655	f55f6d6d95ddcf82e8040a194d433fadece7afa46e2be904f8e48a982b3ded96	2011-11-17 07:05:30	257	1028	1	0	0	0	1	2	4040450000	99.3951	4040450000	99.3951	0	0	0	0	0	0	0
153655	88b0cfcb0e9f7c40ddc103e22465be18f6ac1d9e137930cd7b9efe2f635c5fae	2011-11-17 07:05:30	259	1036	1	0	0	0	1	2	3918300010	96.3902	3918300010	96.3902	0	0	0	0	0	0	0
153655	e2a0d38c347ae4a4d21eaec04d88e209155879da62a084152c4e22e12bb21750	2011-11-17 07:05:30	258	1032	1	0	0	0	1	2	3785673657	93.1276	3785673657	93.1276	0	0	0	0	0	0	0
153655	0eccd352c8c64c6d0bc89deca357dd896d3e5d20e52c78a841d927febff15937	2011-11-17 07:05:30	257	1028	1	0	0	0	1	2	3452100000	84.9217	3452100000	84.9217	0	0	0	0	0	0	0
153655	224e9e0bd1edc4ff1bdcd59f431ce4818c56c123f343416b6d7433bc736583e4	2011-11-17 07:05:30	439	1756	1	0	0	0	2	2	259464000	6.3828	259414000	6.3816	50000	0.0012	113895	0.0028	28473.8	0.0007	0.20222222222222
153655	09e56ab35eb07d7cfb2e41fef2bff314f28d7c716e0ee828761f72d63ec4a537	2011-11-17 07:05:30	258	1032	1	0	0	0	1	2	796152383	19.5853	796152383	19.5853	0	0	0	0	0	0	0
153655	f3254ed8831eabe47321cd3c93609d3c43150092a36f17a61fbb4c09e2ef2610	2011-11-17 07:05:30	258	1032	1	0	0	0	1	2	263101663	6.4723	263101663	6.4723	0	0	0	0	0	0	0
153655	716e134e8009e74ae950565408fb6deff8daac35748b48817fe7cca11d795bb8	2011-11-17 07:05:30	404	1616	1	0	0	0	2	1	2922929	0.0719	2363938	0.0582	558991	0.0138	1383640	0.034	345910	0.0085	0.018895658368634
153655	bc366cd20a587ce93e098d8feafc61cac009a4d7f86888f161f798ade9fc3b85	2011-11-17 07:05:30	257	1028	1	0	0	0	1	2	5699224	0.1402	5649224	0.139	50000	0.0012	194553	0.0048	48638.1	0.0012	0.0071227107351852
153655	43830467bcbb68e45d6ed29ca077235ef9bde1091da7b50cef1d27227158e8fa	2011-11-17 07:05:30	259	1036	1	0	0	0	1	2	14906821	0.3667	14906821	0.3667	0	0	0	0	0	0	0
153655	f8a90b170df7b60532bcc4f7d07f6adb0961d44552aab52dfbe9b9211d748407	2011-11-17 07:05:30	258	1032	1	0	0	0	1	2	2802850000	68.9501	2802800000	68.9489	50000	0.0012	193798	0.0048	48449.6	0.0012	0
153655	2afa9cb756697d3d4febecdbd39f830f5a4e03ed1e3a0f191cf5fb4144509aeb	2011-11-17 07:05:30	258	1032	1	0	0	0	1	2	4787000000	117.7602	4786950000	117.759	50000	0.0012	193798	0.0048	48449.6	0.0012	0
153655	e650c8fe286055f9d76ab482e94889db177de70065bd7263fa437eae3fb9935d	2011-11-17 07:05:30	258	1032	1	0	0	0	1	2	2674405622	65.7904	2674355622	65.7891	50000	0.0012	193798	0.0048	48449.6	0.0012	0
153655	1be4b2c29b0190c7b03718df585f3372dd0520e1de376f3e358f5fad95bb13aa	2011-11-17 07:05:30	259	1036	1	0	0	0	1	2	3611408	0.0888	3561408	0.0876	50000	0.0012	193050	0.0047	48262.5	0.0012	0
153655	8b2ed2c9cafc0e1b74d5ae3e2b43624a1800e07202f87e0f69956feb41235221	2011-11-17 07:05:30	258	1032	1	0	0	0	1	2	2749800000	67.6451	2749750000	67.6439	50000	0.0012	193798	0.0048	48449.6	0.0012	0
153655	1f940b570f49035025bfc641936bc8a38127e76aff501ff170e1b03d3d6f9706	2011-11-17 07:05:30	258	1032	1	0	0	0	1	2	3372950000	82.9746	3372900000	82.9733	50000	0.0012	193798	0.0048	48449.6	0.0012	0
153655	650831300b49369bcaa16a62154078a4ab6ec3a83bfb4ce315b52dfb8a0f4265	2011-11-17 07:05:30	257	1028	1	0	0	0	1	2	2665994223	65.5835	2665944223	65.5822	50000	0.0012	194553	0.0048	48638.1	0.0012	0
153655	6543b84a102d9aaa10981f59c443be0d962b7f279b007854e16d97701dbef06d	2011-11-17 07:05:30	257	1028	1	0	0	0	1	2	1727750000	42.5027	1727700000	42.5014	50000	0.0012	194553	0.0048	48638.1	0.0012	0
153655	9238068d61d95742e86092e21f9efb0e80d43747973e57a7369d80123c964abf	2011-11-17 07:05:30	258	1032	1	0	0	0	1	2	3297900000	81.1283	3297850000	81.1271	50000	0.0012	193798	0.0048	48449.6	0.0012	0
153655	f13467ff65c620e174be79dee13358fbcd787ce9084fc1766638211ee2c19597	2011-11-17 07:05:30	258	1032	1	0	0	0	1	2	2629012412	64.6737	2628962412	64.6725	50000	0.0012	193798	0.0048	48449.6	0.0012	0
153655	d28d1a0168145cc815c7591c443bd592d4b26c76009aac1502e9d528b0334246	2011-11-17 07:05:30	258	1032	1	0	0	0	1	2	1661700000	40.8778	1661650000	40.8766	50000	0.0012	193798	0.0048	48449.6	0.0012	0
153655	da7d6a3bf05e84b9f018483d6b5fa7872df1af87619d31ec06a418c00adbfc9f	2011-11-17 07:05:30	258	1032	1	0	0	0	1	2	3190850000	78.4949	3190800000	78.4937	50000	0.0012	193798	0.0048	48449.6	0.0012	0
153655	826958930fe63ef20263238ab539ca4a0fd36f1e77c77f5af33a0c9eccf713c7	2011-11-17 07:05:30	258	1032	1	0	0	0	1	2	2344723839	57.6802	2344673839	57.679	50000	0.0012	193798	0.0048	48449.6	0.0012	0
153655	93f3aae06148490ddf9ba3b0dfad7de4fcd83256a94744d57aba5cabb4746a8c	2011-11-17 07:05:30	258	1032	1	0	0	0	1	2	1609650000	39.5974	1609600000	39.5962	50000	0.0012	193798	0.0048	48449.6	0.0012	0
153655	f7412b1bb842ab0d6c6b018f044ac49d97990e710a35e59c518d74010726925a	2011-11-17 07:05:30	258	1032	1	0	0	0	1	2	3133800000	77.0915	3133750000	77.0902	50000	0.0012	193798	0.0048	48449.6	0.0012	0
153655	aa5aa1f5d6345e444da575c431b05d1b8e5e4a5f788df590440fbfc0f76d8c3b	2011-11-17 07:05:30	259	1036	1	0	0	0	1	2	2292373144	56.3924	2292323144	56.3912	50000	0.0012	193050	0.0047	48262.5	0.0012	0
153655	a2b5af85b2c38fa9dc132ba51bcab8f939858dac8005cad24bbac5638697ed09	2011-11-17 07:05:30	259	1036	1	0	0	0	1	2	1553600000	38.2186	1553550000	38.2173	50000	0.0012	193050	0.0047	48262.5	0.0012	0
153655	105949f1bfe0c1837e4a0f2fccd0855f6c9fb39f333f78a3c3279f8bf853383d	2011-11-17 07:05:30	258	1032	1	0	0	0	1	2	3000750000	73.8185	3000700000	73.8172	50000	0.0012	193798	0.0048	48449.6	0.0012	0
153655	cfba1660ca0eb0f4cb30e0d5b10d067a705b1a16e5084e957b0da24ce729a890	2011-11-17 07:05:30	259	1036	1	0	0	0	1	2	2168030945	53.3336	2167980945	53.3323	50000	0.0012	193050	0.0047	48262.5	0.0012	0
153655	ba61e0a22532f33e5ceaabfb681c85e898881d840aca1915406e5ceaf5ef08da	2011-11-17 07:05:30	258	1032	1	0	0	0	1	2	1327550000	32.6577	1327500000	32.6565	50000	0.0012	193798	0.0048	48449.6	0.0012	0
153655	15b869b9076db469415ee77b8deb2160c4453ffd1be2e8778270fec177109120	2011-11-17 07:05:30	258	1032	1	0	0	0	1	2	2976700000	73.2268	2976650000	73.2256	50000	0.0012	193798	0.0048	48449.6	0.0012	0
153655	5167d5310b6ddaca2733612ebb88660575f918a44f1cf73f786093412b2dc863	2011-11-17 07:05:30	258	1032	1	0	0	0	1	2	1646244050	40.4976	1646194050	40.4964	50000	0.0012	193798	0.0048	48449.6	0.0012	0
153655	f0b7e1939d9cb9f6079d69335f184d9403631097ce84c865ae442dceab6dce23	2011-11-17 07:05:30	259	1036	1	0	0	0	1	2	1090500000	26.8263	1090450000	26.8251	50000	0.0012	193050	0.0047	48262.5	0.0012	0
153655	9ea347ee531af17603225c5086ac59157fc644202f8ff4e291f04e75d2f7a055	2011-11-17 07:05:30	259	1036	1	0	0	0	1	2	2946650000	72.4876	2946600000	72.4864	50000	0.0012	193050	0.0047	48262.5	0.0012	0
153655	d0ad41bbf0b8dcf1f6aeb0d08d8ac6c07d6347052ea41b3a95412b86a5caa55c	2011-11-17 07:05:30	259	1036	1	0	0	0	1	2	1540657612	37.9002	1540607612	37.8989	50000	0.0012	193050	0.0047	48262.5	0.0012	0
153655	58ef3c1674848e264a0553216709a94d509f75868e87c1ceda2fabe6176912e3	2011-11-17 07:05:30	259	1036	1	0	0	0	1	2	955450000	23.5041	955400000	23.5028	50000	0.0012	193050	0.0047	48262.5	0.0012	0
153655	b19a86a0e4f349d98ed8966648b1f8659ace811d7e439020a57fd97163c5a4a5	2011-11-17 07:05:30	257	1028	1	0	0	0	1	2	1531354712	37.6713	1531304712	37.6701	50000	0.0012	194553	0.0048	48638.1	0.0012	0
153655	dcb1e252cd08cbfbc650bfc29334230d3f36b99749ca5df913d8210559339283	2011-11-17 07:05:30	257	1028	1	0	0	0	1	2	901400000	22.1744	901350000	22.1732	50000	0.0012	194553	0.0048	48638.1	0.0012	0
153655	7ff9c00a4a56a7aa2e9357a5371c35bbf3e66fcd879ff054da6db55f88433189	2011-11-17 07:05:30	258	1032	1	0	0	0	1	2	1496965612	36.8254	1496915612	36.8241	50000	0.0012	193798	0.0048	48449.6	0.0012	0
153655	a369806c4548e94bdeabc478db3705d52911f9abeda57c5257d3d343af3f3641	2011-11-17 07:05:30	257	1028	1	0	0	0	1	2	891350000	21.9272	891300000	21.926	50000	0.0012	194553	0.0048	48638.1	0.0012	0
153655	c239629e9ff662d999fde98d2377dd46a360c75c534bfcedb7a07eb996ebec16	2011-11-17 07:05:30	257	1028	1	0	0	0	1	2	1145296720	28.1743	1145246720	28.1731	50000	0.0012	194553	0.0048	48638.1	0.0012	0
153655	79e32e658559e70e64540446a6cd90f66c79203c15c137cf448cee55c536b121	2011-11-17 07:05:30	258	1032	1	0	0	0	1	2	855300000	21.0404	855250000	21.0392	50000	0.0012	193798	0.0048	48449.6	0.0012	0
153655	16c896fc39dd720e0ea342b721f2534156ce36a9b6d0a5e3f0ce9a5d364f3ef3	2011-11-17 07:05:30	257	1028	1	0	0	0	1	2	1014843492	24.9652	1014793492	24.9639	50000	0.0012	194553	0.0048	48638.1	0.0012	0
153655	8f94d9e88dd29f2a8af04995840d09ed03a1b8c085b3bda9d1914648c188451e	2011-11-17 07:05:30	258	1032	1	0	0	0	1	2	742250000	18.2593	742200000	18.2581	50000	0.0012	193798	0.0048	48449.6	0.0012	0
153655	ae91ff24625fe74c0d12595b07f59fdaa90358100741b5d93aaf8ef840341406	2011-11-17 07:05:30	259	1036	1	0	0	0	1	2	573200000	14.1007	573150000	14.0995	50000	0.0012	193050	0.0047	48262.5	0.0012	0
153655	91ff3d27c47de17f609fca80c4692d3df2831e16a5ea205e90ce339eeb2182c1	2011-11-17 07:05:30	259	1036	1	0	0	0	1	2	465150000	11.4427	465100000	11.4415	50000	0.0012	193050	0.0047	48262.5	0.0012	0
153655	50bb0574634ea28bd606884e28b9d8743bad952287b86cc925456bf3ef6c1ad4	2011-11-17 07:05:30	258	1032	1	0	0	0	1	2	355100000	8.7355	355050000	8.7342	50000	0.0012	193798	0.0048	48449.6	0.0012	0
153655	3ed13aae89faeb9484d7cbe9d615cadb26948ef7bbedf33beebd8ca0efc43666	2011-11-17 07:05:30	259	1036	1	0	0	0	1	2	223050000	5.487	223000000	5.4858	50000	0.0012	193050	0.0047	48262.5	0.0012	0
153655	1868ee2a28669d3afeaee62029a81d0945088189730a6373dd057261c1f348a0	2011-11-17 07:05:30	257	1028	1	0	0	0	1	2	162000000	3.9852	161950000	3.984	50000	0.0012	194553	0.0048	48638.1	0.0012	0
153655	4473e196e4446ef2e7be50155bd8b46d33c22e266dd26be3e773ee7050927e17	2011-11-17 07:05:30	258	1032	1	0	0	0	1	2	139950000	3.4428	139900000	3.4415	50000	0.0012	193798	0.0048	48449.6	0.0012	0
153655	37b0ac4500ce6b2f1165fbabeff925003bb4d8d625f77a3dde75316e10ba5490	2011-11-17 07:05:30	258	1032	1	0	0	0	1	2	89900000	2.2115	89850000	2.2103	50000	0.0012	193798	0.0048	48449.6	0.0012	0
153655	21f68bff401382efc56f4587f286054181e910909e3d5613f4d2223b0b9bc25d	2011-11-17 07:05:30	257	1028	1	0	0	0	1	2	27850000	0.6851	27800000	0.6839	50000	0.0012	194553	0.0048	48638.1	0.0012	0
153655	8dc3659914b66df5bdcb2956a307d43e096e9662090cfb724173b6d028fbabc2	2011-11-17 07:05:30	259	1036	1	0	0	0	1	2	15800000	0.3887	15750000	0.3875	50000	0.0012	193050	0.0047	48262.5	0.0012	0
153656	d0ffb75e34f7413604a099350a7f9e4ef6dc6ac15dba61953bb6eb5d6df46738	2011-11-17 07:11:23	134	536	1	0	1	0	1	1	0	0	5001100010	123.0271	0	0	0	0	0	0	0
153656	61546bca0af12bef6d84f6e24d1b8ca8c97fa16a3c5b20163d7c15355199e669	2011-11-17 07:11:23	258	1032	1	0	0	0	1	2	1193640000	29.3635	1193640000	29.3635	0	0	0	0	0	0	598.77237505556
153656	608afb58270f710a8c22b7836fe47dec7a553066cc2ba669670f31376d467f27	2011-11-17 07:11:23	438	1752	1	0	0	0	2	2	40078224720	985.9243	40078224710	985.9243	10	0	22.8311	0	5.70776	0	135.93136258738
153656	1022813931e11673ea643945d85c7e41e7e6d8f9949762ad2ef15334dcc3bd06	2011-11-17 07:11:23	2059	8236	1	0	0	0	11	2	10001003438	246.0247	10001003438	246.0247	0	0	0	0	0	0	37.28777882197
153656	f21adf6a7d4c46e96d6efb13bd83dd40ad07abec2702350279dc40843d6a92c7	2011-11-17 07:11:23	258	1032	1	0	0	0	1	2	7072869818	173.9926	7072869818	173.9926	0	0	0	0	0	0	0
153656	6ae634bb72f3f9af3f2a22e08162f0bf972be9733cf29a8a99701a547a5e9152	2011-11-17 07:11:23	259	1036	1	0	0	0	1	2	5000300000	123.0074	5000300000	123.0074	0	0	0	0	0	0	0
153656	1567f29d79f949e556ff36c0efa408d09932dbaf4b4106d25fe80cf8dafd6dc2	2011-11-17 07:11:23	258	1032	1	0	0	0	1	2	500000000	12.3	499950000	12.2988	50000	0.0012	193798	0.0048	48449.6	0.0012	0.60543981481481
153656	db6a6fba738bcee7cbaa81453a452e989376fba95dc498cbdafff56ceab7ea7f	2011-11-17 07:11:23	258	1032	1	0	0	0	1	2	5375796433	132.2446	5375796433	132.2446	0	0	0	0	0	0	0
153656	afcf22aec5d9bf3bc7018541be97f3b9e4d942a01b7ccaa4745648ff673af4fc	2011-11-17 07:11:23	259	1036	1	0	0	0	1	2	4723046419	116.1869	4723046419	116.1869	0	0	0	0	0	0	0
153656	51efff5ce909967c39c3e5f7c389f195df01172d7b75b76d9c7cc12f3a80d6e8	2011-11-17 07:11:23	258	1032	1	0	0	0	1	2	3299100000	81.1579	3299100000	81.1579	0	0	0	0	0	0	0
153656	ec1e8b19d465fcaab3480842963df33490682708aad050d7a55b89d16b94201d	2011-11-17 07:11:23	259	1036	1	0	0	0	1	2	3297350160	81.1148	3297350160	81.1148	0	0	0	0	0	0	0
153656	55c4ece8e78e536c67275988085d7abc8e75a272bd80107ff1a04f99b4e48439	2011-11-17 07:11:23	259	1036	1	0	0	0	1	2	2666064570	65.5852	2666064570	65.5852	0	0	0	0	0	0	0
153656	acaf320ecf395bda53642c24e25e77e2bf0385682441051d6f10d1e294e52e3f	2011-11-17 07:11:23	258	1032	1	0	0	0	1	2	2493453496	61.339	2493453496	61.339	0	0	0	0	0	0	0
153656	e735f3186830a9ed842ff293c7ebdf77bec6f59e607b0179fd6fb2d3eda2b4db	2011-11-17 07:11:23	257	1028	1	0	0	0	1	2	2198150000	54.0745	2198150000	54.0745	0	0	0	0	0	0	0
153656	bd41c4e3d47aa764a39ec45704e1f773be11315812d311ca35a9f02868e6f4d7	2011-11-17 07:11:23	259	1036	1	0	0	0	1	2	717152383	17.6419	717152383	17.6419	0	0	0	0	0	0	0
153656	350dc0010e471ca9992ab313332fb18e2ffac24930ad10263957e0c783a2fb01	2011-11-17 07:11:23	799	3196	1	0	0	0	4	2	124664000	3.0667	124614000	3.0655	50000	0.0012	62578.2	0.0015	15644.6	0.0004	0.01005787037037
153656	7114c00093b5da2591f06b26a9cadafe8f75c80734156ed99be94eff598fb94d	2011-11-17 07:11:23	257	1028	1	0	0	0	1	2	153101663	3.7663	153101663	3.7663	0	0	0	0	0	0	0
153656	111a1500b7fe5563ed9c0153ed51064501a5f72f7b2edbabde44a6776f17538d	2011-11-17 07:11:23	224	896	1	0	0	0	1	1	31000000	0.7626	30000000	0.738	1000000	0.0246	4464290	0.1098	1116070	0.0275	0
153656	7f9bb60ad7e88ee1c18490fe03a33067dc1e0ceb27dbeacbbd8412b2cbb34bfe	2011-11-17 07:11:23	258	1032	1	0	0	0	1	2	12906821	0.3175	12906821	0.3175	0	0	0	0	0	0	0
153657	048adb5f4cf94139896cc17fa8faca1e47e01aec2a415e3f5ae5247bde58ce51	2011-11-17 07:25:54	135	540	1	0	1	0	1	1	0	0	5001250000	123.0308	0	0	0	0	0	0	0
153657	3b7c45eec9810eacb57effef5c2171dc0a6cf35de5d3c19d7d483252b21f97a9	2011-11-17 07:25:54	800	3200	1	0	0	0	4	2	49962097474996	1229067.625	49962097474996	1229067.625	0	0	0	0	0	0	1.6357640518519
153657	e74e9bef8edb0fafb752420248664fdcc509ea6799a4047cfd9c62fdd000d167	2011-11-17 07:25:54	257	1028	1	0	0	0	1	2	500000000	12.3	500000000	12.3	0	0	0	0	0	0	636.38732638889
153657	8618a642c734d2771a2e746f49075c2cbd1523d43183a5224eb727c43e24db6e	2011-11-17 07:25:54	797	3188	1	0	0	0	4	2	959337151464	23599.6934	959337151464	23599.6934	0	0	0	0	0	0	898.39658867727
153657	a4d20bf63a57c095ef914971ecaf1036d3d836777669ad4c2555ca89ecd8f01a	2011-11-17 07:25:54	618	2472	1	0	0	0	3	2	944140000	23.2258	944140000	23.2258	0	0	0	0	0	0	755.9565625
153657	3690f697715e14a2d2f6e59fcc12e225923ae67716dca74e0015e6a240e0aad1	2011-11-17 07:25:54	2061	8244	1	0	0	0	11	2	100001014000	2460.0249	100001014000	2460.0249	0	0	0	0	0	0	1963.2800925926
153657	6bfe3614177d7632ff25391f745975f64158ddaba65e23318c93b7dfc754e8e3	2011-11-17 07:25:54	799	3196	1	0	0	0	4	2	917249345444	22564.334	917249345444	22564.334	0	0	0	0	0	0	8.6480700633367
153657	7a988a76bf8d8e1dbd42a33ad3ec67773df85f81c30c08dad3686ece52f64103	2011-11-17 07:25:54	798	3192	1	0	0	0	4	2	703597130861	17308.4902	703597130861	17308.4902	0	0	0	0	0	0	0.74403275462963
153657	ca69a075230453d83fd2fdf4e1835a79084093aee043d51d08e7b98d40f363e7	2011-11-17 07:25:54	258	1032	1	0	0	0	1	2	1397500000	34.3785	1397500000	34.3785	0	0	0	0	0	0	126.33464699074
153657	b0e9c757e71cf6bf43388d496261345c53dfeaacb84ad0c907ba72c7fa5b20fd	2011-11-17 07:25:54	258	1032	1	0	0	0	1	2	4507444650	110.8831	4507444650	110.8831	0	0	0	0	0	0	52.081853506806
153657	cecf1d729508a70323bc8db7fec3734a92da0527dbc54b44889c55c2b0547569	2011-11-17 07:25:54	3106	12424	1	0	0	0	17	1	5890984580	144.9182	5890984580	144.9182	0	0	0	0	0	0	486.33369304493
153657	204a0ef182253882760534b0d42ffce01d72b3d16471c51013c316122825b83c	2011-11-17 07:25:54	796	3184	1	0	0	0	4	2	158176295500	3891.137	158176295500	3891.137	0	0	0	0	0	0	3.5107552470716
153657	2db2a21bd8e2b32229da5e10ed8f66aab0df9d3b94c2df147d6412fcc7c8aa2e	2011-11-17 07:25:54	258	1032	1	0	0	0	1	2	11437000000	281.3502	11437000000	281.3502	0	0	0	0	0	0	9.4156690972222
153657	472ff51dae4e6f18d0ed65083e63c3e2c85f2a37f62dc96650dc1ee74865c710	2011-11-17 07:25:54	799	3196	1	0	0	0	4	2	20954587616	515.4828	20954587616	515.4828	0	0	0	0	0	0	21.530057477405
153657	5ca98c959e71766dc4b6fa7246cbaffdf0dcf65ecb813382825d7067ac1df042	2011-11-17 07:25:54	257	1028	1	0	0	0	1	2	3800000000	93.48	3800000000	93.48	0	0	0	0	0	0	9.8628472222222
153657	7762bef51df6f733bbbd1642aec718d2156f34c086a82bd5aadb1d04f6f91bc0	2011-11-17 07:25:54	258	1032	1	0	0	0	1	2	3638000000	89.4948	3638000000	89.4948	0	0	0	0	0	0	2.9950340277778
153657	1f1f2d5e17d39d69519822f510b9ca8669509b1c3d58af362f68dcd8d2caaea0	2011-11-17 07:25:54	615	2460	1	0	0	0	3	2	7619696730	187.4445	7619696730	187.4445	0	0	0	0	0	0	6.4914612239815
153657	adf3a9caa89a369b9374c7af64ded4f1ad4b5a37ca929d89d4887a41b493a96f	2011-11-17 07:25:54	799	3196	1	0	0	0	4	2	11120266553	273.5586	11120266553	273.5586	0	0	0	0	0	0	0.31174265480093
153657	299a005d8437cdbb8b9b2505300bc2e451f32637b4558eb5fbe6db22ba76918b	2011-11-17 07:25:54	258	1032	1	0	0	0	1	2	342000000	8.4132	342000000	8.4132	0	0	0	0	0	0	0.75806041666667
153657	551b1bdc8280c255979d69523b77b7b0245a4bdb4cc7b92c983922f6eaaebfde	2011-11-17 07:25:54	257	1028	1	0	0	0	1	2	1486716814	36.5732	1486666814	36.572	50000	0.0012	194553	0.0048	48638.1	0.0012	0
153657	c6536166fa38291ab0b222faa1483fd0b982d6bd8f9c575069c2820bc9eadac2	2011-11-17 07:25:54	258	1032	1	0	0	0	1	2	68167634	1.6769	67167634	1.6523	1000000	0.0246	3875970	0.0953	968992	0.0238	0.69740065650023
153657	f27d6124c7df6d116dc2587d50854994ddda6e01d8a9494413bb3e39c3d5d7d2	2011-11-17 07:25:54	258	1032	1	0	0	0	1	2	301630400	7.4201	301580400	7.4189	50000	0.0012	193798	0.0048	48449.6	0.0012	0.43038189481481
153657	b475f413d9a451460baf04d53ac7f450e17b00ca48701b27a0ada8ada73c0264	2011-11-17 07:25:54	257	1028	1	0	0	0	1	2	4225077968	103.9369	4225077968	103.9369	0	0	0	0	0	0	0
153657	67b136c3735763f76010347dd5b3b9d99f60e29fdb3016f762356cf8005e54a6	2011-11-17 07:25:54	257	1028	1	0	0	0	1	2	3938450000	96.8859	3938450000	96.8859	0	0	0	0	0	0	0
153657	f3490de130f4b5528e22e5c14fa5ec8980fd93754c450345459e64433869d881	2011-11-17 07:25:54	258	1032	1	0	0	0	1	2	3849300010	94.6928	3849300010	94.6928	0	0	0	0	0	0	0
153657	5a6b3aae7bcced800049ea1456566e56cbcad989a32a9b65c83a21f8a7d5fd82	2011-11-17 07:25:54	257	1028	1	0	0	0	1	2	3784673657	93.103	3784673657	93.103	0	0	0	0	0	0	0
153657	786e6a6521dfa9334d31dd3652f6e3b75359f6a4b1aa5e63146d39c76badae96	2011-11-17 07:25:54	258	1032	1	0	0	0	1	2	3482350000	85.6658	3482350000	85.6658	0	0	0	0	0	0	0
153657	5292aca5c3d21978f2587d19310a2abc0c256265ba1a7c949f4484f90e78a6e2	2011-11-17 07:25:54	259	1036	1	0	0	0	1	2	3352100000	82.4617	3352100000	82.4617	0	0	0	0	0	0	0
153657	7cc82059044d198ae57e7beb5891e384eb4f92a6a11719833b7586027852bb29	2011-11-17 07:25:54	258	1032	1	0	0	0	1	2	3330088885	81.9202	3330088885	81.9202	0	0	0	0	0	0	0
153657	de9fb96800488568b86d82680e779e0aefe598bb94dfe5afd3e5e8a6b7b625b5	2011-11-17 07:25:54	259	1036	1	0	0	0	1	2	3332000000	81.9672	3332000000	81.9672	0	0	0	0	0	0	0
153657	6be750c2a3c2aed825fc1426d76b58a1702ec4bf3c38c40154b62ea345d2e839	2011-11-17 07:25:54	258	1032	1	0	0	0	1	2	3266100000	80.3461	3266100000	80.3461	0	0	0	0	0	0	0
153657	02287355986ae819b0b1d407bb166648c95b4e202baefcdeb1a824f49455caf8	2011-11-17 07:25:54	259	1036	1	0	0	0	1	2	3086350160	75.9242	3086350160	75.9242	0	0	0	0	0	0	0
153657	180e8e70efa695abd94814d0aceaa9fc6c82e6cda5067ee16cdd27f99ed30404	2011-11-17 07:25:54	259	1036	1	0	0	0	1	2	2564064570	63.076	2564064570	63.076	0	0	0	0	0	0	0
153657	b4f46d709036ee9af0f7fa70d0d7409cf3c0f39c74d4a4903f972f26efbef392	2011-11-17 07:25:54	258	1032	1	0	0	0	1	2	1384150000	34.0501	1384150000	34.0501	0	0	0	0	0	0	0
153657	7d5fa187452fc50e7009faba4b71085b3992fca4283038c03af9c7f6d0b340f4	2011-11-17 07:25:54	258	1032	1	0	0	0	1	2	982453496	24.1684	982453496	24.1684	0	0	0	0	0	0	0
153657	176680f172d9f4cae2b63e277f9cc2958a95f5fefcb6d4dabdd6d64893930ffd	2011-11-17 07:25:54	258	1032	1	0	0	0	1	2	707152383	17.3959	707152383	17.3959	0	0	0	0	0	0	0
153657	429b0560a6a986d86290a1b230ac135df45da1244a7d23ead219c99c3c6a7bfe	2011-11-17 07:25:54	258	1032	1	0	0	0	1	2	151360831	3.7235	151310831	3.7222	50000	0.0012	193798	0.0048	48449.6	0.0012	0
153657	35b70af5768cffd2a370df34315940c92da98c30863a619026f89e05a0110068	2011-11-17 07:25:54	259	1036	1	0	0	0	1	2	399950000	9.8388	399900000	9.8375	50000	0.0012	193050	0.0047	48262.5	0.0012	0
153657	64026f8177d5e67681803fc16419187358c8348b892e1fd39ab69a21d6d85507	2011-11-17 07:25:54	259	1036	1	0	0	0	1	2	166050000	4.0848	166000000	4.0836	50000	0.0012	193050	0.0047	48262.5	0.0012	0
153657	010586704c5abbf53aa3917a09eb2491c580e814cafde703f88cdf742455e047	2011-11-17 07:25:54	258	1032	1	0	0	0	1	2	125101663	3.0775	125101663	3.0775	0	0	0	0	0	0	0
153657	5952e38553806ab39fc9644e5d0f75e196fbb615e32379174d35127adbb64062	2011-11-17 07:25:54	944	3776	1	0	0	0	5	1	28107638	0.6914	28107638	0.6914	0	0	0	0	0	0	0.0030972690259259
153657	ceb6723489236737556e6b4b837c17993995218edb64175541faaaf4f31d1ad6	2011-11-17 07:25:54	439	1756	1	0	0	0	2	2	12598746	0.3099	12598746	0.3099	0	0	0	0	0	0	0
153657	6e935c5e193ab09d6bbad3a25f3d1aee352010cce01b9f4f887c80e38f542182	2011-11-17 07:25:54	224	896	1	0	0	0	1	1	3000000000	73.8	3000000000	73.8	0	0	0	0	0	0	0
153658	ab9763341300dec708f503b2895aee74e5ce15df8d31f30a2278754dc4415249	2011-11-17 07:46:55	168	672	1	0	1	0	1	1	0	0	5002346330	123.0577	0	0	0	0	0	0	0
153658	875522af6a75a99d173ade30b7fe5c2f51cf4b65edf70ede4ef68d3dc71e1ef3	2011-11-17 07:46:55	258	1032	1	0	0	0	1	2	500000000	12.3	500000000	12.3	0	0	0	0	0	0	620.72621527778
153658	7605cc51d0f62a8aa9f5c7ac5a55d8b1756e9437c70fb664f4c991fed24d25a1	2011-11-17 07:46:55	1338	5352	1	0	0	0	7	2	20001000000	492.0246	20001000000	492.0246	0	0	0	0	0	0	1735.9240472106
153658	827cc7f230643bdfbeeeacecf6df16565d795c4c62f5e31b67fb1ce85bf4f563	2011-11-17 07:46:55	2736	10944	1	0	0	0	15	1	6816246330	167.6797	6816000000	167.6736	246330	0.0061	90032.9	0.0022	22508.2	0.0006	3161.4723766733
153658	40fef2616772c86b311f9939216cf27e342bb61bcc87fb9b628b7725ed5dd385	2011-11-17 07:46:55	798	3192	1	0	0	0	4	2	909891825862	22383.3398	909891825862	22383.3398	0	0	0	0	0	0	6.3760335365913
153658	0554b938d33be2eb2a99d1eb8af0306a33149d7bdeb38ea407377cc49df9b0a9	2011-11-17 07:46:55	797	3188	1	0	0	0	4	2	920775487190	22651.0781	920775487190	22651.0781	0	0	0	0	0	0	0.18620400046933
153658	3791b663c7b5e3f15db5cc1c03241223b9c845afc5c73afb5f7c522f89396d12	2011-11-17 07:46:55	224	896	1	0	0	0	1	1	10000000000	246	10000000000	246	0	0	0	0	0	0	159.25578703704
153658	e7a11ce8f84fb1fea87b457ebb16cc61efd35e01b198ccfe5dbfb9a3057b2229	2011-11-17 07:46:55	618	2472	1	0	0	0	3	2	10911055361	268.412	10911055361	268.412	0	0	0	0	0	0	351.76073081382
153658	fd9c9d4ea6110837e60c57b5b6ba63e126211c8e297e205f5d035facc5918555	2011-11-17 07:46:55	257	1028	1	0	0	0	1	2	5700000000	140.22	5700000000	140.22	0	0	0	0	0	0	125.11829861111
153658	6de18b5aba5ca25292e1240a36422a35e7cec79d099acb591d9a98eab34ff00c	2011-11-17 07:46:55	258	1032	1	0	0	0	1	2	2050000000	50.43	2050000000	50.43	0	0	0	0	0	0	87.839890046296
153658	71b73bd1edf20937ad4bb83c5f5d2a58e15a3d8edc9d2052a16327c1f02d0aac	2011-11-17 07:46:55	258	1032	1	0	0	0	1	2	1397900000	34.3883	1397900000	34.3883	0	0	0	0	0	0	76.0151809375
153658	e21a095ea07742019fe9efd052a8bf989a13597f57ebc595ec55768ce3624127	2011-11-17 07:46:55	159	636	1	0	0	0	1	1	5002543902	123.0626	5002543902	123.0626	0	0	0	0	0	0	34.96338148914
153658	bc740e218444082dc2b01fc10d7cebbde79db306bf7da2e4cc8063551165126e	2011-11-17 07:46:55	192	768	1	0	0	0	1	2	5000050000	123.0012	5000050000	123.0012	0	0	0	0	0	0	44.576255943287
153658	31a161db1240180ad2ae6aa71e8acda9596bb8623a4735cc7577f934245eca6c	2011-11-17 07:46:55	799	3196	1	0	0	0	4	2	884000000	21.7464	884000000	21.7464	0	0	0	0	0	0	128.85661944444
153658	28804aaa219942e2b7455d0420768b7d3c2781ae8e0c1dfbd4b81735f8d3ee40	2011-11-17 07:46:55	223	892	1	0	0	0	1	1	7307692000	179.7692	7307692000	179.7692	0	0	0	0	0	0	36.298253457407
153658	1773a22fefc3170738e6e1f7589246bb4c4505b1395c064f704bf43fd6ab98a0	2011-11-17 07:46:55	257	1028	1	0	0	0	1	2	1002000000	24.6492	1002000000	24.6492	0	0	0	0	0	0	29.785261805556
153658	e4481eac548ceb02261ad13a8ee522adf4f8455bbcd1228522c5fade50a479ca	2011-11-17 07:46:55	258	1032	1	0	0	0	1	2	27821150000	684.4003	27821100000	684.399	50000	0.0012	193798	0.0048	48449.6	0.0012	0
153658	eec8e87a30961e33330836e1a534a3f4b705e7ddface3f22fa112a19d9832402	2011-11-17 07:46:55	2055	8220	1	0	0	0	11	2	2315000000	56.949	2315000000	56.949	0	0	0	0	0	0	138.92373715278
153658	ae103d6e21a7e11c1dffddc7b1d8b98e31dc630a297305a8fd347e365e93f100	2011-11-17 07:46:55	258	1032	1	0	0	0	1	2	506000000	12.4476	506000000	12.4476	0	0	0	0	0	0	11.429333564815
153658	20369514391d2059d8fbc89f2a6205cd7d15aaafc99afe960708abe0353fd370	2011-11-17 07:46:55	438	1752	1	0	0	0	2	2	2001270000	49.2312	2001270000	49.2312	0	0	0	0	0	0	19.20557383912
153658	11fd61f32a7df2499cc3b491cc7dd9621669d6419f6d98f7fd8cd50f1ef99ed2	2011-11-17 07:46:55	258	1032	1	0	0	0	1	2	13973405604	343.7458	13973405604	343.7458	0	0	0	0	0	0	0
153658	c36526f790c5ecc83bc1faf3b31f8653ee60c1a7aa2dfbbf0acdb6aeee3977bc	2011-11-17 07:46:55	763	3052	1	0	0	0	4	1	10505756780	258.4416	10505756780	258.4416	0	0	0	0	0	0	19.852687618079
153658	9c0a3b4bdcef418c8112bb4c3f2e9d5064aadc540dbb5ed635681faef9fb9006	2011-11-17 07:46:55	800	3200	1	0	0	0	4	2	10789000000	265.4094	10789000000	265.4094	0	0	0	0	0	0	21.658481377315
153658	3372241def008dc6b77a561bf54424078d7d6841f1c37836c1c2a15aacfcc60e	2011-11-17 07:46:55	796	3184	1	0	0	0	4	2	7233438438	177.9426	7233438438	177.9426	0	0	0	0	0	0	20.284404285261
153658	9b9cdec140f4bceb993a87ddfb7687cf3623526cd2f2edf620076a416a3a6b47	2011-11-17 07:46:55	2780	11120	1	0	0	0	15	2	1201004634	29.5447	1201004634	29.5447	0	0	0	0	0	0	55.596510935634
153658	dab847902743e9acadf28ae2b63c1932e735799fdf254d7c508de1a13aa2f903	2011-11-17 07:46:55	1337	5348	1	0	0	0	7	2	701023392	17.2452	701023392	17.2452	0	0	0	0	0	0	25.02068524304
153658	588648568f527ceb5ee2ea24fe1bf036987adff0586fa6bfe5131644162d88cf	2011-11-17 07:46:55	257	1028	1	0	0	0	1	2	300000000	7.38	300000000	7.38	0	0	0	0	0	0	4.7115625
153658	cc3826137890fd083adbe48ff4be7fd6405c3d1cbaa3faf20b7a010b892f2667	2011-11-17 07:46:55	258	1032	1	0	0	0	1	2	5980700000	147.1252	5980650000	147.124	50000	0.0012	193798	0.0048	48449.6	0.0012	0
153658	10cac62dca1b03d1b05fa160c1931ecb219e07c9875a23e37f3a6b5bbe6ea71c	2011-11-17 07:46:55	258	1032	1	0	0	0	1	2	5467332603	134.4964	5467332603	134.4964	0	0	0	0	0	0	0
153658	b69720b8ff2cf5733e17ef20be289b60029f05285431c77ff75aee63a2664930	2011-11-17 07:46:55	257	1028	1	0	0	0	1	2	2954300000	72.6758	2954300000	72.6758	0	0	0	0	0	0	2.6739150462963
153658	680761e20bf984bbe01e242f0be9c71be893016522f0c087cb45cdf57d7ee434	2011-11-17 07:46:55	439	1756	1	0	0	0	2	2	1338336000	32.9231	1338336000	32.9231	0	0	0	0	0	0	5.3296990740741
153658	68462334c0ad503640e3ad43b1e7f3f056d6e4829cbde03d8cc892fa1182ea30	2011-11-17 07:46:55	798	3192	1	0	0	0	4	2	468900000	11.5349	468900000	11.5349	0	0	0	0	0	0	9.3527096990741
153658	eee0ccd3c6f688a2e3572d90b04fe7e67def71e5b62930b8c83a782a3bed0051	2011-11-17 07:46:55	799	3196	1	0	0	0	4	2	12203473670	300.2054	12203473670	300.2054	0	0	0	0	0	0	3.978135133338
153658	bbbccc88cbcd39ff9f73283f1a9318912397881582a7082898db53b229b817b8	2011-11-17 07:46:55	439	1756	1	0	0	0	2	2	594000000	14.6124	593950000	14.6112	50000	0.0012	113895	0.0028	28473.8	0.0007	4.4837962962963
153658	988a61dde77cc20b1563e9deb9eebee67438e545157a79ec8860e088b8cf2533	2011-11-17 07:46:55	438	1752	1	0	0	0	2	2	1614532177	39.7175	1614532177	39.7175	0	0	0	0	0	0	3.5619812033891
153658	b1f2bf135016f1211a93f8e8ed23263fd63f785a608dcc64dce6459cbc50f189	2011-11-17 07:46:55	616	2464	1	0	0	0	3	2	1569610291	38.6124	1569610291	38.6124	0	0	0	0	0	0	5.0812111424583
153658	934adb547ee16595f7d0abc7f91dc4e9965c3c84b3b5e4ad93a5ed6732bd03f3	2011-11-17 07:46:55	258	1032	1	0	0	0	1	2	3456973281	85.0415	3456973281	85.0415	0	0	0	0	0	0	0
153658	b2879571f9f28c572f2751b0cc46272cb18234505e1efe982c01661e19adc3fe	2011-11-17 07:46:55	257	1028	1	0	0	0	1	2	795529000	19.57	795529000	19.57	0	0	0	0	0	0	1.1916361479167
153658	8cf5b6b04e68888909cf3325e53e9d97054e403e3c35fa963645a45c92b148db	2011-11-17 07:46:55	796	3184	1	0	0	0	4	2	342400000	8.423	342350000	8.4218	50000	0.0012	62814.1	0.0015	15703.5	0.0004	4.3043137962963
153658	7939f5585ac568aaf80c71b534e40f9b430dd1ac920d4043c4e6c504d818e5ac	2011-11-17 07:46:55	259	1036	1	0	0	0	1	2	20002000000	492.0492	20001950000	492.048	50000	0.0012	193050	0.0047	48262.5	0.0012	0
153658	35f64170ac757eb038228cbeb78051af1948d5eac1240b21a4bab0c497a0609b	2011-11-17 07:46:55	259	1036	1	0	0	0	1	2	3865000000	95.079	3864950000	95.0778	50000	0.0012	193050	0.0047	48262.5	0.0012	0
153658	4b2c9cf2423bedb49f320d8f537f4010fc088142bd5f6e24202c469c256de044	2011-11-17 07:46:55	1159	4636	1	0	0	0	6	2	1347203051	33.1412	1347103051	33.1387	100000	0.0025	86281.3	0.0021	21570.3	0.0005	2.2678054458763
153658	ebe124e7a08e816072146504490e19a506e5f18b673f0d8a0d1c4a37f33c7bc0	2011-11-17 07:46:55	259	1036	1	0	0	0	1	2	563680586	13.8665	563630586	13.8653	50000	0.0012	193050	0.0047	48262.5	0.0012	0
153658	5c059ac77ab8e55d169d74dbe8e9cdf87136574576373d71d73ec2ad5448271c	2011-11-17 07:46:55	258	1032	1	0	0	0	1	2	64452203	1.5855	64402203	1.5843	50000	0.0012	193798	0.0048	48449.6	0.0012	0.2462760451206
153658	af79c866ad9097478549dd22526f3b32eb4cf2d7a5d9bb700de54a4dd2da784b	2011-11-17 07:46:55	257	1028	1	0	0	0	1	2	326208315	8.0247	326158315	8.0235	50000	0.0012	194553	0.0048	48638.1	0.0012	0
153658	319344d3250d2eead07bf888a528d75bff6f80ab5cabb0fe9273eaf5257eedbd	2011-11-17 07:46:55	259	1036	1	0	0	0	1	2	27300000	0.6716	27250000	0.6704	50000	0.0012	193050	0.0047	48262.5	0.0012	0.15471895833333
153658	bf755895459fff3f3b40678914075a95b46e2f90f5725db9e52fbb586f6f0385	2011-11-17 07:46:55	258	1032	1	0	0	0	1	2	168875488	4.1543	167875488	4.1297	1000000	0.0246	3875970	0.0953	968992	0.0238	0.11330685230741
153658	99c99c81cef7cdac586726ca943b28a61ca68cee6086998ee3523be41d677eff	2011-11-17 07:46:55	257	1028	1	0	0	0	1	2	1549000	0.0381	1499000	0.0369	50000	0.0012	194553	0.0048	48638.1	0.0012	0.091989982523148
153658	d648608881e5e7bd04310323c81c1de89def9abe3d5721674b213222fb9fcf8b	2011-11-17 07:46:55	258	1032	1	0	0	0	1	2	11000000	0.2706	10950000	0.2694	50000	0.0012	193798	0.0048	48449.6	0.0012	0.050533796296296
153658	ec3c3820eadfca3a46601cf219813429e91f29cf2e380e1190d403e44e6b6857	2011-11-17 07:46:55	616	2464	1	0	0	0	3	2	4063904	0.1	4013904	0.0987	50000	0.0012	81168.8	0.002	20292.2	0.0005	0.11375035192847
153658	ac5d5b01229734f2a4e26c6430a0441d1049337dab16fb8e934188452c60d07b	2011-11-17 07:46:55	438	1752	1	0	0	0	2	2	2450000	0.0603	2400000	0.059	50000	0.0012	114155	0.0028	28538.8	0.0007	0.061791550925926
153658	631322b8e8ac4c153557f18107acd2da859da22058be284131ad5f7c92597179	2011-11-17 07:46:55	258	1032	1	0	0	0	1	2	394910000	9.7148	394860000	9.7136	50000	0.0012	193798	0.0048	48449.6	0.0012	0
153658	be9c9c816dc79c3cabb7b73443fd62b837d9a14633d3989bdec5a4d8f0d28915	2011-11-17 07:46:55	259	1036	1	0	0	0	1	2	2200000	0.0541	2150000	0.0529	50000	0.0012	193050	0.0047	48262.5	0.0012	0.014135763888889
153658	853a88881d386300d5a1a96821a8a143f51e524b19a0506f8c5ba8c6e58b37f0	2011-11-17 07:46:55	259	1036	1	0	0	0	1	2	6306939	0.1552	6256939	0.1539	50000	0.0012	193050	0.0047	48262.5	0.0012	0
153658	4666be3454422652faa0a378140874b4eae031fcff26b0a52a84960587f093ca	2011-11-17 07:46:55	406	1624	1	0	0	0	2	1	600000	0.0148	500000	0.0123	100000	0.0025	246305	0.0061	61576.4	0.0015	0.0031166203703704
153658	02df93061e999a33bfe7b92d908d37cdd2228d252b9633d455afcba38e454a3f	2011-11-17 07:46:55	438	1752	1	0	0	0	2	2	20790400	0.5114	20740400	0.5102	50000	0.0012	114155	0.0028	28538.8	0.0007	0
153659	6334656de6a5aa3e21fb2fdb981a851a8f851008d80a42b652bbed3720891b16	2011-11-17 08:49:53	182	728	1	0	1	0	1	1	0	0	5054300000	124.3358	0	0	0	0	0	0	0
153659	40278f2878622f768ad18612a1c02687cda528b38204d65895ee6a8af48d7b1b	2011-11-17 08:49:53	1158	4632	1	0	0	0	6	2	30018150000	738.4465	30018150000	738.4465	0	0	0	0	0	0	18588.536632841
153659	40231de8f04e8d883c1535915ebc1fa1709b33530df72100cf3273d8e2cf7c98	2011-11-17 08:49:53	223	892	1	0	0	0	1	1	10000000000	246	10000000000	246	0	0	0	0	0	0	960.26273148148
153659	34beeee402b9992046578af9d469067fa2d1d8d5eaac9a741004e81d447cf1b7	2011-11-17 08:49:53	224	896	1	0	0	0	1	1	6000000000	147.6	6000000000	147.6	0	0	0	0	0	0	484.17777777778
153659	cd34246042b8a28aca3a5bf255bcfdfa45c7f2b738bd24f2e83cf836c32a8250	2011-11-17 08:49:53	258	1032	1	0	0	0	1	2	20000000000	492	20000000000	492	0	0	0	0	0	0	517.25925925926
153659	83e31461f2a9394b9d8722aaad44d66d0f04adc6755e8098e2602b61b69a0c8d	2011-11-17 08:49:53	225	900	1	0	0	0	1	1	5000000000	123	5000000000	123	0	0	0	0	0	0	299.11979166667
153659	a6fa6ba97d565942c8a8031c6507e7461732a6a99e03bdb1da4bf61e0e69abd8	2011-11-17 08:49:53	258	1032	1	0	0	0	1	2	35799900000	880.6776	35799800000	880.6751	100000	0.0025	387597	0.0095	96899.2	0.0024	351.10834795139
153659	e6e258fddad2f2a3867fb361f7598f74c9c40f71f27236148ecd17ba154bbc8a	2011-11-17 08:49:53	618	2472	1	0	0	0	3	2	10001000000	246.0246	10001000000	246.0246	0	0	0	0	0	0	699.03812685185
153659	43b81b7adaf8d7b8e31b0011c1490014e76ef6b70125bea49850d2fdb0a8652f	2011-11-17 08:49:53	224	896	1	0	0	0	1	1	2188000000	53.8248	2188000000	53.8248	0	0	0	0	0	0	252.91051481481
153659	04e46332372a4b177dbfb1fc1201f9d417e3787d16569f14b08cb6d0a37c2671	2011-11-17 08:49:53	799	3196	1	0	0	0	4	2	872040441512	21452.1953	872040441512	21452.1953	0	0	0	0	0	0	9.1815415308782
153659	36d39f83ba114a9c582e8bbf3526d63c1fa0b064a9b12a138f3e73653325c7b0	2011-11-17 08:49:53	224	896	1	0	0	0	1	1	10000000000	246	10000000000	246	0	0	0	0	0	0	120.4224537037
153659	f1663a9ada23b00d355b3954c5ef1450ea3cf7bb9382cf0539657f272a8a831e	2011-11-17 08:49:53	257	1028	1	0	0	0	1	2	13900000000	341.94	13900000000	341.94	0	0	0	0	0	0	104.78894675926
153659	7a33b89d5cdba6184b80176573b4e4f1f341e774d9f560452b1cfd1804bd1ad4	2011-11-17 08:49:53	1158	4632	1	0	0	0	6	2	3071000080	75.5466	3071000080	75.5466	0	0	0	0	0	0	494.99588888794
153659	766d30b61a2438f02e2a086c046052ed4c45cac24bbb08ab6b17eef3abd7a953	2011-11-17 08:49:53	617	2468	1	0	0	0	3	2	18194026800	447.5731	18194026800	447.5731	0	0	0	0	0	0	242.12771296296
153659	3922e68ec09f058f9e28dd458bf2b3df36e605a78a6103860c0e8067e216b383	2011-11-17 08:49:53	259	1036	1	0	0	0	1	2	9599900000	236.1575	9599400000	236.1452	500000	0.0123	1930500	0.0475	482625	0.0119	102.08671436343
153659	cbe1b2b4775d08d7e744c64db3029d92f657e9af939d5c059cf11bf81121d32a	2011-11-17 08:49:53	258	1032	1	0	0	0	1	2	38662600000	951.1	38662600000	951.1	0	0	0	0	0	0	63.444252638889
153659	b7f4e039d1b1eec71e8f3f3775d24a437ff2a5ba07d8a2723d7e6bb0099d4098	2011-11-17 08:49:53	157	628	1	0	0	0	1	1	5000050000	123.0012	5000050000	123.0012	0	0	0	0	0	0	39.595303356481
153659	d54c1699dadc593c29165c89f864bca1d07e4d68bc068779f77f579ff4802aac	2011-11-17 08:49:53	223	892	1	0	0	0	1	1	4100000000	100.86	4100000000	100.86	0	0	0	0	0	0	52.549756944444
153659	c11b2305621a2f4226a6c74717b54e8bd681f31d03f293fff0cb9eda137fc56b	2011-11-17 08:49:53	5082	20328	1	0	0	0	28	1	2380000000	58.548	2380000000	58.548	0	0	0	0	0	0	1186.0426269886
153659	48b80663a1fe4c38f3213699fea055113b188c955731a1afe06e52a2f878b504	2011-11-17 08:49:53	258	1032	1	0	0	0	1	2	1000000000	24.6	1000000000	24.6	0	0	0	0	0	0	46.767361111111
153659	da878fdc916814f1b570223369e40f789d7465e65f209bae21b0c146f19c2e2f	2011-11-17 08:49:53	258	1032	1	0	0	0	1	2	1000000000	24.6	1000000000	24.6	0	0	0	0	0	0	46.45162037037
153659	b2ea426a151c77aafdedf50b97c07043bdcefc389ead0c21d3e69e8a75ca8c3b	2011-11-17 08:49:53	257	1028	1	0	0	0	1	2	11500000000	282.9	11500000000	282.9	0	0	0	0	0	0	46.92505787037
153659	d7e26ed2527f538e71598f1bb9cbbc5c6e7bd115358bb9c202e9830c94ef3dba	2011-11-17 08:49:53	258	1032	1	0	0	0	1	2	1000000000	24.6	1000000000	24.6	0	0	0	0	0	0	42.717708333333
153659	f48701b55ef60a47326962d8ad1969ac13ab40a44918abe45547ecb89b1c49c8	2011-11-17 08:49:53	979	3916	1	0	0	0	5	2	740000000	18.204	740000000	18.204	0	0	0	0	0	0	109.49695924769
153659	aae8e0bd64e2633d632116c02f4f6ab9c92498f5c2c0879b966bf2e2d270da91	2011-11-17 08:49:53	799	3196	1	0	0	0	4	2	101681052976	2501.354	101681052976	2501.354	0	0	0	0	0	0	3.1730389992891
153659	a77a29571daf78d63be327567fbc45736bc4cba3ec9a6d8e6db4aa42ed51b0a8	2011-11-17 08:49:53	257	1028	1	0	0	0	1	2	8795000000	216.357	8795000000	216.357	0	0	0	0	0	0	24.62396412037
153659	da0d1ad98a7bf5870b7879a466e2f2ce7f3b9d0eaa0ec892e513ef9f64a80a99	2011-11-17 08:49:53	795	3180	1	0	0	0	4	2	324007981	7.9706	324007981	7.9706	0	0	0	0	0	0	75.109068340669
153659	8d4502726bcc2c5806c09db53b7f4f755984f85be8c2d824d43e7afa107affba	2011-11-17 08:49:53	799	3196	1	0	0	0	4	2	138747671268	3413.1929	138747671268	3413.1929	0	0	0	0	0	0	3.0130835084687
153659	baaf631453e8c6a33a8347140aec7eb90f3502c9b0a3026e77d0a710b93e49f0	2011-11-17 08:49:53	259	1036	1	0	0	0	1	2	8222514282	202.2738	8222514282	202.2738	0	0	0	0	0	0	20.219391022613
153659	b1ffcab4a38c9b1879418b95c26b577a946ceb8aba4abd9848e9a31183137460	2011-11-17 08:49:53	440	1760	1	0	0	0	2	2	450298466	11.0773	450298466	11.0773	0	0	0	0	0	0	32.625720034068
153659	bcee4b898268717f9ae7c7d59580f64b26178b4542a9b121e467e40733f329ea	2011-11-17 08:49:53	257	1028	1	0	0	0	1	2	10568800000	259.9925	10568650000	259.9888	150000	0.0037	583658	0.0144	145914	0.0036	17.343107222222
153659	18b412306bb90d4883566f1b32f95a353d504289a31e18f743f5c5b7fc2989e7	2011-11-17 08:49:53	259	1036	1	0	0	0	1	2	3000000000	73.8	3000000000	73.8	0	0	0	0	0	0	16.760069444444
153659	4afac7a26953e2a0962ed31c9782bf422abf2c17310a9d7a09631780059b26d1	2011-11-17 08:49:53	439	1756	1	0	0	0	2	2	1015247921	24.9751	1015247921	24.9751	0	0	0	0	0	0	23.363758811515
153659	b684b88333f9ff487972b2361932ab202de4c6b2d62d573c4ec7ddffc4c91dab	2011-11-17 08:49:53	798	3192	1	0	0	0	4	2	2351008400	57.8348	2351008400	57.8348	0	0	0	0	0	0	40.801051851852
153659	36e0fd4c57da4c627f83f8752880124a81097d5345dd537b1470e89a5762947e	2011-11-17 08:49:53	259	1036	1	0	0	0	1	2	14384253000	353.8526	14384253000	353.8526	0	0	0	0	0	0	15.940882230903
153659	2689ed463e2bb260d2b065062adace8dcde511f13b4c5e1b7595e6e877ba3912	2011-11-17 08:49:53	438	1752	1	0	0	0	2	2	10015258263	246.3754	10015158263	246.3729	100000	0.0025	228310	0.0056	57077.6	0.0014	21.601212588256
153659	62be0e7b684da551d653e947b69e1c71244361aeb58ad3003f1c5b909a4f8d04	2011-11-17 08:49:53	798	3192	1	0	0	0	4	2	17553994080	431.8282	17553994080	431.8282	0	0	0	0	0	0	34.003421754595
153659	6ad637929cd154f30f82c3b492b55ea5ecd7a4ced7b692d91093992501fe3a48	2011-11-17 08:49:53	2736	10944	1	0	0	0	15	1	300000000	7.38	300000000	7.38	0	0	0	0	0	0	129.05988425926
153659	6855fbf29abc719f9c8a822b611f9bc488d2637191c880731b0e917f144ef9b1	2011-11-17 08:49:53	257	1028	1	0	0	0	1	2	12644924261	311.0652	12644924261	311.0652	0	0	0	0	0	0	14.013327523041
153659	b801140d1da627b75d476b7eb5d9bd6ae502192d6a6d0023bb3cfeb8b1fffe77	2011-11-17 08:49:53	257	1028	1	0	0	0	1	2	4411905008	108.5329	4411905008	108.5329	0	0	0	0	0	0	8.8682354483722
153659	1b0c2139c93176d4674d57cd0ffa8f55d51f63d476667b6efa6d6f646c9c5df1	2011-11-17 08:49:53	259	1036	1	0	0	0	1	2	490050000	12.0552	489050000	12.0306	1000000	0.0246	3861000	0.095	965251	0.0237	9.73628390625
153659	99b909adc4db5b78e7dacd42f6dc344504da2d6b3a0fadf2b59a09109d2a3dbf	2011-11-17 08:49:53	258	1032	1	0	0	0	1	2	11323748896	278.5642	11323748896	278.5642	0	0	0	0	0	0	12.549177740648
153659	2c93845153b9adc18b3f0b312e90178ae0bba5be4a72444176e0fd7e409c8e7d	2011-11-17 08:49:53	258	1032	1	0	0	0	1	2	10819509193	266.1599	10819509193	266.1599	0	0	0	0	0	0	11.9903704309
153659	21d6da99960774ac0ce65d70752538717266c04d979417ed327ddc4573077f28	2011-11-17 08:49:53	259	1036	1	0	0	0	1	2	10619050000	261.2286	10619050000	261.2286	0	0	0	0	0	0	11.76821802662
153659	32f1f215365e58e6e4c36aa3c0a4aec570f9500691255a5916d6bfea16443db5	2011-11-17 08:49:53	800	3200	1	0	0	0	4	2	8645721962	212.6848	8645721962	212.6848	0	0	0	0	0	0	26.629015092209
153659	100613754091f9c438ba00207da3ff2ed4cad8fc24e13b9a17d04d1b804efbf0	2011-11-17 08:49:53	45438	181752	1	0	0	0	252	2	2049000000	50.4054	2001000000	49.2246	48000000	1.1808	1056380	0.026	264096	0.0065	206.38447604167
153659	d4bc8444f0c59bc33367a7ff4b590c11fe5d1e54c47a688edcf46a7b4fdeede4	2011-11-17 08:49:53	258	1032	1	0	0	0	1	2	13896894582	341.8636	13896844582	341.8624	50000	0.0012	193798	0.0048	48449.6	0.0012	0
153659	d44ac9afdf53075cceeaf7e7285311ad89e771cece7d5f9090a2738407086871	2011-11-17 08:49:53	259	1036	1	0	0	0	1	2	107950000	2.6556	107900000	2.6543	50000	0.0012	193050	0.0047	48262.5	0.0012	0.97086281828704
153659	7ae49ea9987579c218e9681e1590030d3c790e23d5cec6fcf457a41777342604	2011-11-17 08:49:53	258	1032	1	0	0	0	1	2	2819600000	69.3622	2819550000	69.3609	50000	0.0012	193798	0.0048	48449.6	0.0012	0
153659	2f7b37e22fe76ad0d497c8f252e032f53b7f80c144b1e6f5cfe425d84ab181d7	2011-11-17 08:49:53	258	1032	1	0	0	0	1	2	119000000	2.9274	118000000	2.9028	1000000	0.0246	3875970	0.0953	968992	0.0238	0.75870763888889
153659	ec30866aa18fe2b48a504ccbd71146acad679bbb8354d0f8fb3fa3198e4cdcc4	2011-11-17 08:49:53	258	1032	1	0	0	0	1	2	162000001	3.9852	161950001	3.984	50000	0.0012	193798	0.0048	48449.6	0.0012	0.73933125456377
153659	ff9ed36d9e3bb9f2f97a7f2d87796d54f42efa173f844ccb4dd3e8ee89f4ad30	2011-11-17 08:49:53	438	1752	1	0	0	0	2	2	355747436	8.7514	355697436	8.7502	50000	0.0012	114155	0.0028	28538.8	0.0007	0.78028251770972
153659	33d88eb2ac0bdca162cd4b91c1011ff6ae31fff4e65320904a6060c2e10dd903	2011-11-17 08:49:53	620	2480	1	0	0	0	3	2	585266734	14.3976	585216734	14.3963	50000	0.0012	80645.2	0.002	20161.3	0.0005	1.0096930286775
153659	cb0c3f1decfd33f56bf84a6c6ba656892b59cc2e2ccb71b056e97b8ec413e819	2011-11-17 08:49:53	258	1032	1	0	0	0	1	2	5389234304	132.5752	5389184304	132.5739	50000	0.0012	193798	0.0048	48449.6	0.0012	0
153659	9708648519259066eb5090b32e3c62ce9ffb9a8c143419eeb47d8ce3bbba5207	2011-11-17 08:49:53	224	896	1	0	0	0	1	1	104000000	2.5584	103950000	2.5572	50000	0.0012	223214	0.0055	55803.6	0.0014	0.33058518518519
153659	f1a9ed27ed49b2dc3eb107bcc9420f9764ee1f086bc4ada8faa0d69bd7432fe5	2011-11-17 08:49:53	258	1032	1	0	0	0	1	2	4900000000	120.54	4899950000	120.5388	50000	0.0012	193798	0.0048	48449.6	0.0012	0
153659	8fb55e231a8ef4a69fd07746d19f9df5518ca8a6908e404c30da06e974aa0de3	2011-11-17 08:49:53	597	2388	1	0	0	0	1	12	2428624641	59.7442	2428574641	59.7429	50000	0.0012	83752.1	0.0021	20938	0.0005	0
153659	3c50d7deaef33266c2f75710b7da4098ff52851242a78b1b2b5dc58635be9997	2011-11-17 08:49:53	258	1032	1	0	0	0	1	2	3864450000	95.0655	3864400000	95.0642	50000	0.0012	193798	0.0048	48449.6	0.0012	0
153659	299df4355a43e54cb1d1108c04d51073c870bad2c22bb3d03e4312c530751020	2011-11-17 08:49:53	257	1028	1	0	0	0	1	2	622485304	15.3131	622435304	15.3119	50000	0.0012	194553	0.0048	48638.1	0.0012	0
153659	b77a408e99fdaa1d48fe4809a9dd0f8415f92b5da781772db1a6d4aa73598530	2011-11-17 08:49:53	259	1036	1	0	0	0	1	2	1329532037	32.7065	1329482037	32.7053	50000	0.0012	193050	0.0047	48262.5	0.0012	0
153659	94e38d390abd781b233c92d9fce3dc2b4d64d839c5ddc1d2191fe7b4b26c3bd8	2011-11-17 08:49:53	258	1032	1	0	0	0	1	2	542347669	13.3418	542297669	13.3405	50000	0.0012	193798	0.0048	48449.6	0.0012	0
153659	ceb50a6d84aac0fd84f55aaddea6fb4f0a22c5328830dbf46f7a8787f005c7aa	2011-11-17 08:49:53	223	892	1	0	0	0	1	1	1850000	0.0455	1800000	0.0443	50000	0.0012	224215	0.0055	56053.8	0.0014	0.020955318287037
153659	09548b02e79b1cc523299ce877947499553f41cce57cd967a8c7357a08e93201	2011-11-17 08:49:53	257	1028	1	0	0	0	1	2	120881258	2.9737	120831258	2.9724	50000	0.0012	194553	0.0048	48638.1	0.0012	0
153659	4c9a3f070d3e11a923aa09f9c599702e2728346f25bb39f4353bcf25fd7ed0e0	2011-11-17 08:49:53	223	892	1	0	0	0	1	1	58000000	1.4268	57000000	1.4022	1000000	0.0246	4484300	0.1103	1121080	0.0276	0
153659	9f37826ebe4ab5227961f33300d4aac6add84087196e6cf7acbc800a8de250eb	2011-11-17 08:49:53	439	1756	1	0	0	0	2	2	168256000	4.1391	168206000	4.1379	50000	0.0012	113895	0.0028	28473.8	0.0007	0
153659	30d9bef0693904f69d60f2bb8d89b93201e782b199248aef5c7ce76e415eb50f	2011-11-17 08:49:53	258	1032	1	0	0	0	1	2	78098299	1.9212	78048299	1.92	50000	0.0012	193798	0.0048	48449.6	0.0012	0
153659	326b55a880a275169798b45ec19663080262986439d55110cc04a731782a7d7f	2011-11-17 08:49:53	438	1752	1	0	0	0	2	2	2950000	0.0726	2900000	0.0713	50000	0.0012	114155	0.0028	28538.8	0.0007	0.0097290277777778
153659	8cca45659c19e6170e8bb25009fe441caa2938424c7da00acfa649875b397a0b	2011-11-17 08:49:53	438	1752	1	0	0	0	2	2	3230433	0.0795	3180433	0.0782	50000	0.0012	114155	0.0028	28538.8	0.0007	0.003939047234375
153659	2b6e167d94ea61b4dde9c62fbac4ae629f64798cdd27d39e5d8e71de7480fbae	2011-11-17 08:49:53	258	1032	1	0	0	0	1	2	33799800000	831.4751	33799700000	831.4727	100000	0.0025	387597	0.0095	96899.2	0.0024	0
153659	5a01dc5b2d31d6751629b81389635fa02b019894c47780dfbe4c86e65d3e06bb	2011-11-17 08:49:53	258	1032	1	0	0	0	1	2	700000000	17.22	699950000	17.2188	50000	0.0012	193798	0.0048	48449.6	0.0012	0
153659	91f07634288e9d93020cbc41b8d21b4bc5c5693a6ba4014a2ac75d88d69fecca	2011-11-17 08:49:53	258	1032	1	0	0	0	1	2	2615550000	64.3425	2615500000	64.3413	50000	0.0012	193798	0.0048	48449.6	0.0012	0
153659	b1fb11f8d2249138232b2c8c6a0a494894685a94228dbccd5128d1c2d34cea26	2011-11-17 08:49:53	259	1036	1	0	0	0	1	2	4670950000	114.9054	4670900000	114.9041	50000	0.0012	193050	0.0047	48262.5	0.0012	0
153659	614ce6fcecd2e79535a41bdc19a6f69931c50a90f7bb8011760e7fa114dcf784	2011-11-17 08:49:53	259	1036	1	0	0	0	1	2	2555500000	62.8653	2555450000	62.8641	50000	0.0012	193050	0.0047	48262.5	0.0012	0
153659	efc7cf67bc890260a1db9da7c86d675d1d6ac4023c381b59a4d8f3f05a774473	2011-11-17 08:49:53	257	1028	1	0	0	0	1	2	2440450000	60.0351	2440400000	60.0338	50000	0.0012	194553	0.0048	48638.1	0.0012	0
153659	5f493141d30a4634d6882fd609aaa631819bb71ba7c52726fefb7ea43a75c291	2011-11-17 08:49:53	257	1028	1	0	0	0	1	2	2377400000	58.484	2377350000	58.4828	50000	0.0012	194553	0.0048	48638.1	0.0012	0
153659	cfa2131c40e3824c5953d3633f93d1888971d3f3fa0c06d1a2289216d53d9402	2011-11-17 08:49:53	258	1032	1	0	0	0	1	2	2341350000	57.5972	2341300000	57.596	50000	0.0012	193798	0.0048	48449.6	0.0012	0
153659	99b3ffa8d4348e8a5dee4c2cdf5e0e768480a3f39a7fabfe600b6764625a768c	2011-11-17 08:49:53	259	1036	1	0	0	0	1	2	2291300000	56.366	2291250000	56.3647	50000	0.0012	193050	0.0047	48262.5	0.0012	0
153659	85da870703a434cfb577cab4d14e126b2a63a0e0c3cb25ed15f33bf9f9ffd504	2011-11-17 08:49:53	258	1032	1	0	0	0	1	2	1979250000	48.6896	1979200000	48.6883	50000	0.0012	193798	0.0048	48449.6	0.0012	0
153659	1f924caf929f7219786729b2e52927cd4e2a9c7e271ba36fe4514ae4530e6b07	2011-11-17 08:49:53	257	1028	1	0	0	0	1	2	1915200000	47.1139	1915150000	47.1127	50000	0.0012	194553	0.0048	48638.1	0.0012	0
153659	9de0fe2427b512d64f845480fb0c9eda1e68e8f0eafa2356d23c0a4adfc1a19a	2011-11-17 08:49:53	258	1032	1	0	0	0	1	2	1802150000	44.3329	1802100000	44.3317	50000	0.0012	193798	0.0048	48449.6	0.0012	0
153659	d6cea4aecee3e11169bcb6cd74086e38c570aa8ced3d3faf4a0e63232918519f	2011-11-17 08:49:53	259	1036	1	0	0	0	1	2	1744100000	42.9049	1744050000	42.9036	50000	0.0012	193050	0.0047	48262.5	0.0012	0
153659	9deb74086341762b72508dcf0e7a15f0f4c2935d441fe38e06abd084a295be55	2011-11-17 08:49:53	258	1032	1	0	0	0	1	2	1690050000	41.5752	1690000000	41.574	50000	0.0012	193798	0.0048	48449.6	0.0012	0
153659	37757e1ce18fe7922ceabb1ca6d32bc81e0c707129dccf1f09387334d17aad5f	2011-11-17 08:49:53	258	1032	1	0	0	0	1	2	1574000000	38.7204	1573950000	38.7192	50000	0.0012	193798	0.0048	48449.6	0.0012	0
153659	c6d2711cffe2f6d9f2c5418cb9b8e38d6f59af53e85ff5cae7775bd8872bbaf3	2011-11-17 08:49:53	258	1032	1	0	0	0	1	2	1473950000	36.2592	1473900000	36.2579	50000	0.0012	193798	0.0048	48449.6	0.0012	0
153659	d651bccc1a222dc84ed4c950427fc06a038e8491331e11f994385490402ee1ad	2011-11-17 08:49:53	259	1036	1	0	0	0	1	2	973900000	23.9579	973850000	23.9567	50000	0.0012	193050	0.0047	48262.5	0.0012	0
153659	f00b982780163f2fdaf7cc4c11e2e0834e2f3f60c6b45f497ca955e7df02db29	2011-11-17 08:49:53	258	1032	1	0	0	0	1	2	859850000	21.1523	859800000	21.1511	50000	0.0012	193798	0.0048	48449.6	0.0012	0
153659	8283302bbb3aa650f9c2da1288be6416fbf6ee3d914d3126d9e30b1bd760c7c0	2011-11-17 08:49:53	259	1036	1	0	0	0	1	2	739800000	18.1991	739750000	18.1979	50000	0.0012	193050	0.0047	48262.5	0.0012	0
153659	bab24c3ec7cd6dc6607f1159f42bab5318bee11f096260ec6f4d514e1ef518be	2011-11-17 08:49:53	258	1032	1	0	0	0	1	2	676750000	16.6481	676700000	16.6468	50000	0.0012	193798	0.0048	48449.6	0.0012	0
153659	bf13a1a9305ff9326addde8622b5a2dd1b2a30f118a5073c24b474a6fc64cf84	2011-11-17 08:49:53	257	1028	1	0	0	0	1	2	583700000	14.359	583650000	14.3578	50000	0.0012	194553	0.0048	48638.1	0.0012	0
153659	9bd676d586e2f5625f362d9ea235d0d54e46a99b20d5ddc3d480b341b64421fd	2011-11-17 08:49:53	257	1028	1	0	0	0	1	2	564650000	13.8904	564600000	13.8892	50000	0.0012	194553	0.0048	48638.1	0.0012	0
153659	f60df4ce5047dee76dd753863a42f01a9ebcb4e68b314a00af5dfbbc54193cb1	2011-11-17 08:49:53	258	1032	1	0	0	0	1	2	531600000	13.0774	531550000	13.0761	50000	0.0012	193798	0.0048	48449.6	0.0012	0
153659	fc52b6682b0fdee8f76f914ea57884054c70737f8235db6d5a459aa6f532d4f7	2011-11-17 08:49:53	259	1036	1	0	0	0	1	2	481550000	11.8461	481500000	11.8449	50000	0.0012	193050	0.0047	48262.5	0.0012	0
153659	62c62f5ebc5a599d4ea074cc897baa1b3cc71670737290a4a68b109c4c39f6a9	2011-11-17 08:49:53	259	1036	1	0	0	0	1	2	300500000	7.3923	300450000	7.3911	50000	0.0012	193050	0.0047	48262.5	0.0012	0
153659	87aa851a8e2f815d7516252132dddddbc5d9977c71ea9481759ed25cdf72c14b	2011-11-17 08:49:53	258	1032	1	0	0	0	1	2	187450000	4.6113	187400000	4.61	50000	0.0012	193798	0.0048	48449.6	0.0012	0
153659	f89b89c0d9228e527544eb18d31c1d7ba4615a4cc9635aa9cc8fd5abbccfbbb3	2011-11-17 08:49:53	258	1032	1	0	0	0	1	2	127400000	3.134	127350000	3.1328	50000	0.0012	193798	0.0048	48449.6	0.0012	0
153659	85eb70d77ada633fac8f5df25364e53a233db12512ec928fc06b777d5f1574aa	2011-11-17 08:49:53	259	1036	1	0	0	0	1	2	53350000	1.3124	53300000	1.3112	50000	0.0012	193050	0.0047	48262.5	0.0012	0
153660	1ee22ae3d1ab4a380dd305a50f0806ad49f77955f9eb52e6246eaa29b991874a	2011-11-17 09:00:36	182	728	1	0	1	0	1	1	0	0	5000200020	123.0049	0	0	0	0	0	0	0
153660	84d857ff49559ff9bd9ef516c8a30e7eebb101837423f07a702d68181e94ca76	2011-11-17 09:00:36	259	1036	1	0	0	0	1	2	5584000000	137.3664	5584000000	137.3664	0	0	0	0	0	0	1161.3517888889
153660	42f2864aa74bf7bdd73e8db13e64a19eb14f3a7c4a99f168b1e63ea7fdc2b3de	2011-11-17 09:00:36	257	1028	1	0	0	0	1	2	2000000000	49.2	2000000000	49.2	0	0	0	0	0	0	537.86226851852
153660	578060418953bee6ac43ca8000cfc4a669f4fc360c9623b3c188df10cdc59bad	2011-11-17 09:00:36	258	1032	1	0	0	0	1	2	641000000	15.7686	641000000	15.7686	0	0	0	0	0	0	263.76489710648
153660	e061bb467fb3fea74673acc1b2263f509a8e52ef9492db1c297f3e17ad146252	2011-11-17 09:00:36	258	1032	1	0	0	0	1	2	2884000000	70.9464	2884000000	70.9464	0	0	0	0	0	0	65.975505555556
153660	d48b23f5a1ea2e889b84b7561210495e445ba1c4420681112c48089ebf4bb08c	2011-11-17 09:00:36	257	1028	1	0	0	0	1	2	10000000000	246	10000000000	246	0	0	0	0	0	0	67.324074074074
153660	303be4503d016e4eede20f5ed16ec86816d178ad125ca6fc9e4214f1f1fe3f2c	2011-11-17 09:00:36	7280	29120	1	0	0	0	40	2	3331000000	81.9426	3331000000	81.9426	0	0	0	0	0	0	1470.5998587963
153660	434a2f087bc8ac6c62d10e70e4932126c5ac5ec00522aec855ced777abf0d48f	2011-11-17 09:00:36	439	1756	1	0	0	0	2	2	80001013156	1968.0249	80001013146	1968.0249	10	0	22.779	0	5.69476	0	0.0026517453569444
153660	ab73fc2844a4f9c4a7d4bf1858109c90a6ab3367b8b39b746f8f5355c9707b71	2011-11-17 09:00:36	258	1032	1	0	0	0	1	2	2003000000	49.2738	2003000000	49.2738	0	0	0	0	0	0	23.289975231481
153660	f6ebfc93516046042f9d7bbc9d8eb8416b019e7e3949fbadbe79a5783d036c84	2011-11-17 09:00:36	614	2456	1	0	0	0	3	2	4301050000	105.8058	4301000000	105.8046	50000	0.0012	81433.2	0.002	20358.3	0.0005	32.63395619213
153660	e8238364040bd58c3697ad87573343cd8a44738aa6318ddaee75c0bbff957a65	2011-11-17 09:00:36	2597	10388	1	0	0	0	14	2	151030000	3.7153	151030000	3.7153	0	0	0	0	0	0	99.927153069444
153660	3ba0891ecedc13077ac84e55230adfa1b83927d1dd2c19b54c47905af5845667	2011-11-17 09:00:36	258	1032	1	0	0	0	1	2	9917593387	243.9728	9917593387	243.9728	0	0	0	0	0	0	11.728931623653
153660	72dd6351b3163839b1211fdc4b5b49709f6245694a03b43adcd529792e40f8c0	2011-11-17 09:00:36	258	1032	1	0	0	0	1	2	9892850000	243.3641	9892850000	243.3641	0	0	0	0	0	0	11.699669131944
153660	bd99d26d801b99dc5c2f48699da0a76ab96039f235645e3755b85fbbc7f2496b	2011-11-17 09:00:36	259	1036	1	0	0	0	1	2	9901467790	243.5761	9901467790	243.5761	0	0	0	0	0	0	11.709860865535
153660	3e739f8b5c8da96aaa465f9bfa0a4bb1ae17619e692de5b8133c052c7a46ff74	2011-11-17 09:00:36	800	3200	1	0	0	0	4	2	18244523177	448.8153	18244523177	448.8153	0	0	0	0	0	0	27.272179322436
153660	510eb905fd0b0b395ec4828cc17d8fc0f76aab8c5eea27e7c6af995f33a67b77	2011-11-17 09:00:36	618	2472	1	0	0	0	3	2	9002192000	221.4539	9002192000	221.4539	0	0	0	0	0	0	18.760416666667
153660	02e681ef916b2ac8851cfde3e42bd991c116f8342742ec8a10a84a8e7a380a51	2011-11-17 09:00:36	258	1032	1	0	0	0	1	2	3750000000	92.25	3750000000	92.25	0	0	0	0	0	0	7.8168402777778
153660	eb446d138cc4938abc1a3df0a94392af9b43f3d893441e1d8e0240128bca2ae0	2011-11-17 09:00:36	619	2476	1	0	0	0	3	2	8135650000	200.137	8135650000	200.137	0	0	0	0	0	0	22.174962899306
153660	272472acf6a81bed3525c12d375c31df331899c7bb56c5a1fafef120b8fbb4ec	2011-11-17 09:00:36	257	1028	1	0	0	0	1	2	9254923467	227.6711	9254923467	227.6711	0	0	0	0	0	0	10.945232405765
153660	7af87ad6b60c74518eac19bf411ad77d59c9177b556d659ef1edc39a9d4086f5	2011-11-17 09:00:36	259	1036	1	0	0	0	1	2	9189000000	226.0494	9189000000	226.0494	0	0	0	0	0	0	10.867268750000001
153660	e144a18e9eadc21da4fd058b251152f1592c1967d1df9770a62f4dee59e7a77c	2011-11-17 09:00:36	438	1752	1	0	0	0	2	2	40078224710	985.9243	40078224700	985.9243	10	0	22.8311	0	5.70776	0	0
153660	3a81fd6808fe58c24e200a6c13f0670e3c31594b4f76e9230735d1d0302394d2	2011-11-17 09:00:36	980	3920	1	0	0	0	5	2	8433078256	207.4537	8433078256	207.4537	0	0	0	0	0	0	34.521174187402
153660	8f9655fb624c7d9ad7897da1ffea164ab3d2bf4d2bc1e601ce331acf9ff7b8fd	2011-11-17 09:00:36	259	1036	1	0	0	0	1	2	8859500830	217.9437	8859500830	217.9437	0	0	0	0	0	0	10.477590217701
153660	5cd6f6132d1a657179f64f87553dd5f5648f906336abecc84ba5d6f960a24e6e	2011-11-17 09:00:36	796	3184	1	0	0	0	4	2	27075379641	666.0543	27075379641	666.0543	0	0	0	0	0	0	7.463032874353
153660	00e47c514803351cc25aac36982236c4a0613c7bc951c14229d943b91d1b6bf5	2011-11-17 09:00:36	798	3192	1	0	0	0	4	2	9146000000	224.9916	9146000000	224.9916	0	0	0	0	0	0	24.851926157407
153660	7cbbd52dfc6032f0459f2704de773346f26bc1ad8a05ea82fd3ec20c9e25db8e	2011-11-17 09:00:36	1447	5788	1	0	0	0	1	37	5000000000	123	4999950000	122.9988	50000	0.0012	34554.2	0.0009	8638.56	0.0002	45.228009259259
153660	d2f602bd66f413ab68d950697a06b2f3a5fe5620439922c7cb239b36bb42b686	2011-11-17 09:00:36	257	1028	1	0	0	0	1	2	5000000000	123	5000000000	123	0	0	0	0	0	0	7.4045138888889
153660	3c72c4e9703fe3b8dd042eb78e0347fb3e1551c22869885c84be053b3b1bf6ee	2011-11-17 09:00:36	799	3196	1	0	0	0	4	2	8219603349	202.2022	8219603349	202.2022	0	0	0	0	0	0	23.852914618289
153660	b6761f5f1a9355a71339c692355b60ac21924353ef8e0bb6d597be03c321ac10	2011-11-17 09:00:36	1158	4632	1	0	0	0	6	2	10464559829	257.4282	10464559829	257.4282	0	0	0	0	0	0	30.95156356263
153660	fc932ddcc0bb764d2be00f0e67a8764f78ce9714600a03d6fb9b906b22d5a217	2011-11-17 09:00:36	438	1752	1	0	0	0	2	2	4802000000	118.1292	4802000000	118.1292	0	0	0	0	0	0	10.199550925926
153660	6bad0f2fe2149821faa1fd06c84b1730fe706dc476acb5313ac721190c66e8ac	2011-11-17 09:00:36	259	1036	1	0	0	0	1	2	8430250000	207.3842	8430250000	207.3842	0	0	0	0	0	0	0
153660	ba1187925c6276de739759ccd1cc9eb53129b00c39fe8fb70888f2adb33ed856	2011-11-17 09:00:36	798	3192	1	0	0	0	4	2	10780632021	265.2036	10780632021	265.2036	0	0	0	0	0	0	17.257828258061
153660	740bdec381aacf15fe70018ff31b44e95b8f360e5a00c0feca4055650ba01c97	2011-11-17 09:00:36	977	3908	1	0	0	0	5	2	10375891761	255.2469	10375891761	255.2469	0	0	0	0	0	0	23.3550906
153660	7cb1f381b8474aa1f5b2b3e2639508d1388b0faa3ae231f835daa6cd4edd808f	2011-11-17 09:00:36	258	1032	1	0	0	0	1	2	8305100000	204.3055	8305100000	204.3055	0	0	0	0	0	0	0
153660	4c7b2d5d944db64672da530adf1d8f6e6bdc3c15c4146313867abe4dd4c6f17a	2011-11-17 09:00:36	225	900	1	0	0	0	1	1	10000000	0.246	10000000	0.246	0	0	0	0	0	0	3.9487002314815
153660	be6a559b17022da3e5d14c5e37404f543f6a851f8040c92e18d78699e139fbf2	2011-11-17 09:00:36	259	1036	1	0	0	0	1	2	427927803	10.527	427877803	10.5258	50000	0.0012	193050	0.0047	48262.5	0.0012	0
153660	3390b2ee9da3c2d3d96d880c710b52f7fa62ca67d1d5fc3b1bb07d6610250d58	2011-11-17 09:00:36	258	1032	1	0	0	0	1	2	112150001	2.7589	112100001	2.7577	50000	0.0012	193798	0.0048	48449.6	0.0012	0
153661	16bafe3f1dbea68e5c8e93aeb4ad9f83a47273621c424711451c42c5a67c875c	2011-11-17 09:02:25	135	540	1	0	1	0	1	1	0	0	5000000000	123	0	0	0	0	0	0	0
153661	61b2ea77c275b8e0c195d65816e2dd6de94f605f907e757f103a54cad1852589	2011-11-17 09:02:25	710	2840	1	0	0	0	2	10	5080742265	124.9863	5080742265	124.9863	0	0	0	0	0	0	126.49974409722
153661	abc898d6819524e0f03e2e70914327de5637c184575f6f651bddddc8028530e4	2011-11-17 09:02:25	1337	5348	1	0	0	0	7	2	10983183967	270.1863	10983183967	270.1863	0	0	0	0	0	0	35.184504153943
153661	59196fa58d4de8d10de87a3849bdcb7e01cf2d2aa2bd17c7a26c073971054dc7	2011-11-17 09:02:25	800	3200	1	0	0	0	4	2	12921788629	317.876	12921788629	317.876	0	0	0	0	0	0	20.433540401811
153661	864b49fe26ebb0022e78ba4ca074c20987b652a1912b0f25419742fb02937ea8	2011-11-17 09:02:25	798	3192	1	0	0	0	4	2	6057732628	149.0202	6057732628	149.0202	0	0	0	0	0	0	17.873750842735
153661	56bb0a47073c8a2334893b8634ab4b22f25c3d81f4528f87822d03cc7b5ec2c2	2011-11-17 09:02:25	978	3912	1	0	0	0	5	2	6094529467	149.9254	6094529467	149.9254	0	0	0	0	0	0	21.572180816334
153661	370798579e2e436108af4d8dded32847e288ffd3e26f486fb6d24c7ffaddc091	2011-11-17 09:02:25	798	3192	1	0	0	0	4	2	4262680000	104.8619	4262680000	104.8619	0	0	0	0	0	0	12.594140444444
153661	c48b50c603eda454a5e0c0d49aefc89c845199de1cd8fe0fd32e50a0ccd1bdca	2011-11-17 09:02:25	438	1752	1	0	0	0	2	2	1792200000	44.0881	1792200000	44.0881	0	0	0	0	0	0	7.2959549305556
153661	7213fddd4d2347b2dd69982c71adc05f7e6e6a3ff2972e315612ac39297b1d52	2011-11-17 09:02:25	800	3200	1	0	0	0	4	2	2226447264	54.7706	2226447264	54.7706	0	0	0	0	0	0	12.899862121267
153661	d28ea6cd0ff66eb33695b1095873c33528efb708ad60bc487ceb81900024bee4	2011-11-17 09:02:25	978	3912	1	0	0	0	5	2	6967681964	171.405	6967681964	171.405	0	0	0	0	0	0	15.423253466388
153661	273a3a0360881757377d17e55802f07c3186ee2dc40c0fe39581ec58640e1939	2011-11-17 09:02:25	798	3192	1	0	0	0	4	2	9169180000	225.5618	9169180000	225.5618	0	0	0	0	0	0	6.0846898148148
153661	9c86d9ad6ceafdb756e897d0d99910106ee92aa9ab6c3e361ab83a28c00a132c	2011-11-17 09:02:25	799	3196	1	0	0	0	4	2	7409755188	182.28	7409755188	182.28	0	0	0	0	0	0	8.2027844738409
153661	1fbba746647baf8aabd1bfc8c9361ab3633cfe3e15f5c58074446fe1aa73e21c	2011-11-17 09:02:25	798	3192	1	0	0	0	4	2	11186139603	275.179	11186139603	275.179	0	0	0	0	0	0	4.9791591331891
153661	f0a47df1ed06a582602aa35ba37821118420782eae5032e6c19e0b23a55d953f	2011-11-17 09:02:25	798	3192	1	0	0	0	4	2	4156115476	102.2404	4156115476	102.2404	0	0	0	0	0	0	10.125406332279
153661	5b88b6ecdba889ac64694c2bad260058069c36e1ede3dce75ae271e58b66ea0f	2011-11-17 09:02:25	797	3188	1	0	0	0	4	2	3238424188	79.6652	3238424188	79.6652	0	0	0	0	0	0	9.4407389617949
153661	52598720439fac1ecea22a770f86c610a756402cf84f28802c6feaf4a26ce262	2011-11-17 09:02:25	223	892	1	0	0	0	1	1	1000000000	24.6	1000000000	24.6	0	0	0	0	0	0	2.0971064814815
153661	f6b5138de9438b16e61ff7f297a12215ddfd5f3e051662a7903d24be7f8afd8b	2011-11-17 09:02:25	799	3196	1	0	0	0	4	2	2098686819	51.6277	2098686819	51.6277	0	0	0	0	0	0	9.2867623057015
153661	0dbd6a80f84d2c03763a39579b807746d5f4a970332183a8b23a67dba160ce91	2011-11-17 09:02:25	259	1036	1	0	0	0	1	2	850166748	20.9141	850166748	20.9141	0	0	0	0	0	0	2.9463591360375
153661	ff30da9a52eb6bdeda2f2ebfcd1abbd85dbfd575ef901aa9495632ceb7c19052	2011-11-17 09:02:25	798	3192	1	0	0	0	4	2	2153429430	52.9744	2153429430	52.9744	0	0	0	0	0	0	8.3372220292787
153661	dc5371200a4de49782baf8cebc442d395fefb31fd8b7e9c6dea63c9b9861d784	2011-11-17 09:02:25	438	1752	1	0	0	0	2	2	2153434412	52.9745	2153434412	52.9745	0	0	0	0	0	0	4.1423703619722
153661	b4ca5b972672f9e1120c6827ca097c277f9ba553df6d1f9e7595ccd8635a7ac1	2011-11-17 09:02:25	257	1028	1	0	0	0	1	2	5986678770	147.2723	5986678770	147.2723	0	0	0	0	0	0	0
153661	e02769d3b30d12b6ce1131e41a7e514f4f52db66c3d2249e7113131072505f58	2011-11-17 09:02:25	617	2468	1	0	0	0	3	2	3023367368	74.3748	3023367368	74.3748	0	0	0	0	0	0	5.5520936025676
153661	98643166d48347f980afba620584c8b83ada108e3a67f8b77823b53bf56ddf2b	2011-11-17 09:02:25	257	1028	1	0	0	0	1	2	7051869818	173.476	7051869818	173.476	0	0	0	0	0	0	0
153661	63ed1e6c9e9c7f8d17b8de5fa0fe5211c436391328b46564b750a02788b5450f	2011-11-17 09:02:25	257	1028	1	0	0	0	1	2	5816352319	143.0823	5816352319	143.0823	0	0	0	0	0	0	0
153661	ae5200b0e89a815711d6ac068cb809fdaea0f0ebf9068771277c6dcbec2809f4	2011-11-17 09:02:25	259	1036	1	0	0	0	1	2	3000000000	73.8	3000000000	73.8	0	0	0	0	0	0	0
153661	002a4017d01a1bfe31a03d2bc8d68fb67ce5a563d8c4f025e1c9b80605a676e8	2011-11-17 09:02:25	257	1028	1	0	0	0	1	2	10505756780	258.4416	10505756780	258.4416	0	0	0	0	0	0	0
153661	27eb489f68579a9098aebd6fd44ca339f2063382b4a5a889d9de7a9f3bd2b441	2011-11-17 09:02:25	257	1028	1	0	0	0	1	2	4839000000	119.0394	4839000000	119.0394	0	0	0	0	0	0	0
153661	aa87213c6c7cb6596668f8677e1b7ee57eefcbe7bbef34a198c700eae5ae7469	2011-11-17 09:02:25	258	1032	1	0	0	0	1	2	14383253000	353.828	14383253000	353.828	0	0	0	0	0	0	0
153661	4cbb2a1d68961b5d47fbb4b639d48b2b5c89e6a9f7a4ee0ccbf0a6a1eb9dbae3	2011-11-17 09:02:25	798	3192	1	0	0	0	4	2	2007089292	49.3744	2007089292	49.3744	0	0	0	0	0	0	6.3660104355713
153661	e21f12fc45b2e6aa0b08512166de0b187b0f6bb0b7cc9b5e8288cc16c63f8ed9	2011-11-17 09:02:25	259	1036	1	0	0	0	1	2	538000000	13.2348	538000000	13.2348	0	0	0	0	0	0	2.1269680555556
153661	0205c644a1baa5e624921dac9a63b5566187be418ccba6011c23e9d00730f7b7	2011-11-17 09:02:25	258	1032	1	0	0	0	1	2	4500000000	110.7	4500000000	110.7	0	0	0	0	0	0	0
153661	8a64e8e438a65776ada07fa9fc60437784840e750b00cc2ef991bfa5858fc4fa	2011-11-17 09:02:25	258	1032	1	0	0	0	1	2	5310796433	130.6456	5310796433	130.6456	0	0	0	0	0	0	0
153661	f594269db26202983e00a7e46eef0c94b00a212f6ac9c5fba692bb1cc1f2af61	2011-11-17 09:02:25	258	1032	1	0	0	0	1	2	4313780466	106.119	4313780466	106.119	0	0	0	0	0	0	0
153661	66c4f67d97e590df04daec5b0509e3b9659fc911f9d0c5a38bc88e5646f5d511	2011-11-17 09:02:25	617	2468	1	0	0	0	3	2	2850104279	70.1126	2850104279	70.1126	0	0	0	0	0	0	4.6259568452307
153661	972f12bd7405e763fe9063e914e17e6efb5aa808aee6aa60b06a3b29305383aa	2011-11-17 09:02:25	257	1028	1	0	0	0	1	2	12636924261	310.8683	12636924261	310.8683	0	0	0	0	0	0	0
153661	c9b64fced8ec374e2cdfb204cdddbf107eba424f3994a7df472f880295164a9f	2011-11-17 09:02:25	258	1032	1	0	0	0	1	2	4911300000	120.818	4911300000	120.818	0	0	0	0	0	0	0
153661	4715f787a0ccde7543563ca5d95b734280efdf6c7fa3c19d866704ee6c29fba2	2011-11-17 09:02:25	258	1032	1	0	0	0	1	2	4648046419	114.3419	4648046419	114.3419	0	0	0	0	0	0	0
153661	2ec602f403dff7d2fb159e13add58d25de5be32733612ea4f8a5f002ab69c43a	2011-11-17 09:02:25	439	1756	1	0	0	0	2	2	1365539045	33.5923	1365539045	33.5923	0	0	0	0	0	0	2.8253699228605003
153661	c8b244a3865efb281a03266dd138f40a2fc3be30cf624f78290820826a58016c	2011-11-17 09:02:25	257	1028	1	0	0	0	1	2	11201748896	275.563	11201748896	275.563	0	0	0	0	0	0	0
153661	3f69f5ce506a287bf68ddda128cfbc1e0d02f51a9fcfd1b6bd8531803e183083	2011-11-17 09:02:25	765	3060	1	0	0	0	4	1	593712407	14.6053	593712407	14.6053	0	0	0	0	0	0	4.9339840407377
153661	930bb25352cce14c105f5d511c2dfa02fc4cd12ef4a1c67abaa9b36fecfdacd2	2011-11-17 09:02:25	257	1028	1	0	0	0	1	2	10768509193	264.9053	10768509193	264.9053	0	0	0	0	0	0	0
153661	49c55c2e62fe33f4ff78806049a7271b3984a231eec760f17021f224c36dcb9f	2011-11-17 09:02:25	257	1028	1	0	0	0	1	2	10505050000	258.4242	10505050000	258.4242	0	0	0	0	0	0	0
153661	a9bd3c1c5f5aad192d9cc20b83bb5e71b5098461e06180ccede154f17a5c746a	2011-11-17 09:02:25	798	3192	1	0	0	0	4	2	2266631482	55.7591	2266631482	55.7591	0	0	0	0	0	0	4.3458556752218
153661	0c29ac590d3a4c967081150368de940d732638689630b38b5bc0be9f5dc1c2f7	2011-11-17 09:02:25	259	1036	1	0	0	0	1	2	1900000000	46.74	1900000000	46.74	0	0	0	0	0	0	0
153661	d8751986d0adaa27038a7d4f5068ea62c8a2f7cf32bceaf55a2a4ecc73400fc9	2011-11-17 09:02:25	259	1036	1	0	0	0	1	2	4211077968	103.5925	4211077968	103.5925	0	0	0	0	0	0	0
153661	440794c4e7c2c0a2d96a045be2d1323c756f98d489ee4e6b308b2978909938ed	2011-11-17 09:02:25	258	1032	1	0	0	0	1	2	8019514282	197.2801	8019514282	197.2801	0	0	0	0	0	0	0
153661	ecf93d80c1af77382092a7c4225b5995b3c147b8593ee01109ce19d676dd6c32	2011-11-17 09:02:25	259	1036	1	0	0	0	1	2	80276164	1.9748	80276164	1.9748	0	0	0	0	0	0	1.1882451779856
153661	b46c7fb895470aee2cda3acbf952f57769d878ade314c097044e2c02c02ab33e	2011-11-17 09:02:25	257	1028	1	0	0	0	1	2	3752673657	92.3158	3752673657	92.3158	0	0	0	0	0	0	0
153661	95e7a9ce8a1fa64e9e6cfb51f6dae4591f7c7fb444b085993adc7c5a5acc88e1	2011-11-17 09:02:25	258	1032	1	0	0	0	1	2	5002543902	123.0626	5002543902	123.0626	0	0	0	0	0	0	0
153661	924f534be2ae17a85019621c080bb3dc23ca484d8145d9904011e65fde606aea	2011-11-17 09:02:25	618	2472	1	0	0	0	3	2	609246139	14.9875	609246139	14.9875	0	0	0	0	0	0	2.7696862829916
153661	a882f3296c79dd3e1d8ec7eb1d1100dbd529085d410a68eb0cdc8f879eb334e7	2011-11-17 09:02:25	259	1036	1	0	0	0	1	2	3743300010	92.0852	3743300010	92.0852	0	0	0	0	0	0	0
153661	29f33a50aa2a9684c34056233e08d7be55f6659426c1738f016f4d80c5ed9ff6	2011-11-17 09:02:25	258	1032	1	0	0	0	1	2	339184000	8.3439	339184000	8.3439	0	0	0	0	0	0	0.99529305
153661	a54911dccb47c005673da44f63224a0eeca1f5dc08a1f72151e0845525f8ed60	2011-11-17 09:02:25	258	1032	1	0	0	0	1	2	3380350000	83.1566	3380350000	83.1566	0	0	0	0	0	0	0
153661	18450fc7aab5d37b6a4b938e9a25b103a643b5dc79424c190d5b3e61177f71a0	2011-11-17 09:02:25	258	1032	1	0	0	0	1	2	3329000000	81.8934	3329000000	81.8934	0	0	0	0	0	0	0
153661	c61afcf62c6c251cbbde8973da7a5cb6271f5f1e00c7a845cd7f12dbb60fdfb0	2011-11-17 09:02:25	258	1032	1	0	0	0	1	2	3288450000	80.8959	3288450000	80.8959	0	0	0	0	0	0	0
153661	4d89f4e632e84acade7a01b571b79dc31ea7e1e58e6f2a8b0a45f819aeef98fb	2011-11-17 09:02:25	258	1032	1	0	0	0	1	2	3247100000	79.8787	3247100000	79.8787	0	0	0	0	0	0	0
153661	3aad98dca4b345ec49ae776ea09e4fba9816db441f71250c34649690c8593e12	2011-11-17 09:02:25	258	1032	1	0	0	0	1	2	3241100000	79.7311	3241100000	79.7311	0	0	0	0	0	0	0
153661	d1b99ba8650ae8f7498cd36647a2e0ed463d328b6069d924120e8138ddb27e81	2011-11-17 09:02:25	257	1028	1	0	0	0	1	2	2996088885	73.7038	2996088885	73.7038	0	0	0	0	0	0	0
153661	0c4f3d56184d8672be543da43c3b050476c4a2cc4f90918f04f69530b360a4ff	2011-11-17 09:02:25	259	1036	1	0	0	0	1	2	3000000000	73.8	3000000000	73.8	0	0	0	0	0	0	0
153661	f4c3f38e9a2c2d838d4d1cd2e59fae6f9de16235d2eff19fdad5a609842b8d7e	2011-11-17 09:02:25	765	3060	1	0	0	0	4	1	1568052611	38.5741	1568052611	38.5741	0	0	0	0	0	0	2.5947449344218
153661	a68dcbb11d91eaafba38c88fe1bc93dc1a65311ef8c1597aac94f40e95819d04	2011-11-17 09:02:25	257	1028	1	0	0	0	1	2	2884350160	70.955	2884350160	70.955	0	0	0	0	0	0	0
153661	577170f97736cd83399c622692ea7e60209e665e34ebbe63ae01aaa29bb4af89	2011-11-17 09:02:25	257	1028	1	0	0	0	1	2	2506064570	61.6492	2506064570	61.6492	0	0	0	0	0	0	0
153661	9b689a70a5d157a351efba2fff8e9c19291f4b8ab8b25c7e2b7c825904bfe204	2011-11-17 09:02:25	259	1036	1	0	0	0	1	2	5000050000	123.0012	5000050000	123.0012	0	0	0	0	0	0	0
153661	11161283af0f50d38049d1351af31db72728dda2c3120f3a05877012dcd26591	2011-11-17 09:02:25	225	900	1	0	0	0	1	1	3562000000	87.6252	3562000000	87.6252	0	0	0	0	0	0	0
153661	ae42a731883e2021c80bced9800825349a9d6a18c12754e9e1080cc13a19e105	2011-11-17 09:02:25	259	1036	1	0	0	0	1	2	506000000	12.4476	506000000	12.4476	0	0	0	0	0	0	0
153661	05d18de4c1f0a4f5b221aca07dfe61def49853224ce4e808d47699a7ce76826f	2011-11-17 09:02:25	438	1752	1	0	0	0	2	2	193000000	4.7478	193000000	4.7478	0	0	0	0	0	0	0.43357974537037
153661	91a626a33e19a62132a61ea412d2dae27eecb73fa48ce98e9e2f5bd6cf32e366	2011-11-17 09:02:25	257	1028	1	0	0	0	1	2	881453496	21.6838	881453496	21.6838	0	0	0	0	0	0	0
153661	ec5724d4e8700b101dc888308d06592fe941e7ee1e39217f4069cabf6995aed2	2011-11-17 09:02:25	258	1032	1	0	0	0	1	2	783150000	19.2655	783150000	19.2655	0	0	0	0	0	0	0
153661	456ef8c038d3754eb610de1d3b54ebb6032ed44d34d217a84160f03f752968d7	2011-11-17 09:02:25	223	892	1	0	0	0	1	1	1289000000	31.7094	1289000000	31.7094	0	0	0	0	0	0	0
153661	b6d242b61ec3d2021efc0fcbb5e43a5e2fad78d83d76a40ae20cad03aa92958d	2011-11-17 09:02:25	619	2476	1	0	0	0	3	2	158075782	3.8887	158075782	3.8887	0	0	0	0	0	0	0.49921315741319
153661	f8f11fb8be176815b83783505b54e8540e2c4b9d98a1d70b25af3aa9c31a66ab	2011-11-17 09:02:25	258	1032	1	0	0	0	1	2	692152383	17.0269	692152383	17.0269	0	0	0	0	0	0	0
153661	9df0a8f6a6373b3e93640e690e233d57d9070d9ba626b047376762254b32635b	2011-11-17 09:02:25	257	1028	1	0	0	0	1	2	638000000	15.6948	638000000	15.6948	0	0	0	0	0	0	0
153661	55bb3890b0bec89f36acc75e3dd197f30c7266394c19edb504be310384f9bb03	2011-11-17 09:02:25	259	1036	1	0	0	0	1	2	105000000	2.583	105000000	2.583	0	0	0	0	0	0	0
153661	b54c9e2e8bfaa05f4771c77b97392803703cbdc5b66661e2ddb1aff4ceac5af8	2011-11-17 09:02:25	258	1032	1	0	0	0	1	2	100655057	2.4761	100655057	2.4761	0	0	0	0	0	0	0
153661	449e90426f9e1596af8ca31cc4f44089e78fbf7156e0d7e74cdb372611062962	2011-11-17 09:02:25	224	896	1	0	0	0	1	1	203000000	4.9938	203000000	4.9938	0	0	0	0	0	0	0
153661	cefbab529e50ef82faaf6c899eb0c884e4ec45304e516b32ab5e73f77557e826	2011-11-17 09:02:25	257	1028	1	0	0	0	1	2	112101663	2.7577	112101663	2.7577	0	0	0	0	0	0	0
153661	45826e6b3e73b6d45e622eafb9ce044aa91865beb07d6006afcdc5f70f949cbe	2011-11-17 09:02:25	257	1028	1	0	0	0	1	2	2598746	0.0639	2598746	0.0639	0	0	0	0	0	0	0
153661	37b25c6896d527b4c0af694b2e92076a796a21a3469fe9cbc560b29136f2a89d	2011-11-17 09:02:25	224	896	1	0	0	0	1	1	3700000000	91.02	3700000000	91.02	0	0	0	0	0	0	0
153661	fcbde5bcd59593709d86a6bb954f048d1c530e68ce055157291d2dba2f14bff0	2011-11-17 09:02:25	257	1028	1	0	0	0	1	2	3126000000	76.8996	3126000000	76.8996	0	0	0	0	0	0	0
153661	ae5f3c5717b0709b8b84b31cb3147c138f2366d48d862e26ab7b97c59d6d397f	2011-11-17 09:02:25	258	1032	1	0	0	0	1	2	3145100000	77.3695	3145100000	77.3695	0	0	0	0	0	0	0
153661	5c3ff41c1967a86444d2813baa7ab48be75bb02e9e3fcad64616e91f56c15cdb	2011-11-17 09:02:25	258	1032	1	0	0	0	1	2	2893088885	71.17	2893088885	71.17	0	0	0	0	0	0	0
153661	34008db19ac6a2593d945d68e98acb660ae650e6aab7b8a227f03e63ffb60204	2011-11-17 09:02:25	259	1036	1	0	0	0	1	2	1568052611	38.5741	1568052611	38.5741	0	0	0	0	0	0	0
153661	94f705b8f60c6b51e846163f244e7a9858f7cbf0cf746b180f81bc9b2c4087ae	2011-11-17 09:02:25	258	1032	1	0	0	0	1	2	2784350160	68.495	2784350160	68.495	0	0	0	0	0	0	0
153661	e2aa8eddded76b691a23ebef64dae622f401f36dff7e34404268a8427c6acd20	2011-11-17 09:02:25	258	1032	1	0	0	0	1	2	2504064570	61.6	2504064570	61.6	0	0	0	0	0	0	0
153661	865cabaa02061a74b704f7e2eb34430b3fc0c4b0844c35b0385f61ec72718ba5	2011-11-17 09:02:25	258	1032	1	0	0	0	1	2	655453496	16.1242	655453496	16.1242	0	0	0	0	0	0	0
153661	87bac6932d8c74053ee21588bf18f794b0e4df3540aa59f39b5ce03093af387e	2011-11-17 09:02:25	257	1028	1	0	0	0	1	2	415150000	10.2127	415150000	10.2127	0	0	0	0	0	0	0
153661	a97ab18d1fb2ffce58d05c02c6c01c56d571a2d70eeba6e4f33aa7a3bff2eba2	2011-11-17 09:02:25	439	1756	1	0	0	0	2	2	125254046	3.0812	125254046	3.0812	0	0	0	0	0	0	0
153661	76f3974b63f72abaed6bc735d31bfc23d79878cafa7512d2664726d30551887b	2011-11-17 09:02:25	257	1028	1	0	0	0	1	2	789000000	19.4094	789000000	19.4094	0	0	0	0	0	0	0
153661	119a4b706aca8619f872eadbfb1b32b50e023e7ce69638323f9befe7d83e7287	2011-11-17 09:02:25	257	1028	1	0	0	0	1	2	1070100000	26.3245	1070100000	26.3245	0	0	0	0	0	0	0
153661	f701e2f6ac32dcc0f13de6a08997264af3179c777cf8fa070188341d1dd9279d	2011-11-17 09:02:25	257	1028	1	0	0	0	1	2	2134088885	52.4986	2134088885	52.4986	0	0	0	0	0	0	0
153661	d89a0bd4e2797e2e9009bbbf8abd3eb1c202e899339bc5dc6d9f612ea0c753ed	2011-11-17 09:02:25	258	1032	1	0	0	0	1	2	2756350160	67.8062	2756350160	67.8062	0	0	0	0	0	0	0
153661	380988f52dc37930ff7ae24e93dfefb65090a9c26032c96ec28a80faf0f376dc	2011-11-17 09:02:25	257	1028	1	0	0	0	1	2	2377064570	58.4758	2377064570	58.4758	0	0	0	0	0	0	0
153661	8932748dbd72a88c2771e00d15b909712bfb52a9cc8650958a43616f5fa2fc7c	2011-11-17 09:02:25	258	1032	1	0	0	0	1	2	368453496	9.064	368453496	9.064	0	0	0	0	0	0	0
153661	19e5b7e2b525b195b264c14128fa86bb2e8440150461fe0839fc6f513fa9971a	2011-11-17 09:02:25	257	1028	1	0	0	0	1	2	210150000	5.1697	210150000	5.1697	0	0	0	0	0	0	0
153661	4341098aa075e8851087809d809234f6a6e21e6ccc44364e56629457d732ad1b	2011-11-17 09:02:25	257	1028	1	0	0	0	1	2	25254046	0.6212	25254046	0.6212	0	0	0	0	0	0	0
153661	a1a377659925b3d3e909b571fd937b0521dc643c613a0b96e68cd5b069f54cd4	2011-11-17 09:02:25	257	1028	1	0	0	0	1	2	337000000	8.2902	337000000	8.2902	0	0	0	0	0	0	0
153661	4b77c6d210653237c5b1d4c8d1a1a3e934e62135c9dfd57bc62aee89f83fb16e	2011-11-17 09:02:25	257	1028	1	0	0	0	1	2	695100000	17.0995	695100000	17.0995	0	0	0	0	0	0	0
153661	ea18096c18242a0dc86f6f30706142f874800fe64bffb7b971e82b0e4ffd1c97	2011-11-17 09:02:25	257	1028	1	0	0	0	1	2	1570088885	38.6242	1570088885	38.6242	0	0	0	0	0	0	0
153661	cc88dbe19ece29355b851b2ff6ba574b82b5f8bd550a32888f3760fea25cc44f	2011-11-17 09:02:25	258	1032	1	0	0	0	1	2	2720350160	66.9206	2720350160	66.9206	0	0	0	0	0	0	0
153661	861e932c7a635d3b1644a91ad8911892c160b692136585a45df764b11b2c4080	2011-11-17 09:02:25	259	1036	1	0	0	0	1	2	2261064570	55.6222	2261064570	55.6222	0	0	0	0	0	0	0
153661	665d286c42a7ee759c04b8a48b95bafe4960715f90539d53337427c7393be1af	2011-11-17 09:02:25	258	1032	1	0	0	0	1	2	208453496	5.128	208453496	5.128	0	0	0	0	0	0	0
153661	af7d0c09de898c1ad8b75d5595773d129d01f090b98e5b8e74b79a987318dbb7	2011-11-17 09:02:25	258	1032	1	0	0	0	1	2	178150000	4.3825	178150000	4.3825	0	0	0	0	0	0	0
153661	6ba5002a130f616f445167a3b9e12351f09296c0eb32e5793d05988610b4e16d	2011-11-17 09:02:25	258	1032	1	0	0	0	1	2	334137164	8.2198	334137164	8.2198	0	0	0	0	0	0	0
153661	4ea4c29e0711f4a49a67b37ce70654e2b2f30b6a14e230194ce15ad019de39c2	2011-11-17 09:02:25	258	1032	1	0	0	0	1	2	1055088885	25.9552	1055088885	25.9552	0	0	0	0	0	0	0
153661	07a90b28d2da976e61cf1e45d996e33931c09a823e0b7dd912483fec4f9a6dd5	2011-11-17 09:02:25	258	1032	1	0	0	0	1	2	2212350160	54.4238	2212350160	54.4238	0	0	0	0	0	0	0
153661	26f5c6099c1ac3c23147148b308c428a7a4356df09c81480df6555e45ff623ca	2011-11-17 09:02:25	257	1028	1	0	0	0	1	2	1722064570	42.3628	1722064570	42.3628	0	0	0	0	0	0	0
153661	d86588e4d84c830b936440f2bcdfc0121113a5a034a816fcf821bb76c9f397a2	2011-11-17 09:02:25	258	1032	1	0	0	0	1	2	140453496	3.4552	140453496	3.4552	0	0	0	0	0	0	0
153661	bfbf6e86fa98e25ef23f79eb36bcd4e3dc0870c6a4f33ecb4b4d5338d507cb83	2011-11-17 09:02:25	438	1752	1	0	0	0	2	2	151404046	3.7245	151404046	3.7245	0	0	0	0	0	0	0
153661	bd448af7b61704418db8caa9b74046217c5307af71267d2116ff1fd6aabfc976	2011-11-17 09:02:25	258	1032	1	0	0	0	1	2	888088885	21.847	888088885	21.847	0	0	0	0	0	0	0
153661	bd07235552cdadfd8d979cad4a31d4a69e7500012ccd8181b1958c1a0b5fa15a	2011-11-17 09:02:25	258	1032	1	0	0	0	1	2	1947350160	47.9048	1947350160	47.9048	0	0	0	0	0	0	0
153661	5b339749b444861133cdc88a535b09b0431792dfcbca48c277fc9326560094e0	2011-11-17 09:02:25	257	1028	1	0	0	0	1	2	934064570	22.978	934064570	22.978	0	0	0	0	0	0	0
153661	8f397a49ed041018ea5086cd86e6c46450b334d6fa999ea187b8cf6a29b0b02b	2011-11-17 09:02:25	436	1744	1	0	0	0	2	2	51857542	1.2757	51857542	1.2757	0	0	0	0	0	0	0
153661	20c03140899db4a3cc6e59ddb8e231f534b9af7835924a4984019087ea3b009b	2011-11-17 09:02:25	257	1028	1	0	0	0	1	2	473088885	11.638	473088885	11.638	0	0	0	0	0	0	0
153661	c638781831e6110731415f3d343922404e46ba69032b5de190015ca98ceb65c6	2011-11-17 09:02:25	258	1032	1	0	0	0	1	2	1882350160	46.3058	1882350160	46.3058	0	0	0	0	0	0	0
153661	a3d64b93355235732a4a82c17677b5ba0793782dcd6335dbd18a5afe72633519	2011-11-17 09:02:25	259	1036	1	0	0	0	1	2	888064570	21.8464	888064570	21.8464	0	0	0	0	0	0	0
153661	7d03899e4cbc3bb171d9483488fbf870cd94364438ac6b68f87b0828ebfe98e9	2011-11-17 09:02:25	258	1032	1	0	0	0	1	2	16857542	0.4147	16857542	0.4147	0	0	0	0	0	0	0
153661	74481acf97d94abb18dd95158665c3177c1029ae2abc6c8fdf10fd963f4144e7	2011-11-17 09:02:25	258	1032	1	0	0	0	1	2	422088885	10.3834	422088885	10.3834	0	0	0	0	0	0	0
153661	25b862ddfe63e8e39e6dca728c9ee352ef802c6ce2c668263714a1b3aea7aa35	2011-11-17 09:02:25	257	1028	1	0	0	0	1	2	1854350160	45.617	1854350160	45.617	0	0	0	0	0	0	0
153661	91d7607879a47a7cd51e991e2597b5d8b50d79185c275b52d72a5132edfd52b9	2011-11-17 09:02:25	259	1036	1	0	0	0	1	2	857064570	21.0838	857064570	21.0838	0	0	0	0	0	0	0
153661	d231651617ee2529f481b29ac783f686db2ab18e99e683eef812690526f815b9	2011-11-17 09:02:25	259	1036	1	0	0	0	1	2	7857542	0.1933	7857542	0.1933	0	0	0	0	0	0	0
153661	53ec4a86b3f6dd7cf7ef216784a54d604dbbd06153a35acfa945c75a17b85380	2011-11-17 09:02:25	258	1032	1	0	0	0	1	2	383060173	9.4233	383060173	9.4233	0	0	0	0	0	0	0
153661	dda20c69f7bd8e0b7eed3762d92f384f99181431a3baff634c7dca671137090f	2011-11-17 09:02:25	258	1032	1	0	0	0	1	2	1836350160	45.1742	1836350160	45.1742	0	0	0	0	0	0	0
153661	0edcf63c0c220645243b4410c68f31d056d78afb8bbe9a67bb7789297ca9e001	2011-11-17 09:02:25	259	1036	1	0	0	0	1	2	460064570	11.3176	460064570	11.3176	0	0	0	0	0	0	0
153661	56d35dcbbfd967024a8a0aabc9268efce86dd777d82225408a0d4cba223e44cf	2011-11-17 09:02:25	258	1032	1	0	0	0	1	2	6857542	0.1687	6857542	0.1687	0	0	0	0	0	0	0
153661	ca6c65737ab5cd1b3151b38295f9047260627a38d6a42b87a2442e669c1d4341	2011-11-17 09:02:25	258	1032	1	0	0	0	1	2	300060173	7.3815	300060173	7.3815	0	0	0	0	0	0	0
153661	abe9fbf085cb333abac38c6df6be3b9b38c335e7cc29c0d6f6f0437fdba6b9e6	2011-11-17 09:02:25	258	1032	1	0	0	0	1	2	1644350160	40.451	1644350160	40.451	0	0	0	0	0	0	0
153661	f5bc3f1b591e9e1eaa34a0a1b1a31c06380ad1ae87b7f1e6817321c3cb57c506	2011-11-17 09:02:25	258	1032	1	0	0	0	1	2	442064570	10.8748	442064570	10.8748	0	0	0	0	0	0	0
153661	6799d9fd6ff6f89f66828eabf6fdf4fecb37645b781769d918d8c72c77bb9846	2011-11-17 09:02:25	258	1032	1	0	0	0	1	2	263060173	6.4713	263060173	6.4713	0	0	0	0	0	0	0
153661	befef552224b8a5cc5789bd2d0f45af2b63d99573354e350cfc6b2ca5acf2e45	2011-11-17 09:02:25	258	1032	1	0	0	0	1	2	1360350160	33.4646	1360350160	33.4646	0	0	0	0	0	0	0
153661	2bae1c9d7e1000b51b0b011acb0d56a9e8b0e8aa2c479e43a5725eded62e2e61	2011-11-17 09:02:25	257	1028	1	0	0	0	1	2	372064570	9.1528	372064570	9.1528	0	0	0	0	0	0	0
153661	15d65d485a4f6f819bfa5f7c541a7fbb7de422f5b23b928d42eae93c0c99a2a1	2011-11-17 09:02:25	258	1032	1	0	0	0	1	2	183060173	4.5033	183060173	4.5033	0	0	0	0	0	0	0
153661	3370854160998d1652b821aad91f7575371a5be59be07364bf742dcf8537907c	2011-11-17 09:02:25	258	1032	1	0	0	0	1	2	1347350160	33.1448	1347350160	33.1448	0	0	0	0	0	0	0
153661	8700e035fb049b7fdd979d657bb3e992eac1d8a5b2e32635a55ae6d920735d21	2011-11-17 09:02:25	440	1760	1	0	0	0	2	2	20922112	0.5147	20922112	0.5147	0	0	0	0	0	0	0
153661	671ea986e2cb594e6b02d1ecf04ac6dc9e88594f188bd9c19c698fb0cd9dcd1e	2011-11-17 09:02:25	259	1036	1	0	0	0	1	2	1340350160	32.9726	1340350160	32.9726	0	0	0	0	0	0	0
153661	5b0828b37c49801002a1190043097fac0439e505471f2aa76c2e8ea62955f33a	2011-11-17 09:02:25	438	1752	1	0	0	0	2	2	3520858	0.0866	3520858	0.0866	0	0	0	0	0	0	0
153661	bb0150293cfb7dda133f3d3966edae359b37b1f9724db76b8c5c84c320e96206	2011-11-17 09:02:25	259	1036	1	0	0	0	1	2	1305350160	32.1116	1305350160	32.1116	0	0	0	0	0	0	0
153661	2bd034d0909a962f65a6cba99608779d9f87d244a37c72178e8680198ef55644	2011-11-17 09:02:25	259	1036	1	0	0	0	1	2	2520858	0.062	2520858	0.062	0	0	0	0	0	0	0
153662	24719321c62ec8a638ce15446aa8e2ee222dd1c1b02a39097d91a1d7612b07dc	2011-11-17 09:04:49	265	1060	1	0	1	0	1	6	0	0	5000065000	123.0016	0	0	0	0	0	0	0
153662	4691c6903145be56882b0ac16bbc759666f8624dce853f066cb9b4381b64011f	2011-11-17 09:04:49	619	2476	1	0	0	0	3	2	3496026800	86.0023	3496026800	86.0023	0	0	0	0	0	0	98.399802083333
153662	68b69d7a4382afb31ea5073008b008c0e2d225bc2aa039566c138601112e77f6	2011-11-17 09:04:49	2603	10412	1	0	0	0	14	2	601026488	14.7853	601011488	14.7849	15000	0.0004	5762.58	0.0001	1440.65	0	255.61566839082
153662	33dd99ed459fe03c1a6fec222f82fbf284766e323deb0f60fe1908f7e6f1f904	2011-11-17 09:04:49	223	892	1	0	0	0	1	1	10000000000	246	10000000000	246	0	0	0	0	0	0	0
153662	12546aa6c363de19e120dabfb3b8cda7f27083b1cd7d7044881dd30c173582a4	2011-11-17 09:04:49	259	1036	1	0	0	0	1	2	10211000000	251.1906	10211000000	251.1906	0	0	0	0	0	0	0
153662	bebe5cc1c197b65bca1644e2141e1383ef30609004b929c101258503770bd800	2011-11-17 09:04:49	258	1032	1	0	0	0	1	2	5904650000	145.2544	5904600000	145.2532	50000	0.0012	193798	0.0048	48449.6	0.0012	0
153662	67a378bfd6265ae592e9125c81436d57c4e3aace25a424f4b9d381d1c718521d	2011-11-17 09:04:49	258	1032	1	0	0	0	1	2	8838500830	217.4271	8838500830	217.4271	0	0	0	0	0	0	0
153662	119c0b00490145659b58191fbb532f444296c736499564e3c8616c135e13e1d8	2011-11-17 09:04:49	259	1036	1	0	0	0	1	2	8329250000	204.8996	8329250000	204.8996	0	0	0	0	0	0	0
153662	9d5b0524ac86ebab9f6abf30c4a3dc9b8d435f8fd2d0ff92c29256502e91ace4	2011-11-17 09:04:49	257	1028	1	0	0	0	1	2	8203100000	201.7963	8203100000	201.7963	0	0	0	0	0	0	0
153663	44a5f23cfb4ad6bb0edbd2d0c897028d5383d885d571a6fb6f6c1765b71d8b13	2011-11-17 09:16:07	181	724	1	0	1	0	1	1	0	0	5000300000	123.0074	0	0	0	0	0	0	0
153663	59fb9317127ef4e7a7cb5e944f79806e973b5cb198cb6e980653f8aa297bca32	2011-11-17 09:16:07	225	900	1	0	0	0	1	1	954477151464	23480.1387	954477151464	23480.1387	0	0	0	0	0	0	0
153663	e591a97f965698edf3c7905d7cb7ae90773ac17adc51e8be3f121fa7669d8221	2011-11-17 09:16:07	616	2464	1	0	0	0	3	2	850354315826	20918.7168	850354315826	20918.7168	0	0	0	0	0	0	0.82541630995741
153663	7b9ffce2dc7b299d873bdee03f01099e7ffc3b0b03bbcf88329309ab9c894131	2011-11-17 09:16:07	257	1028	1	0	0	0	1	2	2613000000	64.2798	2613000000	64.2798	0	0	0	0	0	0	48.058937152778
153663	a041da4ea2aeb97f06f37cc93ca5b05e7d44af32d8f496e6cb695e0385996745	2011-11-17 09:16:07	257	1028	1	0	0	0	1	2	3074635556	75.636	3074635556	75.636	0	0	0	0	0	0	45.803173269481
153663	c90753579e96a770728d3c2dd974674612e21fb7a7bae76d159e040a06b66ac8	2011-11-17 09:16:07	257	1028	1	0	0	0	1	2	2396009734	58.9418	2396009734	58.9418	0	0	0	0	0	0	35.693612138064
153663	d775b8764e442f46e22d8889d17ff259862ceba2830d34d910d8f48c489fa478	2011-11-17 09:16:07	617	2468	1	0	0	0	3	2	2405155399	59.1668	2405155399	59.1668	0	0	0	0	0	0	76.753888888889
153663	793ef9c98e6cd6575b33f84ffa34e136424e17b8c9c539f5ec637e07bc3bc570	2011-11-17 09:16:07	258	1032	1	0	0	0	1	2	2600000000	63.96	2600000000	63.96	0	0	0	0	0	0	32.032060185185
153663	96d19fea20f3b3308caaf64eddd70814498a18a7fd3f78a2d1806612a38045a6	2011-11-17 09:16:07	620	2480	1	0	0	0	3	2	30173200000	742.2607	30173200000	742.2607	0	0	0	0	0	0	18.333043981481
153663	fff90433506532729808ba79c92519d48287bb1c5a736bbeb4ae274e79d0d36a	2011-11-17 09:16:07	258	1032	1	0	0	0	1	2	5000000000	123	5000000000	123	0	0	0	0	0	0	8.509837962963
153663	fd381010d45cbded673a1b0907380f691fd57cd1cc91d9f2655778fbd65aacd0	2011-11-17 09:16:07	259	1036	1	0	0	0	1	2	33599700000	826.5526	33599600000	826.5502	100000	0.0025	386100	0.0095	96525.1	0.0024	0
153663	31cfacfd2b25956fd3e4684b65a8960861acac2fea0a5d58f6f38c1d9a3087a7	2011-11-17 09:16:07	980	3920	1	0	0	0	5	2	1001000000	24.6246	1001000000	24.6246	0	0	0	0	0	0	20.912600925926
153663	7ecda2e81821d835b4bd516c0b3b991c281919639f322f24b837ec6e60a39bad	2011-11-17 09:16:07	224	896	1	0	0	0	1	1	1001000000	24.6246	1001000000	24.6246	0	0	0	0	0	0	5.114716087963
153663	56907765c5821b7e37e23144ad38c631a07e089f629f53d2b6ac56dd7ac1007e	2011-11-17 09:16:07	225	900	1	0	0	0	1	1	503000000	12.3738	503000000	12.3738	0	0	0	0	0	0	2.7478121527778
153663	0c621c56017a283a916e2aaab0e8504c22a4e004484192be0416af9392a24600	2011-11-17 09:16:07	797	3188	1	0	0	0	4	2	1676179944	41.234	1676179944	41.234	0	0	0	0	0	0	7.9358971196815
153663	24dc6e9f0a7fc06f96299e012c5589a3a79a55416e44327a77c2d12b3e082e17	2011-11-17 09:16:07	259	1036	1	0	0	0	1	2	161012422	3.9609	161012422	3.9609	0	0	0	0	0	0	2.2514903676333002
153663	245d3d5b51f0881e96d1bac39ec8a834d2b7c565c220dde568a54373acbefaa8	2011-11-17 09:16:07	257	1028	1	0	0	0	1	2	9875467790	242.9365	9875467790	242.9365	0	0	0	0	0	0	0
153663	f2ea99a7d2a87812929d8e02a1bbce8618d56690f2cfd17073ff2d93883f6eb6	2011-11-17 09:16:07	258	1032	1	0	0	0	1	2	9792850000	240.9041	9792850000	240.9041	0	0	0	0	0	0	0
153663	e690099f4dbd175162d4eba72b79fb27bd76767abfe988e125ffb9173fa90778	2011-11-17 09:16:07	258	1032	1	0	0	0	1	2	9566593387	235.3382	9566593387	235.3382	0	0	0	0	0	0	0
153663	414c320a91232299931cc51cec06b87935bc80c822084fdfe4c523e55e950d7d	2011-11-17 09:16:07	259	1036	1	0	0	0	1	2	1867831204	45.9486	1867831204	45.9486	0	0	0	0	0	0	0
153663	15569540e37b51597bab1acd46558a7815a890baaf56c3859ddba98c92c46776	2011-11-17 09:16:07	258	1032	1	0	0	0	1	2	9244923467	227.4251	9244923467	227.4251	0	0	0	0	0	0	0
153663	463f1a4fb91f4e84930fb92d1ebb44c12b5d3e630ab34a4fbbe8d90b1adb8a6b	2011-11-17 09:16:07	259	1036	1	0	0	0	1	2	9089000000	223.5894	9089000000	223.5894	0	0	0	0	0	0	0
153663	7323fbaea318b961f45039fd3b7dc4190b47c83625311977428efbf225c306c9	2011-11-17 09:16:07	259	1036	1	0	0	0	1	2	10723509193	263.7983	10723509193	263.7983	0	0	0	0	0	0	0
153663	ba035436f0b6c516318f806e2c4ebba2ec51b1828d1f973aa6c999027d70cf45	2011-11-17 09:16:07	257	1028	1	0	0	0	1	2	10487748896	257.9986	10487748896	257.9986	0	0	0	0	0	0	0
153663	7dc3c7a797372e5f082b2136a2bca47ba4449f933337ae628b66a47e51615266	2011-11-17 09:16:07	259	1036	1	0	0	0	1	2	10463050000	257.391	10463050000	257.391	0	0	0	0	0	0	0
153663	0fa8038c6b236f059e30eb2bd0a5644867e7980e4d4425e2f3a99ec1df386f9b	2011-11-17 09:16:07	258	1032	1	0	0	0	1	2	5600600000	137.7748	5600550000	137.7735	50000	0.0012	193798	0.0048	48449.6	0.0012	0
153663	c9832f72f73dce5b754cceec5acb7f96a263499eba267ec86f27e6615d17b7c4	2011-11-17 09:16:07	257	1028	1	0	0	0	1	2	399985644	9.8396	399935644	9.8384	50000	0.0012	194553	0.0048	48638.1	0.0012	0
153663	71a8e0f683e5dc2bc7d404b0a9410d5c819660ce9a7724c64fb60d4c5fd2e211	2011-11-17 09:16:07	440	1760	1	0	0	0	2	2	110350000	2.7146	110300000	2.7134	50000	0.0012	113636	0.0028	28409.1	0.0007	0
153663	ec921252b531466d8032a15ed26bf8f8b63a559eeec2d0f036b83efa43eb9e38	2011-11-17 09:16:07	257	1028	1	0	0	0	1	2	60742265	1.4943	60692265	1.493	50000	0.0012	194553	0.0048	48638.1	0.0012	0
153664	eff832324d53053241a4a12d73af9e08f7be438cb9869514eb8a18fcafc9232f	2011-11-17 09:23:53	135	540	1	0	1	0	1	1	0	0	5001351197	123.0332	0	0	0	0	0	0	0
153664	43d54b59fd6f3f9f111eb5378369b781972e5c8cbea00ffb6cd21f7e27322a4a	2011-11-17 09:23:53	799	3196	1	0	0	0	4	2	13401000000	329.6646	13401000000	329.6646	0	0	0	0	0	0	375.95227511574
153664	0654aca9bb4478d65c392d1cbee64221130ec52b82216e52f92a1c893573bde2	2011-11-17 09:23:53	801	3204	1	0	0	0	4	2	881231232454	21678.2891	881231232454	21678.2891	0	0	0	0	0	0	3.1656692247333
153664	794a5bb24aa042cc0b23cc1dc41802878bcd1a69f2948598ef2bcd3db9dd7551	2011-11-17 09:23:53	798	3192	1	0	0	0	4	2	696406275339	17131.5938	696406275339	17131.5938	0	0	0	0	0	0	3.0053842592593
153664	2041aa067820403e05c31d5626dd9d83b52d6a33c150ef6696f397118fc54ad8	2011-11-17 09:23:53	274	1096	1	0	0	0	2	1	10014818538	246.3645	10014818538	246.3645	0	0	0	0	0	0	74.067969672764
153664	b7b029498ef3e426caeea849c9b50ab074b8dd63222d31ffac6ef55fb29a588f	2011-11-17 09:23:53	257	1028	1	0	0	0	1	2	954477151464	23480.1387	954477151464	23480.1387	0	0	0	0	0	0	0
153664	70f0c462e7196ec433c6aa2d1523f9f129e809f01c2bbe6571de030f87568c08	2011-11-17 09:23:53	4038	16152	1	0	0	0	22	2	2001000792	49.2246	2001000792	49.2246	0	0	0	0	0	0	431.65627338218
153664	9abfae5ccf0319c0504560444a9c7e235d84649c7328e78f652bdd7d437dbc7f	2011-11-17 09:23:53	258	1032	1	0	0	0	1	2	3000000000	73.8	3000000000	73.8	0	0	0	0	0	0	11.3
153664	2c80c5ff62ab8d9adc77650843b9b3e3615d5357eaeff2a8af119a98d3398cd3	2011-11-17 09:23:53	797	3188	1	0	0	0	4	2	8154700000	200.6056	8154700000	200.6056	0	0	0	0	0	0	31.581557222222
153664	b0719cf35f1f1e34b558c49a8f8fae6e30accea26f4bb6df6722f7ada6bf6ccd	2011-11-17 09:23:53	258	1032	1	0	0	0	1	2	1575847000	38.7658	1575847000	38.7658	0	0	0	0	0	0	5.3812256814815
153664	fcd8240525da410f0bed1f27ee4d776fbd9b9a96f49b3b29abfbfdcbe2d484a5	2011-11-17 09:23:53	257	1028	1	0	0	0	1	2	13886670988	341.6121	13886670988	341.6121	0	0	0	0	0	0	0
153664	8968c4a99231eb9dba7816ee011eb483cf8e9a02945e836d399cb6d8540d8593	2011-11-17 09:23:53	798	3192	1	0	0	0	4	2	21395328824	526.3251	21395328824	526.3251	0	0	0	0	0	0	0.7685220138838
153664	f899e0b755f0003713c9551f4d5875f891a3e4bfcef8e65cc1103b8a9c0dbd1e	2011-11-17 09:23:53	763	3052	1	0	0	0	4	1	412148203	10.1388	412000000	10.1352	148203	0.0036	194237	0.0048	48559.3	0.0012	8.69007402077
153664	a9822ccc760081cc86c6c2dc258d88b017a7ad4fba7d55a71594a9c781d70709	2011-11-17 09:23:53	257	1028	1	0	0	0	1	2	12635924261	310.8438	12635924261	310.8438	0	0	0	0	0	0	0
153664	c4ffe19533b52eaa8d786ce70132ca07a473f172d072d913594840005256a56d	2011-11-17 09:23:53	257	1028	1	0	0	0	1	2	5376508228	132.2621	5376508228	132.2621	0	0	0	0	0	0	0
153664	c5455f994ede166cd84782cfca060252fabfb49c723037ba23ceefa998ff16dc	2011-11-17 09:23:53	258	1032	1	0	0	0	1	2	6356869818	156.379	6356869818	156.379	0	0	0	0	0	0	0
153664	015b01e507398412abf55e936cbbf7b18e80d0ed9dfe7aff89e9aea753e248eb	2011-11-17 09:23:53	258	1032	1	0	0	0	1	2	8835500830	217.3533	8835500830	217.3533	0	0	0	0	0	0	0
153664	7a800dd400fab22e8a12ed9d97ba7b23b08ef5b8fd5434e5d44d7bb90f2e882f	2011-11-17 09:23:53	259	1036	1	0	0	0	1	2	5885678770	144.7877	5885678770	144.7877	0	0	0	0	0	0	0
153664	f1a4ff7b3f5c233bdf77c723a41707f54311201d8d339e3b2402b539164ff744	2011-11-17 09:23:53	259	1036	1	0	0	0	1	2	5716352319	140.6223	5716352319	140.6223	0	0	0	0	0	0	0
153664	3b02724e26f5524df0ca834f2f045fdb4ea2d2f9aa59c8d27ad90d88b8683637	2011-11-17 09:23:53	258	1032	1	0	0	0	1	2	8118250000	199.709	8118250000	199.709	0	0	0	0	0	0	0
153664	12543b50aeb79e4ae6dde44f3277b35dc75b76af90d70177fbe68de9f67156b6	2011-11-17 09:23:53	259	1036	1	0	0	0	1	2	7965100000	195.9415	7965100000	195.9415	0	0	0	0	0	0	0
153664	e4332bb93a465a9564b586d074167a6a2ccae0be6d8e293768afecc43816164b	2011-11-17 09:23:53	259	1036	1	0	0	0	1	2	5276796433	129.8092	5276796433	129.8092	0	0	0	0	0	0	0
153664	86c90eeca3c474cf5f58c1e7cc5e828b019c48a45d3a8686f7e6f5eff098076b	2011-11-17 09:23:53	257	1028	1	0	0	0	1	2	4893050000	120.369	4893050000	120.369	0	0	0	0	0	0	0
153664	38843848278123c2379e841656698f71b39c04b8800f92f18ffb4702f0ff9dc1	2011-11-17 09:23:53	259	1036	1	0	0	0	1	2	4902543902	120.6026	4902543902	120.6026	0	0	0	0	0	0	0
153664	6502e669b507cba85e7860ff3166791894c8bd6b5d7196a9d10dc8e006bba7ef	2011-11-17 09:23:53	258	1032	1	0	0	0	1	2	4834300000	118.9238	4834300000	118.9238	0	0	0	0	0	0	0
153664	2cdfa3a00d22bd728d13875250656883f41b6589350bd250d7c66303cf9435f2	2011-11-17 09:23:53	259	1036	1	0	0	0	1	2	4310780466	106.0452	4310780466	106.0452	0	0	0	0	0	0	0
153664	e1fd53a0ccba5917dc8c976477ec4258b7ba173b366c38eccbc3d87cf56a029e	2011-11-17 09:23:53	258	1032	1	0	0	0	1	2	4250000000	104.55	4250000000	104.55	0	0	0	0	0	0	0
153664	3518ad3b724e4b26d86505da41bc612ce9746aacc2f360f5e12612aa528b8f30	2011-11-17 09:23:53	259	1036	1	0	0	0	1	2	4160077968	102.3379	4160077968	102.3379	0	0	0	0	0	0	0
153664	059216a48d3906c901f3497d795c026dfca42f4e0beb1b211ae998bcf00223dc	2011-11-17 09:23:53	258	1032	1	0	0	0	1	2	3742300010	92.0606	3742300010	92.0606	0	0	0	0	0	0	0
153664	c42e7f006cf40fae83ab0635d81df176712ba749aa51a80fc682cbb7ee4f1574	2011-11-17 09:23:53	258	1032	1	0	0	0	1	2	3617046419	88.9793	3617046419	88.9793	0	0	0	0	0	0	0
153664	31e8f0db338ff355e71375b22b24fbb234df88330a89f233625a5e8a2afc89c0	2011-11-17 09:23:53	257	1028	1	0	0	0	1	2	3580673657	88.0846	3580673657	88.0846	0	0	0	0	0	0	0
153664	617344e6ccd90a5809e05fcb2f3ea5795bec38cacd297f4547121dcb482e2e8c	2011-11-17 09:23:53	259	1036	1	0	0	0	1	2	3378350000	83.1074	3378350000	83.1074	0	0	0	0	0	0	0
153664	22b0f0bf468d0d5b80d5f1aae11c774d994c59bbc785c39022775b367d78b704	2011-11-17 09:23:53	257	1028	1	0	0	0	1	2	3263450000	80.2809	3263450000	80.2809	0	0	0	0	0	0	0
153664	62587522e0ad691ef7f9652fa9a0d50cce51e0f8bba142ea202fd93b5ee15863	2011-11-17 09:23:53	258	1032	1	0	0	0	1	2	3225100000	79.3375	3225100000	79.3375	0	0	0	0	0	0	0
153664	fb9ea5651db8306f5da2b90e051358e24a68364d7241a2eaf2e763933f992849	2011-11-17 09:23:53	258	1032	1	0	0	0	1	2	9242923467	227.3759	9242923467	227.3759	0	0	0	0	0	0	0
153664	b0166aa429aa8c1c432180ba62cbe9b025aac903434eb72f63fdc9e7f32194a8	2011-11-17 09:23:53	257	1028	1	0	0	0	1	2	9070000000	223.122	9070000000	223.122	0	0	0	0	0	0	0
153664	b16ca951bcc052f293dfd4a1bb95eb06bc3c695ec82f1d83c612452c62c9aaaf	2011-11-17 09:23:53	258	1032	1	0	0	0	1	2	1301350160	32.0132	1301350160	32.0132	0	0	0	0	0	0	0
153664	2dbd6fb6699b7edf9e1c4166f486f93ca8c23f225771ac1fa93fe2be11323f35	2011-11-17 09:23:53	403	1612	1	0	0	0	2	1	45202994	1.112	44000000	1.0824	1202994	0.0296	2985100	0.0734	746274	0.0184	0.0265848502
153664	90e6b0b578194c34d8befcbd57c42b6a956932f88fe6c478adac52ab125d9b4c	2011-11-17 09:23:53	224	896	1	0	0	0	1	1	45000000	1.107	45000000	1.107	0	0	0	0	0	0	0
153664	b005b889d1e271e505d80fd94917f938d41cd01553b79fc62935d9c51d3c8fa8	2011-11-17 09:23:53	258	1032	1	0	0	0	1	2	40137164	0.9874	40137164	0.9874	0	0	0	0	0	0	0
153664	da76ab0b84fc3104e60b5ba988dfaf8a4b060f7c8d26e1c3d8d3cdc3be348e4f	2011-11-17 09:23:53	257	1028	1	0	0	0	1	2	37060173	0.9117	37060173	0.9117	0	0	0	0	0	0	0
153664	402f51cc362da263cf2dfc4a6d78af4de42651805a5bcbbeadb2aa6086b44074	2011-11-17 09:23:53	585	2340	1	0	0	0	3	1	8661979	0.2131	8661979	0.2131	0	0	0	0	0	0	0
153664	fd3c31d4fe8c97da8b550f440ba35efc3be7248c7579d7e62c61ab0eff8b7684	2011-11-17 09:23:53	224	896	1	0	0	0	1	1	7000000	0.1722	7000000	0.1722	0	0	0	0	0	0	0
153664	125750f84bc53d7b493b2a4ad2994b4a8c89b23262e6a54ffa84598e1da6ffa0	2011-11-17 09:23:53	257	1028	1	0	0	0	1	2	3088100000	75.9673	3088100000	75.9673	0	0	0	0	0	0	0
153664	9f18214cd744423ba98e6ac3574e8fea1e2c574ba6fd2117dc7e89de8e7ac308	2011-11-17 09:23:53	259	1036	1	0	0	0	1	2	1138350160	28.0034	1138350160	28.0034	0	0	0	0	0	0	0
153664	09c237c434476e1ea635b55bd4b389a686020a5ee26233577ec066fd25e69177	2011-11-17 09:23:53	257	1028	1	0	0	0	1	2	1134350160	27.905	1134350160	27.905	0	0	0	0	0	0	0
153664	edec556a1ac980aae4c6e91e432be84f7a8ef2b2039dfa38483f0e69ac5173cd	2011-11-17 09:23:53	258	1032	1	0	0	0	1	2	1089350160	26.798	1089350160	26.798	0	0	0	0	0	0	0
153664	15771ce3bfcf4b719a0be6ff8b67613379fcfc54e84f94ad06cc6b93b39c4be0	2011-11-17 09:23:53	258	1032	1	0	0	0	1	2	1052350160	25.8878	1052350160	25.8878	0	0	0	0	0	0	0
153664	b479a76228bfe06ca59873789db7e329db13b1e626b53e0fb4c55d764fb2e49f	2011-11-17 09:23:53	259	1036	1	0	0	0	1	2	951350160	23.4032	951350160	23.4032	0	0	0	0	0	0	0
153664	cdd5b26ce06e2e1748fb9c60c79677541d2c1a1af1a0c433c8048bb4e1937589	2011-11-17 09:23:53	257	1028	1	0	0	0	1	2	752350160	18.5078	752350160	18.5078	0	0	0	0	0	0	0
153664	1e9728423b100288d8c9b42ae3efe68b91bcedfcd230129b465eab8bd8c02a34	2011-11-17 09:23:53	259	1036	1	0	0	0	1	2	729350160	17.942	729350160	17.942	0	0	0	0	0	0	0
153664	29d16d6d7af7c11e7374d736f90d5a4da65949b09b6f8dfa98e9f785ee038b40	2011-11-17 09:23:53	257	1028	1	0	0	0	1	2	718350160	17.6714	718350160	17.6714	0	0	0	0	0	0	0
153664	5b31dce6bd037cbb83316ed3f901e8aee75c3be909b2c79db4b9f61972a59332	2011-11-17 09:23:53	258	1032	1	0	0	0	1	2	559350160	13.76	559350160	13.76	0	0	0	0	0	0	0
153664	dc64604c0409e53d36fa0676133900c6f3dd9b5d2ee2d0ab49d4457a6abe5b2a	2011-11-17 09:23:53	258	1032	1	0	0	0	1	2	447350160	11.0048	447350160	11.0048	0	0	0	0	0	0	0
153664	56413b9e103400469ad2351f607cbbb2ff70bf0b411021a8db5cbfccce567bf0	2011-11-17 09:23:53	259	1036	1	0	0	0	1	2	253350160	6.2324	253350160	6.2324	0	0	0	0	0	0	0
153664	31b5683a1a6ed7aa4f7d73857ab08899db56bf2a4eec3ece7408b0fad4ae3e75	2011-11-17 09:23:53	257	1028	1	0	0	0	1	2	236350160	5.8142	236350160	5.8142	0	0	0	0	0	0	0
153664	44364e64ac0b73e0532d9ac2c2062884aa5b82e4351325946190cb9fbcb2a5ab	2011-11-17 09:23:53	259	1036	1	0	0	0	1	2	211350160	5.1992	211350160	5.1992	0	0	0	0	0	0	0
153664	469ddef46cf8c278da6bcf32270b6e2cb67e55ca381186563dfb7f9d84d4d856	2011-11-17 09:23:53	257	1028	1	0	0	0	1	2	156350160	3.8462	156350160	3.8462	0	0	0	0	0	0	0
153664	479d89ff6ad922159de92a2c2a5b9c0ea1e6b0d577ba35b4f185ba329010fbf8	2011-11-17 09:23:53	257	1028	1	0	0	0	1	2	131012222	3.2229	131012222	3.2229	0	0	0	0	0	0	0
153664	533dc097592fc2bc9a52eb961070c775d1d48a45a840107ddb5acce9e22498cf	2011-11-17 09:23:53	257	1028	1	0	0	0	1	2	127012222	3.1245	127012222	3.1245	0	0	0	0	0	0	0
153664	c3a2a1dd550e01b8402c81095f068ca81f806487b70aaa8c2e1194ed2a19c5cc	2011-11-17 09:23:53	258	1032	1	0	0	0	1	2	99012222	2.4357	99012222	2.4357	0	0	0	0	0	0	0
153664	e4f651d17ae9bdd9a7c9ecb5ef412a2fb2bd6eb15e402335a31cca809ac9d8ed	2011-11-17 09:23:53	258	1032	1	0	0	0	1	2	70012222	1.7223	70012222	1.7223	0	0	0	0	0	0	0
153664	7adb070076a2a7440e0fd48e5fac4e6526d14c780dd4ea0e551acb95c73fea96	2011-11-17 09:23:53	259	1036	1	0	0	0	1	2	56012222	1.3779	56012222	1.3779	0	0	0	0	0	0	0
153664	222be79e511855b0f30d7e2e72ccab161eee0942483a16907035ebd00df3cef9	2011-11-17 09:23:53	439	1756	1	0	0	0	2	2	317012222	7.7985	317012222	7.7985	0	0	0	0	0	0	0
153664	35fac891cc8ee0d285500cf5f6b427c79762a798ba6fe104348c0c01e0bf4ec4	2011-11-17 09:23:53	257	1028	1	0	0	0	1	2	17012222	0.4185	17012222	0.4185	0	0	0	0	0	0	0
153664	101a8cd80a07cea4c91fe3e33896af871f3019973d6345cc557979004eaa260b	2011-11-17 09:23:53	257	1028	1	0	0	0	1	2	16012222	0.3939	16012222	0.3939	0	0	0	0	0	0	0
153665	a98c7cba967c6131975ebf733e005a2430fa4efce77ae9ec6f573d491206a2f8	2011-11-17 09:30:53	168	672	1	0	1	0	1	1	0	0	5000450000	123.0111	0	0	0	0	0	0	0
153665	b2b4365e66b77b084e796e7b51a42abe6797f0fd90cdf837cab76f12e6641ff3	2011-11-17 09:30:53	258	1032	1	0	0	0	1	2	19700429507	484.6306	19700429507	484.6306	0	0	0	0	0	0	115.6693389422
153665	e8f57879be4db7a0f4a36146ddf53cd2fa3851da45175bb69536d11b56f071dc	2011-11-17 09:30:53	157	628	1	0	0	0	1	1	5000200000	123.0049	5000200000	123.0049	0	0	0	0	0	0	35.738119282407
153665	88b32778c9a64dafd89b1c90b73be8a4cec2b6aa42b3eb36b64f2b72c06af654	2011-11-17 09:30:53	797	3188	1	0	0	0	4	2	192553921591	4736.8267	192553921591	4736.8267	0	0	0	0	0	0	4.4476024343721
153665	e654bb27218515b7e5e50e35b90d45803466720fee89f67063fb5be15217555a	2011-11-17 09:30:53	979	3916	1	0	0	0	5	2	2001066501	49.2262	2001016501	49.225	50000	0.0012	51072.5	0.0013	12768.1	0.0003	123.59312985408
153665	c5b51d9ec69380a6fcf5125f4646dd7d90e31ff8641478fdf11aad1053979c60	2011-11-17 09:30:53	798	3192	1	0	0	0	4	2	5666316726	139.3914	5666316726	139.3914	0	0	0	0	0	0	68.290412187893
153665	ecaeb992ddd4363102219725bedea4a64d553e02fcc999a6d19093baeb38629e	2011-11-17 09:30:53	619	2476	1	0	0	0	3	2	2601000000	63.9846	2601000000	63.9846	0	0	0	0	0	0	27.297164351852
153665	9c74c0a8edd50cc257ae0f57c352ca1d0ef0dfc67a455c5c8a6f716f3b6179e5	2011-11-17 09:30:53	224	896	1	0	0	0	1	1	1500000000	36.9	1500000000	36.9	0	0	0	0	0	0	3.3890625
153665	438554fd22f4a1cafee7add1d3cf5716b1ccb68b6bf5062ebbc3b8ec4a4069a1	2011-11-17 09:30:53	258	1032	1	0	0	0	1	2	2200000000	54.12	2200000000	54.12	0	0	0	0	0	0	3.7206481481480997
153665	3f65d2ac1412575c7e2dca8a558e401551b0d71201b7b328cb377bcf3fb912cc	2011-11-17 09:30:53	224	896	1	0	0	0	1	1	175735920	4.3231	175735920	4.3231	0	0	0	0	0	0	2.9698150091667
153665	1f5953031848ba2e7cb0b4f8e7a297e36a48555ae9334fc9efb87243d309f643	2011-11-17 09:30:53	797	3188	1	0	0	0	4	2	2693640920	66.2636	2693640920	66.2636	0	0	0	0	0	0	8.3756523148148
153665	d3b40c19a4570236ef9c9cdb8b7d69b97f7768534c714cd156f3040beacf69df	2011-11-17 09:30:53	259	1036	1	0	0	0	1	2	1800255218	44.2863	1800255218	44.2863	0	0	0	0	0	0	2.5076471699803
153665	22b5f15e71adb3937762e3ec460f97fd861e1c960f26001b7215866e30743d8a	2011-11-17 09:30:53	797	3188	1	0	0	0	4	2	2463928402	60.6126	2463928402	60.6126	0	0	0	0	0	0	5.8217368160595
153665	06b143baf6707861f30cd486e61b70a396628435cabedadf6c55b82b9ee55e97	2011-11-17 09:30:53	619	2476	1	0	0	0	3	2	7251000000	178.3746	7251000000	178.3746	0	0	0	0	0	0	3.8582074074074
153665	5b5a0414fcde2e20ad65439b3b9f564d4f6729bb5b8cc882935b7484a404b0f4	2011-11-17 09:30:53	258	1032	1	0	0	0	1	2	4399875627	108.2369	4399875627	108.2369	0	0	0	0	0	0	0
153665	5d07df600c03bfd27f210152012331ddb81da37fe2a3a772e665b74446c38e37	2011-11-17 09:30:53	257	1028	1	0	0	0	1	2	3863900000	95.0519	3863850000	95.0507	50000	0.0012	194553	0.0048	48638.1	0.0012	0
153665	d1ed4d4a1416a24a8951ca641c0fcb4b3b496392dc73339ff3b9a51018b8859b	2011-11-17 09:30:53	1877	7508	1	0	0	0	10	2	1381703557	33.9899	1381703557	33.9899	0	0	0	0	0	0	11.40586267753
153665	a82e96f4b349bc11a7ff5ccfac8a5150453925cd583ebbf93bbe7f812789ca11	2011-11-17 09:30:53	765	3060	1	0	0	0	4	1	5860000000	144.156	5859950000	144.1548	50000	0.0012	65359.5	0.0016	16339.9	0.0004	0
153665	d091bbe6a8b7c3c8c053181a710e77ae13253c8e2b8aa8bab228be4b5c13e212	2011-11-17 09:30:53	257	1028	1	0	0	0	1	2	5230271396	128.6647	5230221396	128.6635	50000	0.0012	194553	0.0048	48638.1	0.0012	0
153665	289305379ef1746e3a2258025378b31a2a9fdcc4f970a309877d9311f990656d	2011-11-17 09:30:53	258	1032	1	0	0	0	1	2	858574641	21.1209	858524641	21.1197	50000	0.0012	193798	0.0048	48449.6	0.0012	0
153665	8fa59387ecca3c9f3ba8e43345c1f6d104d98e579fb61965c1693fcc621c7846	2011-11-17 09:30:53	1519	6076	1	0	0	0	8	2	1551144481	38.1582	1551044481	38.1557	100000	0.0025	65832.8	0.0016	16458.2	0.0004	1.243095876853
153665	09c19760485dd817eece6cca34084abec9c1d4371a77651bdb4667df66beeb07	2011-11-17 09:30:53	259	1036	1	0	0	0	1	2	384354734	9.4551	384304734	9.4539	50000	0.0012	193050	0.0047	48262.5	0.0012	0
153665	c89613ca19fb26cfe106bcd47a2f6f6fd432f22180ff04bc06ad1cf5d8f7a3ec	2011-11-17 09:30:53	258	1032	1	0	0	0	1	2	3863350000	95.0384	3863300000	95.0372	50000	0.0012	193798	0.0048	48449.6	0.0012	0
153666	6cdbdde07c78daac96adcba7c0c8d22b0438e788ccc932b10ed42900260371f1	2011-11-17 09:37:50	136	544	1	0	1	0	1	1	0	0	5000100000	123.0025	0	0	0	0	0	0	0
153666	d1d0205b5d63bd52ec5acde44e5f39372cfc0be0bc938a5af91b9d2e253984c3	2011-11-17 09:37:50	800	3200	1	0	0	0	4	2	115799630568	2848.6709	115799630568	2848.6709	0	0	0	0	0	0	2.8514986111111
153666	54247c8a8b3eb58fe5ed5b6cb60c4f32b1fe4c6a7aca34f19e8b2a12c8f2f40e	2011-11-17 09:37:50	438	1752	1	0	0	0	2	2	4956966045	121.9414	4956966045	121.9414	0	0	0	0	0	0	26.248134421164
153666	4fe6540a091e08148cd69e8440d638ecb89a2d181548286026d6c8e5019a6408	2011-11-17 09:37:50	258	1032	1	0	0	0	1	2	819850000	20.1683	819850000	20.1683	0	0	0	0	0	0	12.098860462963
153666	e0a8fb25d989add73f518a1a0e6c805c56b84c0e937e932d7ca1a5a62aa93d03	2011-11-17 09:37:50	258	1032	1	0	0	0	1	2	3928000000	96.6288	3928000000	96.6288	0	0	0	0	0	0	0
153666	cd1c29b6627ef3ca7e0d83b0e97599508860d8d86512d78f75193b5862fa4055	2011-11-17 09:37:50	798	3192	1	0	0	0	4	2	4339536781	106.7526	4339536781	106.7526	0	0	0	0	0	0	0.61139335250718
153666	0aa7d33e13750a90c5e5e95087571f19e99b69ad0b2b07860e75992d17e164ba	2011-11-17 09:37:50	258	1032	1	0	0	0	1	2	3165450000	77.8701	3165450000	77.8701	0	0	0	0	0	0	0
153666	e5232cbd5e12ccad51ed3cd496e2247c4382833d37c3dd2879591cf8d82e41e1	2011-11-17 09:37:50	258	1032	1	0	0	0	1	2	10500000	0.2583	10450000	0.2571	50000	0.0012	193798	0.0048	48449.6	0.0012	0.15471822916667
153666	4029b8faa70e14b5377c878425b763e2fb3ee4745bbbce6b917413932556b90c	2011-11-17 09:37:50	617	2468	1	0	0	0	3	2	127911182	3.1466	127861182	3.1454	50000	0.0012	81037.3	0.002	20259.3	0.0005	0.20995954159201
153667	c6fdc77924aef7690d3c5bd5ed11bcb5cea3d90f4fd0cc615c28ee204440af31	2011-11-17 10:21:40	182	728	1	0	1	0	1	1	0	0	5011729764	123.2886	0	0	0	0	0	0	0
153667	5e9d547f1aaa5e6dce080023cbc1771a9a6895cfc1b40394bdc0f1376a8d2f26	2011-11-17 10:21:40	798	3192	1	0	0	0	4	2	49942302950675	1228580.625	49942302950675	1228580.625	0	0	0	0	0	0	0.13060185185185
153667	60f49aa71672ade5e8a2a43e73d50b268049f1aec899c9233ddc316b28b1fd2d	2011-11-17 10:21:40	797	3188	1	0	0	0	4	2	861386467190	21190.1074	861386467190	21190.1074	0	0	0	0	0	0	1.0918028935185
153667	d6ad0f4d4b51a178e7e3507d368f89cff3db3ef288a61a632461ead140ddc145	2011-11-17 10:21:40	225	900	1	0	0	0	1	1	6000000000	147.6	6000000000	147.6	0	0	0	0	0	0	148.38402777778
153667	8825680ec927b30cef63950f581cf7999df5b7d207ab33b93a25147330073ccb	2011-11-17 10:21:40	440	1760	1	0	0	0	2	2	8100000000	199.26	8100000000	199.26	0	0	0	0	0	0	182.35648148148
153667	564a789af487448023797c999f3380604668747c993edb4472e271dac0aa2bed	2011-11-17 10:21:40	257	1028	1	0	0	0	1	2	29994950000	737.8758	29994900000	737.8746	50000	0.0012	194553	0.0048	48638.1	0.0012	79.410241469907
153667	97c6836defab23877a42b653039e69f6783fc88375ae6c0c2c12d49489b42bb3	2011-11-17 10:21:40	158	632	1	0	0	0	1	1	5000000000	123	5000000000	123	0	0	0	0	0	0	37.479166666667
153667	a419f0acc00d4fde72df461a94ab3db5543d81d91eb314716629217cd9b624b6	2011-11-17 10:21:40	224	896	1	0	0	0	1	1	1900000000	46.74	1900000000	46.74	0	0	0	0	0	0	40.309467592593
153667	10d61556ac32d12566ad7acfb3b9d72899e56affd45858d0510fa1e68bba38bd	2011-11-17 10:21:40	258	1032	1	0	0	0	1	2	3000000000	73.8	3000000000	73.8	0	0	0	0	0	0	42.110763888889
153667	ab9757bc61438d6633b13ec0e21ca5031da35bdac17b2c6f69d4134fac1af4bc	2011-11-17 10:21:40	813	3252	1	0	0	0	2	13	9541891509	234.7305	9541891509	234.7305	0	0	0	0	0	0	117.52168042867
153667	55826268e7971ce2a0561534260d69f80660071466f0a3377e877f9c6b8a1889	2011-11-17 10:21:40	225	900	1	0	0	0	1	1	2200000000	54.12	2200000000	54.12	0	0	0	0	0	0	23.956319444444
153667	45d8507b5ebbd1cca9c85f6839dba5003bf0d0fdd9afec6b23134b5e4ba535df	2011-11-17 10:21:40	257	1028	1	0	0	0	1	2	24000000	0.5904	24000000	0.5904	0	0	0	0	0	0	26.165522222222
153667	cd59d5abc075a4d62c7965e340d2cea4475c778b02a4a7252d3a24dd0409f7c5	2011-11-17 10:21:40	259	1036	1	0	0	0	1	2	6718000000	165.2628	6718000000	165.2628	0	0	0	0	0	0	25.636478935185
153667	1f83156031bb95d6eef21b5ceaedc3d1c9793e087ac0625f9709032765907cf5	2011-11-17 10:21:40	797	3188	1	0	0	0	4	2	106140752976	2611.0625	106140752976	2611.0625	0	0	0	0	0	0	11.138935185185
153667	6bc49ea4d31ee201f955b6ae0cc102beb09ed04b8265f9d2945341e32cef1c8d	2011-11-17 10:21:40	3679	14716	1	0	0	0	20	2	5605172132	137.8872	5601172132	137.7888	4000000	0.0984	1087250	0.0267	271813	0.0067	284.4893376173
153667	342e3ab64e63198e8333b53014c8bb89b012fef07d6c4ccf20c7546fa954351c	2011-11-17 10:21:40	258	1032	1	0	0	0	1	2	3047604000	74.9711	3047604000	74.9711	0	0	0	0	0	0	19.565688226389
153667	9a38af117abf8ab199477cac31271d08ea4d7af20b493064806971ad63b1a3d8	2011-11-17 10:21:40	259	1036	1	0	0	0	1	2	27816100000	684.2761	27816050000	684.2748	50000	0.0012	193050	0.0047	48262.5	0.0012	0
153667	41515d4142e2213503b901a6bd2ca3618810249ab8e98b6d59a491c6facfadb3	2011-11-17 10:21:40	438	1752	1	0	0	0	2	2	4130000000	101.598	4130000000	101.598	0	0	0	0	0	0	29.723313657407
153667	2e2a91d68ab4da86c82274dfc859cd12661651989c8031d47c35af84b67e0f7a	2011-11-17 10:21:40	259	1036	1	0	0	0	1	2	5000000000	123	5000000000	123	0	0	0	0	0	0	17.185763888889
153667	5527180d25eb0866ebf6a5a2d0e631f90d2efc9e7465ac2096b32e66db2c1be3	2011-11-17 10:21:40	259	1036	1	0	0	0	1	2	4941792447	121.5681	4941792447	121.5681	0	0	0	0	0	0	13.083166716745
153667	66e4c8dc3dcb0d0f59d91ddf839f82c4d1985f035edbb1e1d1fae2a33fdf299b	2011-11-17 10:21:40	257	1028	1	0	0	0	1	2	4617040243	113.5792	4617040243	113.5792	0	0	0	0	0	0	12.223400291479
153667	0249c89d9cb8513356724cd2f9e65a2d23bd6d05666968aa66a24d0603ee642f	2011-11-17 10:21:40	258	1032	1	0	0	0	1	2	283100000	6.9643	283100000	6.9643	0	0	0	0	0	0	6.5964593634259
153667	8b0dc828ca629a7c91bcc9a901e2dbfe9157daabab2dd33f368b3eb4eed63b59	2011-11-17 10:21:40	257	1028	1	0	0	0	1	2	9000000000	221.4	9000000000	221.4	0	0	0	0	0	0	0
153667	8f10b50c763427d49f4381514e94a8a4b5464ac0b7f973e300d0fb310dc61f9d	2011-11-17 10:21:40	259	1036	1	0	0	0	1	2	14370253000	353.5082	14370253000	353.5082	0	0	0	0	0	0	0
153667	8b9e048afc6d59533685cbf561e5355a9cd5b6b050a68a614ad11e265198ac4f	2011-11-17 10:21:40	798	3192	1	0	0	0	4	2	17474087616	429.8625	17474087616	429.8625	0	0	0	0	0	0	3.5475779513889
153667	7f78ca6a425869c5de7aae8e1693e26b49852eed06d916ecf663525afa506a89	2011-11-17 10:21:40	257	1028	1	0	0	0	1	2	9000000000	221.4	9000000000	221.4	0	0	0	0	0	0	0
153667	0d6dad235b3cf4bfbefda6290c4bb3c0624f53756d6110f26957e04f63ecc19a	2011-11-17 10:21:40	258	1032	1	0	0	0	1	2	2546698757	62.6488	2546698757	62.6488	0	0	0	0	0	0	4.8110204990456005
153667	f8848c0e882bd5746cfad98d20b3040d1f3ca21bdca013d27acbed1a48305ebd	2011-11-17 10:21:40	616	2464	1	0	0	0	3	2	17091885311	420.4604	17091885311	420.4604	0	0	0	0	0	0	0
153667	53814bbd7760972a97d48b4af4b826bc908e99f5108980d2c553043bb25dd06a	2011-11-17 10:21:40	257	1028	1	0	0	0	1	2	2089436223	51.4001	2089436223	51.4001	0	0	0	0	0	0	3.947196531459
153667	aca002fa8f27fed4fa5fa7813519cb81768346d1e26e8c20506ba59e60138432	2011-11-17 10:21:40	258	1032	1	0	0	0	1	2	10717509193	263.6507	10717509193	263.6507	0	0	0	0	0	0	0
153667	f6585b23632574cc61f3448845fe7f8d8b1cf054ff2e7137d9fd8d5ab5b7dc85	2011-11-17 10:21:40	259	1036	1	0	0	0	1	2	10442050000	256.8744	10442050000	256.8744	0	0	0	0	0	0	0
153667	88f6e5ee6100dd60021f34fe7d9358019ae099abc9e42aa73703b530c0b7988e	2011-11-17 10:21:40	258	1032	1	0	0	0	1	2	10384748896	255.4648	10384748896	255.4648	0	0	0	0	0	0	0
153667	f7e71fd07348e6714028bb222beab1a16a4a99884ee3274ec34cf737dc54827f	2011-11-17 10:21:40	618	2472	1	0	0	0	3	2	7646000000	188.0916	7645000000	188.067	1000000	0.0246	1618120	0.0398	404531	0.01	3.3085053240741
153667	7776ada1ccca6d910881cdb1349d5ec9d693d206eed6bda851c9ad7d2d65fa53	2011-11-17 10:21:40	801	3204	1	0	0	0	4	2	2223247573	54.6919	2223247573	54.6919	0	0	0	0	0	0	9.3231060690163
153667	5578021814368cc4a1e279a2b4cfa8d42d5c260b582966f45314477103ff3f44	2011-11-17 10:21:40	259	1036	1	0	0	0	1	2	9843467790	242.1493	9843467790	242.1493	0	0	0	0	0	0	0
153667	7ecf8557b49125fdd227cadd14110fc993a4d62d863c897d405c76f1defd7e0b	2011-11-17 10:21:40	258	1032	1	0	0	0	1	2	9771850000	240.3875	9771850000	240.3875	0	0	0	0	0	0	0
153667	2c749f48f860a59555a16036b80f1b09c6599f2ceb03ffec13f88312b0d7ba71	2011-11-17 10:21:40	259	1036	1	0	0	0	1	2	9459593387	232.706	9459593387	232.706	0	0	0	0	0	0	0
153667	4efa0000f1f84403397bf40d765290fe7d60a012654b55a43a8b75b26fd8dbec	2011-11-17 10:21:40	440	1760	1	0	0	0	2	2	1119290000	27.5345	1119290000	27.5345	0	0	0	0	0	0	5.0085113865741
153667	ac05c01c0202e4d7ecc1b0154eef8749e75861c4dc02688aa42b7aaab559c239	2011-11-17 10:21:40	258	1032	1	0	0	0	1	2	11150924261	274.3127	11150924261	274.3127	0	0	0	0	0	0	0
153667	62f0f95cd325f9ab53796912a1725cbb8a90651a71654be3f39d63f3170d3f4b	2011-11-17 10:21:40	257	1028	1	0	0	0	1	2	4598000000	113.1108	4597000000	113.0862	1000000	0.0246	3891050	0.0957	972763	0.0239	0
153667	1548f6b84c800d12212521394de107c109a69c42292e9e8abf22396b5fd268d6	2011-11-17 10:21:40	801	3204	1	0	0	0	4	2	11487980021	282.6043	11487980021	282.6043	0	0	0	0	0	0	0.45600219907407
153667	6167407ca1585996914e3ebbf8acb18cbe4cd24606f58d5bdfbc69f4df4238f5	2011-11-17 10:21:40	257	1028	1	0	0	0	1	2	10014818538	246.3645	10014818538	246.3645	0	0	0	0	0	0	0
153667	79a311af0d866c114fdd06574171822d64e64483e18f7a9cabf0d4fbf17f949f	2011-11-17 10:21:40	258	1032	1	0	0	0	1	2	9241923467	227.3513	9241923467	227.3513	0	0	0	0	0	0	0
153667	92c537ea928e1e5a86403ab736bc04857b5665afb7456d78cf373f0c32db0bff	2011-11-17 10:21:40	258	1032	1	0	0	0	1	2	103000000	2.5338	103000000	2.5338	0	0	0	0	0	0	1.9542700231481
153667	0e260fdcdce0cf4178cbe0bf26af560b7d542011436a313a8db12172396024e9	2011-11-17 10:21:40	259	1036	1	0	0	0	1	2	9015000000	221.769	9015000000	221.769	0	0	0	0	0	0	0
153667	e023ec4bc675eaceb68126e7f9eb3f37a34bcae51b422b529ef17a6b286b91af	2011-11-17 10:21:40	258	1032	1	0	0	0	1	2	8831500830	217.2549	8831500830	217.2549	0	0	0	0	0	0	0
153667	fe65aa820283e00669e142bb832a5b936991723d17b0d8a75881e90f8495f3cb	2011-11-17 10:21:40	258	1032	1	0	0	0	1	2	1054247438	25.9345	1054247438	25.9345	0	0	0	0	0	0	1.9916003105366
153667	894dfa98ee3cb0c74099b1ce739f9648fcc024984eadcd5a7a218f1889983408	2011-11-17 10:21:40	258	1032	1	0	0	0	1	2	3070000000	75.522	3070000000	75.522	0	0	0	0	0	0	0
153667	f417344d59f754bcbf7f405bd39a8bc9408618887ab093d754ad97c5beee1840	2011-11-17 10:21:40	257	1028	1	0	0	0	1	2	8051250000	198.0608	8051250000	198.0608	0	0	0	0	0	0	0
153667	4ab8ccfe730f3ee2ffe949936970b91d3de31b2b5d97220d65b09c1c94e093d1	2011-11-17 10:21:40	259	1036	1	0	0	0	1	2	7647100000	188.1187	7647100000	188.1187	0	0	0	0	0	0	0
153667	9c83af66a1e18d1dff79e3f81f26e51b1f1443ae1539a9548b9ad73416a65433	2011-11-17 10:21:40	438	1752	1	0	0	0	2	2	358127469	8.8099	358127469	8.8099	0	0	0	0	0	0	2.7489865155282
153667	bf06594d9e869dfd439333568c2b0f0c48245c83e01300da257c2775d6182b98	2011-11-17 10:21:40	257	1028	1	0	0	0	1	2	5451550000	134.1081	5451500000	134.1069	50000	0.0012	194553	0.0048	48638.1	0.0012	0
153667	da752638bd39d473cdba0b53770335c75e4dbddac4e3e935e8499c734cabcd77	2011-11-17 10:21:40	223	892	1	0	0	0	1	1	2350000000	57.81	2350000000	57.81	0	0	0	0	0	0	0
153667	2741deb59049e0a7d5b1313a6abf89c7a0a0aef582f0ce077dc26184a7b903f0	2011-11-17 10:21:40	800	3200	1	0	0	0	4	2	5935643552	146.0168	5935643552	146.0168	0	0	0	0	0	0	0.74868422854444
153667	9a5c0db73102cda1c11e94a861192a02ca1aed875a445d65057e1a898531df86	2011-11-17 10:21:40	257	1028	1	0	0	0	1	2	5687352319	139.9089	5687352319	139.9089	0	0	0	0	0	0	0
153667	ff3c9cb20356dd8221c343ef89912a715ac39b9fd69bec7cbdc2fdf4edb6ecbc	2011-11-17 10:21:40	258	1032	1	0	0	0	1	2	5321678770	130.9133	5321678770	130.9133	0	0	0	0	0	0	0
153667	5f2f0d2795caf4448c4b621c14e0eebc9b0c5c8615fe039898295483d9e96e71	2011-11-17 10:21:40	258	1032	1	0	0	0	1	2	2000000000	49.2	1999950000	49.1988	50000	0.0012	193798	0.0048	48449.6	0.0012	0
153667	7c49d170fa528b146c41d9419778b2bbe1ebc0fefbce3a36cc24f8de816c4573	2011-11-17 10:21:40	438	1752	1	0	0	0	2	2	2018422271	49.6532	2017422271	49.6286	1000000	0.0246	2283100	0.0562	570776	0.014	1.1891569453186
153667	c7e7a381d04474250ae4cd17ee5969c65386ef69fcc110d3b9f3503f1f4b955d	2011-11-17 10:21:40	257	1028	1	0	0	0	1	2	1307124119	32.1553	1307074119	32.154	50000	0.0012	194553	0.0048	48638.1	0.0012	0
153667	b7a5bad5a56c3a701ccf6559a3240fe64b8942436e27a99b7a7b3c065ae34b26	2011-11-17 10:21:40	259	1036	1	0	0	0	1	2	5163356035	127.0186	5163306035	127.0173	50000	0.0012	193050	0.0047	48262.5	0.0012	0
153667	8eac41e1f43057012686cb24891e1694a49b9f04aaec66d4cff7fff369b42fdf	2011-11-17 10:21:40	258	1032	1	0	0	0	1	2	200000000	4.92	199900000	4.9175	100000	0.0025	387597	0.0095	96899.2	0.0024	0.65604166666667
153667	7378859b348e9172064b506d1668d4b21d875b3220ad9b4c34401076dddf9094	2011-11-17 10:21:40	437	1748	1	0	0	0	2	2	50000000	1.23	49950000	1.2288	50000	0.0012	114416	0.0028	28604.1	0.0007	1.0137604166667
153667	bf0dbfa20b51341308fbece51babd5bbd30160e49568058fafb47ae5024b2047	2011-11-17 10:21:40	258	1032	1	0	0	0	1	2	880000000	21.648	879950000	21.6468	50000	0.0012	193798	0.0048	48449.6	0.0012	0
153667	000ba08b3afec1e49b03d1f6d82d222489735023ee6a2a31f3f59abed85fd488	2011-11-17 10:21:40	258	1032	1	0	0	0	1	2	3862800000	95.0249	3862750000	95.0237	50000	0.0012	193798	0.0048	48449.6	0.0012	0
153667	0aefe18af81b59809b1fdc05a4020c5e6178f514c22445bf7ffa779fcc1193df	2011-11-17 10:21:40	618	2472	1	0	0	0	3	2	2125024574	52.2756	2124974574	52.2744	50000	0.0012	80906.1	0.002	20226.5	0.0005	0
153667	54a393fd256b2ab40c09b32781baeb382736d751e2f39e756c8507b97326641c	2011-11-17 10:21:40	259	1036	1	0	0	0	1	2	1582263710	38.9237	1582213710	38.9225	50000	0.0012	193050	0.0047	48262.5	0.0012	0
153667	547bce5f9b49b067871582aeef0bba69f9c686f15e0e6f9c0b61e67d2ebd9de4	2011-11-17 10:21:40	258	1032	1	0	0	0	1	2	2518118063	61.9457	2518068063	61.9445	50000	0.0012	193798	0.0048	48449.6	0.0012	0
153667	6cda965c934c4d52c9e24b6c9733aa2c1348d900d54609ceda6b86edc2c0b7a7	2011-11-17 10:21:40	403	1612	1	0	0	0	2	1	651000000	16.0146	650000000	15.99	1000000	0.0246	2481390	0.061	620347	0.0153	0
153667	2fcf1d92680da794ad6c60ffeb3425317aadf08714492ffd529c9f0183f74ab0	2011-11-17 10:21:40	2243	8972	1	0	0	0	12	2	336967728	8.2894	336817728	8.2857	150000	0.0037	66874.7	0.0016	16718.7	0.0004	1.9526723984346002
153667	d598872e24e65a51ae83fb9e874891b82cc3f0f079c6866dd6e53de81542b8a3	2011-11-17 10:21:40	439	1756	1	0	0	0	2	2	116815405	2.8737	116765405	2.8724	50000	0.0012	113895	0.0028	28473.8	0.0007	0.35610321002118
153667	4abc85c1483cb68cd66887846d1da24acead94f782b2c3cd14e90aa5837b36da	2011-11-17 10:21:40	438	1752	1	0	0	0	2	2	635000000	15.621	634950000	15.6198	50000	0.0012	114155	0.0028	28538.8	0.0007	0
153667	40452ec2895f21e9be2233ba429dcc2994b8b24b9084173e986587d94e394f4b	2011-11-17 10:21:40	259	1036	1	0	0	0	1	2	110000000	2.706	109000000	2.6814	1000000	0.0246	3861000	0.095	965251	0.0237	0.1920162037037
153667	7586d7f7969bc1a37e52beb12b0b632da3c4e1d5dd54dab6a718bd3cc346cf93	2011-11-17 10:21:40	1702	6808	1	0	0	0	9	2	1684141852	41.4299	1684041852	41.4274	100000	0.0025	58754.4	0.0014	14688.6	0.0004	0.23145016065069
153667	df3e0c1ff26694d34fea3f51b1c84417476955f9efadc533869ceac5aa9b42d8	2011-11-17 10:21:40	438	1752	1	0	0	0	2	2	302994312	7.4537	302944312	7.4524	50000	0.0012	114155	0.0028	28538.8	0.0007	0.16848411396667
153667	a1f26f145d6fb1d6293110670978e0afb01da6ea0341d7670aae311c0b6ce282	2011-11-17 10:21:40	257	1028	1	0	0	0	1	2	109000000	2.6814	108950000	2.6802	50000	0.0012	194553	0.0048	48638.1	0.0012	0
153667	4601573e20ed7f4abeaa9c70c2af8f44cb424fce79ef96077e3500fcb763f1da	2011-11-17 10:21:40	258	1032	1	0	0	0	1	2	803275442	19.7606	803225442	19.7593	50000	0.0012	193798	0.0048	48449.6	0.0012	0
153667	47d0076c5c1bf40f93836d7c736f7ee004414be4b7d1eeb9f36d483d83b9da35	2011-11-17 10:21:40	257	1028	1	0	0	0	1	2	11178475	0.275	11128475	0.2738	50000	0.0012	194553	0.0048	48638.1	0.0012	0.051659045115741
153667	d537df91df18c0b71ddd7e57c7d30a497b5cbe14ad536ce75db9330fc33d063c	2011-11-17 10:21:40	224	896	1	0	0	0	1	1	63000000	1.5498	62000000	1.5252	1000000	0.0246	4464290	0.1098	1116070	0.0275	0
153667	ac9ae9353f2d80883a2ead2ff6fe53042bced30ddd14ef12d2f469dc44d8b7d3	2011-11-17 10:21:40	1158	4632	1	0	0	0	6	2	132693436	3.2643	132593436	3.2618	100000	0.0025	86355.8	0.0021	21588.9	0.0005	0.029498020986458
153667	0ece1d693744f23b00ce09ed39d613cf5e776ef84b71b61b2e21684566d9f710	2011-11-17 10:21:40	1341	5364	1	0	0	0	7	2	97348599	2.3948	97248599	2.3923	100000	0.0025	74571.2	0.0018	18642.8	0.0005	0
153667	30d4e836de71e72a11b0774456f02e718d33ca48b088d97584c7e32e2ea3c1e3	2011-11-17 10:21:40	225	900	1	0	0	0	1	1	1229764	0.0303	1000000	0.0246	229764	0.0057	1021170	0.0251	255293	0.0063	0
153667	ace4eb868637dcb2a44551f368074c0a810e954f80c588bf70fcf7e015d40a30	2011-11-17 10:21:40	437	1748	1	0	0	0	2	2	49950000	1.2288	49900000	1.2275	50000	0.0012	114416	0.0028	28604.1	0.0007	0
153668	40b0adb070e3ae92cbf192570613bc45c459127448e500990ec3340a17093433	2011-11-17 10:34:59	168	672	1	0	1	0	1	1	0	0	5000350000	123.0086	0	0	0	0	0	0	0
153668	360552b55dbec4ec3013ac1390c37bea0c410e131c7519400cdb518e1359502b	2011-11-17 10:34:59	799	3196	1	0	0	0	4	2	843659741512	20754.0293	843659741512	20754.0293	0	0	0	0	0	0	0
153668	44a0fd04cc675aeb7669bea6a3b3d4359c4859875c75b298ff6f47211db21b65	2011-11-17 10:34:59	159	636	1	0	0	0	1	1	5005376451	123.1323	5005376451	123.1323	0	0	0	0	0	0	36.978956509697
153668	e4192ade62dcd81f579d92dbea5566da80e86bcbbea2acf09f6694a5ec4e54f6	2011-11-17 10:34:59	259	1036	1	0	0	0	1	2	1000000000	24.6	999950000	24.5988	50000	0.0012	193050	0.0047	48262.5	0.0012	57.23125
153668	3fa5adee0fc23db8f108b663df9c91f9fbc007d9b191feb7828b3e9db798ec73	2011-11-17 10:34:59	438	1752	1	0	0	0	2	2	201000000	4.9446	201000000	4.9446	0	0	0	0	0	0	9.6969260416667
153668	8024a83def306d5e4ecd2ebb7982192b1ca6d8405cf3e7f88ebe529bad4173ad	2011-11-17 10:34:59	258	1032	1	0	0	0	1	2	1852862995	45.5804	1852862995	45.5804	0	0	0	0	0	0	3.9583501344572
153668	d9d3244fb5f335cedc57d01016cc321bf18351416f98e233794af935a8e05356	2011-11-17 10:34:59	797	3188	1	0	0	0	4	2	10344754200	254.481	10344754200	254.481	0	0	0	0	0	0	6.8634709400463
153668	fa45d3d729d2d9cbb620f9ffee921cf3113282d4a146605d85aa3bf17337ff97	2011-11-17 10:34:59	403	1612	1	0	0	0	2	1	1604834271	39.4789	1604834271	39.4789	0	0	0	0	0	0	4.6086767500403
153668	ce7789ff489d2a16d2d81355962f0b88f084e3a3348c7cc0bcaea1feb8ef59d0	2011-11-17 10:34:59	797	3188	1	0	0	0	4	2	847796000	20.8558	847796000	20.8558	0	0	0	0	0	0	7.3549583333333
153668	6de985d1693be016b0444420852fe040ede5df1ba6969e1d475740321224c00b	2011-11-17 10:34:59	975	3900	1	0	0	0	5	2	5925924574	145.7777	5925924574	145.7777	0	0	0	0	0	0	6.0846368055556
153668	403d71dec8d4232bf7b5d147a52da0d06b15160e5f0702ac439095cffbcb0f62	2011-11-17 10:34:59	257	1028	1	0	0	0	1	2	4842050000	119.1144	4842050000	119.1144	0	0	0	0	0	0	0
153668	1cf81af50ec4782fb59262d1d322d789fb852f6f1f37ae0fdd1c11082dac1b62	2011-11-17 10:34:59	259	1036	1	0	0	0	1	2	4791543902	117.872	4791543902	117.872	0	0	0	0	0	0	0
153668	42f1ac21eca516b48f6490b4997cf33841690145029ceaa4a9ce545792f4550d	2011-11-17 10:34:59	798	3192	1	0	0	0	4	2	3414653292	84.0005	3414653292	84.0005	0	0	0	0	0	0	0.68175833333333
153668	1af095a5047068b56d7facd8334ca0e5710f5073db35ce88f42d70559a22b885	2011-11-17 10:34:59	258	1032	1	0	0	0	1	2	4732796433	116.4268	4732796433	116.4268	0	0	0	0	0	0	0
153668	0c18a0ac7a764551584de90be7447c4e22d717f39c8aece86b1f9b858919c25a	2011-11-17 10:34:59	259	1036	1	0	0	0	1	2	4733300000	116.4392	4733300000	116.4392	0	0	0	0	0	0	0
153668	ccb91f377c5cdc723b3c6117be41b8a4d80b811f51b72064b344ed97e65d8bf1	2011-11-17 10:34:59	257	1028	1	0	0	0	1	2	4248000000	104.5008	4248000000	104.5008	0	0	0	0	0	0	0
153668	115a712e61ab05a0b3fbc241d8e7403f865ea4e62507db4ce7298eed75200495	2011-11-17 10:34:59	259	1036	1	0	0	0	1	2	4278780466	105.258	4278780466	105.258	0	0	0	0	0	0	0
153668	0d6122b02ac86f39c8ff69368d7f22848765252f81e949e1d934866543383ed2	2011-11-17 10:34:59	259	1036	1	0	0	0	1	2	4119077968	101.3293	4119077968	101.3293	0	0	0	0	0	0	0
153668	bead39a0869b2a0106a5874d4c559cf33bf720e8cdbba5604b3c62391e150047	2011-11-17 10:34:59	259	1036	1	0	0	0	1	2	5000200000	123.0049	5000200000	123.0049	0	0	0	0	0	0	0
153668	05065980ef1ac6b1d9f84308d76cc0d1d4953052cefed612dfcc87e018dfd8bc	2011-11-17 10:34:59	618	2472	1	0	0	0	3	2	6080950000	149.5914	6080900000	149.5901	50000	0.0012	80906.1	0.002	20226.5	0.0005	0.36031905092593
153668	cdf3bf3ff1c06973e57b55fddbb0a3c4cecaae580e485c11d92c8bbb32a60a92	2011-11-17 10:34:59	258	1032	1	0	0	0	1	2	4000000000	98.4	3999950000	98.3988	50000	0.0012	193798	0.0048	48449.6	0.0012	0
153668	ff35a378a97cdc349356e0fcbffbd46f18b5b5d7ac3f7738470b19ed896a1f54	2011-11-17 10:34:59	257	1028	1	0	0	0	1	2	770674417	18.9586	770624417	18.9574	50000	0.0012	194553	0.0048	48638.1	0.0012	0
153668	36d1452ca8bfbf406ce4ade36787844a4d7bb4fcecd5240628bdbc0a10c7f760	2011-11-17 10:34:59	440	1760	1	0	0	0	2	2	208035630	5.1177	207985630	5.1164	50000	0.0012	113636	0.0028	28409.1	0.0007	0
153668	58ca71a6e214fe042776b586a290c46559ff6b05dbe82e5cecc95588b22453b0	2011-11-17 10:34:59	258	1032	1	0	0	0	1	2	250212573	6.1552	250162573	6.154	50000	0.0012	193798	0.0048	48449.6	0.0012	0
153668	cdf9f6b368c58fceb1b12a6f002f4e181dbfe3443d655315eb7c2fecc4b9b42d	2011-11-17 10:34:59	616	2464	1	0	0	0	3	2	242712265	5.9707	242662265	5.9695	50000	0.0012	81168.8	0.002	20292.2	0.0005	0.0069663455315972
153669	932e035a658251037c893bb137bf5927dc9434740b218d3b4cceb376ca35fde5	2011-11-17 10:38:03	135	540	1	0	1	0	1	1	0	0	5002450000	123.0603	0	0	0	0	0	0	0
153669	caf35286355f92468ccffa8f6823bfded5bc726a23c84d5a7a2c4d6a3945554d	2011-11-17 10:38:03	193	772	1	0	0	0	1	2	5000700000	123.0172	5000700000	123.0172	0	0	0	0	0	0	62.804508993056
153669	34bba7b1d5ac0afc96d52ec2a32f3959cbb58c0de468cbfd7674b747bf957beb	2011-11-17 10:38:03	258	1032	1	0	0	0	1	2	4973768640	122.3547	4973768640	122.3547	0	0	0	0	0	0	72.379847065333
153669	fd098050b88c1cf5174de143d7840ff2e28778b26ab45c0f9c459c2d88020a5e	2011-11-17 10:38:03	258	1032	1	0	0	0	1	2	4938132148	121.4781	4938132148	121.4781	0	0	0	0	0	0	71.861253614854
153669	04f712f077ca864682f0e366b8d1909494beeb2e4f6d073a35ed1572629a30c8	2011-11-17 10:38:03	257	1028	1	0	0	0	1	2	970157894	23.8659	970157894	23.8659	0	0	0	0	0	0	14.118043093566
153669	ea7a38263f6124db7aff5696fcec1163d43bdc40c67f6415c8846a70fee58b50	2011-11-17 10:38:03	439	1756	1	0	0	0	2	2	2111081710	51.9326	2111081710	51.9326	0	0	0	0	0	0	16.45943362205
153669	757d68d83dbb066f75caef049852df41defd44f590092d3a9483ff3ba11606b0	2011-11-17 10:38:03	225	900	1	0	0	0	1	1	430000000	10.578	430000000	10.578	0	0	0	0	0	0	5.647681712963
153669	ebcf3a28cfe07b284e3aef39802428c0222d06d88bb5270d9f354c83e43bce08	2011-11-17 10:38:03	257	1028	1	0	0	0	1	2	3608300010	88.7642	3608300010	88.7642	0	0	0	0	0	0	0
153669	85c0d57951c317dc920c650f525d20675ba8aee326fce637ae1581dd3d81fccd	2011-11-17 10:38:03	257	1028	1	0	0	0	1	2	3598046419	88.5119	3598046419	88.5119	0	0	0	0	0	0	0
153669	ccbf90ab4d78636e0574abb41218e23347f7718953d7d13a6e4f26950f0b5ecf	2011-11-17 10:38:03	258	1032	1	0	0	0	1	2	3522673657	86.6578	3522673657	86.6578	0	0	0	0	0	0	0
153669	e159058a17f05ac55ea72153fb2880e652734a20d099dc5c68d0de32fc928abb	2011-11-17 10:38:03	258	1032	1	0	0	0	1	2	3209350000	78.95	3209350000	78.95	0	0	0	0	0	0	0
153669	051edc80abeb50a240afcb4a9b3a8178ec014dee61e15f9ae1c099ab91f5bcf9	2011-11-17 10:38:03	438	1752	1	0	0	0	2	2	3068128000	75.476	3068128000	75.476	0	0	0	0	0	0	0
153669	8db4f5050d7b1fc8f798d090154617c16e6e268f1c7c064241d911f462abdc11	2011-11-17 10:38:03	257	1028	1	0	0	0	1	2	2925100000	71.9575	2925100000	71.9575	0	0	0	0	0	0	0
153669	e3da3643ae53cf3f1fa805eab2422ffd92ee470eba68df48e8b0428d070550da	2011-11-17 10:38:03	438	1752	1	0	0	0	2	2	1494336800	36.7607	1494336800	36.7607	0	0	0	0	0	0	0
153669	72041905c91eaf7765cdb072390392ce03f0f139d6844b711f72fef0f743e98a	2011-11-17 10:38:03	259	1036	1	0	0	0	1	2	5118678770	125.9195	5118678770	125.9195	0	0	0	0	0	0	0
153669	9b9c874daf1a52778973f028b5c515a519fe43e91eebba65243e7be8bca98dde	2011-11-17 10:38:03	258	1032	1	0	0	0	1	2	1798869818	44.2522	1798869818	44.2522	0	0	0	0	0	0	0
153669	ec1aceb7467ce23228848c9b5b90e8e5c074709c3fc2955cd5b5805a81b49cba	2011-11-17 10:38:03	1880	7520	1	0	0	0	10	2	6701002543	164.8447	6701002543	164.8447	0	0	0	0	0	0	0.031431931630324
153669	7a762ceefe2092111c7831b2a22b6293c880a4bfcbfdc66440a6f442a2fc75a3	2011-11-17 10:38:03	258	1032	1	0	0	0	1	2	538000000	13.2348	538000000	13.2348	0	0	0	0	0	0	0
153669	9fb71c9f338b7bfa14a8d1a616e3eaaa9c2724679aa00e39281b7956241a79e4	2011-11-17 10:38:03	258	1032	1	0	0	0	1	2	1900000000	46.74	1899000000	46.7154	1000000	0.0246	3875970	0.0953	968992	0.0238	0
153669	8bec821b4b4c0e9aee077abe1afe4e8bd267286f5a034ba2383fba71ada08914	2011-11-17 10:38:03	259	1036	1	0	0	0	1	2	1038450000	25.5459	1038450000	25.5459	0	0	0	0	0	0	0
153669	681a584faf1a363e13de5ac3c0067b990bc1c1d0f6c9c019a85c62f172ca8711	2011-11-17 10:38:03	438	1752	1	0	0	0	2	2	192075782	4.7251	192075782	4.7251	0	0	0	0	0	0	0.28716759259259
153669	6548ca9ceea3f062053cdeafe1cfb233105c5499dd10358d66222b4b6db269d6	2011-11-17 10:38:03	259	1036	1	0	0	0	1	2	236440000	5.8164	236440000	5.8164	0	0	0	0	0	0	0
153669	6c0f843cb19c456d78ad40e84b39197603c42f1f1f047d4eb3b4156d13843aff	2011-11-17 10:38:03	439	1756	1	0	0	0	2	2	506000000	12.4476	506000000	12.4476	0	0	0	0	0	0	0
153669	aa8d54a6327ea3f90aca0ed8896faade5f946c46271213feeccf09909a874608	2011-11-17 10:38:03	258	1032	1	0	0	0	1	2	1604834271	39.4789	1604834271	39.4789	0	0	0	0	0	0	0
153669	829f8cd2bb08455b04435ff781839e880b4c6b41b689bb4b3be2848147402554	2011-11-17 10:38:03	224	896	1	0	0	0	1	1	17000000	0.4182	17000000	0.4182	0	0	0	0	0	0	0
153669	c6436783bd25001ddbd6bd331dd3fa106b3a3c81df15d493cd966a01866e4425	2011-11-17 10:38:03	258	1032	1	0	0	0	1	2	15012222	0.3693	15012222	0.3693	0	0	0	0	0	0	0
153669	f09cbe5a736200dda16a193a5830d9b2815a323a8f214056a76e47844c0a31d6	2011-11-17 10:38:03	257	1028	1	0	0	0	1	2	12137164	0.2986	12137164	0.2986	0	0	0	0	0	0	0
153669	88130bd3cdd59d264c3c366078f571926b695426fd9bd28c67158d5dd2fe2815	2011-11-17 10:38:03	258	1032	1	0	0	0	1	2	11060173	0.2721	11060173	0.2721	0	0	0	0	0	0	0
153669	cab4aa3dfd44387f0ed0074e9282af16050778cc7d03996376018e3b4d1b2099	2011-11-17 10:38:03	259	1036	1	0	0	0	1	2	4915447481	120.92	4915397481	120.9188	50000	0.0012	193050	0.0047	48262.5	0.0012	0
153669	96d7190af5e654de3d6a3b49f892c45192a3a8201316d80b12d33556c6c713f0	2011-11-17 10:38:03	258	1032	1	0	0	0	1	2	919131539	22.6106	919081539	22.6094	50000	0.0012	193798	0.0048	48449.6	0.0012	0
153669	a477d948aaabcd2c61a3f0418d69bb8f3951170bfa750d015da1d65af25e1b01	2011-11-17 10:38:03	257	1028	1	0	0	0	1	2	2682100000	65.9797	2682100000	65.9797	0	0	0	0	0	0	0
153669	444b50b3f7ba93bf51ad714472757cdcc0fd73c1542d69a47f0c6e59b6f28aa3	2011-11-17 10:38:03	259	1036	1	0	0	0	1	2	1743869818	42.8992	1743869818	42.8992	0	0	0	0	0	0	0
153669	6b11b6e64030c17960582e3b618c7276f33b88475e80228a2f2f819a560bc3cc	2011-11-17 10:38:03	258	1032	1	0	0	0	1	2	907873491	22.3337	907873491	22.3337	0	0	0	0	0	0	0
153669	60dec096bb0ac45db83f86dbda21a528d6ed150172688f42c37a17b1a6125bfb	2011-11-17 10:38:03	259	1036	1	0	0	0	1	2	4752274264	116.906	4752224264	116.9047	50000	0.0012	193050	0.0047	48262.5	0.0012	0
153669	b44b8ac6967ded9dbd3f1cc4ec495f267b84a988c7bd5ea1d610d9c17371b140	2011-11-17 10:38:03	258	1032	1	0	0	0	1	2	805562040	19.8168	805512040	19.8156	50000	0.0012	193798	0.0048	48449.6	0.0012	0
153669	5caa91e14294219cd0644fb224530e8e57d28379b6e80fb70fe2eae9ef057917	2011-11-17 10:38:03	257	1028	1	0	0	0	1	2	1649869818	40.5868	1649869818	40.5868	0	0	0	0	0	0	0
153669	eb2a627ac3fc38836d950493e38544fafb25023b904854a901485f85a262fd74	2011-11-17 10:38:03	257	1028	1	0	0	0	1	2	796873491	19.6031	796873491	19.6031	0	0	0	0	0	0	0
153669	b39748732a3028f649e4071077f3f73b696675c3ef3177ca2b2eca4f57379388	2011-11-17 10:38:03	259	1036	1	0	0	0	1	2	4638609899	114.1098	4638559899	114.1086	50000	0.0012	193050	0.0047	48262.5	0.0012	0
153669	415c13d8cb42fe2854e840470e93ffe3d551188a42cc279ed58ad31289f986c7	2011-11-17 10:38:03	258	1032	1	0	0	0	1	2	703793564	17.3133	703743564	17.3121	50000	0.0012	193798	0.0048	48449.6	0.0012	0
153669	1ce25331b382eb15c69d8cae9f40a6d33a6adbf1ee294119a990d1e7011aea5e	2011-11-17 10:38:03	259	1036	1	0	0	0	1	2	1600869818	39.3814	1600869818	39.3814	0	0	0	0	0	0	0
153669	59f4607d7b07a60fd19112007d9cde0d19509fa2ffb81ba4b4aecbc94d8d8d6d	2011-11-17 10:38:03	259	1036	1	0	0	0	1	2	732873491	18.0287	732873491	18.0287	0	0	0	0	0	0	0
153669	796e30a4eb35e79e30fda42eb6fca3e477eba782ab38e2720ea8c40c5a3ff34f	2011-11-17 10:38:03	258	1032	1	0	0	0	1	2	4435242929	109.107	4435192929	109.1058	50000	0.0012	193798	0.0048	48449.6	0.0012	0
153669	431d2a16a0c5a2c632b8acee195e36d56cca4ea55c690b05f6523147f0f2554b	2011-11-17 10:38:03	258	1032	1	0	0	0	1	2	692919532	17.0458	692869532	17.0446	50000	0.0012	193798	0.0048	48449.6	0.0012	0
153669	7ac32802c019c5d45e23eb5948cb7311f69221678933e3211c2d0f2a61dc55f6	2011-11-17 10:38:03	257	1028	1	0	0	0	1	2	1366869818	33.625	1366869818	33.625	0	0	0	0	0	0	0
153669	65e8cd0e5a65081046fbebf69b7a950e364dac0a39fa87fdc0cb1b81bb170cb2	2011-11-17 10:38:03	258	1032	1	0	0	0	1	2	577873491	14.2157	577873491	14.2157	0	0	0	0	0	0	0
153669	025fa07624e1d1352366b3b9245e85dd5641f6b3ca97061370f43f8b84f8c1ec	2011-11-17 10:38:03	257	1028	1	0	0	0	1	2	4321716281	106.3142	4321666281	106.313	50000	0.0012	194553	0.0048	48638.1	0.0012	0
153669	dc4f21a12d96f4c9db57e0b82a0cdfb18825bb699d394c9964910928dfb9d693	2011-11-17 10:38:03	257	1028	1	0	0	0	1	2	657097949	16.1646	657047949	16.1634	50000	0.0012	194553	0.0048	48638.1	0.0012	0
153669	22e548862f0988058679cd62bb121f416a56456f572e9d6749f32cf1ffd97ee3	2011-11-17 10:38:03	257	1028	1	0	0	0	1	2	1355869818	33.3544	1355869818	33.3544	0	0	0	0	0	0	0
153669	556803400e297163a4c5d54daa86e7488e01d312a52f18d4fb41383b4719291f	2011-11-17 10:38:03	258	1032	1	0	0	0	1	2	476873491	11.7311	476873491	11.7311	0	0	0	0	0	0	0
153669	922a4f67a8c40c6623d19bc0852e1304c86e2f75b04067ffe40976a88cbbec64	2011-11-17 10:38:03	258	1032	1	0	0	0	1	2	4209272972	103.5481	4209222972	103.5469	50000	0.0012	193798	0.0048	48449.6	0.0012	0
153669	e99a8166ed8fc11e624d4a8e8141e7df616a23ebfd128a4d2dc2467904ca5ca4	2011-11-17 10:38:03	258	1032	1	0	0	0	1	2	401042025	9.8656	400992025	9.8644	50000	0.0012	193798	0.0048	48449.6	0.0012	0
153669	e5623c96b48da1d646b3b769a97ca23426f7fb31671b72d0924d9a1025fb217e	2011-11-17 10:38:03	259	1036	1	0	0	0	1	2	1305869818	32.1244	1305869818	32.1244	0	0	0	0	0	0	0
153669	c0be87bf6fc335659839b979db955a640f6c08950f0fa0d597ecce8aac43c0b3	2011-11-17 10:38:03	797	3188	1	0	0	0	4	2	394083050	9.6944	394083050	9.6944	0	0	0	0	0	0	0
153669	c1744f1f4bba01cb0a98a076c9f0182fe66eaa4d035fabd3151de9e927a8bcb2	2011-11-17 10:38:03	258	1032	1	0	0	0	1	2	3815300753	93.8564	3815250753	93.8552	50000	0.0012	193798	0.0048	48449.6	0.0012	0
153669	9cbce68e5420b9e91011fce77fb9a634644742cfe72cf4885597fb893c724801	2011-11-17 10:38:03	258	1032	1	0	0	0	1	2	255103272	6.2755	255053272	6.2743	50000	0.0012	193798	0.0048	48449.6	0.0012	0
153669	72e4a4c3283ee160e02632116e688c543eb6775daa2fe0ce1166709b76bff7a5	2011-11-17 10:38:03	259	1036	1	0	0	0	1	2	1251869818	30.796	1251869818	30.796	0	0	0	0	0	0	0
153669	ef4edb68cff530ba663e488fd3c419a33471ca572a875bc9059b34f788b91307	2011-11-17 10:38:03	259	1036	1	0	0	0	1	2	7083050	0.1742	7083050	0.1742	0	0	0	0	0	0	0
153669	636710ee6bad2402a1800edc739fe6c8072ebe90ed8dda3f45f67aa5507509fb	2011-11-17 10:38:03	257	1028	1	0	0	0	1	2	3651321947	89.8225	3651271947	89.8213	50000	0.0012	194553	0.0048	48638.1	0.0012	0
153669	3b18bc93039e64f40952217aaefb7fa4a618ed5a7b67b9d1d17781c84454a9e3	2011-11-17 10:38:03	258	1032	1	0	0	0	1	2	48085607	1.1829	48035607	1.1817	50000	0.0012	193798	0.0048	48449.6	0.0012	0
153669	3ca0876fed993ddb2b1a9d4186e69d58f2a8c1fae5e063a3356796ad793eb757	2011-11-17 10:38:03	437	1748	1	0	0	0	2	2	7030657	0.173	6980657	0.1717	50000	0.0012	114416	0.0028	28604.1	0.0007	0.026682906784722
153669	4726a983b86008c13e09fa30a0865864cc62ecdd6a047b39b36ab6b71cb4a293	2011-11-17 10:38:03	258	1032	1	0	0	0	1	2	1232869818	30.3286	1232869818	30.3286	0	0	0	0	0	0	0
153669	87c457decf11ec6f022d8ef799f9a414f7b1e9d2f7b197cc47144a5b2fb75377	2011-11-17 10:38:03	259	1036	1	0	0	0	1	2	3614943308	88.9276	3614893308	88.9264	50000	0.0012	193050	0.0047	48262.5	0.0012	0
153669	d0403d6a8c4d96f151e570c79cda02d37c5b86c7fc5e06f0b48071d85e35381e	2011-11-17 10:38:03	258	1032	1	0	0	0	1	2	1208506267	29.7293	1208506267	29.7293	0	0	0	0	0	0	0
153669	7619d5a4c0ae4b9242eb92aa6aa6dbd014bc7ef285b4465f19ba49ae743fd8cd	2011-11-17 10:38:03	257	1028	1	0	0	0	1	2	3343221248	82.2432	3343171248	82.242	50000	0.0012	194553	0.0048	48638.1	0.0012	0
153669	85622470f4cc707be1cdf477092fe17a5552ef0f8090004ad88d05587b8ecff7	2011-11-17 10:38:03	259	1036	1	0	0	0	1	2	1190506267	29.2865	1190506267	29.2865	0	0	0	0	0	0	0
153669	1ec852e7f1eb43c1acd5b7849d83aae17ba3d1a96d78fc5f21c374eb73908b55	2011-11-17 10:38:03	258	1032	1	0	0	0	1	2	3233527353	79.5448	3233477353	79.5435	50000	0.0012	193798	0.0048	48449.6	0.0012	0
153669	c11a3f586905535f44fc91a7ad88b8ed7f6b375dc741d4900fe7daf9fa05e115	2011-11-17 10:38:03	258	1032	1	0	0	0	1	2	1174506267	28.8929	1174506267	28.8929	0	0	0	0	0	0	0
153669	bf20d9bcb6e0f0c581ae0c48d464652bf22b375827aa08c9c68e3828fd2a639f	2011-11-17 10:38:03	258	1032	1	0	0	0	1	2	3167873264	77.9297	3167823264	77.9285	50000	0.0012	193798	0.0048	48449.6	0.0012	0
153669	59e7d179b5b52d05d460920261f5f4ac191f883951c4ade23f9310cdc827ea8e	2011-11-17 10:38:03	257	1028	1	0	0	0	1	2	1071506267	26.3591	1071506267	26.3591	0	0	0	0	0	0	0
153669	a85c13c542951377d836212f2e4f1d9ebef84fbbb26389d02d1d47c932ae5e8e	2011-11-17 10:38:03	257	1028	1	0	0	0	1	2	3161227556	77.7662	3161177556	77.765	50000	0.0012	194553	0.0048	48638.1	0.0012	0
153669	a1948c7642f8c54e64228305c7ccfe5d94eab44e891b53d7d3f26c712da5b60d	2011-11-17 10:38:03	258	1032	1	0	0	0	1	2	1042506267	25.6457	1042506267	25.6457	0	0	0	0	0	0	0
153669	622280652dc97933ab4c1b49c04fdfc5a3175fda3b48b008477d42cc27db6640	2011-11-17 10:38:03	258	1032	1	0	0	0	1	2	3012512091	74.1078	3012462091	74.1066	50000	0.0012	193798	0.0048	48449.6	0.0012	0
153669	169192f2f201620c798fcb1d2098e0bc234c7abf8bd40d5caaf6e0f30151ee4a	2011-11-17 10:38:03	257	1028	1	0	0	0	1	2	1017506267	25.0307	1017506267	25.0307	0	0	0	0	0	0	0
153669	603ac415b8816814c4e112ed702ac0ae896fd769468ea7f3d56816a564a71ce8	2011-11-17 10:38:03	259	1036	1	0	0	0	1	2	2719356219	66.8962	2719306219	66.8949	50000	0.0012	193050	0.0047	48262.5	0.0012	0
153669	2341f535cd7c3bfe755e778223656c36e10f8ac6b5b4bfa1e7b1d2d86811ff93	2011-11-17 10:38:03	259	1036	1	0	0	0	1	2	808506267	19.8893	808506267	19.8893	0	0	0	0	0	0	0
153669	31a6195609f58f442b9c66c8daa1a24101f358b12b86a129ea064e02ff0c92eb	2011-11-17 10:38:03	259	1036	1	0	0	0	1	2	1446398351	35.5814	1446348351	35.5802	50000	0.0012	193050	0.0047	48262.5	0.0012	0
153669	31dc7f1bb874eee597a45c8bc81b4037651e4c646e8e93d15bc6e1edb3c46b5a	2011-11-17 10:38:03	258	1032	1	0	0	0	1	2	786506267	19.3481	786506267	19.3481	0	0	0	0	0	0	0
153669	cc551e5be2b55609068b8f46e7788c6b1c828d0e97d1a2e10d35de3f2f2a7859	2011-11-17 10:38:03	258	1032	1	0	0	0	1	2	1427348447	35.1128	1427298447	35.1115	50000	0.0012	193798	0.0048	48449.6	0.0012	0
153669	f408699b6885cae43a373aadd1328e23876aaa17f79baafece23ba8d7d9cd3ab	2011-11-17 10:38:03	257	1028	1	0	0	0	1	2	494506267	12.1649	494506267	12.1649	0	0	0	0	0	0	0
153669	c862325595b5500cd4d88fc18d907fe888dfeda637fbdf586e292d1547424a16	2011-11-17 10:38:03	257	1028	1	0	0	0	1	2	1394747409	34.3108	1394697409	34.3096	50000	0.0012	194553	0.0048	48638.1	0.0012	0
153669	091e6ae376971c69d0e833188e9d9cedc17b5cc69c31912c96fb862ccdc39925	2011-11-17 10:38:03	257	1028	1	0	0	0	1	2	436506267	10.7381	436506267	10.7381	0	0	0	0	0	0	0
153669	cdf7c4014efa245f1e35a91ae10bbd84bd67c9916b8865db5dacf26384aa7e77	2011-11-17 10:38:03	259	1036	1	0	0	0	1	2	1323623701	32.5611	1323573701	32.5599	50000	0.0012	193050	0.0047	48262.5	0.0012	0
153669	0893d7ddef8a976fa886f3dc9f10f1743ffaf2477668877cea4deb623918d22d	2011-11-17 10:38:03	259	1036	1	0	0	0	1	2	420506267	10.3445	420506267	10.3445	0	0	0	0	0	0	0
153669	72f6449e0268748417ae5de1bdc5b483c96aac1337a478b50f148ebb982726a8	2011-11-17 10:38:03	258	1032	1	0	0	0	1	2	1237349960	30.4388	1237299960	30.4376	50000	0.0012	193798	0.0048	48449.6	0.0012	0
153669	5023ed37029c0d3e48c43fa5e101dda50e084481cb369d9b699efb1909334a64	2011-11-17 10:38:03	258	1032	1	0	0	0	1	2	318506267	7.8353	318506267	7.8353	0	0	0	0	0	0	0
153669	32e1866fbb30a01aab411ce3b051e42b188d4c030a437bbcc12256030af32be2	2011-11-17 10:38:03	258	1032	1	0	0	0	1	2	294506267	7.2449	294506267	7.2449	0	0	0	0	0	0	0
153669	286f2a50875b68489b3c06c07d9d5f7e005f12b8eaa9eab8b80dbdfe1415d49d	2011-11-17 10:38:03	257	1028	1	0	0	0	1	2	236506267	5.8181	236506267	5.8181	0	0	0	0	0	0	0
153670	d287fcb0de5751fc67a9cff72b87cd2976c2cf66b556661b94e6cd23b4b01727	2011-11-17 10:51:54	2394	9576	1	0	1	0	1	66	0	0	5001350000	123.0332	0	0	0	0	0	0	0
153670	983e2c43645b47776e7c0eee1965dd7a7fbf69d44e8be24677cc2d537eca3d2b	2011-11-17 10:51:54	258	1032	1	0	0	0	1	2	3254842465	80.0691	3254842465	80.0691	0	0	0	0	0	0	14.249353731322
153670	8a23a3bdb23726a039ef1821a611a301d0683899a44fa83064d0e3520e96e78f	2011-11-17 10:51:54	404	1616	1	0	0	0	2	1	6493550000	159.7413	6492550000	159.7167	1000000	0.0246	2475250	0.0609	618812	0.0152	16.269823709491
153670	ed6ff9ac288ab14323ade08399293797a873e59c3fe0eddca992ce1a78a4fba7	2011-11-17 10:51:54	981	3924	1	0	0	0	5	2	9653950000	237.4872	9653900000	237.4859	50000	0.0012	50968.4	0.0013	12742.1	0.0003	24.23366789088
153670	a06c551fbabf9bcdcbfec59c829de9b205f4328e7a28b9b03da4c748b5dc3a34	2011-11-17 10:51:54	257	1028	1	0	0	0	1	2	3862250000	95.0114	3862200000	95.0101	50000	0.0012	194553	0.0048	48638.1	0.0012	0
153670	f391f5bebc67d1a6c6fd73a4b212bbb78b9988e2a00ebe69cfb3efec1f44fdb6	2011-11-17 10:51:54	440	1760	1	0	0	0	2	2	6123099999	150.6283	6123049999	150.627	50000	0.0012	113636	0.0028	28409.1	0.0007	0.18213740318148
153670	71f95110334189d657a9c500eed0ea909a3e0d49b0f44e5a0ed7ed91580dc253	2011-11-17 10:51:54	259	1036	1	0	0	0	1	2	1597317187	39.294	1597267187	39.2928	50000	0.0012	193050	0.0047	48262.5	0.0012	0
153670	2425c61e21c689eec2ffb6939eb8f84bf7403441ef2a8f3bf4aae8e78162a68f	2011-11-17 10:51:54	257	1028	1	0	0	0	1	2	282445078	6.9481	282395078	6.9469	50000	0.0012	194553	0.0048	48638.1	0.0012	0
153670	2e398b14f7e2fad72671480c0494eab67bf90504d3d9390a39557abc5a2ac9ac	2011-11-17 10:51:54	257	1028	1	0	0	0	1	2	183296484	4.5091	183196484	4.5066	100000	0.0025	389105	0.0096	97276.3	0.0024	0
153670	80a5f7dd0306222919618c4771f7f8b6cbf4cfbf738306207d254ef475b5cfd8	2011-11-17 10:51:54	224	896	1	0	0	0	1	1	100000	0.0025	100000	0.0025	0	0	0	0	0	0	0.00027320601851852
153671	df6643b0920822bfbb6d7bbd0f44a948c20e10508fd69436b95a113f92cbb436	2011-11-17 11:10:04	182	728	1	0	1	0	1	1	0	0	5003770000	123.0927	0	0	0	0	0	0	0
153671	2cd877c2a421d1aa3da577c9c46921698ba9497068ff1ec6b02a0abc8124f827	2011-11-17 11:10:04	258	1032	1	0	0	0	1	2	6000000000	147.6	6000000000	147.6	0	0	0	0	0	0	2203.9548611111
153671	f316d0d9ed24044cc32561c71762878e0971131fe30514875b6cd399c7432c1e	2011-11-17 11:10:04	258	1032	1	0	0	0	1	2	1065000000	26.199	1065000000	26.199	0	0	0	0	0	0	1675.0154826389
153671	d57d53316d8ee7afed26ec9471dfee0f98468043b58272aec7bedd4646a2312d	2011-11-17 11:10:04	258	1032	1	0	0	0	1	2	680000000	16.728	680000000	16.728	0	0	0	0	0	0	1411.4214583333
153671	ad99ed19a43506476b0ff20e822a89051a9818295bf5c566e8afe7b9d7df288a	2011-11-17 11:10:04	258	1032	1	0	0	0	1	2	9473616350	233.051	9473566350	233.0497	50000	0.0012	193798	0.0048	48449.6	0.0012	460.84319015905
153671	4cc5be2ff755afc8594c91671879aa18d982eed1426a659d280e95117686b26d	2011-11-17 11:10:04	258	1032	1	0	0	0	1	2	1325179200	32.5994	1325179200	32.5994	0	0	0	0	0	0	489.28545568944
153671	66f98c50372ff5811914cd5801e14a3733c8749b70a51b5da6e00dc6bab3dd3e	2011-11-17 11:10:04	978	3912	1	0	0	0	5	2	49601279232	1220.1915	49601279232	1220.1915	0	0	0	0	0	0	532.86111061574
153671	257663be4f23ed65bdb5f0e4d641cb473a5e0b4c05b4d16f6eea007eeb88eb14	2011-11-17 11:10:04	797	3188	1	0	0	0	4	2	874363598494	21509.3457	874363598494	21509.3457	0	0	0	0	0	0	0.047634293846181
153671	cbda3bc011b8f8d9c653f45475989e4d5a37ea814b7aa3406f64b1768cbe1a9b	2011-11-17 11:10:04	437	1748	1	0	0	0	2	2	9110000000	224.106	9110000000	224.106	0	0	0	0	0	0	215.69706666667
153671	24ef1f4dbb388f9b5af8116bf2e674c15ec156a0ccdad944cba3c37b3bd63730	2011-11-17 11:10:04	797	3188	1	0	0	0	4	2	38001121599	934.8276	38001121599	934.8276	0	0	0	0	0	0	211.36102715637
153671	eb11d56adb375d9f6c19b83fddcca2283bbd106f9347dd06699b64956b77f17d	2011-11-17 11:10:04	159	636	1	0	0	0	1	1	5000470631	123.0116	5000470631	123.0116	0	0	0	0	0	0	37.849048362906
153671	8771021d54a8c04be2c2e17e8df41778e8032c02000a1a1300557408575d1c77	2011-11-17 11:10:04	192	768	1	0	0	0	1	2	5039084886	123.9615	5039084886	123.9615	0	0	0	0	0	0	47.089781677736
153671	220fa0d3337e66b9178a0d50a7e5efbc0cc43660f16b6b80bbd49d13edd2a4e7	2011-11-17 11:10:04	258	1032	1	0	0	0	1	2	4644000000	114.2424	4644000000	114.2424	0	0	0	0	0	0	54.8954125
153671	db7103729bcf4dcd9b7b4e5feb6e4885ffeb9b7f1c17f1eab9200c4629a301eb	2011-11-17 11:10:04	192	768	1	0	0	0	1	2	5001850000	123.0455	5001850000	123.0455	0	0	0	0	0	0	37.605922934028
153671	6a86a13920cb11e6d944be0f8fd3dc237885740dee2704d7b47be3eaa990212d	2011-11-17 11:10:04	192	768	1	0	0	0	1	2	5001150000	123.0283	5001150000	123.0283	0	0	0	0	0	0	37.080285763889
153671	921e071a1dc2ccc463c06c3eeec760026bdc9eba312109260613bbe83f385322	2011-11-17 11:10:04	946	3784	1	0	0	0	5	1	1003000000	24.6738	1003000000	24.6738	0	0	0	0	0	0	133.82648275463
153671	ef7509386779b06ec45ab2282f70532bf34b83e1ff31bc40c686e458fca948dd	2011-11-17 11:10:04	373	1492	1	0	0	0	2	2	5001900000	123.0467	5001900000	123.0467	0	0	0	0	0	0	46.400551984954
153671	7901c8605c05e506c642cf54b43be1ef748cfdcdbc944565cefe367c6bef4bd1	2011-11-17 11:10:04	258	1032	1	0	0	0	1	2	3133043309	77.0729	3133043309	77.0729	0	0	0	0	0	0	26.669305926356
153671	59117d1a9e44b91dcdb1fb87699e2cf3b69dffac5939045f11323aba7044900b	2011-11-17 11:10:04	1160	4640	1	0	0	0	6	2	2001021034	49.2251	2001001034	49.2246	20000	0.0005	17241.4	0.0004	4310.34	0.0001	78.193301298447
153671	73814807c5c3f38ef1067f45952ed569cdbbf28ec40a55945a7e1ea510776571	2011-11-17 11:10:04	618	2472	1	0	0	0	3	2	301000000	7.4046	301000000	7.4046	0	0	0	0	0	0	24.460330555556
153671	1f395dc447900d08166126de9d72ae0529415bc18ee2cafd2eb91e80928964c8	2011-11-17 11:10:04	259	1036	1	0	0	0	1	2	3839500000	94.4517	3839500000	94.4517	0	0	0	0	0	0	10.403089699074
153671	556e5a39f6c3ea741235d4c52e1b828d961bc3b939c2e953bd3ea41fde33430a	2011-11-17 11:10:04	259	1036	1	0	0	0	1	2	4494613734	110.5675	4494613734	110.5675	0	0	0	0	0	0	10.001555977996
153671	5335755cf55afdeb2f9429a05868d7ed52be490e1fae572df09b9e4204465b18	2011-11-17 11:10:04	257	1028	1	0	0	0	1	2	4385469881	107.8826	4385469881	107.8826	0	0	0	0	0	0	9.75868564029
153671	aa5d9dd6ed23bbb9843d895f9c2a240bbd29c67f5e8a8874122f24f963fc6896	2011-11-17 11:10:04	258	1032	1	0	0	0	1	2	4361077720	107.2825	4361077720	107.2825	0	0	0	0	0	0	9.7044074357315
153671	f8ec432b7d0e8cfa8061f82170650c734964160f13f3a8210e3c89f11afd4c4e	2011-11-17 11:10:04	258	1032	1	0	0	0	1	2	4318249871	106.229	4318249871	106.229	0	0	0	0	0	0	9.6091055578525
153671	49e33ca811da21b32648af26bbab8587e1d4013df9c3b367a9d9e9fac58248f9	2011-11-17 11:10:04	259	1036	1	0	0	0	1	2	3972335669	97.7195	3972335669	97.7195	0	0	0	0	0	0	8.8393663856706
153671	7c9a8a35db9bd0d41dfc1e4181315edea98721a085245d9ae4cfbe9aa6244bf4	2011-11-17 11:10:04	257	1028	1	0	0	0	1	2	3934858254	96.7975	3934858254	96.7975	0	0	0	0	0	0	8.7559704619681
153671	f80f989152c97652e9505aff70fdeccbb4d5c4e0f069577acde742c3b89ecea4	2011-11-17 11:10:04	258	1032	1	0	0	0	1	2	3932825641	96.7475	3932825641	96.7475	0	0	0	0	0	0	8.7514474275308
153671	848be8eb531f31c283552fd5c249314a84c319bbefd11165531692d85d8d26ce	2011-11-17 11:10:04	225	900	1	0	0	0	1	1	13400000000	329.64	13400000000	329.64	0	0	0	0	0	0	0
153671	48860d3cf5e859b11d359e82f12c56551002bf1b9dda4239a831498539c9c7a4	2011-11-17 11:10:04	258	1032	1	0	0	0	1	2	3821796872	94.0162	3821796872	94.0162	0	0	0	0	0	0	8.5043827154019
153671	57f89946e17886f9e085b5b451483b029168a80beba5b6893b28ed1a2a1cffad	2011-11-17 11:10:04	258	1032	1	0	0	0	1	2	3799384983	93.4649	3799384983	93.4649	0	0	0	0	0	0	8.4545110744396
153671	42aed495b0a36af9a125c6651f2fc73558180e53bc5edd647599f9bc814fafdb	2011-11-17 11:10:04	259	1036	1	0	0	0	1	2	3638194658	89.4996	3638194658	89.4996	0	0	0	0	0	0	8.0958252887394
153671	4b3a0dee7f35dbb64d73858986da179fe5ff2de2643e0576847134861dbdc836	2011-11-17 11:10:04	259	1036	1	0	0	0	1	2	3347887235	82.358	3347887235	82.358	0	0	0	0	0	0	7.449824071772
153671	bf4bfc728eb5b15f9d23bc6752198f0b2f268b8361ac4b8a1792cf2e132ec92f	2011-11-17 11:10:04	258	1032	1	0	0	0	1	2	3051693184	75.0717	3051693184	75.0717	0	0	0	0	0	0	6.7907237448593
153671	d6fe1e6f13164a79755aa7311409e89fb661e90509b2a32d5bb73010aa4e6bb1	2011-11-17 11:10:04	258	1032	1	0	0	0	1	2	2955837424	72.7136	2955837424	72.7136	0	0	0	0	0	0	6.5774224900259
153671	76cdcd69bd8337f6f0b979f679af0e95367e1a8e087034320774cb283497b527	2011-11-17 11:10:04	258	1032	1	0	0	0	1	2	4948371264	121.7299	4948371264	121.7299	0	0	0	0	0	0	0
153671	37cbc5fc3a335d80c33c3c3cc849d5657064db961669ab41b297777d5996746c	2011-11-17 11:10:04	259	1036	1	0	0	0	1	2	4963934753	122.1128	4963934753	122.1128	0	0	0	0	0	0	0
153671	de65f246a0f28e2d4ec8bf8ffbc6cd185c8107e9e6b1c666c6e1c1136686d267	2011-11-17 11:10:04	257	1028	1	0	0	0	1	2	4893774177	120.3868	4893774177	120.3868	0	0	0	0	0	0	0
153671	a069c8d1f06ae98e94a1718238be3e376798ac5ff93ee6e9c13caed33602651a	2011-11-17 11:10:04	258	1032	1	0	0	0	1	2	2757274328	67.8289	2757274328	67.8289	0	0	0	0	0	0	6.1355736377463
153671	af2396502b9785c58e0e678d46aef2b1ea1914f2f90c15f989664f63b69dbd45	2011-11-17 11:10:04	258	1032	1	0	0	0	1	2	4815611866	118.4641	4815611866	118.4641	0	0	0	0	0	0	0
153671	bfb2756ea8277cd44daa0e965c6ae0b25cd9d9d141a67f84f7547ea3e348b3f5	2011-11-17 11:10:04	258	1032	1	0	0	0	1	2	4721327485	116.1447	4721327485	116.1447	0	0	0	0	0	0	0
153671	fd66cba6663b84d1f0bce693753e87dd97097d2adaae9334261a30db4c9c9a54	2011-11-17 11:10:04	258	1032	1	0	0	0	1	2	4689636442	115.3651	4689636442	115.3651	0	0	0	0	0	0	0
153671	cee7f4eaa6af33baeebacd3bbb6aaff63b680b004117e0081d7366b81b84a8ad	2011-11-17 11:10:04	258	1032	1	0	0	0	1	2	4631364071	113.9316	4631364071	113.9316	0	0	0	0	0	0	0
153671	b75c17d6310fcc8f68df2e32dc5d4bf09ad84682f1c2229c6e9700cdc680027a	2011-11-17 11:10:04	258	1032	1	0	0	0	1	2	4587214490	112.8455	4587214490	112.8455	0	0	0	0	0	0	0
153671	c937719194f1558ea108572e2271f09fe3834b89ffa599dd00afe80b36af913c	2011-11-17 11:10:04	257	1028	1	0	0	0	1	2	4471841702	110.0073	4471841702	110.0073	0	0	0	0	0	0	0
153671	6bc24885bcc5e2e285a74ae8e68f1fe594421a5b13e78cc7b091d88820ad6dcf	2011-11-17 11:10:04	258	1032	1	0	0	0	1	2	4235474984	104.1927	4235474984	104.1927	0	0	0	0	0	0	0
153671	c2f53e27fb65facd5c52b595f403bf699ab4fd3a2cac98a4ce29f27e790e5c4b	2011-11-17 11:10:04	439	1756	1	0	0	0	2	2	670000000	16.482	670000000	16.482	0	0	0	0	0	0	8.5182638888889
153671	49bc3f85fa145a2f8b1abb0382f4c249af9ef3a40b6985f49928f49c78594bed	2011-11-17 11:10:04	258	1032	1	0	0	0	1	2	3771746129	92.785	3771746129	92.785	0	0	0	0	0	0	0
153671	cb70c04fb1d98531be87492bc75d7f6c303e974789e3660c7a655b33f8b9efe7	2011-11-17 11:10:04	797	3188	1	0	0	0	4	2	11513933470	283.2428	11513933470	283.2428	0	0	0	0	0	0	3.2282122323324
153671	697dccb68f6ed2809cbdd18dfe36c92d24d1b4c99c5a45b3697eca0eb8e295d4	2011-11-17 11:10:04	258	1032	1	0	0	0	1	2	3408624398	83.8522	3408624398	83.8522	0	0	0	0	0	0	0
153671	c4a7e35b7a34b30486296831076d560ac0f8907aefe49a8021a03fa1bab6a136	2011-11-17 11:10:04	2569	10276	1	0	0	0	1	70	5000000000	123	4999850000	122.9963	150000	0.0037	58388.5	0.0014	14597.1	0.0004	36.745949074074
153671	3dc4c2f27f32e425a6c7c7215aa19414ffb6a36a978f5916e6c6097d10c048f0	2011-11-17 11:10:04	258	1032	1	0	0	0	1	2	72000000	1.7712	72000000	1.7712	0	0	0	0	0	0	2.6023916666667
153671	c2d3cb632a5a29579683e38c3bc89b249f1809c6f92a027327ce9d80d103751b	2011-11-17 11:10:04	257	1028	1	0	0	0	1	2	9240923467	227.3267	9240923467	227.3267	0	0	0	0	0	0	0
153671	ca7230701dedfdbdae60b4d81ecba960296c186946d637e84abce058920e8ed4	2011-11-17 11:10:04	258	1032	1	0	0	0	1	2	8833000000	217.2918	8833000000	217.2918	0	0	0	0	0	0	0
153671	75fa8b0e730fb49360f56a0f37b455ba0c11269b6d5731dc9c69ce3b9b89214b	2011-11-17 11:10:04	258	1032	1	0	0	0	1	2	530798605	13.0576	530798605	13.0576	0	0	0	0	0	0	2.6826217460567
153671	56b24bf2aeb968cc2f2817bac067bb50c8a8f3a0bbcd369b9deff227485c62ac	2011-11-17 11:10:04	259	1036	1	0	0	0	1	2	8723500830	214.5981	8723500830	214.5981	0	0	0	0	0	0	0
153671	6ad202987639ba3ace4894f12a4db63cc052b74b1cd4a585699db3ee5ba59a24	2011-11-17 11:10:04	259	1036	1	0	0	0	1	2	100000000	2.46	100000000	2.46	0	0	0	0	0	0	2.3297453703704
153671	64b8e6a70feeab3f5f73b9bbe00c3335e62db0e9b2bb84ba4b7d80131dc62e4d	2011-11-17 11:10:04	259	1036	1	0	0	0	1	2	7849250000	193.0916	7849250000	193.0916	0	0	0	0	0	0	0
153671	9ad30ba618b8eff345634ac5317200f636d1547b1b71178b1a84c2e900e8d5b7	2011-11-17 11:10:04	257	1028	1	0	0	0	1	2	7594100000	186.8149	7594100000	186.8149	0	0	0	0	0	0	0
153671	9a57836dd484856cc7530b779f7f073d1ebfcf9f763d572bf959694e58feee5b	2011-11-17 11:10:04	436	1744	1	0	0	0	2	2	701242031	17.2506	701242031	17.2506	0	0	0	0	0	0	3.5355464642685
153671	a8afb488209b73dd31e4a0b1064e7ddc82d572d911f924a9db3f184aa9a9d05f	2011-11-17 11:10:04	258	1032	1	0	0	0	1	2	416295059	10.2409	416295059	10.2409	0	0	0	0	0	0	2.0637442091537
153671	28a4ae87e5c050f5a5459760910b39304918cbcd611ab171f7a49da54a2caf54	2011-11-17 11:10:04	259	1036	1	0	0	0	1	2	5381352319	132.3813	5381352319	132.3813	0	0	0	0	0	0	0
153671	a093e771759ec0d14d308b6f4b91fa57c1049c7fe49de813d64b3ce2a949601c	2011-11-17 11:10:04	798	3192	1	0	0	0	4	2	4806423200	118.238	4806423200	118.238	0	0	0	0	0	0	0
153671	4f4716bf83830eb1f7c053b2156fc544be900166422138f5b0bd727f95f4fa0a	2011-11-17 11:10:04	257	1028	1	0	0	0	1	2	1800000000	44.28	1800000000	44.28	0	0	0	0	0	0	0
153671	e280684dea00a3d7e92c02a64fb144d85210d257b870a5022bdfd10f58876d0b	2011-11-17 11:10:04	257	1028	1	0	0	0	1	2	1012488772	24.9072	1012488772	24.9072	0	0	0	0	0	0	0
153671	6c8d774d6f1406b0b6128d0e1e4572397464467f048bd830a25ca7ed98113d61	2011-11-17 11:10:04	257	1028	1	0	0	0	1	2	4000000000	98.4	3999950000	98.3988	50000	0.0012	194553	0.0048	48638.1	0.0012	0
153671	679e88ece1550e9c7559f2b8e422579f2b48861e142c0309639d1d2c80d5e86d	2011-11-17 11:10:04	619	2476	1	0	0	0	3	2	3734800000	91.8761	3734800000	91.8761	0	0	0	0	0	0	0
153671	4566527b21edb151849be5363714c2fa327eec03ddcb669109484f74d2a90584	2011-11-17 11:10:04	258	1032	1	0	0	0	1	2	4978200000	122.4637	4978200000	122.4637	0	0	0	0	0	0	0
153671	8f48f59147d1efcb1df41aa5a4e131c9028831b284c8296fda3210650028b859	2011-11-17 11:10:04	258	1032	1	0	0	0	1	2	113909774	2.8022	113859774	2.801	50000	0.0012	193798	0.0048	48449.6	0.0012	1.0715033636924
153671	580b1260ccb3b9ac1991556c6fc30894a163beba2ac1be7b21405435a461a0c6	2011-11-17 11:10:04	619	2476	1	0	0	0	3	2	102449030	2.5202	101449030	2.4956	1000000	0.0246	1615510	0.0397	403877	0.0099	1.8065132304637
153671	f1ac8830bbdc1e641b14ae2f866afed0293c6b0e3b407dfe91fb99166b87a48b	2011-11-17 11:10:04	258	1032	1	0	0	0	1	2	179001368	4.4034	178951368	4.4022	50000	0.0012	193798	0.0048	48449.6	0.0012	0.68393439356667
153671	e87cfe06f80ac2f9f7d6bec1781b11584952f777f141380f2c613aeb0d801f75	2011-11-17 11:10:04	1156	4624	1	0	0	0	6	2	153028451	3.7645	152928451	3.762	100000	0.0025	86505.2	0.0021	21626.3	0.0005	2.9162446616744
153671	facad067ced2c158bd4b7c10c5a12c79869421a12056984ce5b0ee08ef9dc1d2	2011-11-17 11:10:04	259	1036	1	0	0	0	1	2	155120395	3.816	155070395	3.8147	50000	0.0012	193050	0.0047	48262.5	0.0012	0.70836518341725
153671	877720c2cd39406d42ae0199297006f3a6dd6ef60b83faf938c8cbb5b06d2787	2011-11-17 11:10:04	258	1032	1	0	0	0	1	2	175418400	4.3153	175318400	4.3128	100000	0.0025	387597	0.0095	96899.2	0.0024	0.66189991416667
153671	21951e105000f428596fc263ab196f2537046150869d4744079cfaad7dd7c7f3	2011-11-17 11:10:04	439	1756	1	0	0	0	2	2	4608205	0.1134	4558205	0.1121	50000	0.0012	113895	0.0028	28473.8	0.0007	1.1070093829730001
153671	a0734a2ec7a8935c2e5486daf2aa8e9fe183e3f13aceee8cdfaca579da1d6c14	2011-11-17 11:10:04	257	1028	1	0	0	0	1	2	170148018	4.1856	170098018	4.1844	50000	0.0012	194553	0.0048	48638.1	0.0012	0.64201337208542
153671	60dd0e22ade6843881bc4f3bbafc99da05b1c9013e569263bfb6d1bf6f4d4752	2011-11-17 11:10:04	256	1024	1	0	0	0	1	2	123863668	3.047	123813668	3.0458	50000	0.0012	195312	0.0048	48828.1	0.0012	0.61404266525185
153671	1e24059839b8a7275c8f8bdbf3d3a8d35a56366c694a97e23e75ec5853665aa2	2011-11-17 11:10:04	437	1748	1	0	0	0	2	2	344686416	8.4793	344636416	8.4781	50000	0.0012	114416	0.0028	28604.1	0.0007	1.0225022555528
153671	755d84dd3ac8affcc5eaf80c750ecc964a3070864490afb2b78bc1df3f129dc0	2011-11-17 11:10:04	438	1752	1	0	0	0	2	2	402632475	9.9048	402582475	9.9035	50000	0.0012	114155	0.0028	28538.8	0.0007	0.83620260623553
153671	036ee8138675aff98b8e770e040f4c86151d8b03d18ef31072333abdc36f511c	2011-11-17 11:10:04	259	1036	1	0	0	0	1	2	114103491	2.8069	114053491	2.8057	50000	0.0012	193050	0.0047	48262.5	0.0012	0.51392793428993
153671	f6cb3cabf5f792547e5ce45cd0dae23667f5d8252f7c4cd0b1d6c1c9c4bcf54d	2011-11-17 11:10:04	2693	10772	1	0	0	0	3	63	3869778528	95.1966	3869628528	95.1929	150000	0.0037	55700	0.0014	13925	0.0003	1.32245408845
153671	429220ea82792e3f66e2cf2f7a98324ae41f3310682b6359606693991104bdfc	2011-11-17 11:10:04	259	1036	1	0	0	0	1	2	82054093	2.0185	82004093	2.0173	50000	0.0012	193050	0.0047	48262.5	0.0012	0.41469606770116
153671	b5b462139d6e4fa00516ecf5056d07a95c61f090d2b980e6a6d41b0bfb52c2e8	2011-11-17 11:10:04	257	1028	1	0	0	0	1	2	115245271	2.835	115195271	2.8338	50000	0.0012	194553	0.0048	48638.1	0.0012	0.39558206042211
153671	17d73ceeaee1fb6ef2580d00541914138a822e740197274f2f2d96df005bd7bf	2011-11-17 11:10:04	258	1032	1	0	0	0	1	2	81459796	2.0039	81409796	2.0027	50000	0.0012	193798	0.0048	48449.6	0.0012	0.36689906959954
153671	7618526641970d5680d02046e5b4c5e589c1a55530de2eef00cb5a0bb0aea694	2011-11-17 11:10:04	258	1032	1	0	0	0	1	2	3861700000	94.9978	3861650000	94.9966	50000	0.0012	193798	0.0048	48449.6	0.0012	0
153671	92d4097e647a461aa4400a68657d5a72aae4be4ddbc8589c54b850fb9ce72f29	2011-11-17 11:10:04	259	1036	1	0	0	0	1	2	73922104	1.8185	73872104	1.8173	50000	0.0012	193050	0.0047	48262.5	0.0012	0.25373933313981
153671	727ec36bdb954a4261d0c0d020dc90c1798d87d5d005e330b1c4c0a8f9ad5dff	2011-11-17 11:10:04	258	1032	1	0	0	0	1	2	290339368	7.1423	290289368	7.1411	50000	0.0012	193798	0.0048	48449.6	0.0012	0
153671	ff0702fc6f066d602b1fb2332cb6b6c00c798d35819b89c37a34689ca3ddd7ea	2011-11-17 11:10:04	259	1036	1	0	0	0	1	2	47420618	1.1665	47370618	1.1653	50000	0.0012	193050	0.0047	48262.5	0.0012	0.23966072981343
153671	940d220a521e01be7804b382e280252d1b47930180f52bc8420c1378ea1c3de2	2011-11-17 11:10:04	258	1032	1	0	0	0	1	2	1222807927	30.0811	1222757927	30.0798	50000	0.0012	193798	0.0048	48449.6	0.0012	0
153671	64a56274effcd321321244a0122839ca91a11bf5b7179b1cc574d8de21ee1e07	2011-11-17 11:10:04	438	1752	1	0	0	0	2	2	11750000	0.2891	11600000	0.2854	150000	0.0037	342466	0.0084	85616.4	0.0021	0.19273905092593
153671	8148724c50a453936475ce00a390cd9b25fb4014b3ef6526fe59ee878fd03fdf	2011-11-17 11:10:04	258	1032	1	0	0	0	1	2	18000000	0.4428	17950000	0.4416	50000	0.0012	193798	0.0048	48449.6	0.0012	0.10632708333333
153671	4922d370085b5b8ffcea41a6bcd8744fcc055e8ad4e59bca308b3c43a15e90c7	2011-11-17 11:10:04	259	1036	1	0	0	0	1	2	277126034	6.8173	277076034	6.8161	50000	0.0012	193050	0.0047	48262.5	0.0012	0
153671	c4f59dde3c9570c3ada4fc95e4e5e51a280622b0f02b85eb854a43d60a872294	2011-11-17 11:10:04	496	1984	1	0	0	0	1	9	579366937	14.2524	579316937	14.2512	50000	0.0012	100806	0.0025	25201.6	0.0006	0
153671	8ade2022a16e0ea45206f94090040e6f1e7267f08de0b4b18163617e3f677951	2011-11-17 11:10:04	259	1036	1	0	0	0	1	2	30000000	0.738	29950000	0.7368	50000	0.0012	193050	0.0047	48262.5	0.0012	0.066756944444444
153671	3168210edfb8643f9c66a178fc93c021b0d77a66a69d8e0da429a551762a7f70	2011-11-17 11:10:04	259	1036	1	0	0	0	1	2	231181733	5.6871	231131733	5.6858	50000	0.0012	193050	0.0047	48262.5	0.0012	0
153671	9a6da64a22672da5e46863165a427213781ecca6b68c1f80f3c3736856354b21	2011-11-17 11:10:04	978	3912	1	0	0	0	5	2	249674447	6.142	249624447	6.1408	50000	0.0012	51124.7	0.0013	12781.2	0.0003	0
153671	bf0e17adaebdd50cf71524cd991a077787e74f6e0bb54780a993832d6e0e0c1b	2011-11-17 11:10:04	618	2472	1	0	0	0	3	2	3000000	0.0738	2950000	0.0726	50000	0.0012	80906.1	0.002	20226.5	0.0005	0.020440046296296
153671	02001aabd24995f5b5f093f3ba2c6ad33fb057acb3dba7b15331fed35a4e4de5	2011-11-17 11:10:04	257	1028	1	0	0	0	1	2	3353003298	82.4839	3352953298	82.4827	50000	0.0012	194553	0.0048	48638.1	0.0012	0
153671	2bebd275568f5f601f856ce3b406529f3debc9e276de3a72fd150b47979bec24	2011-11-17 11:10:04	258	1032	1	0	0	0	1	2	971420899	23.897	971370899	23.8957	50000	0.0012	193798	0.0048	48449.6	0.0012	0
153671	1ba959c0c68f9db5420ec028e550cd11f770e19f0436dfe505a3c5e342e7da0c	2011-11-17 11:10:04	259	1036	1	0	0	0	1	2	2736039451	67.3066	2735989451	67.3053	50000	0.0012	193050	0.0047	48262.5	0.0012	0
153671	c5450a255e26e993c9a7e1bd41c1278c2b27ad8fe728e73512073fcd80fc7513	2011-11-17 11:10:04	258	1032	1	0	0	0	1	2	618746880	15.2212	618696880	15.2199	50000	0.0012	193798	0.0048	48449.6	0.0012	0
153671	456da944983735f97a265a100080d040319e883dcba8233e1509b648a0f6c309	2011-11-17 11:10:04	258	1032	1	0	0	0	1	2	2393627147	58.8832	2393577147	58.882	50000	0.0012	193798	0.0048	48449.6	0.0012	0
153671	5c7bf362a8575ab9e4146dcd2e71a53cfc8903fc6917f01fc84eeb84656d54ea	2011-11-17 11:10:04	259	1036	1	0	0	0	1	2	604880380	14.8801	604830380	14.8788	50000	0.0012	193050	0.0047	48262.5	0.0012	0
153671	fec11cbe6778b82a259c2142bd09e3feece52cf773be623e2764a1339652e350	2011-11-17 11:10:04	258	1032	1	0	0	0	1	2	2276309647	55.9972	2276259647	55.996	50000	0.0012	193798	0.0048	48449.6	0.0012	0
153671	b6626a87ee997fb5e2a36c296136552f5501e8c86cd564231c279ae1afdc312d	2011-11-17 11:10:04	257	1028	1	0	0	0	1	2	499830380	12.2958	499780380	12.2946	50000	0.0012	194553	0.0048	48638.1	0.0012	0
153671	754bfb1babf77aae01833487f0d7f584205fd65845de120a544d1ef57450e171	2011-11-17 11:10:04	259	1036	1	0	0	0	1	2	2153641662	52.9796	2153591662	52.9784	50000	0.0012	193050	0.0047	48262.5	0.0012	0
153671	270cc3390ba045ebd4fd7773d9497365d7e8a828b3586e50ebd0cca2992e3619	2011-11-17 11:10:04	257	1028	1	0	0	0	1	2	463982769	11.414	463932769	11.4127	50000	0.0012	194553	0.0048	48638.1	0.0012	0
153671	bfbe5be3ca4acf0056cab32bf59dc2893bf4783c2aed83e7116f921e43648ff3	2011-11-17 11:10:04	259	1036	1	0	0	0	1	2	2026639962	49.8553	2026589962	49.8541	50000	0.0012	193050	0.0047	48262.5	0.0012	0
153671	950bb9cc375a545888f8908e95ce803da8f1b449410d5c20d0c569e3c31a8b87	2011-11-17 11:10:04	258	1032	1	0	0	0	1	2	417648472	10.2742	417598472	10.2729	50000	0.0012	193798	0.0048	48449.6	0.0012	0
153671	f828140f4b787ee68c06346e4fedd09806d4e933bcd918894e220fdeee760fc0	2011-11-17 11:10:04	258	1032	1	0	0	0	1	2	344706172	8.4798	344656172	8.4785	50000	0.0012	193798	0.0048	48449.6	0.0012	0
153671	1c3cfb0c1c6404185815fd28b8c04f6d4b863814bf8b01a463c1eab83cd1b42a	2011-11-17 11:10:04	257	1028	1	0	0	0	1	2	335339472	8.2494	335289472	8.2481	50000	0.0012	194553	0.0048	48638.1	0.0012	0
153671	e5256b902dbd5c3072fb198187d58002e307dceff564cdaecaa56b9e7ba0f031	2011-11-17 11:10:04	258	1032	1	0	0	0	1	2	278248812	6.8449	278198812	6.8437	50000	0.0012	193798	0.0048	48449.6	0.0012	0
153671	6a8f7249b90f9b90111031ce9c7e2b16875a7898aa95b5e29ed2835926b1cfd6	2011-11-17 11:10:04	258	1032	1	0	0	0	1	2	251940112	6.1977	251890112	6.1965	50000	0.0012	193798	0.0048	48449.6	0.0012	0
153672	dbd13867ab56402b30ea2e962f2e32ee0fec5368574b0567081895da4b226247	2011-11-17 11:10:52	135	540	1	0	1	0	1	1	0	0	5000100000	123.0025	0	0	0	0	0	0	0
153672	bf10bf5393493464dcd5796d96ddce698a8711c42023265236e6121358c7c82e	2011-11-17 11:10:52	980	3920	1	0	0	0	5	2	18101100000	445.2871	18101000000	445.2846	100000	0.0025	102041	0.0025	25510.2	0.0006	2539.0184063194
153672	7735253f7aac434503838e2f53f6e1e76176893b7e3bc07c4b48bdcc918890f0	2011-11-17 11:10:52	259	1036	1	0	0	0	1	2	9336593387	229.6802	9336593387	229.6802	0	0	0	0	0	0	0
153672	2760536081a7088c70b21ceebefa1e644b8f9557f60ddcacd9c99c8ea9e418be	2011-11-17 11:10:52	799	3196	1	0	0	0	4	2	8403345800	206.7223	8403345800	206.7223	0	0	0	0	0	0	0
153672	409ef408c9d5d53614711616fd18ff68ea361b136ef104d6f0e5ccd002a797f9	2011-11-17 11:10:52	257	1028	1	0	0	0	1	2	4741543902	116.642	4741543902	116.642	0	0	0	0	0	0	0
153672	61c6161c259ad41554861a8ce7c2ab3ac03b9bf3e907f933bcf1bb4e0f17643f	2011-11-17 11:10:52	258	1032	1	0	0	0	1	2	4742050000	116.6544	4742050000	116.6544	0	0	0	0	0	0	0
153672	ea68da2d33f6ce2684e350bf21fe61aa7b2a8eaf53296a5832a7fba54d64df90	2011-11-17 11:10:52	258	1032	1	0	0	0	1	2	4626300000	113.807	4626300000	113.807	0	0	0	0	0	0	0
153672	92f05140842854a9da6b29a13dc8650a30521a6a1a9c098acc37449e075aceab	2011-11-17 11:10:52	259	1036	1	0	0	0	1	2	4631796433	113.9422	4631796433	113.9422	0	0	0	0	0	0	0
153672	21e482888835e513e2604112611d4e11287faa0daf252f91e245ca3fe4398ebd	2011-11-17 11:10:52	258	1032	1	0	0	0	1	2	4276780466	105.2088	4276780466	105.2088	0	0	0	0	0	0	0
153672	46047261360572c9daec3297b29fbf9af3ace247c207507208d9b3e5af7e3a0c	2011-11-17 11:10:52	259	1036	1	0	0	0	1	2	4048000000	99.5808	4048000000	99.5808	0	0	0	0	0	0	0
153672	2f2d3190d4cb4f26b61e308d077aa796b00ba45cd97a40db024b370673edf9a1	2011-11-17 11:10:52	258	1032	1	0	0	0	1	2	4019077968	98.8693	4019077968	98.8693	0	0	0	0	0	0	0
153672	5c6a416e3e3686b6a29f0a5181984fd097682ba141230321327ae88b30bb90c1	2011-11-17 11:10:52	258	1032	1	0	0	0	1	2	5058678770	124.4435	5058678770	124.4435	0	0	0	0	0	0	0
153672	f7a83f4b474f694d7bcaf20de96ead18779d289081956f0f56c08f4d4234f445	2011-11-17 11:10:52	259	1036	1	0	0	0	1	2	3581046419	88.0937	3581046419	88.0937	0	0	0	0	0	0	0
153672	2e2c99a19267f56a8a60f7230ba71a3d3d70bc9d0bc0fbcff0304bb411056559	2011-11-17 11:10:52	258	1032	1	0	0	0	1	2	3558300010	87.5342	3558300010	87.5342	0	0	0	0	0	0	0
153672	5653d02a728ea36e5d724c84453674fbab92fe34e7259d0bc712b665fb7a9bec	2011-11-17 11:10:52	259	1036	1	0	0	0	1	2	3022673657	74.3578	3022673657	74.3578	0	0	0	0	0	0	0
153672	a3f61fe4d96e01186ee31b7bbd35be6e8253e52eb1a97536beda5c45d71ae253	2011-11-17 11:10:52	259	1036	1	0	0	0	1	2	3009350000	74.03	3009350000	74.03	0	0	0	0	0	0	0
153672	270618cb5ab8bcb83a7b81c9c50e6fb9028ecaebb3feb3bbbd5c013efea9deb3	2011-11-17 11:10:52	258	1032	1	0	0	0	1	2	1000000000	24.6	1000000000	24.6	0	0	0	0	0	0	0
153672	859d3b98310f7bd8eff9cf2f1a08ea6ddbc1ca7ca3e9140a4c0db3f4ffe70058	2011-11-17 11:10:52	224	896	1	0	0	0	1	1	3500000000	86.1	3500000000	86.1	0	0	0	0	0	0	0
153672	4e7ef3313a78fe129931eb2a8bbd6e6fcf60c4f6b1dccd7fdb5024a8b80f36e3	2011-11-17 11:10:52	257	1028	1	0	0	0	1	2	1321100000	32.4991	1321100000	32.4991	0	0	0	0	0	0	0
153672	93e21478a54aed61f2a1814fb8c467e8287b5aa5c64aa863e3955cf4619994dd	2011-11-17 11:10:52	259	1036	1	0	0	0	1	2	25506267	0.6275	25506267	0.6275	0	0	0	0	0	0	0
153673	8753acf7a9c08397d1088c0ddde3b6da6497fbff5b7a1227a8f0e8cd3bc86e05	2011-11-17 11:21:13	136	544	1	0	1	0	1	1	0	0	5002400000	123.059	0	0	0	0	0	0	0
153673	0f49c5bcf5a6d9e38df482e24b424e7e7cb177ef2099bd1d5f4161d8063295e5	2011-11-17 11:21:13	1399	5596	1	0	0	0	11	2	55000000000	1353	55000000000	1353	0	0	0	0	0	0	304763.40972222
153673	c9a43408075a02fd591a703344a5356a122b8f4631c20076a32d25600191b040	2011-11-17 11:21:13	798	3192	1	0	0	0	4	2	952787670293	23438.5762	952787670293	23438.5762	0	0	0	0	0	0	1.4210583333333
153673	030ee203bdb23ec921e9307aadbeed83677e53d86a224ce55d435dc8b9170749	2011-11-17 11:21:13	978	3912	1	0	0	0	5	2	1001000000	24.6246	1001000000	24.6246	0	0	0	0	0	0	197.22057002315
153673	04a96d77fcefe7e1dc5b1b6ddf79f69eda4a408e25419bc7485dafe128e36638	2011-11-17 11:21:13	258	1032	1	0	0	0	1	2	6000000000	147.6	6000000000	147.6	0	0	0	0	0	0	44.950694444444
153673	46623e859a1da8f3b7f66d0e0e5df9706a462672e6624912fc56ae8fae1a5af9	2011-11-17 11:21:13	619	2476	1	0	0	0	3	2	2681950000	65.976	2681950000	65.976	0	0	0	0	0	0	35.724635827546
153673	5a7df6fb5da43867f49942f06757afc3f85ef0bf8498ae7690edad7dae3d456c	2011-11-17 11:21:13	257	1028	1	0	0	0	1	2	105200000	2.5879	105200000	2.5879	0	0	0	0	0	0	9.9690758796296
153673	68fe3c1e55a6de90a536875ead2bcff7c5f1ec0e9039e3cdfb46359849e68eca	2011-11-17 11:21:13	257	1028	1	0	0	0	1	2	300000000	7.38	300000000	7.38	0	0	0	0	0	0	8.4615972222222
153673	6c4837286bf39d600ed14282f79ebcb4be3eb6c0c6c1e6b7f565dc1ea9fe2279	2011-11-17 11:21:13	224	896	1	0	0	0	1	1	126000000	3.0996	126000000	3.0996	0	0	0	0	0	0	2.0554333333333
153673	a66e0fe312b406a774b289d6d7e88902b3acfd5745113f8798b32d8a29a4d104	2011-11-17 11:21:13	258	1032	1	0	0	0	1	2	5144622019	126.5577	5144622019	126.5577	0	0	0	0	0	0	0
153673	c87ff8d2256902a8a53ca9331fbf3f39114cf21ca59ae920d0f462abc1ae48e3	2011-11-17 11:21:13	980	3920	1	0	0	0	5	2	9101705515	223.902	9101705515	223.902	0	0	0	0	0	0	0.0079313331076389
153673	d94e5c896c8105dcedd734404089f419a4cc244fde70ad364ccbd0689fac5d64	2011-11-17 11:21:13	7607	30428	1	0	0	0	42	1	127000000	3.1242	127000000	3.1242	0	0	0	0	0	0	65.928613993056
153673	4fcbe403a04d93a162132f24c3a701bcb31566205be30cae6a16b33c3a7744db	2011-11-17 11:21:13	439	1756	1	0	0	0	2	2	3195000000	78.597	3194000000	78.5724	1000000	0.0246	2277900	0.056	569476	0.014	0
153673	1002efa9c36bd6df56051070c56850040be9fa241191ae5ef8894041564aa9c8	2011-11-17 11:21:13	257	1028	1	0	0	0	1	2	113000000	2.7798	112000000	2.7552	1000000	0.0246	3891050	0.0957	972763	0.0239	0.81604571759259
153673	3db42060dd3f25929c2c8ca0a2b894b3cb86f39fedda0162c9f9fc8de53184d8	2011-11-17 11:21:13	259	1036	1	0	0	0	1	2	1839223650	45.2449	1839173650	45.2437	50000	0.0012	193050	0.0047	48262.5	0.0012	0
153673	62af2694569c5d97ac03937478b105cd35fa62d7a3aaf096467882d22050c284	2011-11-17 11:21:13	259	1036	1	0	0	0	1	2	1240478354	30.5158	1240428354	30.5145	50000	0.0012	193050	0.0047	48262.5	0.0012	0
153673	78d1221a8621d2d929aed00dcd70e69794106e00aed9a9809cab43ad5090bbca	2011-11-17 11:21:13	438	1752	1	0	0	0	2	2	20000000	0.492	19950000	0.4908	50000	0.0012	114155	0.0028	28538.8	0.0007	0.54949884259259
153673	d0d8b93cd2068b8f8ae8465b683c1b2ac0bd7591cded6835bb70c6bf502febca	2011-11-17 11:21:13	259	1036	1	0	0	0	1	2	38500000	0.9471	38450000	0.9459	50000	0.0012	193050	0.0047	48262.5	0.0012	0.21513657407407
153673	0f38493b59f66368461017b95b25bd10dfad62411812b2340777b8c1f97119e8	2011-11-17 11:21:13	439	1756	1	0	0	0	2	2	54431290	1.339	54381290	1.3378	50000	0.0012	113895	0.0028	28473.8	0.0007	0
153673	fa0795c0b4a1e3995a079ba4a739d92fe96cb4f4e4b2721041d059c46e4bf116	2011-11-17 11:21:13	257	1028	1	0	0	0	1	2	100000000	2.46	99950000	2.4588	50000	0.0012	194553	0.0048	48638.1	0.0012	0
153673	a05cdb0b18180bc5792ec3a0e2fdc4fb307ce0a8f9b936fae1cd743b1d4d4b1e	2011-11-17 11:21:13	617	2468	1	0	0	0	3	2	19500000	0.4797	19450000	0.4785	50000	0.0012	81037.3	0.002	20259.3	0.0005	0.0035691261574074
153673	8aa66bbddd457757f4962a2086abe9ecb393bc2ae91df82063778a8d14a9504b	2011-11-17 11:21:13	258	1032	1	0	0	0	1	2	99450000	2.4465	99400000	2.4452	50000	0.0012	193798	0.0048	48449.6	0.0012	0
153674	15e6d4de8d805c1035fe92ec2cee02d4b170be2473073c72eea48f6ad751b9d6	2011-11-17 11:41:01	135	540	1	0	1	0	1	1	0	0	5001500010	123.0369	0	0	0	0	0	0	0
153674	4a719d29fe0a0142d93011746bd45efcac71ff160a3900c2bd044881f4726303	2011-11-17 11:41:01	2054	8216	1	0	0	0	11	2	9003100000	221.4763	9003100000	221.4763	0	0	0	0	0	0	1656.7002836806
153674	b165cc6675887e698f9d44c820d5b762dfaf65ec1ab410e7b91f8483247275cd	2011-11-17 11:41:01	158	632	1	0	0	0	1	1	5000200000	123.0049	5000200000	123.0049	0	0	0	0	0	0	37.596411203704
153674	f27b683e907154e31fe65265b5409ec68db8e0b881ba905b4ffa2987d1f1cae8	2011-11-17 11:41:01	193	772	1	0	0	0	1	2	5002550000	123.0627	5002550000	123.0627	0	0	0	0	0	0	45.35124234375
153674	c6c7f614260011594dad9e450d4868a152f966646c709afd534e5fa1aff48ec7	2011-11-17 11:41:01	258	1032	1	0	0	0	1	2	45000010000	1107.0002	45000009990	1107.0002	10	0	38.7597	0	9.68992	0	0
153674	704570ea54954f807617db3111e64f2bd74222c9c0a9ad6255ff8b72206205b4	2011-11-17 11:41:01	800	3200	1	0	0	0	4	2	135804024820	3340.7791	135804024820	3340.7791	0	0	0	0	0	0	10.487266731481
153674	b181015d7fe08b0a9dc849349792607d476f5bf0a20b869e953de1da554bfb96	2011-11-17 11:41:01	225	900	1	0	0	0	1	1	4571000000	112.4466	4571000000	112.4466	0	0	0	0	0	0	26.293301967593
153674	889adf84cd9d166bcc2670afb80d6f6ac90cf11aa169abeb5ad685ea30854aac	2011-11-17 11:41:01	259	1036	1	0	0	0	1	2	13582391055	334.1268	13582391055	334.1268	0	0	0	0	0	0	0
153674	c8b6aa6e86fdec24e179438e8386830a40597d6bb3d386d0d10c4434eb74b4c3	2011-11-17 11:41:01	799	3196	1	0	0	0	4	2	101360006	2.4935	101360006	2.4935	0	0	0	0	0	0	25.527443582227
153674	57ab2b7e6604f0dd5d3f53ce24b295f7dbb05dfc439bffecaade35f5edab4d77	2011-11-17 11:41:01	258	1032	1	0	0	0	1	2	3097826000	76.2065	3097826000	76.2065	0	0	0	0	0	0	0
153674	da9a640f75b271d3ac53566f7df46fab3d7fabb1bba5a5cad60c28235143700e	2011-11-17 11:41:01	437	1748	1	0	0	0	2	2	503127302	12.3769	503027302	12.3745	100000	0.0025	228833	0.0056	57208.2	0.0014	2.8883498713815
153674	960e358256078136146df5c66c541a6acd9a0803285be167bbf3b4f947ed3a09	2011-11-17 11:41:01	258	1032	1	0	0	0	1	2	423864000	10.4271	423864000	10.4271	0	0	0	0	0	0	1.3557270416667
153674	f1f410c5e806e9d4390b3c672e8d1df571f3dd0c077e9e7c4720545090704133	2011-11-17 11:41:01	259	1036	1	0	0	0	1	2	2385728946	58.6889	2385728946	58.6889	0	0	0	0	0	0	0
153674	12838b6f1eae177ea57bd6d175db4570d28b646c2dffa3b11f40a3dcf8cbb6c1	2011-11-17 11:41:01	257	1028	1	0	0	0	1	2	4327996553	106.4687	4327946553	106.4675	50000	0.0012	194553	0.0048	48638.1	0.0012	0
153674	41d48e51fff6fbb48e2a67fab793f82d25b972def01c229a32cd4341300439ab	2011-11-17 11:41:01	257	1028	1	0	0	0	1	2	4252495252	104.6114	4252445252	104.6102	50000	0.0012	194553	0.0048	48638.1	0.0012	0
153674	9c6234e6cc6335f3eaa765a688fa6c1616140259a6ddc097fdf27dd2976c37f7	2011-11-17 11:41:01	258	1032	1	0	0	0	1	2	4217750362	103.7567	4217700362	103.7554	50000	0.0012	193798	0.0048	48449.6	0.0012	0
153674	0d3b6be1e641dbde456b4e1e646d47628b97ad66d7fed6eb288b347fcb629ae1	2011-11-17 11:41:01	258	1032	1	0	0	0	1	2	3954246857	97.2745	3954196857	97.2732	50000	0.0012	193798	0.0048	48449.6	0.0012	0
153674	0a06fd1a1c0714f610537db00eb5a21bfcbdf6ca9931eced9100722efd304fa8	2011-11-17 11:41:01	258	1032	1	0	0	0	1	2	3871720578	95.2443	3871670578	95.2431	50000	0.0012	193798	0.0048	48449.6	0.0012	0
153674	d72e573d7bc1c2f88277c50aafa2dd32afe5c893e0b4231c754f7966e280165c	2011-11-17 11:41:01	259	1036	1	0	0	0	1	2	3830190465	94.2227	3830140465	94.2215	50000	0.0012	193050	0.0047	48262.5	0.0012	0
153674	9ddac0d1aded53e4d3e990094d5b84a1d6fceb6071222d188e50401bac3f20a1	2011-11-17 11:41:01	258	1032	1	0	0	0	1	2	3777282802	92.9212	3777232802	92.9199	50000	0.0012	193798	0.0048	48449.6	0.0012	0
153674	5d142034c093135206a642e686e822ce2c2e9d69cb38ddb42b0f0a33146cc7df	2011-11-17 11:41:01	259	1036	1	0	0	0	1	2	3770922356	92.7647	3770872356	92.7635	50000	0.0012	193050	0.0047	48262.5	0.0012	0
153674	57e5b70b1c12a71a11548aaa36ee116afc4fc80991c37dcd53f7de73ac0084ab	2011-11-17 11:41:01	258	1032	1	0	0	0	1	2	3748089240	92.203	3748039240	92.2018	50000	0.0012	193798	0.0048	48449.6	0.0012	0
153674	5c847029e255bdbd143c9ed2c44927f2d9b02675d4f6d509c46bae853eddba67	2011-11-17 11:41:01	257	1028	1	0	0	0	1	2	3537444271	87.0211	3537394271	87.0199	50000	0.0012	194553	0.0048	48638.1	0.0012	0
153674	319a93e23f1cdc474715f765997c99084bd8e257ba91461391d8f93cbcfada02	2011-11-17 11:41:01	258	1032	1	0	0	0	1	2	4601300000	113.192	4601300000	113.192	0	0	0	0	0	0	0
153674	2a759e20327b7f9566644ce60a7689a8cb5db20e72180624f82501e758ee197b	2011-11-17 11:41:01	259	1036	1	0	0	0	1	2	2985366314	73.44	2985316314	73.4388	50000	0.0012	193050	0.0047	48262.5	0.0012	0
153674	f079fd7abacec5ffb3af528c8a1669bec84ff6d1bdb72768ec80866cf1c23b45	2011-11-17 11:41:01	258	1032	1	0	0	0	1	2	2924387166	71.9399	2924337166	71.9387	50000	0.0012	193798	0.0048	48449.6	0.0012	0
153674	8793ee9fbcebb91705b25e28341443231be16b24932b15f8b144cba2a2eb271a	2011-11-17 11:41:01	258	1032	1	0	0	0	1	2	4275780466	105.1842	4275780466	105.1842	0	0	0	0	0	0	0
153674	4b3ffe9b42d66e9f26f86c2fa70c1e68c43a980ef61d40df6f803b071a4048d9	2011-11-17 11:41:01	258	1032	1	0	0	0	1	2	2755053080	67.7743	2755003080	67.7731	50000	0.0012	193798	0.0048	48449.6	0.0012	0
153674	80fcecafbbce4957e91e23a2736c76cfca836785fb063362fe85ed98f3943437	2011-11-17 11:41:01	257	1028	1	0	0	0	1	2	3947000000	97.0962	3947000000	97.0962	0	0	0	0	0	0	0
153674	c65b4d2084283abf9732988b986627f44e39e1c78e51167f933ee9d5eccf7da7	2011-11-17 11:41:01	259	1036	1	0	0	0	1	2	2564417884	63.0847	2564367884	63.0835	50000	0.0012	193050	0.0047	48262.5	0.0012	0
153674	186b49bba2601c9d3fd37c621cbae454fda230675f00aba8a746cd9f18b84083	2011-11-17 11:41:01	258	1032	1	0	0	0	1	2	8800000	0.2165	8750000	0.2153	50000	0.0012	193798	0.0048	48449.6	0.0012	0.53921287037037
153674	ae0908d1d6357c87f3bef213acc35d868f7a999300fd71e6f54c0448110d0d07	2011-11-17 11:41:01	403	1612	1	0	0	0	2	1	200000000	4.92	200000000	4.92	0	0	0	0	0	0	0.8258912037037
153674	32c7162170379b3b9c5a840a302415ff29eeeab15dfed8e337ea21654356b796	2011-11-17 11:41:01	258	1032	1	0	0	0	1	2	3580046419	88.0691	3580046419	88.0691	0	0	0	0	0	0	0
153674	17df294772eca8f04fe18be873891a6bd9f9ccb4194e6a7ff13e919eff9fb75e	2011-11-17 11:41:01	257	1028	1	0	0	0	1	2	3557300010	87.5096	3557300010	87.5096	0	0	0	0	0	0	0
153674	700cb5d42a8e55770126fc5aa9f3cda4a7fee1c8e0119188626ed0fcaba7442d	2011-11-17 11:41:01	258	1032	1	0	0	0	1	2	3500000000	86.1	3500000000	86.1	0	0	0	0	0	0	0
153674	f38ac3641bce5a9c3fc51ffb21607dbd6ec92b9a3f7d667a220b067d8ed6cbfc	2011-11-17 11:41:01	619	2476	1	0	0	0	3	2	1292000000	31.7832	1291950000	31.782	50000	0.0012	80775.4	0.002	20193.9	0.0005	0
153674	647ab274b46ea3750f7bc7995ae815953c2f83361c055b58d755716919855c36	2011-11-17 11:41:01	798	3192	1	0	0	0	4	2	506721925	12.4654	506721925	12.4654	0	0	0	0	0	0	1.3199440031937
153674	ff11c73e0fc9e59a34179ddfc108c9451823986ca469f001217b6ca8b1ea0264	2011-11-17 11:41:01	258	1032	1	0	0	0	1	2	3011077968	74.0725	3011077968	74.0725	0	0	0	0	0	0	0
153674	fc3662541d12d7e122054678b01d34bafae8a2974f6e727eed02bc62aaf4608b	2011-11-17 11:41:01	259	1036	1	0	0	0	1	2	3014673657	74.161	3014673657	74.161	0	0	0	0	0	0	0
153674	df766db3196742e5851deb2705143b642205223f32be7a68b458d7a135762d1d	2011-11-17 11:41:01	259	1036	1	0	0	0	1	2	2959350000	72.8	2959350000	72.8	0	0	0	0	0	0	0
153674	8c28ca63790dc902e5f9c6ce2bd3834c35fb00163b236a7ed021874d1ace6153	2011-11-17 11:41:01	259	1036	1	0	0	0	1	2	1394644113	34.3082	1394594113	34.307	50000	0.0012	193050	0.0047	48262.5	0.0012	0
153674	239808e70317ebfcc3c2fe4620b3380a5fb8806e93603f3372ecaf11e326cfce	2011-11-17 11:41:01	223	892	1	0	0	0	1	1	25000000	0.615	24950000	0.6138	50000	0.0012	224215	0.0055	56053.8	0.0014	0.33928530092593
153674	e2805cc78b8afb3c52c43ac04195ce5236e7e3fda8076d474426822638a87484	2011-11-17 11:41:01	258	1032	1	0	0	0	1	2	5028575509	123.703	5028525509	123.7017	50000	0.0012	193798	0.0048	48449.6	0.0012	0
153674	a41f536c1fbcaffe75a9c192b5a93f49c8e09ac472dca0dfc86a68a56706d672	2011-11-17 11:41:01	437	1748	1	0	0	0	2	2	1400000000	34.44	1400000000	34.44	0	0	0	0	0	0	0
153674	97cf9bb46f309f48fd9445702b3ab81de63da355c1757bbaf4c27bb3f80d18e2	2011-11-17 11:41:01	258	1032	1	0	0	0	1	2	1259700000	30.9886	1259700000	30.9886	0	0	0	0	0	0	0
153674	527bd7e278c5d402e6b023a57c09d7a436a1fe31197800500aedb2fa7272a5b9	2011-11-17 11:41:01	979	3916	1	0	0	0	5	2	801598094	19.7193	801548094	19.7181	50000	0.0012	51072.5	0.0013	12768.1	0.0003	0.09209501375625
153674	e784cce6971872ff76748517a948e40d38b02d931243c8ca0d94ae3986941a80	2011-11-17 11:41:01	258	1032	1	0	0	0	1	2	900000000	22.14	900000000	22.14	0	0	0	0	0	0	0
153674	dc3338b3ea0ee8fa7eac57ab5f0edfc4426d9c2e092d93e53fd8324891e0604e	2011-11-17 11:41:01	258	1032	1	0	0	0	1	2	30037676	0.7389	29987676	0.7377	50000	0.0012	193798	0.0048	48449.6	0.0012	0.12122496810694
153674	eba13ac95a35c68dd1f67eb6afd1c3d93bfbb8bbe091bdf718dd7d2fcf578d5b	2011-11-17 11:41:01	223	892	1	0	0	0	1	1	100000000	2.46	100000000	2.46	0	0	0	0	0	0	0
153674	3692ce3d321c9c4748146bd50ebc279e26439a42606c8bcd1b3c6dcb28329fd2	2011-11-17 11:41:01	618	2472	1	0	0	0	3	2	189000000	4.6494	188950000	4.6482	50000	0.0012	80906.1	0.002	20226.5	0.0005	0
153674	938468ef5bc5310d25f7365f1a5a8844a263231b3aa27b67b75b63a8d0ef3635	2011-11-17 11:41:01	259	1036	1	0	0	0	1	2	1039147345	25.563	1039097345	25.5618	50000	0.0012	193050	0.0047	48262.5	0.0012	0
153674	553eae71c5bf73a73884709c9a638dc22e4b194a120de5fcea1c9d129cd5e0b1	2011-11-17 11:41:01	259	1036	1	0	0	0	1	2	232219147	5.7126	232169147	5.7114	50000	0.0012	193050	0.0047	48262.5	0.0012	0
153674	10e1adba4657d79290a01f9af570441e633842f64282b64b086d91a35aa0392f	2011-11-17 11:41:01	225	900	1	0	0	0	1	1	100000000	2.46	100000000	2.46	0	0	0	0	0	0	0
153674	f8a59fb5f6c3f58baa750fee1e961d7957b23551d906f61d4d89e2d7633749d1	2011-11-17 11:41:01	258	1032	1	0	0	0	1	2	227809074	5.6041	227759074	5.6029	50000	0.0012	193798	0.0048	48449.6	0.0012	0
153674	b89e18e693f186ad051c5ade4c4283192994183cf6945551b0e246b7202cfd1e	2011-11-17 11:41:01	259	1036	1	0	0	0	1	2	115135525	2.8323	115085525	2.8311	50000	0.0012	193050	0.0047	48262.5	0.0012	0
153674	2c153b20a01c2e0f561b872d2cede1ba40f3a6c3b8b19ca88463395d6109c759	2011-11-17 11:41:01	224	896	1	0	0	0	1	1	100000000	2.46	100000000	2.46	0	0	0	0	0	0	0
153674	c8f21e46a0e5ea0970021874687241367a1deeb0b7fc84ebc2783a6369347d9f	2011-11-17 11:41:01	258	1032	1	0	0	0	1	2	49316937	1.2132	49266937	1.212	50000	0.0012	193798	0.0048	48449.6	0.0012	0
153674	7e2633bcb01e964974edee25c5d4abf1a16b0f6b17ac366a47055c9411714339	2011-11-17 11:41:01	258	1032	1	0	0	0	1	2	84400000	2.0762	84350000	2.075	50000	0.0012	193798	0.0048	48449.6	0.0012	0
153674	0d0e75f6e7a406daaa30dcfa358d6c0ececc64662a4224059c12c49c54ed04df	2011-11-17 11:41:01	257	1028	1	0	0	0	1	2	19506267	0.4799	19506267	0.4799	0	0	0	0	0	0	0
153675	010f539079ef7a584fe83d621fb4c37323bd8fad0dc02003d4de5f2f4486e710	2011-11-17 11:44:27	135	540	1	0	1	0	1	1	0	0	5000500000	123.0123	0	0	0	0	0	0	0
153675	15170411381b52ff24fd58ce054423b2f622210090a7a8ea6d7fc69bb9c52a58	2011-11-17 11:44:27	291	1164	1	0	0	0	1	3	79500000	1.9557	79250000	1.9496	250000	0.0062	859106	0.0211	214777	0.0053	2.3858005208333
153675	e59491c3037d69943bcd48d65161cc68010655eef268f5500efd5e66131fc821	2011-11-17 11:44:27	258	1032	1	0	0	0	1	2	3861150000	94.9843	3861100000	94.9831	50000	0.0012	193798	0.0048	48449.6	0.0012	0
153675	53b9a967c997a5eeebfba814a59ba82722493647c8c0fcdeacb749dddd36c047	2011-11-17 11:44:27	259	1036	1	0	0	0	1	2	949381570	23.3548	949331570	23.3536	50000	0.0012	193050	0.0047	48262.5	0.0012	0
153675	c47704aeb5e950461f7ff24a7865250cd0db5ce049e69c7bb5b9f480d52206d2	2011-11-17 11:44:27	259	1036	1	0	0	0	1	2	799850000	19.6763	799800000	19.6751	50000	0.0012	193050	0.0047	48262.5	0.0012	0
153675	23d93594183a9096b3110d9f186d747d63f4ec6bf530e718465c6ecf298366ff	2011-11-17 11:44:27	257	1028	1	0	0	0	1	2	171900000	4.2287	171850000	4.2275	50000	0.0012	194553	0.0048	48638.1	0.0012	0
153675	18dfa1729d5cab23b81764f35a834ff71c518bff45dc3adc5ebd484fa59e45ad	2011-11-17 11:44:27	257	1028	1	0	0	0	1	2	2450000	0.0603	2400000	0.059	50000	0.0012	194553	0.0048	48638.1	0.0012	0
153676	0bbbd8ecfd24599f0d799758989a6c100fe78d4629719be71acfa166d6265bef	2011-11-17 11:52:29	168	672	1	0	1	0	1	1	0	0	5000150000	123.0037	0	0	0	0	0	0	0
153676	0ebead63bc4955628dac51ecdbe791ccd1001a1ac522b6ddc3ed8baaeed8f61f	2011-11-17 11:52:29	258	1032	1	0	0	0	1	2	5100000000	125.46	5100000000	125.46	0	0	0	0	0	0	171.74604166667
153676	17ba1cbdf87b91030cdd39166cfaaa9e1c3ffa140f093736e90333d165a818c3	2011-11-17 11:52:29	257	1028	1	0	0	0	1	2	10000000000	246	10000000000	246	0	0	0	0	0	0	32.78125
153676	e9dd4c7b4251b2099c61668fb6d7a7e3eae9fbaf8042bd42c27ab61040267980	2011-11-17 11:52:29	979	3916	1	0	0	0	5	2	1224585677	30.1248	1224585677	30.1248	0	0	0	0	0	0	42.671121858919
153676	fdc0dbc6a863774ae50a9be0b9b1665c091a050ffb1db938a658bf211c8ee96d	2011-11-17 11:52:29	224	896	1	0	0	0	1	1	595000000	14.637	595000000	14.637	0	0	0	0	0	0	3.0550219907407
153676	e65ea7bd2202e76b1a2d80e6d7457d1a420857a8fdc45ca7960e767977d22e20	2011-11-17 11:52:29	259	1036	1	0	0	0	1	2	200000000	4.92	200000000	4.92	0	0	0	0	0	0	2.9335185185185
153676	eef2e56b0ebef9f9f0bf4ab264b1328ceb39ed9f5db0dd18c4654fd053974148	2011-11-17 11:52:29	258	1032	1	0	0	0	1	2	2300000000	56.58	2300000000	56.58	0	0	0	0	0	0	0
153676	cbe016b6a216c86bd1d9a2df3bf028fcea0d295feb5f3f467e0c0c2b0cc22f79	2011-11-17 11:52:29	257	1028	1	0	0	0	1	2	3860600000	94.9708	3860550000	94.9695	50000	0.0012	194553	0.0048	48638.1	0.0012	0
153676	42187b9577d8183261b8070a2a9cd49dd406d71895d43d55ce7dc6170f4206a8	2011-11-17 11:52:29	257	1028	1	0	0	0	1	2	1200000000	29.52	1200000000	29.52	0	0	0	0	0	0	0
153676	436b713e60cc65448224c8e1f57dc2521719fa872f5a276d95dcf69ad0c37ea6	2011-11-17 11:52:29	291	1164	1	0	0	0	1	3	163453071	4.0209	163403071	4.0197	50000	0.0012	171821	0.0042	42955.3	0.0011	0
153676	f1151dee6291d34d8dfbb85a82d6c6cd0359267e9c43b54665a2ec895b356577	2011-11-17 11:52:29	257	1028	1	0	0	0	1	2	81850000	2.0135	81800000	2.0123	50000	0.0012	194553	0.0048	48638.1	0.0012	0
153677	0bdc66dd1a4d6aa90c5e15f996e79e97539e2b263a69a2ca0c3f6ff1b33bf937	2011-11-17 12:04:23	999	3996	1	0	1	0	1	25	0	0	5001383050	123.034	0	0	0	0	0	0	0
153677	5aaf20f3a051388799efa7a98009bd4079a41d4ebe8c881cfdbe835ce10a9988	2011-11-17 12:04:23	259	1036	1	0	0	0	1	2	6227486350	153.1962	6227436350	153.1949	50000	0.0012	193050	0.0047	48262.5	0.0012	0
153677	075562aea9937e59b8ed5ee36dcec0be0cd4cbe34660d3f95a8edf60fc614824	2011-11-17 12:04:23	618	2472	1	0	0	0	3	2	101388194	2.4941	101338194	2.4929	50000	0.0012	80906.1	0.002	20226.5	0.0005	2.1868282990472
153677	497fc0a0f8436d9c15e1ff64ea6c8c6599153cbcc874011c00a91fe771df5b0a	2011-11-17 12:04:23	619	2476	1	0	0	0	3	2	2628200000	64.6537	2628150000	64.6525	50000	0.0012	80775.4	0.002	20193.9	0.0005	0
153677	4564535c4c436cf1a40dd838606add8e20898059b101d2a9958b0e272b84a5c1	2011-11-17 12:04:23	437	1748	1	0	0	0	2	2	101155365	2.4884	101105365	2.4872	50000	0.0012	114416	0.0028	28604.1	0.0007	1.1858328384007
153677	fc915dff21d2b3849eb7862bcf72472cca1469f736dafd9669de80085c8499e5	2011-11-17 12:04:23	798	3192	1	0	0	0	4	2	49430917	1.216	49380917	1.2148	50000	0.0012	62656.6	0.0015	15664.2	0.0004	1.3593156549826
153677	fe311adee0b6d5732dbb200703b0e073782d750436608754bdc87f35a60c3024	2011-11-17 12:04:23	257	1028	1	0	0	0	1	2	1344135780	33.0657	1344085780	33.0645	50000	0.0012	194553	0.0048	48638.1	0.0012	0
153677	0af53ba269808a8c65eaa868272d97e7293fd18dfe4b17cc4ac326e8412d7483	2011-11-17 12:04:23	617	2468	1	0	0	0	3	2	4500000	0.1107	3500000	0.0861	1000000	0.0246	1620750	0.0399	405186	0.01	0.42821521990741
153677	b0d308e0d4f64e7231f57bf6d09c893e882c0243af2018cd9a1be295e7626073	2011-11-17 12:04:23	224	896	1	0	0	0	1	1	1083050	0.0266	1000000	0.0246	83050	0.002	370759	0.0091	92689.7	0.0023	0
153678	4ab15c2ed0bc20b93c5c1ec4d311db88d33bdc073fb9282e5d291d9d2998b7dc	2011-11-17 12:09:40	168	672	1	0	1	0	1	1	0	0	5000600000	123.0148	0	0	0	0	0	0	0
153678	24264d8c428ca3c88b831e33d9d481658f248a7207a70cf213a106b1129a77b4	2011-11-17 12:09:40	1878	7512	1	0	0	0	10	2	30001160000	738.0286	30001160000	738.0286	0	0	0	0	0	0	22764.537648551
153678	55dbd3bba4f353f7761ed5b5463ec4c022d0844e8019efe93c62276218fc5fff	2011-11-17 12:09:40	258	1032	1	0	0	0	1	2	2100000000	51.66	2100000000	51.66	0	0	0	0	0	0	201.0946875
153678	51bb9db8b40befccd7182447bea34f9a19a6414308aa5e379715f5565bcad3d4	2011-11-17 12:09:40	798	3192	1	0	0	0	4	2	838100961541	20617.2832	838100961541	20617.2832	0	0	0	0	0	0	8.9999948039157
153678	0f3025ed17e1778293729e4c2a25fd25d6925a3a4af5d57da2bd303c9f8b3e3a	2011-11-17 12:09:40	258	1032	1	0	0	0	1	2	6000000000	147.6	6000000000	147.6	0	0	0	0	0	0	115.20972222222
153678	8b633eba6f5d7af8e69a1cdaa91b7e00f754280b21bef5d80530c8abf90a00da	2011-11-17 12:09:40	259	1036	1	0	0	0	1	2	3000000000	73.8	3000000000	73.8	0	0	0	0	0	0	80.926041666667
153678	b6b458c350c4eec270c245f8f5d6cf0d2d4951f17e78ee82a923f5c3da498073	2011-11-17 12:09:40	2060	8240	1	0	0	0	11	2	3559161750	87.5554	3559161750	87.5554	0	0	0	0	0	0	596.78772529595
153678	bf4fc7abfa1e713017f2e2bec8a05e6ffa8ce62dc8cf7d423c1795406cc85d28	2011-11-17 12:09:40	257	1028	1	0	0	0	1	2	10000000000	246	10000000000	246	0	0	0	0	0	0	33.974537037037
153678	3e824ab4b8a5854677834e8b842dff34a27487d613216ab410384cfd635c0c66	2011-11-17 12:09:40	258	1032	1	0	0	0	1	2	14369253000	353.4836	14369253000	353.4836	0	0	0	0	0	0	0
153678	dbb87e48324edab0c1cccd85a2b72c5e7fe981d3f951926fc81b31c348e1ecda	2011-11-17 12:09:40	258	1032	1	0	0	0	1	2	11149924261	274.2881	11149924261	274.2881	0	0	0	0	0	0	0
153678	703165b10d961935b8e1f09badb325d8cfb437e37d87b049362e142cac673c8d	2011-11-17 12:09:40	258	1032	1	0	0	0	1	2	10707509193	263.4047	10707509193	263.4047	0	0	0	0	0	0	0
153678	a109b1f912158d10913cb5950feb778dc902c2f4a6a4fcc6bb7285095fad806c	2011-11-17 12:09:40	258	1032	1	0	0	0	1	2	10392050000	255.6444	10392050000	255.6444	0	0	0	0	0	0	0
153678	6651343c0f1a9248130ce9827dc8d6db92b5fa4d74008a629fa9166c4b4a7f37	2011-11-17 12:09:40	259	1036	1	0	0	0	1	2	10012818538	246.3153	10012818538	246.3153	0	0	0	0	0	0	0
153678	5daab97c560168828615ab817a5a6db2f01a0e6325ad823a07550e688caaadcf	2011-11-17 12:09:40	258	1032	1	0	0	0	1	2	9842467790	242.1247	9842467790	242.1247	0	0	0	0	0	0	0
153678	11f1d9469ca50ba444b7aa30d48a3f4f7b860e57e7330a71472f1366a9075ae2	2011-11-17 12:09:40	257	1028	1	0	0	0	1	2	9741850000	239.6495	9741850000	239.6495	0	0	0	0	0	0	0
153678	281bb174d161ceb5ad4727a17bc6939078de7b62aad6467fd9053ad378c48538	2011-11-17 12:09:40	259	1036	1	0	0	0	1	2	9378748896	230.7172	9378748896	230.7172	0	0	0	0	0	0	0
153678	b97cfa995a498070c415e8e62e1afd89ad8f9b559ff9fd09e4abe1480d96d8a1	2011-11-17 12:09:40	257	1028	1	0	0	0	1	2	4549900000	111.9275	4549900000	111.9275	0	0	0	0	0	0	0
153678	c2e469f38db7ca2fd96d1e2d18baf9b44d2f74d456b0786dfcd085d888ec9fcd	2011-11-17 12:09:40	799	3196	1	0	0	0	4	2	17255363014	424.4819	17255363014	424.4819	0	0	0	0	0	0	2.9692291316813
153678	6eb88d8eba01677deb52c009d039f4b181a10184e2e009f95d238f696a250d39	2011-11-17 12:09:40	800	3200	1	0	0	0	4	2	12306104831	302.7302	12306104831	302.7302	0	0	0	0	0	0	0
153678	9d3298464cfcaee210aa6d3d047c58479d3ce16f62d8df94a68b8856563ff5cf	2011-11-17 12:09:40	259	1036	1	0	0	0	1	2	8783000000	216.0618	8783000000	216.0618	0	0	0	0	0	0	0
153678	bdadf531ec2167a9692163de5e94415585cbfada68a662f29b088ea93b083486	2011-11-17 12:09:40	438	1752	1	0	0	0	2	2	9759900000	240.0935	9759900000	240.0935	0	0	0	0	0	0	0
153678	65028295bc42ac5f186e68d323e8d33470a535cd1e638c5c8b78bf7989d967f8	2011-11-17 12:09:40	259	1036	1	0	0	0	1	2	8623500830	212.1381	8623500830	212.1381	0	0	0	0	0	0	0
153678	3d6b96bcb589f5708661d13ba8d8e1b4eff1d77901f76eb6df1b69bb0a13fe10	2011-11-17 12:09:40	259	1036	1	0	0	0	1	2	8481923467	208.6553	8481923467	208.6553	0	0	0	0	0	0	0
153678	6eeb3c20342aaf41b80b0dec87f84ca9a10c277c55ea800d9032159696735464	2011-11-17 12:09:40	258	1032	1	0	0	0	1	2	9236593387	227.2202	9236593387	227.2202	0	0	0	0	0	0	0
153678	4ab916daf4ec98c1bf12642542ffa62c8f2c4510e2a205100e9b2e165da6c59f	2011-11-17 12:09:40	258	1032	1	0	0	0	1	2	5000000000	123	5000000000	123	0	0	0	0	0	0	0
153678	c1c553fe42635299c5f883b6e7e269a36e3673e865be0ab9d70177d1263dbc95	2011-11-17 12:09:40	258	1032	1	0	0	0	1	2	7846250000	193.0177	7846250000	193.0177	0	0	0	0	0	0	0
153678	3930ec4ea1ad962e50c7f3db80c7b9e2584004bc522b98d0c8b3ae8703b2b3be	2011-11-17 12:09:40	258	1032	1	0	0	0	1	2	7494100000	184.3549	7494100000	184.3549	0	0	0	0	0	0	0
153678	b97dd068e27606ca1be9612fc13ced335f50e555cdf163e6d40846f26f9e18d4	2011-11-17 12:09:40	258	1032	1	0	0	0	1	2	4718000000	116.0628	4718000000	116.0628	0	0	0	0	0	0	0
153678	365578b004552c6121d6e7a37aa374b62efef12c26456eb40a746df1e04990d6	2011-11-17 12:09:40	258	1032	1	0	0	0	1	2	5005376451	123.1323	5005376451	123.1323	0	0	0	0	0	0	0
153678	c9e3ca8bbd09ceba0bd152169ca52c31a1037f67946d23addf9f4c8233398365	2011-11-17 12:09:40	258	1032	1	0	0	0	1	2	5281352319	129.9213	5281352319	129.9213	0	0	0	0	0	0	0
153678	db0b4f8af0e30bcb570357022102432920f9ce0dba0420ce721b58dc5d63990b	2011-11-17 12:09:40	257	1028	1	0	0	0	1	2	5000470631	123.0116	5000470631	123.0116	0	0	0	0	0	0	0
153678	23f8cb8f2e257113c01e8437d44bef7c5145c3f08cb27cc3d0b664ef518990ba	2011-11-17 12:09:40	258	1032	1	0	0	0	1	2	4964200000	122.1193	4964200000	122.1193	0	0	0	0	0	0	0
153678	a13a964656b880d61fd82e15cbb1f6e99303744d57f7c387fcc95fdef007839e	2011-11-17 12:09:40	798	3192	1	0	0	0	4	2	3752345865	92.3077	3752345865	92.3077	0	0	0	0	0	0	3.2331668580956
153678	d5dea0bfb4a855bebf9d8a58dbb7f70ebd3f73dde1c831eb631ef72ba29da527	2011-11-17 12:09:40	257	1028	1	0	0	0	1	2	5057678770	124.4189	5057678770	124.4189	0	0	0	0	0	0	0
153678	dc3f1b473cd6e67857bb5932ceaeee94ccf017385ac6fdbc27a33fa59bfe1110	2011-11-17 12:09:40	258	1032	1	0	0	0	1	2	4740543902	116.6174	4740543902	116.6174	0	0	0	0	0	0	0
153678	61e74cb4db0e0e6018ff37f84a688d3d4d1dcadc327c443a806c319dd365d2bb	2011-11-17 12:09:40	259	1036	1	0	0	0	1	2	4642050000	114.1944	4642050000	114.1944	0	0	0	0	0	0	0
153678	c50bfeb147d3809d3bab68b46c5005081b2d213f5d0a2c9929ff1be8a73c32ff	2011-11-17 12:09:40	259	1036	1	0	0	0	1	2	4630796433	113.9176	4630796433	113.9176	0	0	0	0	0	0	0
153678	fa6f61dbac73386b5abe9d989e8fa9f09f9a30e37abaaba7356d3a04f1afea41	2011-11-17 12:09:40	428	1712	1	0	0	0	1	7	3641891509	89.5905	3641891509	89.5905	0	0	0	0	0	0	0
153678	70e8f7a75064050ddec91d5136cd18fd5a6a0be4c20256a17fa1f211d0f14bb5	2011-11-17 12:09:40	259	1036	1	0	0	0	1	2	1755878333	43.1946	1755878333	43.1946	0	0	0	0	0	0	0
153678	70c4c148afe9b3f8a4350a803fc20184f823c908d8f0fb32dfcda3212d65428d	2011-11-17 12:09:40	259	1036	1	0	0	0	1	2	5000200000	123.0049	5000200000	123.0049	0	0	0	0	0	0	0
153678	a8f755442cf0d2e407cd20088c5460354522ffad5edcdedd0654bfab78c50e36	2011-11-17 12:09:40	258	1032	1	0	0	0	1	2	4600300000	113.1674	4600300000	113.1674	0	0	0	0	0	0	0
153678	be7ae830579f1e69b0407cd91c350486ffd886593bd67e60d4d0003cef68626c	2011-11-17 12:09:40	259	1036	1	0	0	0	1	2	4154780466	102.2076	4154780466	102.2076	0	0	0	0	0	0	0
153678	e449c8c1984280c87e8e58c73ca6fbb3c408f837029852d6278d0c10d460f539	2011-11-17 12:09:40	258	1032	1	0	0	0	1	2	512520441	12.608	512470441	12.6068	50000	0.0012	193798	0.0048	48449.6	0.0012	0
153678	0d72dd89d6cfad60c35786884d1a1ee5b9f7b5570387322a1130f74eb883975c	2011-11-17 12:09:40	259	1036	1	0	0	0	1	2	3860050000	94.9572	3860000000	94.956	50000	0.0012	193050	0.0047	48262.5	0.0012	0
153678	802ae24764a7c882c574b2a4028ffe52edff6c2541e186eedae32c1fd87a43cc	2011-11-17 12:09:40	437	1748	1	0	0	0	2	2	101785592	2.5039	101735592	2.5027	50000	0.0012	114416	0.0028	28604.1	0.0007	0.65991305672037
153678	9d28861b0d3122e75ca0f2660d211a44a24e69f8d858632944d0e673bfce73b6	2011-11-17 12:09:40	437	1748	1	0	0	0	2	2	1083239540	26.6477	1083189540	26.6465	50000	0.0012	114416	0.0028	28604.1	0.0007	0
153678	f3cce2265a7aa44a71d79bf9f32570c470862f11a173896cd36a8893a5a2160b	2011-11-17 12:09:40	258	1032	1	0	0	0	1	2	939978437	23.1235	939928437	23.1222	50000	0.0012	193798	0.0048	48449.6	0.0012	0
153678	04316164d9de22f81d5b8a238fbf03119e21b2cf3536afa02eef4a1fde230c22	2011-11-17 12:09:40	258	1032	1	0	0	0	1	2	69061564	1.6989	69011564	1.6977	50000	0.0012	193798	0.0048	48449.6	0.0012	0.2656392310662
153678	a7bc22d2c17f67274e62eea389ae08417426555d187b609334f76f883a10af6c	2011-11-17 12:09:40	258	1032	1	0	0	0	1	2	128287455	3.1559	128237455	3.1546	50000	0.0012	193798	0.0048	48449.6	0.0012	0
153678	9383fc0a94f6c969416649c11c9e01b7f1379979a72f5e0267e36818ea71b6fc	2011-11-17 12:09:40	259	1036	1	0	0	0	1	2	63205861	1.5549	63155861	1.5536	50000	0.0012	193050	0.0047	48262.5	0.0012	0
153678	8035ebc418d8b1d07a228ed9a7fa3fa510e6a7bfed99cb39275acb8d97a77533	2011-11-17 12:09:40	258	1032	1	0	0	0	1	2	16251273	0.3998	16201273	0.3986	50000	0.0012	193798	0.0048	48449.6	0.0012	0
153678	af20ec3111d3dd0073fd390b5096e401fccc1293fad49fbb910fe34860a403b9	2011-11-17 12:09:40	258	1032	1	0	0	0	1	2	35084011	0.8631	35034011	0.8618	50000	0.0012	193798	0.0048	48449.6	0.0012	0
153678	e9d88e794f68491488a08263b89b16292e18061912df36ccc0c785fcb35056b8	2011-11-17 12:09:40	258	1032	1	0	0	0	1	2	7750000	0.1907	7700000	0.1894	50000	0.0012	193798	0.0048	48449.6	0.0012	0
153678	9c24d8a4854e0db89601b2d12d4aa6396792b2a9f34c8fc381d5ee8581e23a3f	2011-11-17 12:09:40	258	1032	1	0	0	0	1	2	7735000000	190.281	7734950000	190.2798	50000	0.0012	193798	0.0048	48449.6	0.0012	0
153679	0cc4923b0a43b0e38cc6465ffa1c4417650ca0e52c5d1bc8fbe4fc492404d865	2011-11-17 12:15:28	181	724	1	0	1	0	1	1	0	0	5000100000	123.0025	0	0	0	0	0	0	0
153679	2e48b883327353cb56c5988586e8d778f981ad8b75588b84f1f06b620aef3272	2011-11-17 12:15:28	1520	6080	1	0	0	0	8	2	18501271089	455.1313	18501271089	455.1313	0	0	0	0	0	0	30.939583333333
153679	f13dee43b2333425ac1a7100e62a5ece44790ba5309622b48c7f1aed2dea3a1b	2011-11-17 12:15:28	258	1032	1	0	0	0	1	2	3576508921	87.9821	3576508921	87.9821	0	0	0	0	0	0	0
153679	5e561e361ed8db1fdea8a7d16179acd98b3f4c84f17194e88d91d2b4be0d06c6	2011-11-17 12:15:28	258	1032	1	0	0	0	1	2	3526356624	86.7484	3526356624	86.7484	0	0	0	0	0	0	0
153679	af77c241ea6d777392bb951bf0427f49826193e826da93938565cec17fcc3af0	2011-11-17 12:15:28	257	1028	1	0	0	0	1	2	3006673657	73.9642	3006673657	73.9642	0	0	0	0	0	0	0
153679	27eb775e37048f4cce78763257e8f5e5ace218973a21e68018ce70dfcd83d4e8	2011-11-17 12:15:28	257	1028	1	0	0	0	1	2	2981989835	73.3569	2981989835	73.3569	0	0	0	0	0	0	0
153679	2aaf784d5b0f0988929bf8f175039dca06abc4b3d9f90d7827b8c05571be00e9	2011-11-17 12:15:28	259	1036	1	0	0	0	1	2	2859350000	70.34	2859350000	70.34	0	0	0	0	0	0	0
153679	44962b3be79d3b9d20173fc4bde82d019b2d442fda9fd883c8d8e7bd4ff12291	2011-11-17 12:15:28	258	1032	1	0	0	0	1	2	2218000000	54.5628	2217950000	54.5616	50000	0.0012	193798	0.0048	48449.6	0.0012	0
153679	203c1bed54ed159ec887d95084d67499e89df3dd17640192824ff60358fcc970	2011-11-17 12:15:28	258	1032	1	0	0	0	1	2	109000000	2.6814	108950000	2.6802	50000	0.0012	193798	0.0048	48449.6	0.0012	0
153680	2a1b1eac5a4022f444187413f6ab318a8972a639c210e8bb7c55a72afa975f5c	2011-11-17 12:28:21	136	544	1	0	1	0	1	1	0	0	5000950000	123.0234	0	0	0	0	0	0	0
153680	537b2de84e71549701e86d1d24438414661646964786c833a0987f47ba6f7d66	2011-11-17 12:28:21	1462	5848	1	0	0	0	11	2	55000000000	1353	55000000000	1353	0	0	0	0	0	0	284677.4681713
153680	d416ac4977a188b44ad5799dc34e3ccf8a3e02a3b7e1af199b2d31b1c6b006ba	2011-11-17 12:28:21	257	1028	1	0	0	0	1	2	500000000	12.3	500000000	12.3	0	0	0	0	0	0	522.37644675926
153680	2cd5b9d127d1bcff0703f994a284de5cbbf96e624ec48594e6f9e185d5468e30	2011-11-17 12:28:21	257	1028	1	0	0	0	1	2	1198000000	29.4708	1198000000	29.4708	0	0	0	0	0	0	300.7354375
153680	a1535281e2c84551efd2b7da9a5fec15b0f2d7fa6eaab42d6fb3a46ec612fc96	2011-11-17 12:28:21	438	1752	1	0	0	0	2	2	946587670293	23286.0566	946587670293	23286.0566	0	0	0	0	0	0	1.1282090277778
153680	1927f7aa8beef0e321e6e2770efb5b295466eac5a4ea63856292cb9324ef8364	2011-11-17 12:28:21	798	3192	1	0	0	0	4	2	854469560942	21019.9512	854469560942	21019.9512	0	0	0	0	0	0	16.558439048044
153680	493a97e60a20d0274334a3ae3045632044a56947330c8e18cdd20c141377d7ff	2011-11-17 12:28:21	796	3184	1	0	0	0	4	2	866371450751	21312.7383	866371450751	21312.7383	0	0	0	0	0	0	5.6856345820324
153680	8fbe96a28234b0bc0562dac8b630a13160a28904e70a94f84b2ba0a2c5d9ae17	2011-11-17 12:28:21	258	1032	1	0	0	0	1	2	13328846000	327.8896	13328846000	327.8896	0	0	0	0	0	0	79.716989375463
153680	e71d3a6a9c4aed3c911714178026ff6a2a9fa74c2f4b849cd5a430bf6d1db2a7	2011-11-17 12:28:21	438	1752	1	0	0	0	2	2	71851120000	1767.5376	71851120000	1767.5376	0	0	0	0	0	0	0
153680	6b86225500c35d9f1d515192bb10e344150a5a709ac225fa23b6ddb55c835ceb	2011-11-17 12:28:21	158	632	1	0	0	0	1	1	5004137586	123.1018	5004137586	123.1018	0	0	0	0	0	0	38.471045240148
153680	0bcd3095d1e82d1d0bcbe4df2a04b0f1ddf80e097376a83a867819135b929b47	2011-11-17 12:28:21	157	628	1	0	0	0	1	1	5001050000	123.0258	5001050000	123.0258	0	0	0	0	0	0	38.204780578704
153680	d8531ff15963cf9716c586213c2299551ad5c3482db6362bd907880551d0e1ba	2011-11-17 12:28:21	223	892	1	0	0	0	1	1	15000000000	369	15000000000	369	0	0	0	0	0	0	0
153680	dbf932975c8ad13696aa3e640963c57bbf91db4eb037c293d3ed7b57afe90e87	2011-11-17 12:28:21	799	3196	1	0	0	0	4	2	190444700	4.6849	190394700	4.6837	50000	0.0012	62578.2	0.0015	15644.6	0.0004	51.063802199556
153680	38523542ff237676c105dc80e32b4e0db881aa64df658c08c881da985d475e2f	2011-11-17 12:28:21	259	1036	1	0	0	0	1	2	2380000000	58.548	2380000000	58.548	0	0	0	0	0	0	9.4632546296296
153680	2c3a69cb043420f9c49693b340851e4829cada3037830ebe205b802294a79207	2011-11-17 12:28:21	437	1748	1	0	0	0	2	2	13492550000	331.9167	13492550000	331.9167	0	0	0	0	0	0	0
153680	ddde327f7eb65cc18f0cdfad4a5d079ff7096a7466714aeabcbe031578f3822d	2011-11-17 12:28:21	259	1036	1	0	0	0	1	2	843000000	20.7378	843000000	20.7378	0	0	0	0	0	0	4.8175888888889
153680	b27c42233b94a1814beba48bc409bf90897e7c6daaea79fafc03d870e7ee6154	2011-11-17 12:28:21	1336	5344	1	0	0	0	7	2	771190573	18.9713	771190573	18.9713	0	0	0	0	0	0	18.311588936892
153680	d5dd0929fada65d241d92fb772c957bbf1d343098141904b0f82a11dec4a2a7e	2011-11-17 12:28:21	259	1036	1	0	0	0	1	2	1056900000	25.9997	1056900000	25.9997	0	0	0	0	0	0	3.4382278125
153680	5f3e3c6f83facc09146f4f588f915d997b2be0b95f96f9c7a04ced2f846b957f	2011-11-17 12:28:21	618	2472	1	0	0	0	3	2	728290000	17.9159	728290000	17.9159	0	0	0	0	0	0	5.8234619467593
153680	326646f9108f5d648716626362a11d0f1d0f1e55390594537d11cb738d96df20	2011-11-17 12:28:21	257	1028	1	0	0	0	1	2	4978227514	122.4644	4978227514	122.4644	0	0	0	0	0	0	0
153680	e6c9465a259d982105b73d74b0d7b91c2da92ec05df41468e2fa3be34f19b91f	2011-11-17 12:28:21	436	1744	1	0	0	0	2	2	282548217	6.9507	282548217	6.9507	0	0	0	0	0	0	2.9751210694895
153680	d049998e65f27344f99d98695118bca5dcefa978e508c4c887575a6067754da8	2011-11-17 12:28:21	258	1032	1	0	0	0	1	2	1550000000	38.13	1550000000	38.13	0	0	0	0	0	0	0
153680	e9366392365c66ef3bdee52c60a3a050f43cbc3f595c2e9123817beb7e435035	2011-11-17 12:28:21	618	2472	1	0	0	0	3	2	3000800	0.0738	3000800	0.0738	0	0	0	0	0	0	2.9016980994444
153680	851bb632a2d52ab99a5faee144cfa17b1976a982cf25ecf1dc698465d131e2e6	2011-11-17 12:28:21	259	1036	1	0	0	0	1	2	1884163316	46.3504	1884163316	46.3504	0	0	0	0	0	0	0
153680	0e34c5829113d7ce22609a1f25c8d37e160959f7e4e56c33c86297d4cbd85abb	2011-11-17 12:28:21	257	1028	1	0	0	0	1	2	360000000	8.856	359950000	8.8548	50000	0.0012	194553	0.0048	48638.1	0.0012	0
153680	54f9d54c5a4cf24a48008f63e74b0e1e0ef5d8996da4c3301fb1e149a6296ae8	2011-11-17 12:28:21	257	1028	1	0	0	0	1	2	278363200	6.8477	278313200	6.8465	50000	0.0012	194553	0.0048	48638.1	0.0012	0
153680	7db91b78db74622eb21daa8e47641a3d11e270c0abe39a0f10f4a3195ea2a0bb	2011-11-17 12:28:21	291	1164	1	0	0	0	1	3	18500000	0.4551	18250000	0.4489	250000	0.0062	859106	0.0211	214777	0.0053	0.35524710648148
153680	0c16e2926f265eb0e467d11b18d36ecbb41416566c39327e0f51dfbe7e2b1256	2011-11-17 12:28:21	258	1032	1	0	0	0	1	2	64000000	1.5744	63950000	1.5732	50000	0.0012	193798	0.0048	48449.6	0.0012	0.21463703703704
153680	10bf6cb38eaed69afa6870ea13921eb5a1556f2a1b89bf503617b580b511eb3e	2011-11-17 12:28:21	439	1756	1	0	0	0	2	2	199400000	4.9052	199350000	4.904	50000	0.0012	113895	0.0028	28473.8	0.0007	0
153680	4ef6d472b87bd75ef395cfaa2aac745749aff2edcf7413486ed6e1f592895958	2011-11-17 12:28:21	4781	19124	1	0	0	0	1	135	209000000	5.1414	208750000	5.1353	250000	0.0062	52290.3	0.0013	13072.6	0.0003	0.98142916666667
153680	1b6e85596c1cfcf49d54d78eb3a4efcd676fff5fb1cfd718f9047655af5e69d0	2011-11-17 12:28:21	258	1032	1	0	0	0	1	2	100000000	2.46	99950000	2.4588	50000	0.0012	193798	0.0048	48449.6	0.0012	0
153680	f927720fa6097b5e99f2ffdbf628d773f0a418db3c6bbc0de0a03302d5d24ce4	2011-11-17 12:28:21	618	2472	1	0	0	0	3	2	33652738	0.8279	33602738	0.8266	50000	0.0012	80906.1	0.002	20226.5	0.0005	0.0098668133513889
153680	2bf567525249c2f953b0fddf2a8165759ac7070807b48f9292a4187bb0b9e77a	2011-11-17 12:28:21	438	1752	1	0	0	0	2	2	101338194	2.4929	101288194	2.4917	50000	0.0012	114155	0.0028	28538.8	0.0007	0
153680	73a5e6cbf5638a800bc85db89c8b0101bdd6088fba00018185c613f148223076	2011-11-17 12:28:21	258	1032	1	0	0	0	1	2	16653042	0.4097	16603042	0.4084	50000	0.0012	193798	0.0048	48449.6	0.0012	0
153681	d05615b15ea249e47c549f72a6d9675239ed2e15fe0ff3be1a6a73931f66960a	2011-11-17 12:42:20	134	536	1	0	1	0	1	1	0	0	5001510000	123.0371	0	0	0	0	0	0	0
153681	5a05b960c3ebd9962e77aa992564f540750c5ecfb928198de89223ba8504b8f5	2011-11-17 12:42:20	257	1028	1	0	0	0	1	2	4599980000	113.1595	4599970000	113.1593	10000	0.0002	38910.5	0.001	9727.63	0.0002	579.79553469444
153681	e4d77daf749c694dbb4bdbba026bfdb8f4f90a248c01eb73992f2deca1697de0	2011-11-17 12:42:20	258	1032	1	0	0	0	1	2	500000000	12.3	500000000	12.3	0	0	0	0	0	0	440.44577546296
153681	4ee5af1bbe31fd42c80f87c427ec02f0d25693db5e5707ebf2c4ad2c4f6fc700	2011-11-17 12:42:20	617	2468	1	0	0	0	3	2	31364086421	771.5565	31364086421	771.5565	0	0	0	0	0	0	805.66173991271
153681	d674e6d067421a1cd801c1e58aeb38b175f455259276120a675758776cd9090f	2011-11-17 12:42:20	1341	5364	1	0	0	0	7	2	2001005347	49.2247	2001005347	49.2247	0	0	0	0	0	0	1085.4687579001
153681	1b6abe8e9444e898d02560edf6450a02672452081d675f561e050af2d8ffa621	2011-11-17 12:42:20	1339	5356	1	0	0	0	7	2	1001650000	24.6406	1001650000	24.6406	0	0	0	0	0	0	335.54256170718
153681	19b29d955feb2db9750cef92d919635c1887949e42659cf555b31eae43b02ff4	2011-11-17 12:42:20	158	632	1	0	0	0	1	1	5002150000	123.0529	5002150000	123.0529	0	0	0	0	0	0	38.284973981481
153681	fce4ff5a06a6250df4abeae0431fa88f5379d2954fcfc535058e5cbb8a3726f3	2011-11-17 12:42:20	258	1032	1	0	0	0	1	2	4950000000	121.77	4950000000	121.77	0	0	0	0	0	0	0
153681	d17b5463b3c906a3c3d93ae31f0f0808457b74863b18bd25f880de009d60a985	2011-11-17 12:42:20	440	1760	1	0	0	0	2	2	737775000	18.1493	737775000	18.1493	0	0	0	0	0	0	5.6575508101852
153681	fe8d45f3c93be99770af9d1bc3ab65da67d4ef8b3b6a489ae83197b3a25217ec	2011-11-17 12:42:20	223	892	1	0	0	0	1	1	4571000000	112.4466	4570000000	112.422	1000000	0.0246	4484300	0.1103	1121080	0.0276	0
153681	0b6f2c972af18fde5a719d808868b4b7ea463919f3f5621fd7105193e03ac2f2	2011-11-17 12:42:20	801	3204	1	0	0	0	4	2	10780200000	265.1929	10780200000	265.1929	0	0	0	0	0	0	0.044140046296296
153681	e775443c6bdf3e092449c0e52fc894f87db476f13fe1f294d985698a62a3e0cb	2011-11-17 12:42:20	258	1032	1	0	0	0	1	2	1244640920	30.6182	1244640920	30.6182	0	0	0	0	0	0	0
153681	fc9fcc545b641ca18fc29162e60069c7db8dcb81bbe62ad6e7d8e9c57bd1bb77	2011-11-17 12:42:20	980	3920	1	0	0	0	5	2	513660599	12.6361	513610599	12.6348	50000	0.0012	51020.4	0.0013	12755.1	0.0003	5.5095486111111
153681	2eb166922ab74a138cc45e07d57239bc211500a0a0709f0ad9eba25c3b41cfc4	2011-11-17 12:42:20	258	1032	1	0	0	0	1	2	2447826000	60.2165	2447826000	60.2165	0	0	0	0	0	0	0
153681	7e8cdeba2242aea8e540b7d29ea581f9465548ff655454a2a4c77757ec90f178	2011-11-17 12:42:20	1877	7508	1	0	0	0	10	2	5001107987	123.0273	5001007987	123.0248	100000	0.0025	53276.5	0.0013	13319.1	0.0003	4.337886795273
153681	6f0624979e44518996491469a955a7de5b8e07c528aa6fa6d7c1b403f1895dfb	2011-11-17 12:42:20	258	1032	1	0	0	0	1	2	1802000000	44.3292	1802000000	44.3292	0	0	0	0	0	0	0
153681	19565a13b48632507a3175609bd25f184ea9456b73c2fb96054b03d76b2f1517	2011-11-17 12:42:20	258	1032	1	0	0	0	1	2	4149780466	102.0846	4149780466	102.0846	0	0	0	0	0	0	0
153681	380c9f8391f6f9935ba6faefebd0a226883ce60cc98c291ce9a1674e5e20b7f9	2011-11-17 12:42:20	258	1032	1	0	0	0	1	2	2996000000	73.7016	2996000000	73.7016	0	0	0	0	0	0	0
153681	7fb0eab3a6921cd2117610d9354111e91851098af5565e4c9be67425752fb3be	2011-11-17 12:42:20	258	1032	1	0	0	0	1	2	1153900000	28.3859	1153900000	28.3859	0	0	0	0	0	0	0
153681	d198f7f6ec4893e57578053a24230a07f066e90a2c08dfb6e424120540c41b8c	2011-11-17 12:42:20	257	1028	1	0	0	0	1	2	1600000000	39.36	1600000000	39.36	0	0	0	0	0	0	0
153681	14203c8888c440ef7bd65cd0551388fab469281e7e98dff31796c784b3f40bb7	2011-11-17 12:42:20	257	1028	1	0	0	0	1	2	3516356624	86.5024	3516356624	86.5024	0	0	0	0	0	0	0
153681	6792cfecacd070e2cc077d7d90d5cad5a21e399400e77ddfd4c448f57019fd02	2011-11-17 12:42:20	259	1036	1	0	0	0	1	2	2880989835	70.8724	2880989835	70.8724	0	0	0	0	0	0	0
153681	b6533bc33b4315d1243791399641135bdeabc3dde08e65c133b226368a7a3319	2011-11-17 12:42:20	618	2472	1	0	0	0	3	2	717797074	17.6578	717797074	17.6578	0	0	0	0	0	0	0
153681	452d965e179c93612811163836221fa95ef63218475dc8ec34d3b604c2b11dba	2011-11-17 12:42:20	259	1036	1	0	0	0	1	2	2405673657	59.1796	2405673657	59.1796	0	0	0	0	0	0	0
153681	1b72d1b078e659f3334d900b603596a5da2baf2ed0ef2ca1527ff68f785dbeee	2011-11-17 12:42:20	258	1032	1	0	0	0	1	2	650000000	15.99	650000000	15.99	0	0	0	0	0	0	0
153681	47780c265baebc29a6d91a4b85f0e75c04d23c9fd05b70065e6fa6ecd84f8973	2011-11-17 12:42:20	616	2464	1	0	0	0	3	2	1604348000	39.467	1604348000	39.467	0	0	0	0	0	0	0
153681	12b2c07ea8e9daa264f1694137c357a26e09fab032a9b864446b8782b68bb60b	2011-11-17 12:42:20	437	1748	1	0	0	0	2	2	750000000	18.45	750000000	18.45	0	0	0	0	0	0	0
153681	5e4928cdaf74d326c7bc82c50237ee5747270d0636b67cf3adbf1a9a658de58c	2011-11-17 12:42:20	258	1032	1	0	0	0	1	2	873770828	21.4948	873720828	21.4935	50000	0.0012	193798	0.0048	48449.6	0.0012	0
153681	c10d43c6f3bf4c08d498eb9e1c4aafb669969a7506439ce2bf3c85536e6e82c4	2011-11-17 12:42:20	258	1032	1	0	0	0	1	2	1380000000	33.948	1379950000	33.9468	50000	0.0012	193798	0.0048	48449.6	0.0012	0
153681	a37eff0334b23d58dd09618d47d049155794db2146fe59fd5ac49d2b689ac21a	2011-11-17 12:42:20	796	3184	1	0	0	0	4	2	249685000	6.1423	249635000	6.141	50000	0.0012	62814.1	0.0015	15703.5	0.0004	0
153681	e2a16542c497fbd0e747471d05cbaa4f466bbdb95fc37339bbe4706027861e5b	2011-11-17 12:42:20	257	1028	1	0	0	0	1	2	302350000	7.4378	302350000	7.4378	0	0	0	0	0	0	0
153681	a5c0f068f6ab722ad6ecc1e28ac235beda63744b758bfc776e830eddfe2f7f81	2011-11-17 12:42:20	2059	8236	1	0	0	0	11	2	11600000	0.2854	11450000	0.2817	150000	0.0037	72850.9	0.0018	18212.7	0.0004	0.14356134259259
153681	ab016ab56564203e190bfa0ce8b434ac20d994d69db9c5df20fb4830e3f6e8f2	2011-11-17 12:42:20	617	2468	1	0	0	0	3	2	17000000	0.4182	16950000	0.417	50000	0.0012	81037.3	0.002	20259.3	0.0005	0.0041832175925926
153681	093f43bf23a1e6240ea17a34fc7598700793e8819a39eafd15f4c4578c10bc9a	2011-11-17 12:42:20	258	1032	1	0	0	0	1	2	7631443	0.1877	7631443	0.1877	0	0	0	0	0	0	0
153681	790968d40bdac995245acf25498cfb45635909c81d21343de0d975be599f6d84	2011-11-17 12:42:20	942	3768	1	0	0	0	5	1	13859438	0.3409	13859438	0.3409	0	0	0	0	0	0	0
153681	04d98ffc7febbadaf191e0caecd2d3ca51abc51933707441f570f80b6c71e9d4	2011-11-17 12:42:20	224	896	1	0	0	0	1	1	650000000	15.99	650000000	15.99	0	0	0	0	0	0	0
153681	ed7eae6f47cde1d09bd21e77a18d91e1297248ff36c42fb50054123d4410767b	2011-11-17 12:42:20	258	1032	1	0	0	0	1	2	1602000000	39.4092	1602000000	39.4092	0	0	0	0	0	0	0
153681	2b0da6d9579620cb2a0df10f1e48f64c48f587a7643d023961829f47221cc7af	2011-11-17 12:42:20	258	1032	1	0	0	0	1	2	943900000	23.2199	943900000	23.2199	0	0	0	0	0	0	0
153681	953bd4dd4623f19b286583e104e5841e9820d8d8e5cab65945f33e46985f572d	2011-11-17 12:42:20	258	1032	1	0	0	0	1	2	2133673657	52.4884	2133673657	52.4884	0	0	0	0	0	0	0
153681	7373659f5979a314980dcb2bffd84451e2e60e1e2f14bcb5f23edf2b4b25a106	2011-11-17 12:42:20	257	1028	1	0	0	0	1	2	155350000	3.8216	155350000	3.8216	0	0	0	0	0	0	0
153681	d67c234b3cb3ad27304219826d2e4f1608ddc9c9efd4c236a0ed8c9bd8898920	2011-11-17 12:42:20	259	1036	1	0	0	0	1	2	4631443	0.1139	4631443	0.1139	0	0	0	0	0	0	0
153681	fea2d060b08ec06f8711371f4359cff4e7314db4622069b069e93651c1d93af5	2011-11-17 12:42:20	258	1032	1	0	0	0	1	2	1464000000	36.0144	1464000000	36.0144	0	0	0	0	0	0	0
153681	5a23d2350eacbd3c05ed3aa3f8ed66d632696646e49af42cd90ed73abb2da66e	2011-11-17 12:42:20	258	1032	1	0	0	0	1	2	1744673657	42.919	1744673657	42.919	0	0	0	0	0	0	0
153681	bb971af1a6c1f17a71ec09e3645b9a2bed325fdf3e8d57aca26e8645f3c67c8a	2011-11-17 12:42:20	259	1036	1	0	0	0	1	2	85350000	2.0996	85350000	2.0996	0	0	0	0	0	0	0
153681	9b17e0b87dcb69d1fb2c31a6f6f9d14cda96047cb830888021994573087768ab	2011-11-17 12:42:20	258	1032	1	0	0	0	1	2	1414000000	34.7844	1414000000	34.7844	0	0	0	0	0	0	0
153681	9cf76aa027f69a8a524af40c71c4ab3b9ed9f8ecb9152e491867b0e1be1778c9	2011-11-17 12:42:20	257	1028	1	0	0	0	1	2	1737673657	42.7468	1737673657	42.7468	0	0	0	0	0	0	0
153681	cdbf511e1246bdf1b27ed93d18cf9c05c8319ea0f13058533c39ad86b160ea1c	2011-11-17 12:42:20	438	1752	1	0	0	0	2	2	452250000	11.1253	452250000	11.1253	0	0	0	0	0	0	0
153681	e5a760a41fd7f580997598436de1c17741d8756338af3c88d5e291684ded538c	2011-11-17 12:42:20	257	1028	1	0	0	0	1	2	1412000000	34.7352	1412000000	34.7352	0	0	0	0	0	0	0
153681	80bea91f393798f8d6710a99badde65b00342827f30a3a207c0d5b0b15127f41	2011-11-17 12:42:20	257	1028	1	0	0	0	1	2	1299673657	31.972	1299673657	31.972	0	0	0	0	0	0	0
153681	cf8ae5eecb0f0cf89d05a3a50ebf8c1f531914d04753d2d513f9d4d6002ca300	2011-11-17 12:42:20	439	1756	1	0	0	0	2	2	33881443	0.8335	33881443	0.8335	0	0	0	0	0	0	0
153681	60b33b3204376b3f11560b6589fc1ae77102fa6f6f36a2aaf28e88d2bb10fa75	2011-11-17 12:42:20	258	1032	1	0	0	0	1	2	1311000000	32.2506	1311000000	32.2506	0	0	0	0	0	0	0
153681	b3659dc4534f7aa78ff336e4a7619d280c183636daf3e7161987953c8ebf9f13	2011-11-17 12:42:20	257	1028	1	0	0	0	1	2	1294673657	31.849	1294673657	31.849	0	0	0	0	0	0	0
153681	49b07090e3b8e5e21aa203ed2dc3264f847d89d5c92d4977cd0cd36b0da62fcf	2011-11-17 12:42:20	259	1036	1	0	0	0	1	2	2881443	0.0709	2881443	0.0709	0	0	0	0	0	0	0
153681	f62f708da38b5b2863841b559fb64ef63e5d36b769bce94e20457bab0cd46009	2011-11-17 12:42:20	259	1036	1	0	0	0	1	2	1296000000	31.8816	1296000000	31.8816	0	0	0	0	0	0	0
153681	664ceb1f90bc5e38a3a1b0877ec29d96d25e87111131206d6f809f2d3607065f	2011-11-17 12:42:20	258	1032	1	0	0	0	1	2	1056000000	25.9776	1056000000	25.9776	0	0	0	0	0	0	0
153681	d5f758bb5e7a2f8b7aa7debc91fd582d40a0c63651bfd6cc5cfd37955a7ce8ff	2011-11-17 12:42:20	258	1032	1	0	0	0	1	2	924000000	22.7304	924000000	22.7304	0	0	0	0	0	0	0
153681	333ca9b9cca98b13d89b6a14f332819c8b957d9ebe42b384918ad4ebc115ab84	2011-11-17 12:42:20	257	1028	1	0	0	0	1	2	795000000	19.557	795000000	19.557	0	0	0	0	0	0	0
153681	dba6a8c6895e139c9bf6db925888360f488501884b6593453259f4f77772c004	2011-11-17 12:42:20	257	1028	1	0	0	0	1	2	772000000	18.9912	772000000	18.9912	0	0	0	0	0	0	0
153681	2351fb572736365a6ca6a51e355ad8ddd74e6c3fedb05363a7b2865f9c7b84c2	2011-11-17 12:42:20	259	1036	1	0	0	0	1	2	431000000	10.6026	431000000	10.6026	0	0	0	0	0	0	0
153681	55b5dd684490dd439b44f249bab84937bd5a80d3ff2423fabd13215887616227	2011-11-17 12:42:20	259	1036	1	0	0	0	1	2	202000000	4.9692	202000000	4.9692	0	0	0	0	0	0	0
153681	a2bd06f9813a30d0ffbbcc3154ca82ba8ecf04c2dbe271ea1352f96ec0f33766	2011-11-17 12:42:20	258	1032	1	0	0	0	1	2	101000000	2.4846	101000000	2.4846	0	0	0	0	0	0	0
153681	97493ccd1d4a06c2926d447786a2f9dda407e72169cd85e47276cde1c7baa759	2011-11-17 12:42:20	259	1036	1	0	0	0	1	2	99000000	2.4354	99000000	2.4354	0	0	0	0	0	0	0
153681	f5c29b4ac9f1445fbe6423e59b54cee55f57d28abfea51daffbb063db2ac1f7a	2011-11-17 12:42:20	258	1032	1	0	0	0	1	2	70000000	1.722	70000000	1.722	0	0	0	0	0	0	0
153681	edd8c751b483a8088a7f5536389a038aa7dc7bc736b425049a90f3715409027d	2011-11-17 12:42:20	258	1032	1	0	0	0	1	2	23000000	0.5658	23000000	0.5658	0	0	0	0	0	0	0
153682	8248ea0ebcfd8403c83cac4af00dc496d520eb808d45702b87c41a8677d64025	2011-11-17 12:47:44	134	536	1	0	1	0	1	1	0	0	5000100000	123.0025	0	0	0	0	0	0	0
153682	0c83874ab3b20960d6d7003277da592419b5c2e8591fc035637ebda7e99c8312	2011-11-17 12:47:44	436	1744	1	0	0	0	2	2	11099500000	273.0477	11099500000	273.0477	0	0	0	0	0	0	389.42361111111
153682	30d20aa876317a0bfd1199dd8146d2058a147c13eea58b412275dac9fa03c786	2011-11-17 12:47:44	584	2336	1	0	0	0	3	1	1010100000	24.8485	1010100000	24.8485	0	0	0	0	0	0	76.426396261574
153682	0801cb83720d56e1f3bf6c557499f66b4425dbe4174372312b2864aeaef5b812	2011-11-17 12:47:44	2420	9680	1	0	0	0	13	2	1527309395	37.5718	1527309395	37.5718	0	0	0	0	0	0	152.68874174411
153682	e0e2aec66987674261cc9547da808c84a701cb52ffeaf664224fbd0518043ff8	2011-11-17 12:47:44	799	3196	1	0	0	0	4	2	14411325138	354.5186	14411325138	354.5186	0	0	0	0	0	0	6.0443172777778
153682	8479a0f1657ff83d3cb7386451db97181044c0478bacdb82cdb2fd42bd436316	2011-11-17 12:47:44	796	3184	1	0	0	0	4	2	9081087393	223.3948	9081087393	223.3948	0	0	0	0	0	0	0.54672001675069
153682	47fd681c5b393110408864668165a6f2219ea6ef71000c0169b9306a86854ff9	2011-11-17 12:47:44	225	900	1	0	0	0	1	1	31363000000	771.5298	31363000000	771.5298	0	0	0	0	0	0	0
153682	6af416995b1a82ac5d1cee45b9bcf06b38ff5e1c3aac79b21bded74c1c500713	2011-11-17 12:47:44	1520	6080	1	0	0	0	8	2	9001133828	221.4279	9001133828	221.4279	0	0	0	0	0	0	0
153682	5c5dcf9196e3e11cdba03e67fe0dbe4739fedbd1da639f4c4cdec1c71cea1cc5	2011-11-17 12:47:44	438	1752	1	0	0	0	2	2	129500000	3.1857	129450000	3.1845	50000	0.0012	114155	0.0028	28538.8	0.0007	0.518919375
153682	10a0c6d1d904cec6304dcb13271c1a1b00da4ac58edfec0d5fc930fd17935b66	2011-11-17 12:47:44	257	1028	1	0	0	0	1	2	1279673657	31.48	1279673657	31.48	0	0	0	0	0	0	0
153682	4dc57a24f8ec9cce08387939724cb71ceb5b75bab603b684c57af7dae6d52914	2011-11-17 12:47:44	258	1032	1	0	0	0	1	2	815011578	20.0493	814961578	20.0481	50000	0.0012	193798	0.0048	48449.6	0.0012	0
153682	79139cff5f1bec5c1cd8b3f7a93065109b8f0b7ddb4328f7f80c065a4673acfd	2011-11-17 12:47:44	257	1028	1	0	0	0	1	2	739780466	18.1986	739780466	18.1986	0	0	0	0	0	0	0
153682	afe1d96691baf4928058b6104b0886ef8dfdb4e1d9299c99a53fc8229c553108	2011-11-17 12:47:44	225	900	1	0	0	0	1	1	9000000000	221.4	9000000000	221.4	0	0	0	0	0	0	0
153683	fe1f8af078ba92216db655f59069de0ab8be3a1f4278738c66aaa11c8f26d7da	2011-11-17 13:13:43	135	540	1	0	1	0	1	1	0	0	5003279351	123.0807	0	0	0	0	0	0	0
153683	c511ba596183beec820e7199c2650224cebc950bccbefbb1691596eebbd2a052	2011-11-17 13:13:43	1160	4640	1	0	0	0	6	2	30011000000	738.2706	30011000000	738.2706	0	0	0	0	0	0	18048.649540324
153683	ea61d3521643547e5a35650a2c77edb46eb3c3535f5b143e456e6bb6f9bfcac8	2011-11-17 13:13:43	257	1028	1	0	0	0	1	2	500000000	12.3	500000000	12.3	0	0	0	0	0	0	438.79351851852
153683	8270a8bcb9d0d20d7bdbb65b6a758bce71bc57715f8356dedfeafabf38a3d38a	2011-11-17 13:13:43	620	2480	1	0	0	0	3	2	2903900020	71.4359	2903777800	71.4329	122220	0.003	197129	0.0048	49282.3	0.0012	893.24059598425
153683	61ed1d9ff291528f83e0a9bb12407d4692eadc1b9d378804c7b24ad44d475bc7	2011-11-17 13:13:43	619	2476	1	0	0	0	3	2	4398000000	108.1908	4398000000	108.1908	0	0	0	0	0	0	881.74545231481
153683	cf846a09ea486e2dc9841d34f5abfa030b4968c86735f811c6923f1f339f0810	2011-11-17 13:13:43	258	1032	1	0	0	0	1	2	500000000	12.3	500000000	12.3	0	0	0	0	0	0	342.4853587963
153683	8f1b04aa57ef29c6c11e9ea636acf4fa97c7b719579d8be1ca03cd3ad6a34182	2011-11-17 13:13:43	796	3184	1	0	0	0	4	2	190672849591	4690.5522	190672849591	4690.5522	0	0	0	0	0	0	0
153683	c36d1efa96f0c40ae19271a8d2479e5fbcf5eaf1db967c8d1b6ac83254accc2d	2011-11-17 13:13:43	387	1548	1	0	0	0	3	1	15002900000	369.0714	15002900000	369.0714	0	0	0	0	0	0	117.38151409722
153683	bc58b6b0fe78eeaa91a5d72a97c0f988d12824c28397539a6d50eb3bb2743da1	2011-11-17 13:13:43	158	632	1	0	0	0	1	1	5000000000	123	5000000000	123	0	0	0	0	0	0	43.65162037037
153683	5b4134d31a2d87010bfa1fead9c74a8694a942388baab5d5b82e470c357dda06	2011-11-17 13:13:43	193	772	1	0	0	0	1	2	5008854216	123.2178	5008854216	123.2178	0	0	0	0	0	0	43.801386607625
153683	8f74f2a265165c532373c1867d1944bce17045735e6ba757cc6a8ea07c78aa26	2011-11-17 13:13:43	259	1036	1	0	0	0	1	2	4965047508	122.1402	4965047508	122.1402	0	0	0	0	0	0	37.577479351346
153683	5189b87110d9c37913ca1a9820ba832b432d5105bc4703aaa860d83e6f1f8be9	2011-11-17 13:13:43	257	1028	1	0	0	0	1	2	4892545222	120.3566	4892545222	120.3566	0	0	0	0	0	0	37.028752848588
153683	d61b299331692d87718268a35b430e6df8aedc9dca39c0e993c097e76a6198eb	2011-11-17 13:13:43	257	1028	1	0	0	0	1	2	4889728258	120.2873	4889728258	120.2873	0	0	0	0	0	0	37.007432930426
153683	ad6379ebb9c7dd8f2c07141edf2e23bbac42bb751b408102210dbe786d8b2d11	2011-11-17 13:13:43	1159	4636	1	0	0	0	6	2	27501047097	676.5258	27501047097	676.5258	0	0	0	0	0	0	101.6480539903
153683	5291b4dfcebb2bdd53ac722ce04d219ba714abfa961454b7a778f786429c76ea	2011-11-17 13:13:43	259	1036	1	0	0	0	1	2	4502457819	110.7605	4502457819	110.7605	0	0	0	0	0	0	34.076414264147
153683	5a946777e147dcb97e0c3eb33ed768a548742a1ffe15a9ac9a3e1a18c98616f9	2011-11-17 13:13:43	258	1032	1	0	0	0	1	2	4435761145	109.1197	4435761145	109.1197	0	0	0	0	0	0	33.571626971377
153683	317109b205c676e173bef48ceb868d2416225dd38fa375063cdc3d46ccf7e395	2011-11-17 13:13:43	258	1032	1	0	0	0	1	2	2793285000	68.7148	2793285000	68.7148	0	0	0	0	0	0	17.865708609375
153683	5e4f8c069e2d8239e906bdb2ad13d5bd169b5a4cf1cb5f924be5b192e5d7a740	2011-11-17 13:13:43	800	3200	1	0	0	0	4	2	53969738750	1327.6556	53969738750	1327.6556	0	0	0	0	0	0	0
153683	54157091a184f2844774a3b52a152db8036c7ad39fa04b818d7b47e00a67f8b3	2011-11-17 13:13:43	225	900	1	0	0	0	1	1	8000000000	196.8	8000000000	196.8	0	0	0	0	0	0	0
153683	a185fea80ca97fff7eafdb42ba1d4fe04e1cf941c360ed35958669b6b670d502	2011-11-17 13:13:43	797	3188	1	0	0	0	4	2	19310003370	475.0261	19310003370	475.0261	0	0	0	0	0	0	0
153683	4091f3e7895df6e1ede7ae2d54c86be74d68bf19d0e2e56f65511e52fbac1122	2011-11-17 13:13:43	258	1032	1	0	0	0	1	2	2787168661	68.5643	2787167661	68.5643	1000	0	3875.97	0.0001	968.992	0	9.6802496735287
153683	3900c46c29090d4d49a0f4b1e3959d613c4cd55207b8fd504ae3dba2a822ecef	2011-11-17 13:13:43	5658	22632	1	0	0	0	31	2	52002298400	1279.2566	52002298400	1279.2566	0	0	0	0	0	0	197.68140550052
153683	ece4485cd249563c06f44b2123e554a1efc2da281c8cfbda26ff94dbe4a6bc9b	2011-11-17 13:13:43	617	2468	1	0	0	0	3	2	9923846000	244.1266	9923846000	244.1266	0	0	0	0	0	0	0
153683	c00e3ed638f3332d257cd6fc70a346b00768225bd3f5d3c588b8172d37b89958	2011-11-17 13:13:43	797	3188	1	0	0	0	4	2	12985342734	319.4394	12985342734	319.4394	0	0	0	0	0	0	10.295443717369
153683	a3f46835cd951dfea3739d185a896f04bf4718926e017898dce7fc6ca8c47951	2011-11-17 13:13:43	257	1028	1	0	0	0	1	2	13570636952	333.8377	13570636952	333.8377	0	0	0	0	0	0	0
153683	68f49856f8942e36669600e5fc141bf0bc883d4778723fd48c25175210a856e7	2011-11-17 13:13:43	259	1036	1	0	0	0	1	2	5900000000	145.14	5900000000	145.14	0	0	0	0	0	0	0
153683	8b28d0774522988f429f887740ecfd3a49f53ae64be65f1c368f9bb788601d16	2011-11-17 13:13:43	259	1036	1	0	0	0	1	2	5371500000	132.1389	5371450000	132.1377	50000	0.0012	193050	0.0047	48262.5	0.0012	0
153683	3ccc6d0bafdd968ca6593509c0e9a52c58ed3756cef8fac8724824702783c265	2011-11-17 13:13:43	258	1032	1	0	0	0	1	2	500000000	12.3	500000000	12.3	0	0	0	0	0	0	5.6429398148148
153683	7c8a598666ea9a37776ab05093f9b55856b5a610a7dda5d17a97f90b560bf479	2011-11-17 13:13:43	257	1028	1	0	0	0	1	2	14361253000	353.2868	14361253000	353.2868	0	0	0	0	0	0	0
153683	71ba8a29b95823a5d8e269c49a23a1510fbd2b54df77157df46af20570d22f0e	2011-11-17 13:13:43	257	1028	1	0	0	0	1	2	4485855563	110.3521	4485855563	110.3521	0	0	0	0	0	0	0
153683	d2e859d49adf4f4bac0a66ed0209cf2d111c6ca99c0e02dcab0f733451dacacb	2011-11-17 13:13:43	258	1032	1	0	0	0	1	2	5000000000	123	5000000000	123	0	0	0	0	0	0	0
153683	677e0520906c27943e865b72bbbde3aa27abe5c90916c7af608c7d2355507d79	2011-11-17 13:13:43	258	1032	1	0	0	0	1	2	4922149164	121.0849	4922149164	121.0849	0	0	0	0	0	0	0
153683	ba8b5535943b43eb411dee38250d00b78b35ae2b3ce04207c912605e413daff1	2011-11-17 13:13:43	257	1028	1	0	0	0	1	2	4891663854	120.3349	4891663854	120.3349	0	0	0	0	0	0	0
153683	cd3b69929d9620878dd619c6fd173338a610a8f6235d593911ca6a1579f6d680	2011-11-17 13:13:43	258	1032	1	0	0	0	1	2	4856908850	119.48	4856908850	119.48	0	0	0	0	0	0	0
153683	757c861079e759797c710eabdd29e629fa3798935eb2bdfa978eda15bafc26e6	2011-11-17 13:13:43	258	1032	1	0	0	0	1	2	4799659466	118.0716	4799659466	118.0716	0	0	0	0	0	0	0
153683	01d486b1c6d83cca05bf8337bc68eb41a38c32096bf01f8b82b4f45ecfec0814	2011-11-17 13:13:43	257	1028	1	0	0	0	1	2	4710645428	115.8819	4710645428	115.8819	0	0	0	0	0	0	0
153683	8e32a9facafb92b191642ed15ff0463a28229183a1cb32037effcfcd9134bff9	2011-11-17 13:13:43	257	1028	1	0	0	0	1	2	4665534100	114.7721	4665534100	114.7721	0	0	0	0	0	0	0
153683	939ecd76a0aeeeccff36671efde564b1a06663174cd3629afd3c9823fd578407	2011-11-17 13:13:43	259	1036	1	0	0	0	1	2	11068924261	272.2955	11068924261	272.2955	0	0	0	0	0	0	0
153683	8bb58c96b5c80ba27d51d0a5f745c6f193f6d124e5d2f9f6fade50d3abd14cb3	2011-11-17 13:13:43	258	1032	1	0	0	0	1	2	4553717335	112.0214	4553717335	112.0214	0	0	0	0	0	0	0
153683	d4ef10c99abd2cde0478b462128626ed0adb230a197a09214b0d17e435075334	2011-11-17 13:13:43	259	1036	1	0	0	0	1	2	4548858032	111.9019	4548858032	111.9019	0	0	0	0	0	0	0
153683	b4b2aacad827e4243d4d316eaa90cb1054320e534b8234c1d8c49384f92b4e76	2011-11-17 13:13:43	258	1032	1	0	0	0	1	2	10702509193	263.2817	10702509193	263.2817	0	0	0	0	0	0	0
153683	cd1dec85a9215f9be20a287263f85f423514d88aa72bb7868131a45a93d4a147	2011-11-17 13:13:43	258	1032	1	0	0	0	1	2	4456656902	109.6338	4456656902	109.6338	0	0	0	0	0	0	0
153683	7cbad713a79443dbaef4ced1e437669c6914b90f440f0e11cd3acecdec2f3743	2011-11-17 13:13:43	259	1036	1	0	0	0	1	2	10391050000	255.6198	10391050000	255.6198	0	0	0	0	0	0	0
153683	5cae0e907213853c58d9bfb1a9020b9492eaf735043581eeeb00594f13e8b2c9	2011-11-17 13:13:43	258	1032	1	0	0	0	1	2	4209798187	103.561	4209798187	103.561	0	0	0	0	0	0	0
153683	efe0988c9c701ff0b7547f2269182982fbd53c383ff0bfe3d955c2af1d91b011	2011-11-17 13:13:43	257	1028	1	0	0	0	1	2	9997818538	245.9463	9997818538	245.9463	0	0	0	0	0	0	0
153683	867c033cd7802cbcae2069ce9d76a1fb01a86918de6fa79d9c1ba74b6ee54bfd	2011-11-17 13:13:43	258	1032	1	0	0	0	1	2	9801467790	241.1161	9801467790	241.1161	0	0	0	0	0	0	0
153683	06116e9a0441d0f68964bead10e934f0ed63aaf9a0d553402a3b9530e6ff3e79	2011-11-17 13:13:43	259	1036	1	0	0	0	1	2	9667850000	237.8291	9667850000	237.8291	0	0	0	0	0	0	0
153683	c3d46c19aad5411b8a1e70bb812aede72d73e8011ab240f77035775972e83c6b	2011-11-17 13:13:43	258	1032	1	0	0	0	1	2	9315748896	229.1674	9315748896	229.1674	0	0	0	0	0	0	0
153683	b3aecca1d4d04dd341ff46257fb8a60198ad27617fac64d8a0e94676facd1b2a	2011-11-17 13:13:43	258	1032	1	0	0	0	1	2	3718494683	91.475	3718494683	91.475	0	0	0	0	0	0	0
153683	c6b7e66d8d4da1ee0de1fe772704c5468d0a1b328e12b821deaaac7a20691a1c	2011-11-17 13:13:43	258	1032	1	0	0	0	1	2	8670000000	213.282	8670000000	213.282	0	0	0	0	0	0	0
153683	befc9d0e2d7d0295997d8bca05e35f6cf662a4e75ff54aa51e8b37ebc37fd93b	2011-11-17 13:13:43	258	1032	1	0	0	0	1	2	8521500830	209.6289	8521500830	209.6289	0	0	0	0	0	0	0
153683	fe2438a90570b8c16eb244d864d09bc72fcf2af388cba8b71ca626f51dcbb7ac	2011-11-17 13:13:43	257	1028	1	0	0	0	1	2	8285593387	203.8256	8285593387	203.8256	0	0	0	0	0	0	0
153683	41d4509d73e0aef005d40d6020db8b56a373f1a22a80f64c4ef9ddaac0d69b1f	2011-11-17 13:13:43	257	1028	1	0	0	0	1	2	8279923467	203.6861	8279923467	203.6861	0	0	0	0	0	0	0
153683	e84236a8e5a32dc9d864832322cc77fdeaad7683d985e2a48ed9058526a5a880	2011-11-17 13:13:43	258	1032	1	0	0	0	1	2	7746250000	190.5578	7746250000	190.5578	0	0	0	0	0	0	0
153683	7b189fa3bdd7cf296a393c657cd1d5bb980d8bd58338a2b9266176bd0c14d10c	2011-11-17 13:13:43	258	1032	1	0	0	0	1	2	7492100000	184.3057	7492100000	184.3057	0	0	0	0	0	0	0
153683	9ba943c5ad308a04badc6ed8c7de1bbcdf81a0b0d4c7245ab15cec732718f797	2011-11-17 13:13:43	764	3056	1	0	0	0	4	1	1500256131	36.9063	1500000000	36.9	256131	0.0063	335250	0.0082	83812.5	0.0021	5.4550990226028
153683	285c0284fcdc04d7e265c9c85c9f330451eb375e5af9c2db7854e475d2ba96af	2011-11-17 13:13:43	797	3188	1	0	0	0	4	2	2147080000	52.8182	2147080000	52.8182	0	0	0	0	0	0	5.9429398148148
153683	173e83f9875c31f9cf60e2f1532de38185ec8e24111b9883cba4a288d1113872	2011-11-17 13:13:43	258	1032	1	0	0	0	1	2	5180352319	127.4367	5180352319	127.4367	0	0	0	0	0	0	0
153683	e7189f1d436efc83fbdd7a5c4350a4c36e658181e9ec0cb8dfeaec81a00c28b3	2011-11-17 13:13:43	257	1028	1	0	0	0	1	2	4996678770	122.9183	4996678770	122.9183	0	0	0	0	0	0	0
153683	6e678693499e8937e6372488b651f1728142410ab47585b1f6b818863c39458a	2011-11-17 13:13:43	258	1032	1	0	0	0	1	2	4999200000	122.9803	4999200000	122.9803	0	0	0	0	0	0	0
153683	2e4e60491fa1c12c4929aa57411f6674b58ea52423eb4fedcc31da7d7bb0deb5	2011-11-17 13:13:43	258	1032	1	0	0	0	1	2	4979376451	122.4927	4979376451	122.4927	0	0	0	0	0	0	0
153683	807d1b1127d516502f7abea181948d112469a7cd71ece1e13fb45ae476f39bbd	2011-11-17 13:13:43	258	1032	1	0	0	0	1	2	4962200000	122.0701	4962200000	122.0701	0	0	0	0	0	0	0
153683	d9ddd37dbd33f91382a7385ebd37eae1841e2258c98fbd1ec0e522127e6fd6b0	2011-11-17 13:13:43	258	1032	1	0	0	0	1	2	4900470631	120.5516	4900470631	120.5516	0	0	0	0	0	0	0
153683	aa5bb42739822d1911b693d87f3678884d1ad85bbcba47dc718f8849877c6aa5	2011-11-17 13:13:43	258	1032	1	0	0	0	1	2	4739543902	116.5928	4739543902	116.5928	0	0	0	0	0	0	0
153683	463f40ca9f6037c423edcdee63d117a8e341533451a3e49bc2de4c18c72a4474	2011-11-17 13:13:43	258	1032	1	0	0	0	1	2	4599300000	113.1428	4599300000	113.1428	0	0	0	0	0	0	0
153683	f4365fd6fd1a0a5ef2bdc6a0391cae8f1e4490ac37d1e78331f33e67a17b60d2	2011-11-17 13:13:43	258	1032	1	0	0	0	1	2	4585796433	112.8106	4585796433	112.8106	0	0	0	0	0	0	0
153683	40d1bf5cf5c794739e548bac122f85a0cc6df68c345e0f33edcd0e42de081578	2011-11-17 13:13:43	259	1036	1	0	0	0	1	2	4540050000	111.6852	4540050000	111.6852	0	0	0	0	0	0	0
153683	2ad5c97cc2c2c9392f49da16b218069357660e3a293ecd93fc5c7878f82fa4c2	2011-11-17 13:13:43	438	1752	1	0	0	0	2	2	531886421	13.0844	531886421	13.0844	0	0	0	0	0	0	2.8797128703704002
153683	0650008d6207552218702af4963afad90591bea96d95fcf538d5eeae9569f7e5	2011-11-17 13:13:43	258	1032	1	0	0	0	1	2	1341021015	32.9891	1341021015	32.9891	0	0	0	0	0	0	0
153683	4a3ad4ee88854cb2078193c91beeb68cc1d71b989dddd386d4b9b5a984213a86	2011-11-17 13:13:43	620	2480	1	0	0	0	3	2	1469168155	36.1415	1469168155	36.1415	0	0	0	0	0	0	0.16284282407407
153683	a47e03ab0c9aaf5a4a120000e89ec9e526841dffe2c39529f088b7eae3613abb	2011-11-17 13:13:43	257	1028	1	0	0	0	1	2	5001050000	123.0258	5001050000	123.0258	0	0	0	0	0	0	0
153683	837351e65eca088efabdc91c23eaa87e87078f52c9dd1a418e50993d6c6b2627	2011-11-17 13:13:43	259	1036	1	0	0	0	1	2	5004137586	123.1018	5004137586	123.1018	0	0	0	0	0	0	0
153683	d409c150d66db8f1e017aaf93a6e987969a827d7dcacdcc0b792444027eb2373	2011-11-17 13:13:43	258	1032	1	0	0	0	1	2	4965250313	122.1452	4965250313	122.1452	0	0	0	0	0	0	0
153683	95e35a81b2bc02d193b3c1013359487b63085ad409d2e5f80fecb58c28be4c3e	2011-11-17 13:13:43	257	1028	1	0	0	0	1	2	3566508921	87.7361	3566508921	87.7361	0	0	0	0	0	0	0
153683	b9519311cdce66559a4e4185ee25e3bcb4dc3354cf5317b79c7adf4733c51696	2011-11-17 13:13:43	258	1032	1	0	0	0	1	2	5002150000	123.0529	5002150000	123.0529	0	0	0	0	0	0	0
153683	bd74b85ab67d8012ccb474338438d2d864f2b41863a2600fc47e11dca9da1f3e	2011-11-17 13:13:43	258	1032	1	0	0	0	1	2	1090067859	26.8157	1090017859	26.8144	50000	0.0012	193798	0.0048	48449.6	0.0012	0
153683	47424334c312a482b2a770d409637aacd87ceea7a9290a62c2130808908f1e73	2011-11-17 13:13:43	584	2336	1	0	0	0	3	1	339700000	8.3566	339000000	8.3394	700000	0.0172	1198630	0.0295	299658	0.0074	1.5643399189815002
153683	8b0b10a3889ecffee0e3c1fb1029d73ccc0e963131243e0751278bd20fe139ed	2011-11-17 13:13:43	1337	5348	1	0	0	0	7	2	2875219687	70.7304	2875119687	70.7279	100000	0.0025	74794.3	0.0018	18698.6	0.0005	0
153683	1a16c5d67f6b51a8beefe62b4800b6aa1b79bee4d694e44c3c1a0076ab8479ab	2011-11-17 13:13:43	428	1712	1	0	0	0	1	7	2371891509	58.3485	2371841509	58.3473	50000	0.0012	116822	0.0029	29205.6	0.0007	0
153683	3b69af05ea59d0547ea70e60905d477beb70b3a980c691b7d39fad770474fcd3	2011-11-17 13:13:43	257	1028	1	0	0	0	1	2	3458356624	85.0756	3458356624	85.0756	0	0	0	0	0	0	0
153683	61d99be4c1ed57ebc4361fe43b88185bcada4a5adb7d559eb1e3fa9918d22fb9	2011-11-17 13:13:43	258	1032	1	0	0	0	1	2	2957981612	72.7663	2957981612	72.7663	0	0	0	0	0	0	0
153683	ce01cf7bc3fed459768b31f7cbfe0960c1eaa0b4e23422cdaf2fd521ff4cf756	2011-11-17 13:13:43	259	1036	1	0	0	0	1	2	2754989835	67.7728	2754989835	67.7728	0	0	0	0	0	0	0
153683	9ef9c123329acf3dec1d26e34fc2ac446ef9e5a6e5c1b02c79b159c873332773	2011-11-17 13:13:43	257	1028	1	0	0	0	1	2	1712583816	42.1296	1712533816	42.1283	50000	0.0012	194553	0.0048	48638.1	0.0012	0
153683	64cd6d77ed2c2ce67e3254f978a5a471fdc4e07fd8a64cd372d226d3073a333f	2011-11-17 13:13:43	258	1032	1	0	0	0	1	2	498755743	12.2694	498705743	12.2682	50000	0.0012	193798	0.0048	48449.6	0.0012	0
153683	0950a21f0bafd91e888d19ab616a04303b86464ed5767a6664306ec5d298569d	2011-11-17 13:13:43	618	2472	1	0	0	0	3	2	193188098	4.7524	193138098	4.7512	50000	0.0012	80906.1	0.002	20226.5	0.0005	0
153683	85d73d48dc7751df0907ac6058782bb9e587ff895013f17e1ace4d5f489a52d2	2011-11-17 13:13:43	257	1028	1	0	0	0	1	2	384898000	9.4685	384848000	9.4673	50000	0.0012	194553	0.0048	48638.1	0.0012	0
153683	c65c6d91e6078289e1b59f3d4781c4be0d18ab8489c71b3063c54c0998d2d24c	2011-11-17 13:13:43	257	1028	1	0	0	0	1	2	738224560	18.1603	738174560	18.1591	50000	0.0012	194553	0.0048	48638.1	0.0012	0
153683	1857176efe667610554a9f5f0e6b4ceb965d915cae52d220e091eaec33f328ce	2011-11-17 13:13:43	257	1028	1	0	0	0	1	2	734780466	18.0756	734780466	18.0756	0	0	0	0	0	0	0
153683	976026e359af87cb7833863c5439ac334530204a48f727a2ed80a37fbf522b46	2011-11-17 13:13:43	257	1028	1	0	0	0	1	2	100000000	2.46	99950000	2.4588	50000	0.0012	194553	0.0048	48638.1	0.0012	0
153683	3efec494f7c50780318fc0f4fc8e2aecb3201d3b14592d853add76cee65906e7	2011-11-17 13:13:43	258	1032	1	0	0	0	1	2	51715586	1.2722	51665586	1.271	50000	0.0012	193798	0.0048	48449.6	0.0012	0
153683	a6df1e34b8a3daf5725d718dc62980f269f82c1b74162203a4ddfc02305b8f48	2011-11-17 13:13:43	258	1032	1	0	0	0	1	2	279673657	6.88	279673657	6.88	0	0	0	0	0	0	0
153683	af28bd246d8904f5b0ed6c006dc1c3efba5bc49541d6d79f8088d29442d8e890	2011-11-17 13:13:43	258	1032	1	0	0	0	1	2	3000000	0.0738	3000000	0.0738	0	0	0	0	0	0	0
153683	a6f174458d7a596a0f41b2f42a03183955835f80d5da57c865f5529bb6f0a642	2011-11-17 13:13:43	257	1028	1	0	0	0	1	2	4224301826	103.9178	4224251826	103.9166	50000	0.0012	194553	0.0048	48638.1	0.0012	0
153683	0c7493c857055fb466f011c3c19d2f568e672ed0c27192baccc741a0ffd63015	2011-11-17 13:13:43	259	1036	1	0	0	0	1	2	4271982627	105.0908	4271932627	105.0895	50000	0.0012	193050	0.0047	48262.5	0.0012	0
153683	c5159d1e8e4ed0facc78b0b63e8b236b37a4bbe478eaca28b718fa765a3f85b9	2011-11-17 13:13:43	258	1032	1	0	0	0	1	2	3666803025	90.2034	3666753025	90.2021	50000	0.0012	193798	0.0048	48449.6	0.0012	0
153683	4a01489eaea8e42607ab520af0367624637f3990fe459c4656af819ee519551f	2011-11-17 13:13:43	258	1032	1	0	0	0	1	2	1658627016	40.8022	1658577016	40.801	50000	0.0012	193798	0.0048	48449.6	0.0012	0
153683	566ab11815a240c74f9a763bd5bdc4df5898b56562b02502e9a5b0f62d0b7852	2011-11-17 13:13:43	258	1032	1	0	0	0	1	2	441853538	10.8696	441803538	10.8684	50000	0.0012	193798	0.0048	48449.6	0.0012	0
153683	426c36d0909133e1bea02946db21ccea497005d8e0edd74f7f065b677e775daf	2011-11-17 13:13:43	258	1032	1	0	0	0	1	2	24574487	0.6045	24524487	0.6033	50000	0.0012	193798	0.0048	48449.6	0.0012	0
153683	1f7d166161fb226e503e756376d75620da1433a065afc1fedc73e94e0dafee67	2011-11-17 13:13:43	259	1036	1	0	0	0	1	2	241673657	5.9452	241673657	5.9452	0	0	0	0	0	0	0
153683	dfe8e538aa5edab4b5e6c8da7c1fe8bf86753c3a973e46aa79d4d65746875328	2011-11-17 13:13:43	257	1028	1	0	0	0	1	2	2482645042	61.0731	2482595042	61.0718	50000	0.0012	194553	0.0048	48638.1	0.0012	0
153683	374ac128b773a6c08e53934169799fb408f6a712ea1284ee985418c76a4e2186	2011-11-17 13:13:43	258	1032	1	0	0	0	1	2	3669139979	90.2608	3669089979	90.2596	50000	0.0012	193798	0.0048	48449.6	0.0012	0
153683	0419f20b87d8526a3c40e820ba75f8c948e5ef2a7a86eaf95f83c6f1d7b01c00	2011-11-17 13:13:43	258	1032	1	0	0	0	1	2	3334989075	82.0407	3334939075	82.0395	50000	0.0012	193798	0.0048	48449.6	0.0012	0
153683	f5126376ccfd2f59f5a1c2002771c3d760ca7f36840dfa30cf86db9ef0d60ea9	2011-11-17 13:13:43	258	1032	1	0	0	0	1	2	1120820634	27.5722	1120770634	27.571	50000	0.0012	193798	0.0048	48449.6	0.0012	0
153683	855031c46d33f1308b312dc1936a90abbcc2df43d34b041d53acda5eead624e8	2011-11-17 13:13:43	259	1036	1	0	0	0	1	2	429983873	10.5776	429933873	10.5764	50000	0.0012	193050	0.0047	48262.5	0.0012	0
153683	20be2441962738ddaada9957c61c1c26e3281b0bcd4183ee4f78caa42557453a	2011-11-17 13:13:43	259	1036	1	0	0	0	1	2	2081458714	51.2039	2081408714	51.2027	50000	0.0012	193050	0.0047	48262.5	0.0012	0
153683	ccdbb9d3b13cd2a959195b038ba376a9cb2cca56b4f3be63b0eb25e3fb4abdcf	2011-11-17 13:13:43	258	1032	1	0	0	0	1	2	1085673204	26.7076	1085623204	26.7063	50000	0.0012	193798	0.0048	48449.6	0.0012	0
153683	bfcb6ddc0f7a61a9318ea6a0d9bc6231a5c7d6cca02225056a7be9bdc87abc82	2011-11-17 13:13:43	258	1032	1	0	0	0	1	2	407702926	10.0295	407652926	10.0283	50000	0.0012	193798	0.0048	48449.6	0.0012	0
153683	117b34278d4532d7f3e597858b4dbb993b68a1a3d9df02b95110fadaffd7131a	2011-11-17 13:13:43	258	1032	1	0	0	0	1	2	365923630	9.0017	365873630	9.0005	50000	0.0012	193798	0.0048	48449.6	0.0012	0
153683	05083087317d2ad942b978d218ab72947ca91bd1099c75c631610c1ffcd5aead	2011-11-17 13:13:43	258	1032	1	0	0	0	1	2	1071089162	26.3488	1071039162	26.3476	50000	0.0012	193798	0.0048	48449.6	0.0012	0
153683	2566b0526575b9c95ce4176645ee0391b1997b301e5881dec37919a8ae86e79d	2011-11-17 13:13:43	257	1028	1	0	0	0	1	2	195221140	4.8024	195171140	4.8012	50000	0.0012	194553	0.0048	48638.1	0.0012	0
153683	00bc1254cd3d2a8cf49d59fe93d8888179a0a4a5eb9f77ec9d9974ed36ecca86	2011-11-17 13:13:43	259	1036	1	0	0	0	1	2	192182943	4.7277	192132943	4.7265	50000	0.0012	193050	0.0047	48262.5	0.0012	0
153683	0079aa667e09c5bcb1e33032db66ce9a0cb8e69987e96681bbaccf12babae54b	2011-11-17 13:13:43	258	1032	1	0	0	0	1	2	790577008	19.4482	790527008	19.447	50000	0.0012	193798	0.0048	48449.6	0.0012	0
153683	5019878beb350e5e728347e3aff24bb6d55731c7124ea1282f760f6a49473bca	2011-11-17 13:13:43	257	1028	1	0	0	0	1	2	177927340	4.377	177877340	4.3758	50000	0.0012	194553	0.0048	48638.1	0.0012	0
153683	dee0cc66ff080c893bc823fdbeca875b6ee9235910795e314ea88a584f9c3388	2011-11-17 13:13:43	259	1036	1	0	0	0	1	2	178734324	4.3969	178684324	4.3956	50000	0.0012	193050	0.0047	48262.5	0.0012	0
153683	de12705de8a7476ec230951b89034ed748e29cb8900ed1186ad81ebd74fa5e45	2011-11-17 13:13:43	258	1032	1	0	0	0	1	2	739596109	18.1941	739546109	18.1928	50000	0.0012	193798	0.0048	48449.6	0.0012	0
153683	0b3d546cf5661a561f805427451b4104eb581ab56366a6b88e4c2fb864a7ead9	2011-11-17 13:13:43	259	1036	1	0	0	0	1	2	162407509	3.9952	162357509	3.994	50000	0.0012	193050	0.0047	48262.5	0.0012	0
153683	55e49f030a3e17c231480c5a68e36e87dbfb3d78d772a819afda8ffd4fd957f7	2011-11-17 13:13:43	259	1036	1	0	0	0	1	2	108834842	2.6773	108784842	2.6761	50000	0.0012	193050	0.0047	48262.5	0.0012	0
153683	0e16d2bdeb539333acccda5d6eec1f1308537447963d40aabd396ccd287124dd	2011-11-17 13:13:43	258	1032	1	0	0	0	1	2	701746909	17.263	701696909	17.2617	50000	0.0012	193798	0.0048	48449.6	0.0012	0
153683	357b7d5aab7275eb6492dd65ef32a5740f68a5862d8e09f26e914d2cb09ca5f9	2011-11-17 13:13:43	259	1036	1	0	0	0	1	2	141662258	3.4849	141612258	3.4837	50000	0.0012	193050	0.0047	48262.5	0.0012	0
153683	d3a30cbac1a67138e1f3e4adf5a44f07a15ee059014334defaf4fd0afab5dfdb	2011-11-17 13:13:43	615	2460	1	0	0	0	3	2	20432836	0.5026	20382836	0.5014	50000	0.0012	81300.8	0.002	20325.2	0.0005	0.089345757244792
153683	1581ea3540ff17ffd4f7ef56d52d1560a861f119287fb92fe16c5ce46f132c92	2011-11-17 13:13:43	257	1028	1	0	0	0	1	2	52629193	1.2947	52579193	1.2934	50000	0.0012	194553	0.0048	48638.1	0.0012	0
153683	a5aa14821024b8fe52bceeeb0c1a9c626723bca03212a08c6f371240601e75fe	2011-11-17 13:13:43	258	1032	1	0	0	0	1	2	593530111	14.6008	593480111	14.5996	50000	0.0012	193798	0.0048	48449.6	0.0012	0
153683	2a91bdd6a833ae362e560a87ef597384c20389965a3d41d020f023bb6d2fc3e7	2011-11-17 13:13:43	258	1032	1	0	0	0	1	2	583930511	14.3647	583880511	14.3635	50000	0.0012	193798	0.0048	48449.6	0.0012	0
153683	bc4596bff305f0b9083a78c195ba1fb456b36e2d0392458dc21f1779955732d4	2011-11-17 13:13:43	258	1032	1	0	0	0	1	2	74210613	1.8256	74160613	1.8244	50000	0.0012	193798	0.0048	48449.6	0.0012	0
153683	2749465260147038208b040c60a5723c222f8ff2b44d79441e9e983477fd87ba	2011-11-17 13:13:43	258	1032	1	0	0	0	1	2	52720714	1.2969	52670714	1.2957	50000	0.0012	193798	0.0048	48449.6	0.0012	0
153684	c7b23ee35b47b31b9f44cdf8170c21a7c660c2c569883862cf06c6679da0ed3f	2011-11-17 13:14:05	135	540	1	0	1	0	1	1	0	0	5000000000	123	0	0	0	0	0	0	0
153685	8b89eec203cc06387dea3cf5b64043960e2c12b46750aa34fb5141f79c545cb2	2011-11-17 13:31:45	136	544	1	0	1	0	1	1	0	0	5001302000	123.032	0	0	0	0	0	0	0
153685	1e9b66d780e0c9708aae25a041137c495999610d23b10570e1a9d1348d93a7ec	2011-11-17 13:31:45	1879	7516	1	0	0	0	10	2	803999000	19.7784	803997000	19.7783	2000	0	1064.4	0	266.099	0	1122.4221986654
153685	177d32d56da5761e878ee9be079c5bd7d4f0f797cf5896e8d213ecadbc9abb4a	2011-11-17 13:31:45	979	3916	1	0	0	0	5	2	3618261518	89.0092	3618261518	89.0092	0	0	0	0	0	0	347.11335328704
153685	09e4d19d5e92f8629fe070489de7403271395145ac751736033a6e079a3ae175	2011-11-17 13:31:45	980	3920	1	0	0	0	5	2	1040000000	25.584	1040000000	25.584	0	0	0	0	0	0	329.76104756944
153685	b294309a2d0374826a94cf01dd5b791da75a9afb2135e2b89c65a3fafe916674	2011-11-17 13:31:45	1158	4632	1	0	0	0	6	2	10835000000	266.541	10835000000	266.541	0	0	0	0	0	0	325.40087430556
153685	ec6fb3bcb92bfea4e403eb5869ac8f44e0ff43bd7b0c7fbf5b3f0d9f900e110e	2011-11-17 13:31:45	159	636	1	0	0	0	1	1	5000000000	123	5000000000	123	0	0	0	0	0	0	39.287037037037
153685	d3aaaec1fe551a5fa0aafaacd4d0a12a390798f06a20c5308d1a3d93c30829cd	2011-11-17 13:31:45	798	3192	1	0	0	0	4	2	128277931923	3155.6372	128277931923	3155.6372	0	0	0	0	0	0	2.0712715277778
153685	496989065718345e91bd258ca75e3767245f7a509134886582f2b9611b879733	2011-11-17 13:31:45	257	1028	1	0	0	0	1	2	9960000000	245.016	9960000000	245.016	0	0	0	0	0	0	32.663958333333
153685	c47b0cceebd3112b89691e66205f4a16fbf41538c60cfd9fa4e64b393d84deab	2011-11-17 13:31:45	259	1036	1	0	0	0	1	2	5204000000	128.0184	5204000000	128.0184	0	0	0	0	0	0	20.646749537037
153685	cb69cd0c40e9741dcb81f52db2fe10181592a9fecd3b3563f451ecec98630012	2011-11-17 13:31:45	258	1032	1	0	0	0	1	2	3602423847	88.6196	3602423847	88.6196	0	0	0	0	0	0	14.292533223532
153685	d7ae9a1cb096d95d91f175ee70051e6ba63bec39a049002c7464d272693ad301	2011-11-17 13:31:45	439	1756	1	0	0	0	2	2	112418016	2.7655	112418016	2.7655	0	0	0	0	0	0	23.501628840367
153685	642687f603499b6d0c06b1e58954046709e5bbfbda3f88a7eb7d73ecf407d78e	2011-11-17 13:31:45	438	1752	1	0	0	0	2	2	19900900000	489.5621	19900850000	489.5609	50000	0.0012	114155	0.0028	28538.8	0.0007	0
153685	109bfc5b7a787d91bdb36cff3a9a4858d4acab366995afc74d52555e822867ea	2011-11-17 13:31:45	799	3196	1	0	0	0	4	2	4497844161	110.647	4497844161	110.647	0	0	0	0	0	0	1.7838734717523002
153685	a1e343edfb809705be1a96d9d1bd94cb074c838007b0fa76f6bb753fbac9b2a5	2011-11-17 13:31:45	258	1032	1	0	0	0	1	2	3859500000	94.9437	3859450000	94.9425	50000	0.0012	193798	0.0048	48449.6	0.0012	0
153685	b728fe74389047d235cd50e2eee3d4b33b80b6653f55c2a527df5bfa705a9370	2011-11-17 13:31:45	258	1032	1	0	0	0	1	2	2452893048	60.3412	2452893048	60.3412	0	0	0	0	0	0	0
153685	7a6d7dee31e96b25e731d12cb6111e1ecc49db004a8fdd8aba5e9bb2702f86c9	2011-11-17 13:31:45	438	1752	1	0	0	0	2	2	644420000	15.8527	644420000	15.8527	0	0	0	0	0	0	2.3777787638889
153685	09868485c5f28fca7bfa350ee5210b0281a192a76724291b10310893160e8aa6	2011-11-17 13:31:45	224	896	1	0	0	0	1	1	8000000000	196.8	8000000000	196.8	0	0	0	0	0	0	0
153685	3e23daeccbd37e3bc335a16edd77b61b92b80f8e24522cf4c9923d867b639cb4	2011-11-17 13:31:45	258	1032	1	0	0	0	1	2	630000000	15.498	629950000	15.4968	50000	0.0012	193798	0.0048	48449.6	0.0012	0
153685	835e4e09a72ddee233263beb8288c3903f80cacc5ba14bcad11a266e5b25beea	2011-11-17 13:31:45	7277	29108	1	0	0	0	40	2	200401616	4.9299	200001616	4.92	400000	0.0098	54967.7	0.0014	13741.9	0.0003	12.236450301361
153685	2ee572a4aec1dd256ebe244e5fcc77e887e0d10692f461dcf404f62f259d8c9b	2011-11-17 13:31:45	258	1032	1	0	0	0	1	2	403849972	9.9347	403799972	9.9335	50000	0.0012	193798	0.0048	48449.6	0.0012	0
153685	24edf9f197d9d7203cf005f7e1b040c5a1cf016b3a84ca63f369d54057c6f8d1	2011-11-17 13:31:45	257	1028	1	0	0	0	1	2	338147256	8.3184	338097256	8.3172	50000	0.0012	194553	0.0048	48638.1	0.0012	0
153685	00c3d1914c072dd410b0fc60b27cbf82ae9d2c17b2a5b10ef6379d2cb790c938	2011-11-17 13:31:45	258	1032	1	0	0	0	1	2	458000000	11.2668	457950000	11.2656	50000	0.0012	193798	0.0048	48449.6	0.0012	0
153685	59faf9291a87aaf481defa0dbc29234900b7934e0f9b2145ae656a2d1fb1b5fd	2011-11-17 13:31:45	259	1036	1	0	0	0	1	2	438000000	10.7748	437950000	10.7736	50000	0.0012	193050	0.0047	48262.5	0.0012	0
153685	3e3a2c99547f4eb1f21005b54f79e1c0b38015f5e82fdacd67ecf221c1ab8a70	2011-11-17 13:31:45	259	1036	1	0	0	0	1	2	69088645	1.6996	69038645	1.6984	50000	0.0012	193050	0.0047	48262.5	0.0012	0
153685	48c3fef3e10e136299409331cbf97e10a316e200d62273d1f18cba19497cb2df	2011-11-17 13:31:45	616	2464	1	0	0	0	3	2	20000000	0.492	19950000	0.4908	50000	0.0012	81168.8	0.002	20292.2	0.0005	0.090795138888889
153685	abc7f88ffd432da8510c5a0925d94820e704c3f6f65009fc6a0c7ebea8becef1	2011-11-17 13:31:45	258	1032	1	0	0	0	1	2	239533869	5.8925	239483869	5.8913	50000	0.0012	193798	0.0048	48449.6	0.0012	0
153685	7ad2a9ab20305d37c272c3cd67e51ec22542ed2ad919fc6622ac61c577b3d72e	2011-11-17 13:31:45	1336	5344	1	0	0	0	7	2	70000000	1.722	69900000	1.7195	100000	0.0025	74850.3	0.0018	18712.6	0.0005	0.12166435185185
153685	d132bed487bb1a050127c8a151f2156bff2fa48b73ca49d4a3e9b94fa407b924	2011-11-17 13:31:45	258	1032	1	0	0	0	1	2	191841509	4.7193	191791509	4.7181	50000	0.0012	193798	0.0048	48449.6	0.0012	0
153685	6ad56be337606a6e490c0fc9178921d7c9f6827112361f8cb88cf6e1fe98d2c4	2011-11-17 13:31:45	978	3912	1	0	0	0	5	2	71329476	1.7547	71279476	1.7535	50000	0.0012	51124.7	0.0013	12781.2	0.0003	0
153685	24106731b44577e4c967d2bc6fa20d7d9786de50f60ac131396c2c30b7d4e42a	2011-11-17 13:31:45	437	1748	1	0	0	0	2	2	259720000	6.3891	259670000	6.3879	50000	0.0012	114416	0.0028	28604.1	0.0007	0
153685	6a3b54be8166d674640de6b3aba1bd5790bb89fbd3e3a22f495f186370a843f5	2011-11-17 13:31:45	439	1756	1	0	0	0	2	2	57435083	1.4129	57385083	1.4117	50000	0.0012	113895	0.0028	28473.8	0.0007	0
153685	ccf7b4f5001ed74cc4c7e8d9918d929acbc7d38bf730c72a3e20a2d45525f3a7	2011-11-17 13:31:45	258	1032	1	0	0	0	1	2	3858950000	94.9302	3858900000	94.9289	50000	0.0012	193798	0.0048	48449.6	0.0012	0
153685	7582a927089b8a422649740f365af779c713cfe25148d759d1f86d3aefb08536	2011-11-17 13:31:45	325	1300	1	0	0	0	1	4	3858400000	94.9166	3858350000	94.9154	50000	0.0012	153846	0.0038	38461.5	0.0009	0
153686	f305c4205269d134a0b7b0ebe5ab075cbcd4d0e01e585b008d8d425c206f0d71	2011-11-17 13:38:47	135	540	1	0	1	0	1	1	0	0	5001200000	123.0295	0	0	0	0	0	0	0
153686	d2c5454c3d7bb2bad01820039b0bb798bdf3bbd5df33a75db847a7b6cf89a5a8	2011-11-17 13:38:47	1335	5340	1	0	0	0	11	2	55000000000	1353	55000000000	1353	0	0	0	0	0	0	339940.32349537
153686	b373c281fae27f760db69ec3f9d0ada0eb9209506cbaef609fe446c4645206f9	2011-11-17 13:38:47	619	2476	1	0	0	0	3	2	2201100000	54.1471	2201100000	54.1471	0	0	0	0	0	0	45.063407175926
153686	c91eb45d89a3fd61a4fa1d1a01a1a8d37b0a4de3b08b973d67d6fb5648f4ecdd	2011-11-17 13:38:47	617	2468	1	0	0	0	3	2	7310390111	179.8356	7310390111	179.8356	0	0	0	0	0	0	0.58587399156458
153686	a366ebcd48736a315541f1d7386ccc105a1d3227a809a0ed210422bb32afb284	2011-11-17 13:38:47	257	1028	1	0	0	0	1	2	13319184183	327.6519	13319184183	327.6519	0	0	0	0	0	0	0
153686	86f39b942eb982197c2e6cc0182b10945ce6fa427b6b51460d12b0a82d98455c	2011-11-17 13:38:47	258	1032	1	0	0	0	1	2	4925695305	121.1721	4925645305	121.1709	50000	0.0012	193798	0.0048	48449.6	0.0012	0
153686	3caa48c528899122db394701e4dd39b0ba3a0aa641258e020f7c51aa88f27d7e	2011-11-17 13:38:47	258	1032	1	0	0	0	1	2	9235000000	227.181	9234950000	227.1798	50000	0.0012	193798	0.0048	48449.6	0.0012	0
153686	f4522370d790e3fa0151f841878cfb5d0cf5f77817f055c14716af51f18f6e18	2011-11-17 13:38:47	258	1032	1	0	0	0	1	2	2748989835	67.6252	2748989835	67.6252	0	0	0	0	0	0	0
153686	7d2bf8f20781afead8d2fc772ee2c60f989bfcc029219de9701d3bddfa863a97	2011-11-17 13:38:47	258	1032	1	0	0	0	1	2	2566508921	63.1361	2566508921	63.1361	0	0	0	0	0	0	0
153686	058e56e229ff52e7092d4931f6358b8b8cd37bdc5dd11ac647e2d13a31230530	2011-11-17 13:38:47	224	896	1	0	0	0	1	1	2598000000	63.9108	2597000000	63.8862	1000000	0.0246	4464290	0.1098	1116070	0.0275	0
153686	6e4ebfafdd9aadaba1db46d6467936e9b7216b8c72dfc07bc58f9132dc57b004	2011-11-17 13:38:47	259	1036	1	0	0	0	1	2	634780466	15.6156	634780466	15.6156	0	0	0	0	0	0	0
153686	e5000326eeebcc5fe657c212688a8fe58647e2e89fbb6c10633ea7f85e51c755	2011-11-17 13:38:47	439	1756	1	0	0	0	2	2	152426646	3.7497	152426646	3.7497	0	0	0	0	0	0	0
153686	457dde805fa218d65f354b8416029aac096393af07fc0a6b9ae8e630a68d203c	2011-11-17 13:38:47	1876	7504	1	0	0	0	10	2	2141199	0.0527	2041199	0.0502	100000	0.0025	53304.9	0.0013	13326.2	0.0003	0.044715666650347
153687	e87843ff08985c4d88342cac7b9d8a87a6132ee0255b34ac4c5f86b49a330711	2011-11-17 13:43:32	135	540	1	0	1	0	1	1	0	0	5000100000	123.0025	0	0	0	0	0	0	0
153687	ea80784de57d9b37b8bddbb8b0a68208ac2d7bee0d398b696194c020b9e02c65	2011-11-17 13:43:32	223	892	1	0	0	0	1	1	1600000000	39.36	1600000000	39.36	0	0	0	0	0	0	943.36962962963
153687	749b450676b256e7048921dc850894d6b0973efb79591c32ae1fac0715b8754b	2011-11-17 13:43:32	1159	4636	1	0	0	0	6	2	1001045905	24.6257	1001045905	24.6257	0	0	0	0	0	0	94.741431884418
153687	eb8e55fdfa873825c824ea19364419324d0170f8171ad6e70d8ee6cce53c92e0	2011-11-17 13:43:32	258	1032	1	0	0	0	1	2	2237000000	55.0302	2237000000	55.0302	0	0	0	0	0	0	12.599436458333
153687	22d9f50ea08ed0ae3979f76b510211213f00fe305b45d87b7cd1f4f822a7a261	2011-11-17 13:43:32	1699	6796	1	0	0	0	9	2	1002000000	24.6492	1002000000	24.6492	0	0	0	0	0	0	53.861569212963
153687	56aa92cb0b7ee19dbb41104e8e148361627e461b833ecfcd9409126f26499aca	2011-11-17 13:43:32	258	1032	1	0	0	0	1	2	1088000000	26.7648	1088000000	26.7648	0	0	0	0	0	0	6.8517555555556005
153687	282a67d6f5d3a3520439f978c7506ad96b13d0546e6d462554368c47ebb7ed6b	2011-11-17 13:43:32	801	3204	1	0	0	0	4	2	9995666045	245.8934	9995666045	245.8934	0	0	0	0	0	0	2.8149706986997
153687	db89a2407ea26231f6d43addaa8aff561febdfba840b23a8901f538b13f5baa1	2011-11-17 13:43:32	437	1748	1	0	0	0	2	2	9732849000	239.4281	9732849000	239.4281	0	0	0	0	0	0	0
153687	d09720bb0220725318bb9035bfb2171b3a776b901e0e685f9987fb82944c8d7e	2011-11-17 13:43:32	257	1028	1	0	0	0	1	2	1380000000	33.948	1380000000	33.948	0	0	0	0	0	0	0
153687	a8673907e1549673483227a642e710df75e797fd00edf29d64a045c0c712e5b8	2011-11-17 13:43:32	800	3200	1	0	0	0	4	2	9177104613	225.7568	9177104613	225.7568	0	0	0	0	0	0	0
153687	94e741b81e12e98a7a3e4bec5db11988ba628f4d9fc801a3556703434014dea0	2011-11-17 13:43:32	257	1028	1	0	0	0	1	2	5194450000	127.7835	5194400000	127.7822	50000	0.0012	194553	0.0048	48638.1	0.0012	0
153687	5ed3a696d5b2927b17e9c848a2e39451dd6364a18976a2d0d77f455e4530bcbb	2011-11-17 13:43:32	258	1032	1	0	0	0	1	2	19787907	0.4868	19737907	0.4856	50000	0.0012	193798	0.0048	48449.6	0.0012	0
153687	0649c0be4e046262961951f4dfc0abcd304219d3465cd46026abc286bd4708d7	2011-11-17 13:43:32	1306	5224	1	0	0	0	7	1	3400000	0.0836	3400000	0.0836	0	0	0	0	0	0	0
153688	0034fd766fa8300f59eb04d41bcd7e8782885ac852db392eeaa055e4501d2561	2011-11-17 13:45:12	168	672	1	0	1	0	1	1	0	0	5000200000	123.0049	0	0	0	0	0	0	0
153688	4b487d15997d048b70c82b40ac27366db16606e144486834f83ae17a1738b200	2011-11-17 13:45:12	258	1032	1	0	0	0	1	2	3309747316	81.4198	3309747316	81.4198	0	0	0	0	0	0	24.278758696848
153688	c476afc2224b9f7fa2c79e46ecf86ebbfef0baa6882aea328d2e5a82eb661d7a	2011-11-17 13:45:12	800	3200	1	0	0	0	4	2	11700000000	287.82	11700000000	287.82	0	0	0	0	0	0	0
153688	4d9e42fab0ca8eed503cf1dcdf8b2e698b9e4f4b46dde647f95045693cec6247	2011-11-17 13:45:12	258	1032	1	0	0	0	1	2	1000000000	24.6	1000000000	24.6	0	0	0	0	0	0	0
153688	463a4a115934c5aa55cd5413650111cfa6271989a5d7ed3832d973881635c8eb	2011-11-17 13:45:12	437	1748	1	0	0	0	2	2	1093751636	26.9063	1093751636	26.9063	0	0	0	0	0	0	0
153688	15d1eee61ade485d99f8eb93916e4a4493a4ac949f10a9f05a815799393eae1a	2011-11-17 13:45:12	257	1028	1	0	0	0	1	2	5186400000	127.5854	5186350000	127.5842	50000	0.0012	194553	0.0048	48638.1	0.0012	0
153688	59bf7bdcd21effb5416b8632f1092b3aee12ab2a832aa9bb28b3df4f1479173b	2011-11-17 13:45:12	258	1032	1	0	0	0	1	2	526300000	12.947	526250000	12.9458	50000	0.0012	193798	0.0048	48449.6	0.0012	0
153688	00e490b813fb2839c210eea47c36a18194609005a0f13c2727ff0e83332bcca9	2011-11-17 13:45:12	258	1032	1	0	0	0	1	2	437939600	10.7733	437889600	10.7721	50000	0.0012	193798	0.0048	48449.6	0.0012	0
153688	313f00a84f8fa243ac9b970b63ac9aec03989ee30c9d0de4c0d26efb4f54360b	2011-11-17 13:45:12	258	1032	1	0	0	0	1	2	2800000	0.0689	2750000	0.0676	50000	0.0012	193798	0.0048	48449.6	0.0012	0.055758888888889
153689	71380331e8103093cf348ca75609de8610624a311eff6e053e1930617972b585	2011-11-17 13:46:30	168	672	1	0	1	0	1	1	0	0	5000050000	123.0012	0	0	0	0	0	0	0
153689	435414361d5baec16cc2d97547368c510f16edcbf59f825f6ff8f48064a39cc4	2011-11-17 13:46:30	257	1028	1	0	0	0	1	2	4200000000	103.32	4200000000	103.32	0	0	0	0	0	0	0
153689	c4dd97c0de38afeb98a08df2c886d39573bb70c6438aa86bd1a90d61fc357fef	2011-11-17 13:46:30	437	1748	1	0	0	0	2	2	778233552	19.1445	778183552	19.1433	50000	0.0012	114416	0.0028	28604.1	0.0007	0
153689	84c8a5cdc498b984348125c9c89ada92c0f4470a2576753f9a7a04e156aded78	2011-11-17 13:46:30	258	1032	1	0	0	0	1	2	13673657	0.3364	13673657	0.3364	0	0	0	0	0	0	0
153690	8c2a2c745a16b04a9edbd1bb6882c225c886ef692d45fb64cd99652f93c3a191	2011-11-17 13:50:51	135	540	1	0	1	0	1	1	0	0	5000000000	123	0	0	0	0	0	0	0
153690	3e5a647e392c5fa3c9478e552409043041e462415a3be7d886a242b8fb0763a1	2011-11-17 13:50:51	193	772	1	0	0	0	1	2	5006624452	123.163	5006624452	123.163	0	0	0	0	0	0	38.049186894355
153690	e7080fa900366dffaa0f4c0d87ba9679b10273857c5d42182b2a4345119b54ec	2011-11-17 13:50:51	799	3196	1	0	0	0	4	2	2080391518	51.1776	2080391518	51.1776	0	0	0	0	0	0	43.406033101852
153690	6c48afcdfd8fd23057b743d0a1cd623076e5f9e04dde3b0a72cd252aa37f2e03	2011-11-17 13:50:51	798	3192	1	0	0	0	4	2	6215000000	152.889	6215000000	152.889	0	0	0	0	0	0	14.150921296296
153690	304706b33b4ef4198d5b43d28138920664453eb6603c883c742e167fbffd9569	2011-11-17 13:50:51	258	1032	1	0	0	0	1	2	648989835	15.9651	648989835	15.9651	0	0	0	0	0	0	0
153690	5ecde1ea9e8985d86dd99b9608f7ef2e4653c41d80563552b651a9467b6163d1	2011-11-17 13:50:51	258	1032	1	0	0	0	1	2	149780466	3.6846	149780466	3.6846	0	0	0	0	0	0	0
153691	f2836f907e6ea7c38cd0865e1691ea9392bfcc5f104b41c915ce89e72f6b3709	2011-11-17 13:51:58	135	540	1	0	1	0	1	1	0	0	5000050000	123.0012	0	0	0	0	0	0	0
153691	f37a26fbd6b09fc1a7c576f1f5e59e189d9547913058d3abfa227236703184ab	2011-11-17 13:51:58	798	3192	1	0	0	0	4	2	812000000	19.9752	812000000	19.9752	0	0	0	0	0	0	7.607597337963
153691	65ff83731628f766528856b8c0eb618f9495bfdaca445bd4d80bfbdb993f1d4a	2011-11-17 13:51:58	258	1032	1	0	0	0	1	2	3856850000	94.8785	3856800000	94.8773	50000	0.0012	193798	0.0048	48449.6	0.0012	0
153691	fcd0709a48a275051e0b23486fe456f22eef44ea0b3910b952e050a35cdc4da9	2011-11-17 13:51:58	617	2468	1	0	0	0	3	2	1231014323	30.283	1231014323	30.283	0	0	0	0	0	0	0
153692	6fea53b53084de74c84d65c82407890ce147ccbe890ec1c7ae7c1ece2666d241	2011-11-17 13:52:09	168	672	1	0	1	0	1	1	0	0	5000000000	123	0	0	0	0	0	0	0
153692	80dcb35815b7cb32b397d331384b682b353c48104766302a215bbc4cef69e2e6	2011-11-17 13:52:09	258	1032	1	0	0	0	1	2	10980000000	270.108	10980000000	270.108	0	0	0	0	0	0	0
153692	e1e80a931e3d03b11188a52ae7a0dff3f0f1ace4f6587cfea72c0cdf23b1ca88	2011-11-17 13:52:09	258	1032	1	0	0	0	1	2	6673657	0.1642	6673657	0.1642	0	0	0	0	0	0	0
153693	bacb26235423da7f2e5784a13c50e4b9ced2442f33c36acb8ba472931380e4a5	2011-11-17 13:55:22	135	540	1	0	1	0	1	1	0	0	5000050000	123.0012	0	0	0	0	0	0	0
153693	c75e304db78068b0072901cc348df7555a32cc02563d53104bb502313f21ba6c	2011-11-17 13:55:22	224	896	1	0	0	0	1	1	2100000000	51.66	2100000000	51.66	0	0	0	0	0	0	0
153693	b756234c2960a5e01c82f90a6cd801baffe4c1f8ed8b6bdd61e2cc9528baf697	2011-11-17 13:55:22	258	1032	1	0	0	0	1	2	66157609	1.6275	66107609	1.6262	50000	0.0012	193798	0.0048	48449.6	0.0012	0
153693	a21dafbe9c4ee1e1eaa110d2beb3298681193e528c6c556c50d086da1ebac1bc	2011-11-17 13:55:22	259	1036	1	0	0	0	1	2	120780466	2.9712	120780466	2.9712	0	0	0	0	0	0	0
153694	b4043a6f7a58c60066d7e345dd5c6ca1a6bfc88d4033e5082f4edcc620fee630	2011-11-17 13:58:15	168	672	1	0	1	0	1	1	0	0	5000200000	123.0049	0	0	0	0	0	0	0
153694	8dc8a4a0d8b2b513860b55a72df38f19b32c8a16197a9695a8570c1b30927d83	2011-11-17 13:58:15	800	3200	1	0	0	0	4	2	834794000841	20535.9336	834794000841	20535.9336	0	0	0	0	0	0	1.597646412037
153694	54b7b9159101364d89d895fe6ab4f372bfaa4abfda757a0558c8fff0949363a7	2011-11-17 13:58:15	273	1092	1	0	0	0	2	1	10001500000	246.0369	10001500000	246.0369	0	0	0	0	0	0	77.115470578704
153694	643a633dd39d2c54a216b30f56a4802b647a052df452b93f634d8e3a2ff45bc8	2011-11-17 13:58:15	258	1032	1	0	0	0	1	2	4697834524	115.5667	4697834524	115.5667	0	0	0	0	0	0	15.940557261587
153694	688b6b865242d045349fe81c709527048125cbe9b56307fc617c1d1a087af49f	2011-11-17 13:58:15	258	1032	1	0	0	0	1	2	4645294999	114.2743	4645294999	114.2743	0	0	0	0	0	0	15.762281653436
153694	9f4b1693674803afa525f7e024a6f07b45ce3b259e9ee1ec4fd3b9ad3f682131	2011-11-17 13:58:15	257	1028	1	0	0	0	1	2	4571175472	112.4509	4571175472	112.4509	0	0	0	0	0	0	15.510781401924
153694	6b060df9182cb8ab0ed404f88c02a2627d71295bce06da987b348da4e1b965a4	2011-11-17 13:58:15	259	1036	1	0	0	0	1	2	4602143766	113.2127	4602143766	113.2127	0	0	0	0	0	0	15.61586212822
153694	7c5d53eae399010ffd9f56f2d9b9c25e3fe50f25022aa008f8d171ec2021dd01	2011-11-17 13:58:15	259	1036	1	0	0	0	1	2	4499044687	110.6765	4499044687	110.6765	0	0	0	0	0	0	15.266029292683
153694	4d178f96e851afb2175e6d6ddb58c897ffd7f97ae98cefd4175a17397d6f0de4	2011-11-17 13:58:15	259	1036	1	0	0	0	1	2	1029164912	25.3175	1029164912	25.3175	0	0	0	0	0	0	14.980900866609
153694	a21cdfde20a3d11a5de2223b87ac56f6f96dc6a0f40e18a8bde4f1235b2f68e5	2011-11-17 13:58:15	257	1028	1	0	0	0	1	2	4215050554	103.6902	4215050554	103.6902	0	0	0	0	0	0	0
153694	f4050675c1f20d87e71fafbdd500f5d74010c3225dbd7105554e12bcc28fac83	2011-11-17 13:58:15	259	1036	1	0	0	0	1	2	4167049026	102.5094	4167049026	102.5094	0	0	0	0	0	0	0
153694	379d938fe745d6eb38173859516cd459fb1795a4dc3b88b1b6553d785763e860	2011-11-17 13:58:15	259	1036	1	0	0	0	1	2	4150903400	102.1122	4150903400	102.1122	0	0	0	0	0	0	0
153694	1efe859390b07630766a3c176c5181b401ce32e9aa90fa95f3c1fd0a78d48715	2011-11-17 13:58:15	258	1032	1	0	0	0	1	2	3817787310	93.9176	3817787310	93.9176	0	0	0	0	0	0	0
153694	d8684775b8709c8e1c522868babe45beb25f058b7116d4aee93bd10f12d02eb9	2011-11-17 13:58:15	257	1028	1	0	0	0	1	2	3788352516	93.1935	3788352516	93.1935	0	0	0	0	0	0	0
153694	cdec4a035db5fa6bc8ddaac07ce95e6c7252bc69c852056e3340730baaef2942	2011-11-17 13:58:15	259	1036	1	0	0	0	1	2	3694711982	90.8899	3694711982	90.8899	0	0	0	0	0	0	0
153694	ba467d81e611e17e91f369c431e6db70b23cff1d346aaf11789a42cf2c9fa55b	2011-11-17 13:58:15	258	1032	1	0	0	0	1	2	3664916907	90.157	3664916907	90.157	0	0	0	0	0	0	0
153694	27bb455a64792cfa04773db4261c1ad83b0b879377f53395077c8e4f37bbf80e	2011-11-17 13:58:15	259	1036	1	0	0	0	1	2	3642924129	89.6159	3642924129	89.6159	0	0	0	0	0	0	0
153694	34ef69c34a1b50061a39f4a95f2732d47d6f1f460b76cafaa97de9eaa7b2e9de	2011-11-17 13:58:15	258	1032	1	0	0	0	1	2	3583235245	88.1476	3583235245	88.1476	0	0	0	0	0	0	0
153694	423867a14b776cbed75f05f232361b144838fc201dd384b203de3a8943eccec0	2011-11-17 13:58:15	259	1036	1	0	0	0	1	2	3427489359	84.3162	3427489359	84.3162	0	0	0	0	0	0	0
153694	d407fa09fcbfcf4d8176b24d4211a85d77a1d010a351290beb5138ca30f946bb	2011-11-17 13:58:15	257	1028	1	0	0	0	1	2	2933082739	72.1538	2933082739	72.1538	0	0	0	0	0	0	0
153694	d5e766ee8c079fe2b0aff8430c0c7608542b1199757527231b8e9aff17754bb8	2011-11-17 13:58:15	257	1028	1	0	0	0	1	2	2872721642	70.669	2872721642	70.669	0	0	0	0	0	0	0
153694	fd88d11211c55ef6146d08cbf3f8bd802973c21e1f2ca90a20b0b4f39b811756	2011-11-17 13:58:15	258	1032	1	0	0	0	1	2	2654058877	65.2898	2654058877	65.2898	0	0	0	0	0	0	0
153694	e08527f3faf67aa591bf2f7550c687e58225b97e2d34e33c59a35c399f924998	2011-11-17 13:58:15	259	1036	1	0	0	0	1	2	2314304858	56.9319	2314304858	56.9319	0	0	0	0	0	0	0
153694	77acc0ed63a7c5f9d708be57f1fb0cf070a43d0bdde8f71c3975a9bcedcb2758	2011-11-17 13:58:15	259	1036	1	0	0	0	1	2	246757076	6.0702	246707076	6.069	50000	0.0012	193050	0.0047	48262.5	0.0012	0
153694	fe569f046a69f5c695cb62923a2a6fbdc5e1f2cafb0ff19fb0d010736f4658b4	2011-11-17 13:58:15	616	2464	1	0	0	0	3	2	274471547	6.752	274421547	6.7508	50000	0.0012	81168.8	0.002	20292.2	0.0005	0
153694	af62214433bd378d8fb92bf1e4fc0476105d87e71b57b6c42beb00386a4581a7	2011-11-17 13:58:15	618	2472	1	0	0	0	3	2	79953732	1.9669	79903732	1.9656	50000	0.0012	80906.1	0.002	20226.5	0.0005	0
153694	3e3016a203656d55a2e450455b36e12cddedf127432dae66914c666a5f9da225	2011-11-17 13:58:15	258	1032	1	0	0	0	1	2	300000	0.0074	250000	0.0062	50000	0.0012	193798	0.0048	48449.6	0.0012	0
153695	e88b6862fce6d07d07646cb291c987eb2b2ce75d3dc97d1de4629602326661af	2011-11-17 14:04:56	135	540	1	0	1	0	1	1	0	0	5000200000	123.0049	0	0	0	0	0	0	0
153695	be2a7eb03841842de5b08f8799af21e920d6643562e13750b8c31c3e99f51b46	2011-11-17 14:04:56	796	3184	1	0	0	0	4	2	687647450149	16916.127	687647450149	16916.127	0	0	0	0	0	0	4.5249684097222005
153695	530dfee15a6077c92f183187423c1ae56b3eaa0f4bb8a2103efde92309416830	2011-11-17 14:04:56	259	1036	1	0	0	0	1	2	10000000000	246	10000000000	246	0	0	0	0	0	0	155.10532407407
153695	adaf36483af037b818eb6a32fb24c6ba8be7199234b510237ce372860fc73bd8	2011-11-17 14:04:56	257	1028	1	0	0	0	1	2	3173822073	78.076	3173822073	78.076	0	0	0	0	0	0	37.35008181903
153695	8f96742428dbdcea699a4d5a2266878fc84cf16b33e9ff2d3c9fb4a02a12b997	2011-11-17 14:04:56	259	1036	1	0	0	0	1	2	3095074545	76.1388	3095074545	76.1388	0	0	0	0	0	0	36.423367420366
153695	eae2df11ce729c7c328b2c3965fdb4bf72d4827ee59f09ed61e5e1c1d6bac940	2011-11-17 14:04:56	439	1756	1	0	0	0	2	2	13079000000	321.7434	13079000000	321.7434	0	0	0	0	0	0	14.826509027778
153695	147082d19670851805e0ae6eb1049d9b93c97066f6b50db1eec884fbed7e1e92	2011-11-17 14:04:56	438	1752	1	0	0	0	2	2	1905960000	46.8866	1905960000	46.8866	0	0	0	0	0	0	27.218819444444
153695	670c6bcea4a9744e1d1aa258c7c21e0394d37e1812f767a544b82cf797932fb4	2011-11-17 14:04:56	258	1032	1	0	0	0	1	2	8421500830	207.1689	8421500830	207.1689	0	0	0	0	0	0	0
153695	b1ce317238fad465f0a83398c6b85a0d485b2239988cf23b06b9a59fb2a9c2b0	2011-11-17 14:04:56	258	1032	1	0	0	0	1	2	8177923467	201.1769	8177923467	201.1769	0	0	0	0	0	0	0
153695	765360081445a53ca01de999c32521c289fa73d3c8c93555f0760abd2d5c20db	2011-11-17 14:04:56	259	1036	1	0	0	0	1	2	8134593387	200.111	8134593387	200.111	0	0	0	0	0	0	0
153695	91c160bc04114e1c593a889d6fcce8d718b8a525ebf331dde9daf8b6bebcd6f3	2011-11-17 14:04:56	257	1028	1	0	0	0	1	2	7642250000	187.9994	7642250000	187.9994	0	0	0	0	0	0	0
153695	d7d6c29c7e6222f92ac6a9c3dfd28316f093c7684477a01b830cd923bcedb27c	2011-11-17 14:04:56	258	1032	1	0	0	0	1	2	7392100000	181.8457	7392100000	181.8457	0	0	0	0	0	0	0
153695	db57e0db30b2f7d3db2fb76cb38c130490175db63e31458652c2ce70c37b2d19	2011-11-17 14:04:56	225	900	1	0	0	0	1	1	10000000000	246	10000000000	246	0	0	0	0	0	0	0
153695	c3de91f3957308c1da686320ccb74c8bfbe6e0b05cdd636cc75bf19055eacee2	2011-11-17 14:04:56	257	1028	1	0	0	0	1	2	4980352319	122.5167	4980352319	122.5167	0	0	0	0	0	0	0
153695	908803610e790a4c99e05f158c17b87e698efe5b737830d1ba59f5c570cb5a3e	2011-11-17 14:04:56	257	1028	1	0	0	0	1	2	4971678770	122.3033	4971678770	122.3033	0	0	0	0	0	0	0
153695	1f428bfb50193f631353f8561cdac6d1963977865009e75c78da8b9b86169a8b	2011-11-17 14:04:56	258	1032	1	0	0	0	1	2	4976150000	122.4133	4976150000	122.4133	0	0	0	0	0	0	0
153695	3a0c71f5752a358689152156d0e6d93362d42d9024f704927bb9af9ee04b9b7b	2011-11-17 14:04:56	258	1032	1	0	0	0	1	2	4969376451	122.2467	4969376451	122.2467	0	0	0	0	0	0	0
153695	4eadd88a1517d53dc93022dcd653865c6071d835f0927bb3fc41131787577852	2011-11-17 14:04:56	259	1036	1	0	0	0	1	2	4962137586	122.0686	4962137586	122.0686	0	0	0	0	0	0	0
153695	7b26aa5ef859aa1a43f69e589830e714e6d8b5780d5d781b254622f676ba2392	2011-11-17 14:04:56	258	1032	1	0	0	0	1	2	4862200000	119.6101	4862200000	119.6101	0	0	0	0	0	0	0
153695	6697f89b14807f2e49d2aeea6d73908cf3d0237838b0adebf0d604d9174e20a9	2011-11-17 14:04:56	259	1036	1	0	0	0	1	2	4800470631	118.0916	4800470631	118.0916	0	0	0	0	0	0	0
153695	165a6e70f085adc6587e3ed46ec794c8d708dbb193811aee9bf6177d4db51368	2011-11-17 14:04:56	258	1032	1	0	0	0	1	2	4749200000	116.8303	4749200000	116.8303	0	0	0	0	0	0	0
153695	47244b069982fd3c486e8f9296ac0e0be21db13f33fe5bc8884d376af641f02e	2011-11-17 14:04:56	258	1032	1	0	0	0	1	2	4738543902	116.5682	4738543902	116.5682	0	0	0	0	0	0	0
153695	cf0d09931783cb0a55394d1fbcb3cc23be864e8126207c299fae1a1104eb9b3d	2011-11-17 14:04:56	258	1032	1	0	0	0	1	2	4598300000	113.1182	4598300000	113.1182	0	0	0	0	0	0	0
153695	6edeb0d325633eda96e31a5917479667e3c9f178cd345c142d18c7ca2fe7cebb	2011-11-17 14:04:56	258	1032	1	0	0	0	1	2	4555796433	112.0726	4555796433	112.0726	0	0	0	0	0	0	0
153695	c5a271f3c516ef50e5a2cc9693aa8c8d0dbc04784cfebd11927af8417d603406	2011-11-17 14:04:56	259	1036	1	0	0	0	1	2	4538050000	111.636	4538050000	111.636	0	0	0	0	0	0	0
153695	94f063ccd75552f78a1e27991efefd2d9e2cde6466df38d39674b43023848e4c	2011-11-17 14:04:56	1339	5356	1	0	0	0	7	2	10339000000	254.3394	10339000000	254.3394	0	0	0	0	0	0	0
153695	dcb971cc29bc5e9c78006d499e6584842e3275ccdbb39a38afec55f22b804ebf	2011-11-17 14:04:56	258	1032	1	0	0	0	1	2	4301050000	105.8058	4301050000	105.8058	0	0	0	0	0	0	0
153695	83210e2c4066755573de3dd65252ce69560096d52f4f2b77a63e352af69ec7e7	2011-11-17 14:04:56	258	1032	1	0	0	0	1	2	5000000000	123	5000000000	123	0	0	0	0	0	0	0
153695	6476645f27d80012acb5041cedb2e55238b700f9195d338933d2ed111fcd6bb2	2011-11-17 14:04:56	258	1032	1	0	0	0	1	2	1684497577	41.4386	1684497577	41.4386	0	0	0	0	0	0	0
153695	fcce21879d9c986ba0c1f616e9242a22ec57df460953f963af8d014cf0b57eef	2011-11-17 14:04:56	439	1756	1	0	0	0	2	2	249900000	6.1475	249900000	6.1475	0	0	0	0	0	0	4.8991317476852
153695	6243f592ec9ac6e7f351eae8631c99ae4bfc8c84931141ce256cddc468d9bd90	2011-11-17 14:04:56	258	1032	1	0	0	0	1	2	3240356624	79.7128	3240356624	79.7128	0	0	0	0	0	0	0
153695	6c7689fa303d6f750983b88613cd4f480c31c5cc7fd8002c72c82f4f54041d10	2011-11-17 14:04:56	259	1036	1	0	0	0	1	2	3579970270	88.0673	3579970270	88.0673	0	0	0	0	0	0	0
153695	94328663792548c1863a6ab4de6ab8d38c95e906688d886f8b80f56ddd040901	2011-11-17 14:04:56	258	1032	1	0	0	0	1	2	2950981612	72.5941	2950981612	72.5941	0	0	0	0	0	0	0
153695	da21459f740dfea1f26f073178b7d8c2de43c47dc378b2afff0f089bf20333cc	2011-11-17 14:04:56	259	1036	1	0	0	0	1	2	1979508921	48.6959	1979508921	48.6959	0	0	0	0	0	0	0
153695	5f31c49673cce0af7a8e4596c2b404fe698ba7f5e037aa37a0028a1207c663aa	2011-11-17 14:04:56	439	1756	1	0	0	0	2	2	101443607	2.4955	101393607	2.4943	50000	0.0012	113895	0.0028	28473.8	0.0007	1.2479504860653
153695	8abfae0fc95b0fc863a978fdaad0ca89685be0fbecbe4130a44174e4c0a3c279	2011-11-17 14:04:56	1155	4620	1	0	0	0	6	2	3001104213	73.8272	3001004213	73.8247	100000	0.0025	86580.1	0.0021	21645	0.0005	0
153695	a04c56d2400858debaba895377e2f2774f2e3126c14b849249995dfec397ecd5	2011-11-17 14:04:56	428	1712	1	0	0	0	1	7	878604455	21.6137	878554455	21.6124	50000	0.0012	116822	0.0029	29205.6	0.0007	0
153695	c56c7ee8d8c4f87d14d10adbb0137adc730dcfbbdf5bc44535bdb26a4b9dda03	2011-11-17 14:04:56	257	1028	1	0	0	0	1	2	610460122	15.0173	610460122	15.0173	0	0	0	0	0	0	0
153695	e6b78bb98307706502c7cc0bec25d06d42315bfab5bb055595b81cb5c2ad203c	2011-11-17 14:04:56	259	1036	1	0	0	0	1	2	109780466	2.7006	109780466	2.7006	0	0	0	0	0	0	0
153695	4b1bf003797c3374e813405a0919d0b73dd159389f96f83b5772c7ca9acf082c	2011-11-17 14:04:56	583	2332	1	0	0	0	3	1	14601361	0.3592	14601361	0.3592	0	0	0	0	0	0	0
153695	c671c8d0ac989d2d356fc3935e37b681e5e567d51690bcbc48e8a9e7ae8a2ac8	2011-11-17 14:04:56	258	1032	1	0	0	0	1	2	2000000	0.0492	2000000	0.0492	0	0	0	0	0	0	0
153695	4e7dbf10645e4a61bff904d6d303bb67141e8cb3a3254b10551ee57c27e28809	2011-11-17 14:04:56	437	1748	1	0	0	0	2	2	5555100	0.1367	5555100	0.1367	0	0	0	0	0	0	0
153696	b4118b69dc241c828645276f21d4e295ae93ba2d8bf33a31778f2699ced4dfe0	2011-11-17 14:26:10	168	672	1	0	1	0	1	1	0	0	5003316668	123.0816	0	0	0	0	0	0	0
153696	8e94ced5529e9d41b35ca7bb65a696216bc2766d983e6b2a367db92e16cadeae	2011-11-17 14:26:10	1461	5844	1	0	0	0	11	2	55000000000	1353	55000000000	1353	0	0	0	0	0	0	284396.06365741
153696	6922a30cf6663f13265773ea02c38655009421770857e73b51ac3aa5dc8c0f38	2011-11-17 14:26:10	224	896	1	0	0	0	1	1	10000000000	246	10000000000	246	0	0	0	0	0	0	825.39236111111
153696	0913240a2b780e27dd1d5fcce97353e451c93f450c43e5cde77140ad881625b6	2011-11-17 14:26:10	257	1028	1	0	0	0	1	2	50000000000	1230	50000000000	1230	0	0	0	0	0	0	861.63773148148
153696	02e74e236a3b6382cdd67a80f6b3f6206df932da33395cca9b0d6adf0b375b4f	2011-11-17 14:26:10	797	3188	1	0	0	0	4	2	947234093859	23301.959	947234093859	23301.959	0	0	0	0	0	0	9.9661716234796
153696	8bc30fd3d4a12661471fef7314bc35dfc462decce814cbf6c1955184a9c235b7	2011-11-17 14:26:10	800	3200	1	0	0	0	4	2	856774298328	21076.6484	856774298328	21076.6484	0	0	0	0	0	0	0
153696	47c3fd90120eb860d2748df6648c7512cb9364a3a8ef32b3d9831a432d9dc216	2011-11-17 14:26:10	258	1032	1	0	0	0	1	2	10767701000	264.8854	10767701000	264.8854	0	0	0	0	0	0	91.100483263773
153696	6ce96fd114107b96202e7a2bbb270bfe5c126ffe4668f875b807bd9b388c94b3	2011-11-17 14:26:10	438	1752	1	0	0	0	2	2	24179260000	594.8098	24179260000	594.8098	0	0	0	0	0	0	130.06132974306
153696	96e951d5e1cb9575d05b2063136825917c6e3e2fe5fffe55877e335745d344a5	2011-11-17 14:26:10	439	1756	1	0	0	0	2	2	18058000000	444.2268	18057000000	444.2022	1000000	0.0246	2277900	0.056	569476	0.014	136.46957291667
153696	ce6bc1e7bcc803c610b007eac6bd34068690f407324659e0fb65fab60156892c	2011-11-17 14:26:10	585	2340	1	0	0	0	3	1	19547000000	480.8562	19546000000	480.8316	1000000	0.0246	1709400	0.0421	427350	0.0105	139.62096354167
153696	afdebb000c11d450772197cc84c38197d9a09344846e33869f73e91f20a4971a	2011-11-17 14:26:10	259	1036	1	0	0	0	1	2	10000000000	246	10000000000	246	0	0	0	0	0	0	58.658564814815
153696	cd844e3b3a1322e6d18fab3b187a6a151a1fcfdc4eeca6c895553ad60de2338d	2011-11-17 14:26:10	799	3196	1	0	0	0	4	2	119489581361	2939.4438	119489581361	2939.4438	0	0	0	0	0	0	5.46493584375
153696	4e336c8b3ff44554de7237533bfe97c99702111db12993b695633401c0c79684	2011-11-17 14:26:10	585	2340	1	0	0	0	3	1	2100000000	51.66	2100000000	51.66	0	0	0	0	0	0	43.600277777778
153696	f87d5e17e9d5892a107514501ca01a31206aca0bc972c810966194d09e576637	2011-11-17 14:26:10	2647	10588	1	0	0	0	2	67	10000000000	246	10000000000	246	0	0	0	0	0	0	153.40219907407
153696	9bf0e7af146d0ef8559a024a6c1c45bff1dda9c9dd7fb69c9ac48c06e0f602ea	2011-11-17 14:26:10	619	2476	1	0	0	0	3	2	13599900000	334.5576	13599400000	334.5453	500000	0.0123	807754	0.0199	201939	0.005	0
153696	e8ac916ab2db98d3b4b2c86356a459556584d90c675be481991e8e7037e193f1	2011-11-17 14:26:10	257	1028	1	0	0	0	1	2	10687509193	262.9127	10687509193	262.9127	0	0	0	0	0	0	0
153696	90f5544399f31fbe122367e7ec1a1bc72d7e3c7fe618e1818be4eda5e4a0fdb5	2011-11-17 14:26:10	258	1032	1	0	0	0	1	2	10378050000	255.3	10378050000	255.3	0	0	0	0	0	0	0
153696	bfff6b44870a6fae6dd7b9631c418c1952f820f00e547a66ab3a179fd0f83fa3	2011-11-17 14:26:10	257	1028	1	0	0	0	1	2	9567850000	235.3691	9567850000	235.3691	0	0	0	0	0	0	0
153696	969a907b6b37d65c81c40fd69bcfa724facf0740f46b1982973dcb092863347f	2011-11-17 14:26:10	258	1032	1	0	0	0	1	2	9599467790	236.1469	9599467790	236.1469	0	0	0	0	0	0	0
153696	dd3ca962c53dd7930ce24880e12b1d77072fde2c72e5dc271b5970a3b85ba0d3	2011-11-17 14:26:10	258	1032	1	0	0	0	1	2	9109748896	224.0998	9109748896	224.0998	0	0	0	0	0	0	0
153696	721de5b424fc0e6b14c3ddd2c61778e97467aaee54b4b2469231d5b32ddffdf4	2011-11-17 14:26:10	258	1032	1	0	0	0	1	2	8989818538	221.1495	8989818538	221.1495	0	0	0	0	0	0	0
153696	7b81bfe3cba2aca26fcf738912dad3340377711746949939fc37896c6114ed82	2011-11-17 14:26:10	258	1032	1	0	0	0	1	2	8470000000	208.362	8470000000	208.362	0	0	0	0	0	0	0
153696	4c806be87a51e6db5477ddeed58a69c66912e3ea34c02fedd461f3ab4b167bf2	2011-11-17 14:26:10	798	3192	1	0	0	0	4	2	201106003	4.9472	201006003	4.9447	100000	0.0025	125313	0.0031	31328.3	0.0008	22.111813634847
153696	d51c50383294271ed9a4f19b30ff1b6bb00d27c9f929d709dede870d1734669d	2011-11-17 14:26:10	259	1036	1	0	0	0	1	2	809866664	19.9227	809849996	19.9223	16668	0.0004	64355.2	0.0016	16088.8	0.0004	6.518957972362
153696	613363de7dea4cec56dc921cb0cc4363471b965718bd3ca5c2deeb7b7b9575c3	2011-11-17 14:26:10	223	892	1	0	0	0	1	1	5000000000	123	5000000000	123	0	0	0	0	0	0	0
153696	2690fa1632e7b43978790b091694ea21c5679eb390335d2a143ec8ce7e6fa811	2011-11-17 14:26:10	798	3192	1	0	0	0	4	2	8531710299	209.8801	8531710299	209.8801	0	0	0	0	0	0	0
153696	917b99cdd1eef40d4591d086d91021f83aefb1330b3f69ddb9abdf7525ef395c	2011-11-17 14:26:10	437	1748	1	0	0	0	2	2	508760898	12.5155	508260898	12.5032	500000	0.0123	1144160	0.0281	286041	0.007	5.0798253211014
153696	84c29deeefeb960fa807a56894b22b29b63ab638bcb947f0ad7e7e81dbfa87c3	2011-11-17 14:26:10	258	1032	1	0	0	0	1	2	500000000	12.3	500000000	12.3	0	0	0	0	0	0	2.8569444444444
153696	0f5f05e9d8d7ee7d40f7c80eed8a0e7afd0c328e3e9070c7352ccb28b82d1978	2011-11-17 14:26:10	258	1032	1	0	0	0	1	2	950700000	23.3872	950700000	23.3872	0	0	0	0	0	0	0
153696	76ca02b4e23aeeda7286dcd223d078f7c0b7dbc1c95dc41af92f8433f9760bab	2011-11-17 14:26:10	259	1036	1	0	0	0	1	2	1980000000	48.708	1980000000	48.708	0	0	0	0	0	0	0
153696	195a9a306ab2259093d72080f380f5b88e35b1e4d8b04fedf9a299d640e8404a	2011-11-17 14:26:10	1125	4500	1	0	0	0	6	1	7779604	0.1914	7779604	0.1914	0	0	0	0	0	0	5.9564801819532
153696	61879b1463195dfaba89cfe9eb0a255b899869974935ee89c5ed3a7c81d6ff5f	2011-11-17 14:26:10	439	1756	1	0	0	0	2	2	1028784451	25.3081	1028734451	25.3069	50000	0.0012	113895	0.0028	28473.8	0.0007	0
153696	ec561904912eff39f128f73222ed5d0ebb4f2716882bb4fcbd669035bf5176a3	2011-11-17 14:26:10	258	1032	1	0	0	0	1	2	7132360000	175.4561	7132310000	175.4548	50000	0.0012	193798	0.0048	48449.6	0.0012	0
153696	647fd355bacd821a793738f9eea7d12eb0c12022cbffd092b6b55569705c0b1d	2011-11-17 14:26:10	259	1036	1	0	0	0	1	2	303297062	7.4611	303247062	7.4599	50000	0.0012	193050	0.0047	48262.5	0.0012	0
153696	55d3dd41d03050ab5d3cdadd2d95b1d94848e5f8e2f6b490e233019a5d28bdb6	2011-11-17 14:26:10	259	1036	1	0	0	0	1	2	1275914030	31.3875	1275864030	31.3863	50000	0.0012	193050	0.0047	48262.5	0.0012	0
153697	339b8011be0d8104d1a2cde402f87253053275b51cd607919b356a667b61c19f	2011-11-17 14:33:36	135	540	1	0	1	0	1	1	0	0	5000400000	123.0098	0	0	0	0	0	0	0
153697	18a3005aea446d79a3fe604fb2a441c19bd9f0ca945d2cc3b52c9575308fb232	2011-11-17 14:33:36	257	1028	1	0	0	0	1	2	6675000000	164.205	6675000000	164.205	0	0	0	0	0	0	2324.6266927083
153697	cfee3187f050fc5dd1071f5d920ad3a313beb696e791d2686dd672fbc0051961	2011-11-17 14:33:36	257	1028	1	0	0	0	1	2	1439949000	35.4227	1439949000	35.4227	0	0	0	0	0	0	1643.4571254986
153697	7b4c2efde3fb243aea25bec6c05606bc172197bd8a1140b0871c754eb881bb20	2011-11-17 14:33:36	158	632	1	0	0	0	1	1	5003973804	123.0978	5003973804	123.0978	0	0	0	0	0	0	38.388703200293
153697	93b8f4b9816d413abe769d175ead885ad25f29396013d9f9e6ef7409f0566d47	2011-11-17 14:33:36	193	772	1	0	0	0	1	2	5001950000	123.048	5001950000	123.048	0	0	0	0	0	0	36.616705503472
153697	501900fb34051890ee696200df0e4fca0c23570992365582f3017e636e3b2e60	2011-11-17 14:33:36	259	1036	1	0	0	0	1	2	3899950000	95.9388	3899950000	95.9388	0	0	0	0	0	0	37.580351527778
153697	3348ed3678aa63166d640771d2f98bb1943c7efbfa77e3d64023d4385b731f03	2011-11-17 14:33:36	259	1036	1	0	0	0	1	2	1946566803	47.8855	1946566803	47.8855	0	0	0	0	0	0	32.724401404601
153697	f28261c2f8a14ceeaea1045e1eb277b2b9769be5d16964dad5efe42e911e07e5	2011-11-17 14:33:36	259	1036	1	0	0	0	1	2	1300000000	31.98	1300000000	31.98	0	0	0	0	0	0	14.261782407407
153697	0f5ba287e212df1b8c6a6506ed80be3ed4deaada4ba237793857024af4d1d348	2011-11-17 14:33:36	259	1036	1	0	0	0	1	2	10966924261	269.7863	10966924261	269.7863	0	0	0	0	0	0	0
153697	3039f2d74708748f2fb6766eadcf20a18a626d206196d795691c37717a5ae35c	2011-11-17 14:33:36	258	1032	1	0	0	0	1	2	655000000	16.113	655000000	16.113	0	0	0	0	0	0	10.603191550926
153697	e45eeb4ce1c4430fb3a9f7e252488205f52e2da23bbbb53e607cfaef61060df0	2011-11-17 14:33:36	799	3196	1	0	0	0	4	2	10366223441	255.0091	10366223441	255.0091	0	0	0	0	0	0	0.46315321018264
153697	45d17066c4545dd5d2070ffd7d705425411df7e7db7f9c15c396a5bdcbb3dcac	2011-11-17 14:33:36	618	2472	1	0	0	0	3	2	4503907349	110.7961	4503907349	110.7961	0	0	0	0	0	0	9.5125180555556
153697	8a735fe101e82d58dcbd959b006aab37d39b1d3012bad8a1384eb5abcc0774be	2011-11-17 14:33:36	2595	10380	1	0	0	0	14	2	101000099	2.4846	101000099	2.4846	0	0	0	0	0	0	51.056960320264
153697	bcddee01708da4dce7690c6eb4673e649e3cee2a996d9a2026c0a0996b158b12	2011-11-17 14:33:36	259	1036	1	0	0	0	1	2	1839000000	45.2394	1839000000	45.2394	0	0	0	0	0	0	0
153697	b51f957166388e28c962a6dc41145d0c402374677cdc4718142f48bb94f9ac79	2011-11-17 14:33:36	224	896	1	0	0	0	1	1	1000000000	24.6	1000000000	24.6	0	0	0	0	0	0	0
153697	8f2ae8d866bce0cf56225d36fabb8c4bd6262819c543952991341cc95ac8699f	2011-11-17 14:33:36	259	1036	1	0	0	0	1	2	779800000	19.1831	779800000	19.1831	0	0	0	0	0	0	0
153697	cf652d01216ad51e71dca7268b5e7ef364fed74666c29a5efc7bd6bcdb941ed9	2011-11-17 14:33:36	257	1028	1	0	0	0	1	2	8101593387	199.2992	8101593387	199.2992	0	0	0	0	0	0	0
153697	d5e71d53abaa4eeb0db113a6c9b617f4edb79f50dccfbd59c92d0308ccc088db	2011-11-17 14:33:36	258	1032	1	0	0	0	1	2	8076923467	198.6923	8076923467	198.6923	0	0	0	0	0	0	0
153697	4886f4d1ef312c15fd648f1a9e41ab24358036ce732e67afa79f01220837e59e	2011-11-17 14:33:36	257	1028	1	0	0	0	1	2	7920500830	194.8443	7920500830	194.8443	0	0	0	0	0	0	0
153697	f1585856f4fae0848703c1031ecccda080668513ff615973ab7d572e02a32cfd	2011-11-17 14:33:36	258	1032	1	0	0	0	1	2	7390250000	181.8002	7390250000	181.8002	0	0	0	0	0	0	0
153697	d34d60781459bb4a97a5265c8ddf31aa829bb5792dedcd3a8d2e986c9395fdf0	2011-11-17 14:33:36	259	1036	1	0	0	0	1	2	7291100000	179.3611	7291100000	179.3611	0	0	0	0	0	0	0
153697	ad9dc68ab4603c4034263556bb93bb29d3ca20b08f83b7beff94c10a298494b2	2011-11-17 14:33:36	257	1028	1	0	0	0	1	2	4951137586	121.798	4951137586	121.798	0	0	0	0	0	0	0
153697	8cb9d6d810fecd3edf2eb5696539399a393a31ccc25ab931b1d5cb7dc6f1a17b	2011-11-17 14:33:36	258	1032	1	0	0	0	1	2	4968150000	122.2165	4968150000	122.2165	0	0	0	0	0	0	0
153697	aa077f2173bd9a713722344424cf1b375e8a441daf69e0006284b34638f5497e	2011-11-17 14:33:36	258	1032	1	0	0	0	1	2	4966185900	122.1682	4966185900	122.1682	0	0	0	0	0	0	0
153697	9af6e13f1e51e0863a10f09a1432d7f7933d69118182d025b6fe70269e8a3b89	2011-11-17 14:33:36	258	1032	1	0	0	0	1	2	4953678770	121.8605	4953678770	121.8605	0	0	0	0	0	0	0
153697	3786b102d663caf31dff0732ba9b1cb2097d9e30ce3ad2285d791eb01d40158c	2011-11-17 14:33:36	259	1036	1	0	0	0	1	2	4960376451	122.0253	4960376451	122.0253	0	0	0	0	0	0	0
153697	a966b4d8668560f969a105d9cd0b35f967558d13528ad55d7ddbc37a7c5f3ff4	2011-11-17 14:33:36	257	1028	1	0	0	0	1	2	4857200000	119.4871	4857200000	119.4871	0	0	0	0	0	0	0
153697	add657a9579efb73ef727e6a541656c19488a7b0635f10daef7832c56b3dfcb9	2011-11-17 14:33:36	258	1032	1	0	0	0	1	2	4776470631	117.5012	4776470631	117.5012	0	0	0	0	0	0	0
153697	245c912c049aa14e3f74a784d2bd90af0bda5af8a2510d1f0bbe908db00dd698	2011-11-17 14:33:36	258	1032	1	0	0	0	1	2	4738200000	116.5597	4738200000	116.5597	0	0	0	0	0	0	0
153697	080c662861acb92032ccc441f2d8f9389502ed38cbde214b385ab67e89267dcf	2011-11-17 14:33:36	259	1036	1	0	0	0	1	2	4689000000	115.3494	4689000000	115.3494	0	0	0	0	0	0	0
153697	db37642c4d7797b0810531e6e2339e2fcb39e90fe3b8d5dab521bc33fc49d306	2011-11-17 14:33:36	258	1032	1	0	0	0	1	2	4512050000	110.9964	4512050000	110.9964	0	0	0	0	0	0	0
153697	186c374bdb81f747ec54fea32b561136622cf09a27c0b37690f522ca7f1aa38a	2011-11-17 14:33:36	259	1036	1	0	0	0	1	2	4498300000	110.6582	4498300000	110.6582	0	0	0	0	0	0	0
153697	ef486243ecb8872000f30ded67d9268c0eef181a0959cecf6c02e8f66e9c0c35	2011-11-17 14:33:36	258	1032	1	0	0	0	1	2	4455796433	109.6126	4455796433	109.6126	0	0	0	0	0	0	0
153697	310b7e583ab2d5643a646603e26d31c330310557c046774af8f2ff84e12d5b40	2011-11-17 14:33:36	259	1036	1	0	0	0	1	2	4230543902	104.0714	4230543902	104.0714	0	0	0	0	0	0	0
153697	296ab6f81062b5c31fff7799728a8e3698a159e82ecf5917021d0e318873bcae	2011-11-17 14:33:36	259	1036	1	0	0	0	1	2	4087050000	100.5414	4087050000	100.5414	0	0	0	0	0	0	0
153697	8c991abf643e7574be84810d1ed4c74ad569f41d46882fcfc541007a0006d875	2011-11-17 14:33:36	258	1032	1	0	0	0	1	2	3131356624	77.0314	3131356624	77.0314	0	0	0	0	0	0	0
153697	32ae1341d1024b1c73b964498d49371ab4bd387cfc734506f16f103b0763a3b8	2011-11-17 14:33:36	258	1032	1	0	0	0	1	2	2928981612	72.0529	2928981612	72.0529	0	0	0	0	0	0	0
153697	7e44c07d3065a763e6bfbf34f58e70b92ce7ff6db48f40e0b225c4db64454787	2011-11-17 14:33:36	259	1036	1	0	0	0	1	2	1778508921	43.7513	1778508921	43.7513	0	0	0	0	0	0	0
153697	805f060bf26b0801dd7732261a0db08ea62d19ea9ed2988df22728e710f9eb3e	2011-11-17 14:33:36	258	1032	1	0	0	0	1	2	100000000	2.46	99950000	2.4588	50000	0.0012	193798	0.0048	48449.6	0.0012	0
153697	cbfa8359496c505b71136fcabb6147a0f82bee691084b83d8c110069709947eb	2011-11-17 14:33:36	1874	7496	1	0	0	0	10	2	76310122	1.8772	76210122	1.8748	100000	0.0025	53361.8	0.0013	13340.4	0.0003	0.62930343154664
153697	948beb247aece948593735a0be491a27593892dbc7d7696e9e5ebbaa0e6975cd	2011-11-17 14:33:36	257	1028	1	0	0	0	1	2	510460122	12.5573	510460122	12.5573	0	0	0	0	0	0	0
153697	8b70df7918d196d200f89b490e0b3b076e08026fd09ecb538edb1ee25ae87066	2011-11-17 14:33:36	2162	8648	1	0	0	0	1	58	3903944031	96.037	3903794031	96.0333	150000	0.0037	69380.2	0.0017	17345.1	0.0004	0
153697	a477e9f96f5fcd76f4231f5b16e1cd4562e539fc70cf3dcafe00e289e42a0695	2011-11-17 14:33:36	259	1036	1	0	0	0	1	2	84780466	2.0856	84780466	2.0856	0	0	0	0	0	0	0
153697	bbf1208becc6868739eeee549f7dcc5b58395749f162276119aa0523ae52786b	2011-11-17 14:33:36	257	1028	1	0	0	0	1	2	109849996	2.7023	109799996	2.7011	50000	0.0012	194553	0.0048	48638.1	0.0012	0
153697	dd94421f7bbffb48f99e77456d7f2d6665bcd3b12aaa6f11cf5747f5d4829d36	2011-11-17 14:33:36	224	896	1	0	0	0	1	1	1000000	0.0246	1000000	0.0246	0	0	0	0	0	0	0
153697	52059f63126e7b25f4e65b2f1de02181505a03ce6fe1484196a8ea74fccddf60	2011-11-17 14:33:36	258	1032	1	0	0	0	1	2	6575000000	161.745	6574950000	161.7438	50000	0.0012	193798	0.0048	48449.6	0.0012	0
153698	01ed6445c00af595adb9d9dd7bfc8606d7515277d6f7732976740d6c86a207cd	2011-11-17 14:40:12	135	540	1	0	1	0	1	1	0	0	5000150000	123.0037	0	0	0	0	0	0	0
153698	d0cdd88296aed0c58ee4b4d31efdbdec6a6c5c5eec3e1f3791bbfa2110dd40c2	2011-11-17 14:40:12	2601	10404	1	0	0	0	14	2	4001012397	98.4249	4001012397	98.4249	0	0	0	0	0	0	4742.3032465549
153698	f883a7a1caefe6f5f2482407af4b6a000ea84f49d348642fbafeec2263078011	2011-11-17 14:40:12	438	1752	1	0	0	0	2	2	784000000	19.2864	784000000	19.2864	0	0	0	0	0	0	783.068125
153698	d3516d3c18558829050c7ba1511fad5e206cee979118f26ca7248c8ddb22120e	2011-11-17 14:40:12	158	632	1	0	0	0	1	1	5000700000	123.0172	5000700000	123.0172	0	0	0	0	0	0	39.191249895833
153698	2d224bcf49794903ce87b896afea14ef86954caee128b3c5f9b2301911a19444	2011-11-17 14:40:12	259	1036	1	0	0	0	1	2	900000000	22.14	900000000	22.14	0	0	0	0	0	0	43.462083333333
153698	cc13438238a3c46009652cc8dd934e53f476b85815cceaecdf3dc87b74b817ec	2011-11-17 14:40:12	223	892	1	0	0	0	1	1	6195652000	152.413	6195652000	152.413	0	0	0	0	0	0	0
153698	7a8510020088acac2de3c477d0db0ec8dc3d4a1e95243dc53efce860e7c50a98	2011-11-17 14:40:12	259	1036	1	0	0	0	1	2	13281297034	326.7199	13281297034	326.7199	0	0	0	0	0	0	0
153698	be86e0f3ed67a25ddf243f4c4d76370778564fee91217b08cda9a9568aa6f42f	2011-11-17 14:40:12	258	1032	1	0	0	0	1	2	2000000000	49.2	2000000000	49.2	0	0	0	0	0	0	0
153698	d48ffd5cc9a454474e7a1d4ea56a09ed1f03ac906274d74653c0779cc650b4c6	2011-11-17 14:40:12	799	3196	1	0	0	0	4	2	12226845219	300.7804	12226845219	300.7804	0	0	0	0	0	0	4.3765555555556
153698	598daaec64242d4ba3ec50602e6c002daff8559bda27d49a0a51214bb4590084	2011-11-17 14:40:12	225	900	1	0	0	0	1	1	544610000	13.3974	544610000	13.3974	0	0	0	0	0	0	3.7958182395833
153698	f4fd76b2e668fa7cf3b6c914b1e86223731ecaf16ae0c6716c5cebbdb9ed5cf1	2011-11-17 14:40:12	799	3196	1	0	0	0	4	2	309239482	7.6073	309239482	7.6073	0	0	0	0	0	0	12.595103371387
153698	6305460a032b449e59051a1b6b530e840dcbe15bd10290f4f21ac3ae288389e2	2011-11-17 14:40:12	257	1028	1	0	0	0	1	2	4423856619	108.8269	4423856619	108.8269	0	0	0	0	0	0	0
153698	8ba939ef7a5c79451fc2b60fcef4043f4b7ccc8d18f6435eaf64018ba0032bf4	2011-11-17 14:40:12	798	3192	1	0	0	0	4	2	2746628909	67.5671	2746628909	67.5671	0	0	0	0	0	0	5.1102838565845
153698	ac348c4d4be4ee45024cc481b4ce437ec33cf1e2a71aa11ab84ef44480a07bb2	2011-11-17 14:40:12	258	1032	1	0	0	0	1	2	8367000000	205.8282	8367000000	205.8282	0	0	0	0	0	0	0
153698	3d2ae61cbff9d30fa519a0930b18de6ad79fdc7e296b08676bf0e66cda165739	2011-11-17 14:40:12	224	896	1	0	0	0	1	1	802685010	19.7461	802635010	19.7448	50000	0.0012	223214	0.0055	55803.6	0.0014	0
153698	56b97b167b31ce0c747e6249a84a94fe3a83320b6c9ed9e21eeeca363e6be75d	2011-11-17 14:40:12	259	1036	1	0	0	0	1	2	1913981612	47.084	1913981612	47.084	0	0	0	0	0	0	0
153698	94d09c720c494b88ac6eea2ca959f7545ee1bca0e81e25103aec0ebbfc243da5	2011-11-17 14:40:12	257	1028	1	0	0	0	1	2	1160508921	28.5485	1160508921	28.5485	0	0	0	0	0	0	0
153698	0a81c16da9f8cee300c77d512f5803f52acdc1f5c91f22c868dfd6624e752c1d	2011-11-17 14:40:12	257	1028	1	0	0	0	1	2	408460122	10.0481	408460122	10.0481	0	0	0	0	0	0	0
153698	df493643ce5bc8d0ce0449001e3e386b8be86848bdb4d51fd64f5687d5c18cc6	2011-11-17 14:40:12	259	1036	1	0	0	0	1	2	98389982	2.4204	98339982	2.4192	50000	0.0012	193050	0.0047	48262.5	0.0012	0
153698	e702329ff57f74215584168a15f7b8fe697932d4de15ff29c01fca8a39a9590f	2011-11-17 14:40:12	257	1028	1	0	0	0	1	2	279800000	6.8831	279750000	6.8819	50000	0.0012	194553	0.0048	48638.1	0.0012	0
153698	cda9ff86fcbe0e1e11b274e7adfd1033405692ac7dd5fe858ffbb0f1f7bbbb3f	2011-11-17 14:40:12	257	1028	1	0	0	0	1	2	58842876	1.4475	58842876	1.4475	0	0	0	0	0	0	0
153699	8d350d499bea3a9f94269a1684217eab8e42c6e8fbdc4f1182bdb342a2e2271e	2011-11-17 15:01:38	135	540	1	0	1	0	1	1	0	0	5003376000	123.0831	0	0	0	0	0	0	0
153699	cb7963727f9484067b217837a801785f06f377a33cb2ee648e53ab6e85027094	2011-11-17 15:01:38	979	3916	1	0	0	0	5	2	29676000000	730.0296	29676000000	730.0296	0	0	0	0	0	0	14747.652596181
153699	adc24baf07c6d351689336944f82fa1976fef91a42e87a146fb05cb3488f8752	2011-11-17 15:01:38	616	2464	1	0	0	0	3	2	10801805918	265.7244	10801805918	265.7244	0	0	0	0	0	0	606.13990740741
153699	41cba18b6dd81d8a9d60a74b30bd1105de135a244663aae6778c0b3bbbd8eba9	2011-11-17 15:01:38	1317	5268	1	0	0	0	5	12	24856933789	611.4806	24856933789	611.4806	0	0	0	0	0	0	273.6899030186
153699	11372031f266bab3ea70b28258c62edc67cd733269130d470a1db4524275d9ce	2011-11-17 15:01:38	257	1028	1	0	0	0	1	2	3567200000	87.7531	3567200000	87.7531	0	0	0	0	0	0	28.060734722222
153699	f845f2fbb63799e0ca42ed5a5b26628d6a57478662e4050573f8a5f45e08bfc4	2011-11-17 15:01:38	223	892	1	0	0	0	1	1	7847826000	193.0565	7847800000	193.0559	26000	0.0006	116592	0.0029	29148	0.0007	0
153699	8a4d6d9620411681ab1db1552f58237bcc49a287973527876ae29fe1a793d44a	2011-11-17 15:01:38	258	1032	1	0	0	0	1	2	15002900000	369.0714	15002900000	369.0714	0	0	0	0	0	0	0
153699	a56dff1e00e25df042f60cd83292ea55f63141154b52efaea846b914a482b1a5	2011-11-17 15:01:38	258	1032	1	0	0	0	1	2	14349649969	353.0014	14349649969	353.0014	0	0	0	0	0	0	0
153699	d348bff7662b5b2bcd592ac664c4bbc82e65e40f04fd6b73716fdb730dbff74e	2011-11-17 15:01:38	798	3192	1	0	0	0	4	2	1302146590	32.0328	1301146590	32.0082	1000000	0.0246	1253130	0.0308	313283	0.0077	34.551281670039
153699	90e8b33d4149c25d290b3d7b1bf05bc376c1d1103c76a821f293027b1be5bdcb	2011-11-17 15:01:38	438	1752	1	0	0	0	2	2	19923449999	490.1169	19923449999	490.1169	0	0	0	0	0	0	0
153699	8597d6db7e7d694ef4dd761b88d9ab559b9464179b0878712989ae01ca12f487	2011-11-17 15:01:38	617	2468	1	0	0	0	3	2	10247775282	252.0953	10247775282	252.0953	0	0	0	0	0	0	0
153699	42674f9e3166124b5e5abdce730bccafa817b5e3880f02963de7b873f9cfe684	2011-11-17 15:01:38	616	2464	1	0	0	0	3	2	501000000	12.3246	501000000	12.3246	0	0	0	0	0	0	23.112079513889
153699	1acbae78821182e38b1ec5e61acef9998b88f1f04ee18f44d48b71b21716a801	2011-11-17 15:01:38	259	1036	1	0	0	0	1	2	3330000000	81.918	3330000000	81.918	0	0	0	0	0	0	0
153699	cadacaa4bab19014a03f67141b78e5092f9a4b8d7e2b50bc96eca37220a6cba2	2011-11-17 15:01:38	798	3192	1	0	0	0	4	2	8693040602	213.8488	8693040602	213.8488	0	0	0	0	0	0	0
153699	a77c97b702e792cad18e2a8b908d3d12fe85a2221b63aca1a46d655964832515	2011-11-17 15:01:38	258	1032	1	0	0	0	1	2	4289967858	105.5332	4289967858	105.5332	0	0	0	0	0	0	0
153699	772fa66e164f4c6b91ebbf98855df34c29bef24e9753fdb9d760638b8f1c32d6	2011-11-17 15:01:38	437	1748	1	0	0	0	2	2	868020000	21.3533	868020000	21.3533	0	0	0	0	0	0	7.1460098402778
153699	36320481b4699195068d1b758cb7efe1141f791cb08f5494705792c6d76ba694	2011-11-17 15:01:38	257	1028	1	0	0	0	1	2	5144350000	126.551	5144300000	126.5498	50000	0.0012	194553	0.0048	48638.1	0.0012	0
153699	540febf9b03ca5bfb049945d88c4365cd3ea371c9181cc012bf264d415aaa88f	2011-11-17 15:01:38	257	1028	1	0	0	0	1	2	10001500000	246.0369	10001500000	246.0369	0	0	0	0	0	0	0
153699	040b8717840379e14842ae3e9e6ba3e244c5542c138b60883d6c485eb3a981e4	2011-11-17 15:01:38	258	1032	1	0	0	0	1	2	1000000000	24.6	1000000000	24.6	0	0	0	0	0	0	0
153699	c3d49f33f2fbac419813f6c612d65ad493723a3d35a5dd2e5f4c415dd66f4c5a	2011-11-17 15:01:38	619	2476	1	0	0	0	3	2	202900000	4.9913	202400000	4.979	500000	0.0123	807754	0.0199	201939	0.005	6.1412198611111
153699	3adc7156e68c986ce3c8e6b31f9dc3663b304de71438c043b8b54f677cedce41	2011-11-17 15:01:38	258	1032	1	0	0	0	1	2	3181462909	78.264	3181462909	78.264	0	0	0	0	0	0	0
153699	3b40656cd4ac6ed991f9c6680d3e937c4eaab9d7d3b6205e70b1a7cc5d9efe62	2011-11-17 15:01:38	258	1032	1	0	0	0	1	2	10658509193	262.1993	10658509193	262.1993	0	0	0	0	0	0	0
153699	038207b87b235ec29394749e4344cd7053c7f08fdcb05260c72d55df1666be5b	2011-11-17 15:01:38	259	1036	1	0	0	0	1	2	1500000000	36.9	1499500000	36.8877	500000	0.0123	1930500	0.0475	482625	0.0119	0
153699	2ec2e1dadde8cb6fcd334f4e384e91e475571732ca13965f5fd1328a0deb14a7	2011-11-17 15:01:38	223	892	1	0	0	0	1	1	100000000	2.46	100000000	2.46	0	0	0	0	0	0	1.9374652777777999
153699	4b51a9aafe16be28d5a27039b0f05dea4df3054d1171916796cf6c29f53047b8	2011-11-17 15:01:38	259	1036	1	0	0	0	1	2	10274050000	252.7416	10274050000	252.7416	0	0	0	0	0	0	0
153699	77711018d4d9792a4fb2a200c848f320fb2b79dae75e09c943e8baf89041f3d7	2011-11-17 15:01:38	258	1032	1	0	0	0	1	2	9598467790	236.1223	9598467790	236.1223	0	0	0	0	0	0	0
153699	ffc75d35413f3e54070b19d4a8173cb3bf18ebe1c28204b110ab4d2af41a6518	2011-11-17 15:01:38	258	1032	1	0	0	0	1	2	9538850000	234.6557	9538850000	234.6557	0	0	0	0	0	0	0
153699	050b60485b8b1ac615d004658c324c609a32b0fe4e3a87fe2e124dd591b2bdfc	2011-11-17 15:01:38	258	1032	1	0	0	0	1	2	9005748896	221.5414	9005748896	221.5414	0	0	0	0	0	0	0
153699	1ea365ce3ea1e56d379a0ffb65c7717f33f9d424a7fe15b605fe596e1e7a9d2e	2011-11-17 15:01:38	258	1032	1	0	0	0	1	2	8977818538	220.8543	8977818538	220.8543	0	0	0	0	0	0	0
153699	cda0520b97246e4438ee382d7d69bf428f58dddec211240d8129874d9b00677d	2011-11-17 15:01:38	258	1032	1	0	0	0	1	2	10903924261	268.2365	10903924261	268.2365	0	0	0	0	0	0	0
153699	156ba5387d604d2767faa9f720e945882f8b551643eb464f8ea7b2bfcf232f1f	2011-11-17 15:01:38	258	1032	1	0	0	0	1	2	1000000000	24.6	1000000000	24.6	0	0	0	0	0	0	0
153699	6169048a21fb5c647a05d1cf896f590af8fe02696ba90541b1445399cfd30856	2011-11-17 15:01:38	258	1032	1	0	0	0	1	2	8094593387	199.127	8094593387	199.127	0	0	0	0	0	0	0
153699	a7ae88979870a39e2c086378c32e96312b599446d89c175dd2687de48cd3743f	2011-11-17 15:01:38	259	1036	1	0	0	0	1	2	7875500830	193.7373	7875500830	193.7373	0	0	0	0	0	0	0
153699	aedfdead7d5e91c31b5c70fde3f3ed097e779cf9e282b01ec4a116d8b4918af1	2011-11-17 15:01:38	224	896	1	0	0	0	1	1	40000000	0.984	40000000	0.984	0	0	0	0	0	0	0.93920833333333
153699	7830174a84e6cdd5513ab1de9fda2801643c3ca2eff74166b58108c8a214b530	2011-11-17 15:01:38	258	1032	1	0	0	0	1	2	7289100000	179.3119	7289100000	179.3119	0	0	0	0	0	0	0
153699	fccd3c39b691ac306f3bc82dce69f3570fa3bc27dc8483c6cec3ba50f8f84f49	2011-11-17 15:01:38	258	1032	1	0	0	0	1	2	6676923467	164.2523	6676923467	164.2523	0	0	0	0	0	0	0
153699	9ff65b1152d36d4ba31843b4c619183d55339f162f5ccaa79d7171e9e11885f5	2011-11-17 15:01:38	258	1032	1	0	0	0	1	2	6355250000	156.3392	6355250000	156.3392	0	0	0	0	0	0	0
153699	59c446312f81e5b5190aded79f96393f671143303d2ac4024dac42d37dc18961	2011-11-17 15:01:38	259	1036	1	0	0	0	1	2	2210935689	54.389	2210885689	54.3878	50000	0.0012	193050	0.0047	48262.5	0.0012	0
153699	77c3080465aa567a811b619d3c58b9b8e6635f6c8d4fd24560015ff48fea66b4	2011-11-17 15:01:38	258	1032	1	0	0	0	1	2	5003973804	123.0978	5003973804	123.0978	0	0	0	0	0	0	0
153699	d66c20ab4123312b442a3ff9503fad1b62c1b4b2bd0d669aa27ce98aaa6b59ff	2011-11-17 15:01:38	257	1028	1	0	0	0	1	2	4935137586	121.4044	4935137586	121.4044	0	0	0	0	0	0	0
153699	b981df85023feb67fc6e8b4ee3e170630e74b0cb87837743494743023e1035ff	2011-11-17 15:01:38	259	1036	1	0	0	0	1	2	4935185900	121.4056	4935185900	121.4056	0	0	0	0	0	0	0
153699	4b5acffecf570ba2f2bf1989f7f57203d1aa6027a192a2d4da49150b3e9733b2	2011-11-17 15:01:38	259	1036	1	0	0	0	1	2	4901376451	120.5739	4901376451	120.5739	0	0	0	0	0	0	0
153699	f684485ce5c60aaac2dd12ce7b9f3aadb262bd135488b8ec33cd9f887aaf116a	2011-11-17 15:01:38	258	1032	1	0	0	0	1	2	4850678770	119.3267	4850678770	119.3267	0	0	0	0	0	0	0
153699	dff8838102db881593aead0b1836eaeb70a43cca3efc3b407e0ea98794ec80ca	2011-11-17 15:01:38	259	1036	1	0	0	0	1	2	4846150000	119.2153	4846150000	119.2153	0	0	0	0	0	0	0
153699	ed606f8d3fcaf06dd17851c4aa63214f5efd574f775a7a2a28cb2f175fd4fddc	2011-11-17 15:01:38	259	1036	1	0	0	0	1	2	4815200000	118.4539	4815200000	118.4539	0	0	0	0	0	0	0
153699	1f655ba33653df77778457dcd00a81626633555e6ec16c2ad5ee688e25231564	2011-11-17 15:01:38	258	1032	1	0	0	0	1	2	4658470631	114.5984	4658470631	114.5984	0	0	0	0	0	0	0
153699	8c24c0a369599ed9d3175534c5590b5cd0b148be7e43a418e131ea9711ac66ad	2011-11-17 15:01:38	257	1028	1	0	0	0	1	2	4588000000	112.8648	4588000000	112.8648	0	0	0	0	0	0	0
153699	c05f4d75f4d5275fa1e52a6f06be87f51c5c3e3ce38de50b549e7fc7fcb79a26	2011-11-17 15:01:38	257	1028	1	0	0	0	1	2	4511050000	110.9718	4511050000	110.9718	0	0	0	0	0	0	0
153699	d65a1231c0ec31473b90f91f9d29786659f1f619dad91da8104e9142a9569905	2011-11-17 15:01:38	258	1032	1	0	0	0	1	2	4493300000	110.5352	4493300000	110.5352	0	0	0	0	0	0	0
153699	2a2d78ca5142398d8cca2529f716195d642245296f64aef898f2ac502d5bd18f	2011-11-17 15:01:38	258	1032	1	0	0	0	1	2	4230200000	104.0629	4230200000	104.0629	0	0	0	0	0	0	0
153699	e88ab03a76b12a11360431786d18811cd08affc2e41cfb45085adeb239558d96	2011-11-17 15:01:38	258	1032	1	0	0	0	1	2	8348000000	205.3608	8348000000	205.3608	0	0	0	0	0	0	0
153699	248bde1961d7239b01ea1a432dee68869a535eb4f4448aa9cc1b15379a59adb3	2011-11-17 15:01:38	17144	68576	1	0	0	0	95	1	6822000000	167.8212	6821100000	167.7991	900000	0.0221	52496.5	0.0013	13124.1	0.0003	37.612666666667
153699	189efdc20fb8b1a34f3e934c5e67e8117eacd81a40ebf71c3f72a0726c33213c	2011-11-17 15:01:38	259	1036	1	0	0	0	1	2	4062050000	99.9264	4062050000	99.9264	0	0	0	0	0	0	0
153699	5ecaed55321ab848e98fa68fcd99b02972b0e700da34b2e8768dae6a9bb535ef	2011-11-17 15:01:38	259	1036	1	0	0	0	1	2	3916543902	96.347	3916543902	96.347	0	0	0	0	0	0	0
153699	d919fd632335a499876ee3e40e62927a45e22fa723fa0d697a74a6339c9b11bd	2011-11-17 15:01:38	439	1756	1	0	0	0	2	2	3700000000	91.02	3699950000	91.0188	50000	0.0012	113895	0.0028	28473.8	0.0007	0
153699	d9464285f245737f8ff5b699b2d70e0d4805c1512f06c3a41d8ebc36e427e83a	2011-11-17 15:01:38	258	1032	1	0	0	0	1	2	3455796433	85.0126	3455796433	85.0126	0	0	0	0	0	0	0
153699	88b8d67100c632d5b36fb8d3a984f8ddfc6791512fce6b51c2cf8790e4a51b44	2011-11-17 15:01:38	257	1028	1	0	0	0	1	2	457920400	11.2648	457870400	11.2636	50000	0.0012	194553	0.0048	48638.1	0.0012	0
153699	3da0cc785467220bbcd7eeacef48a462e076c59fd56f8ebc7d07fe27cfb33610	2011-11-17 15:01:38	258	1032	1	0	0	0	1	2	3029356624	74.5222	3029356624	74.5222	0	0	0	0	0	0	0
153699	5e585557e8e1e345bf8665078e068259e2a28c42588756070033c121b2bc1d23	2011-11-17 15:01:38	258	1032	1	0	0	0	1	2	5000700000	123.0172	5000700000	123.0172	0	0	0	0	0	0	0
153699	6a101b1cde2bbaff426565ce5b2cbfaa1365d9274f2ca389860ef7202dfa299d	2011-11-17 15:01:38	258	1032	1	0	0	0	1	2	163088292	4.012	163038292	4.0107	50000	0.0012	193798	0.0048	48449.6	0.0012	0
153699	9f362c9d20ebe0ebdfdbecfcd71ca6a7a6c80c88a74f9bc02167e43cf4cebd11	2011-11-17 15:01:38	259	1036	1	0	0	0	1	2	727626000	17.8996	727576000	17.8984	50000	0.0012	193050	0.0047	48262.5	0.0012	0
153699	06daa61f9afeb19feb82f9b6399920844dbb103e6d195e682976fc0a0fbed313	2011-11-17 15:01:38	258	1032	1	0	0	0	1	2	498554455	12.2644	498504455	12.2632	50000	0.0012	193798	0.0048	48449.6	0.0012	0
153699	31745ab138f112c79d7b61f2726c8f4a8755dcf4c983e1063454fee8b1fd9437	2011-11-17 15:01:38	259	1036	1	0	0	0	1	2	1877981612	46.1983	1877981612	46.1983	0	0	0	0	0	0	0
153699	024b80f9691dcfe3c78bd4efc8c5100b7424d475f02441b97eb3212a4dfaab49	2011-11-17 15:01:38	617	2468	1	0	0	0	3	2	231455200	5.6938	231405200	5.6926	50000	0.0012	81037.3	0.002	20259.3	0.0005	0
153699	7b6cee76becedec3e828c606f6ac351f58928de15f8a5562deccac3c4a33aafd	2011-11-17 15:01:38	258	1032	1	0	0	0	1	2	736508921	18.1181	736508921	18.1181	0	0	0	0	0	0	0
153699	284e4ec61624ce0cb72c3a36653e150c0c0999b30032de5e174d7503d290d56a	2011-11-17 15:01:38	800	3200	1	0	0	0	4	2	82805031	2.037	82755031	2.0358	50000	0.0012	62500	0.0015	15625	0.0004	0.0096645505092593
153699	0159087cd895ac1769ff9abd81abec16dd069faed78ad1b44dac9445d167068c	2011-11-17 15:01:38	257	1028	1	0	0	0	1	2	358460122	8.8181	358460122	8.8181	0	0	0	0	0	0	0
153699	db60fcec66051575d55a0a551cc504ed04436231502351f7f4b0734a71ac9618	2011-11-17 15:01:38	257	1028	1	0	0	0	1	2	55842876	1.3737	55842876	1.3737	0	0	0	0	0	0	0
153699	3b31b29da3ebe9026b79c8dcd0b67f522c337f5d41ee9868e0e63340b26914ec	2011-11-17 15:01:38	259	1036	1	0	0	0	1	2	1863981612	45.8539	1863981612	45.8539	0	0	0	0	0	0	0
153699	8eeed9a095b623029108535a0bd907243c8b4470e6d8121acc97ea0940aa4dab	2011-11-17 15:01:38	257	1028	1	0	0	0	1	2	282460122	6.9485	282460122	6.9485	0	0	0	0	0	0	0
153699	242f26f01f89daf4fc076600603c494bf0aa71677773e6603a28102af7d84ad6	2011-11-17 15:01:38	257	1028	1	0	0	0	1	2	41042876	1.0097	41042876	1.0097	0	0	0	0	0	0	0
153699	ec06716dadf026c850d48595299b9007e2f1ecf965e1eacb18fc8f3e0c830e11	2011-11-17 15:01:38	439	1756	1	0	0	0	2	2	8597976	0.2115	8597976	0.2115	0	0	0	0	0	0	0
153699	02a9163f9095c9c56f5d8074d12469a1f2f704ff40db2a9d5371a865e8e33bdf	2011-11-17 15:01:38	259	1036	1	0	0	0	1	2	262460122	6.4565	262460122	6.4565	0	0	0	0	0	0	0
153699	c00be0342fa888fbc95b490558afa7b1037b0fa44ec72bdcbfb4cac90537e99f	2011-11-17 15:01:38	257	1028	1	0	0	0	1	2	239460122	5.8907	239460122	5.8907	0	0	0	0	0	0	0
153699	ffee55a26098e403ec8c2288b631a1ed388727739bf9ce7b2ec346184a8e7d8f	2011-11-17 15:01:38	259	1036	1	0	0	0	1	2	111460122	2.7419	111460122	2.7419	0	0	0	0	0	0	0
153699	f8e4b81afbce4c5a92dcbc99978224d881101a780bb1dea0ca137fe1da485b6c	2011-11-17 15:01:38	257	1028	1	0	0	0	1	2	110460122	2.7173	110460122	2.7173	0	0	0	0	0	0	0
153700	44a460a0faed65f1df50d88fc479df24d898bb3fd4cbe5d5c6b813222303acaa	2011-11-17 15:09:07	135	540	1	0	1	0	1	1	0	0	5000200000	123.0049	0	0	0	0	0	0	0
153700	653066ea1ca96f00c71af78ae496302907aa3c753971bca329520fb3e00103b2	2011-11-17 15:09:07	257	1028	1	0	0	0	1	2	500000000	12.3	500000000	12.3	0	0	0	0	0	0	169.95729166667
153700	503468e67bd89fcca68d0fb5cd3df67df8b41ed2305e9b86f4608eda3c20c370	2011-11-17 15:09:07	617	2468	1	0	0	0	3	2	8306550000	204.3411	8306550000	204.3411	0	0	0	0	0	0	73.23838916088
153700	e6602a8ce5d9958b9dd9e1fb72e9074f418520a51962254407855cc15216868f	2011-11-17 15:09:07	798	3192	1	0	0	0	4	2	52179615524	1283.6185	52179615524	1283.6185	0	0	0	0	0	0	0.12903009259259
153700	bb9d2ff771ddcd00be3ff23a7c5be9a56ed67bb70bf9a85e5d1cbf5326927256	2011-11-17 15:09:07	5658	22632	1	0	0	0	31	2	2001000002	49.2246	2001000002	49.2246	0	0	0	0	0	0	399.8564286663
153700	1d6b103699dd8717f9663777ffbb98196ade1046cebb6deaeaa011d35a70809d	2011-11-17 15:09:07	799	3196	1	0	0	0	4	2	12060239026	296.6819	12060239026	296.6819	0	0	0	0	0	0	0
153700	ef961814747f5c01169c4b79e6c630fdd3a6b2fe9eeeee73cb6787f4dd9d8807	2011-11-17 15:09:07	258	1032	1	0	0	0	1	2	3568970270	87.7967	3568970270	87.7967	0	0	0	0	0	0	0
153700	cb63ed95ed6f5590673f2fceef7b8d009058415ef3c42de2960700aface88f88	2011-11-17 15:09:07	258	1032	1	0	0	0	1	2	328433634	8.0795	328383634	8.0782	50000	0.0012	193798	0.0048	48449.6	0.0012	0
153700	e7f44d27c21ca3895965e3c056a2081c14d0aac3fc86e477598437154578dc66	2011-11-17 15:09:07	258	1032	1	0	0	0	1	2	490050000	12.0552	490000000	12.054	50000	0.0012	193798	0.0048	48449.6	0.0012	0
153700	250d4135adfbc13c2ca6023de4632309bdeba2b311a453a77ae368a68fa85a08	2011-11-17 15:09:07	258	1032	1	0	0	0	1	2	4819150000	118.5511	4819150000	118.5511	0	0	0	0	0	0	0
153700	9de6918d01d7b2486e0a88c619e25cd4dd57dfc911e83ff87ed88c98cf56084c	2011-11-17 15:09:07	258	1032	1	0	0	0	1	2	4804200000	118.1833	4804200000	118.1833	0	0	0	0	0	0	0
153700	f7c859ce3d3fc257b4fe1a171f19b9da52b69554eee0c4acf1fe6ea9a86ff214	2011-11-17 15:09:07	258	1032	1	0	0	0	1	2	4578470631	112.6304	4578470631	112.6304	0	0	0	0	0	0	0
153700	70d957e35be96862a4a4f7b36b467214cf0c4b8942aadbcb30b0b78aea0819ee	2011-11-17 15:09:07	258	1032	1	0	0	0	1	2	4488000000	110.4048	4488000000	110.4048	0	0	0	0	0	0	0
153700	d5aa2106681a9a57c8289684446953f07d3f3efc56faa0c648ee10130e05579e	2011-11-17 15:09:07	258	1032	1	0	0	0	1	2	4411050000	108.5118	4411050000	108.5118	0	0	0	0	0	0	0
153700	c7d85b34602da913536e361a9398d784b13034975960cfd5f3c7d5cb854bd251	2011-11-17 15:09:07	257	1028	1	0	0	0	1	2	4391300000	108.026	4391300000	108.026	0	0	0	0	0	0	0
153700	42f06c80aee46490c38fec2b34557779c5264cc2b3ec79a00af018256462cf2e	2011-11-17 15:09:07	259	1036	1	0	0	0	1	2	4424137586	108.8338	4424137586	108.8338	0	0	0	0	0	0	0
153700	6560e6735c11dd94d02f9a73be95fced6182fbe903d04992007953164a55c1ff	2011-11-17 15:09:07	258	1032	1	0	0	0	1	2	4210200000	103.5709	4210200000	103.5709	0	0	0	0	0	0	0
153700	ce5660f4f9dcd30cc283e9986a448bc1f14ddb3099cdf46e079e58bae3f8a464	2011-11-17 15:09:07	258	1032	1	0	0	0	1	2	3962050000	97.4664	3962050000	97.4664	0	0	0	0	0	0	0
153700	f16e4f7323249ce4fc5d04888ec5554a089aeb5f0c34c77f593a9ddbdeab597e	2011-11-17 15:09:07	258	1032	1	0	0	0	1	2	3866543902	95.117	3866543902	95.117	0	0	0	0	0	0	0
153700	1a783b2e1944dbdd7768d4a297eb6639f1e43aef9e2d701d6dc0edddcb29367e	2011-11-17 15:09:07	258	1032	1	0	0	0	1	2	3342796433	82.2328	3342796433	82.2328	0	0	0	0	0	0	0
153700	a07bc2bfd0cb366a68f1c5abed6dd56255e2d462a891971601527ff6ccbece20	2011-11-17 15:09:07	258	1032	1	0	0	0	1	2	3023356624	74.3746	3023356624	74.3746	0	0	0	0	0	0	0
153700	4b6bd7b806609e13bb4f18b5e50c0a67075596cad075c3c47e9738dd6ab6c6dc	2011-11-17 15:09:07	259	1036	1	0	0	0	1	2	1440000000	35.424	1439950000	35.4228	50000	0.0012	193050	0.0047	48262.5	0.0012	0
153700	f57f18e4676c4e46ff585277543d15613e439aac35a7b7250635d7ad13b6a282	2011-11-17 15:09:07	257	1028	1	0	0	0	1	2	850981612	20.9341	850981612	20.9341	0	0	0	0	0	0	0
153700	0505edcf9239469052fb4dbf16e11ad6c7bf73a4db25048487e58193563df908	2011-11-17 15:09:07	259	1036	1	0	0	0	1	2	724508921	17.8229	724508921	17.8229	0	0	0	0	0	0	0
153700	4e0ed2610aea5e126d44e68f7af699aa2c13197c2fd3b24627a4dbe096ff467e	2011-11-17 15:09:07	258	1032	1	0	0	0	1	2	298660400	7.347	298610400	7.3458	50000	0.0012	193798	0.0048	48449.6	0.0012	0
153700	e5eb103b465f8ae59629a2b299123b03a34f6425622b29411742f020f958f7d9	2011-11-17 15:09:07	257	1028	1	0	0	0	1	2	109460122	2.6927	109460122	2.6927	0	0	0	0	0	0	0
153701	f00525172ce254e23b2ad22e2d824f3bb3cf37b4afcbcc44c62a023d9451135a	2011-11-17 15:12:30	134	536	1	0	1	0	1	1	0	0	5000000000	123	0	0	0	0	0	0	0
153701	4d1b5e0cb55a2687f78580d6b3f3e6a7c147a2d982c778242e85941da6d97ccd	2011-11-17 15:12:30	4181	16724	1	0	0	0	23	1	2390210761	58.7992	2390210761	58.7992	0	0	0	0	0	0	851.78371796984
153701	9e7805ebf31b20a3007e07ec966e1f9d2f4134b902ff062570e57e802095c622	2011-11-17 15:12:30	616	2464	1	0	0	0	3	2	11401446800	280.4756	11401446800	280.4756	0	0	0	0	0	0	9.3870833333333
153701	edd531afcf6d183dcda78450d9e8d7099db776eba8a637ed0def4e2d22162c71	2011-11-17 15:12:30	257	1028	1	0	0	0	1	2	4968700000	122.23	4968700000	122.23	0	0	0	0	0	0	0
153701	81121e8374dc6d9938617440b99242ca6501bcbcf8c7a86d7c11c666034552fd	2011-11-17 15:12:30	258	1032	1	0	0	0	1	2	4898973804	120.5148	4898973804	120.5148	0	0	0	0	0	0	0
153701	23a58f4f0d904cfdb18fc9a5639082679eb8a219171e959d53adef8730dcd908	2011-11-17 15:12:30	258	1032	1	0	0	0	1	2	4880376451	120.0573	4880376451	120.0573	0	0	0	0	0	0	0
153701	0e200d8239e327b54df23b4a1340b77e1609c543901bbefbb210b362aaa5f250	2011-11-17 15:12:30	259	1036	1	0	0	0	1	2	4893185900	120.3724	4893185900	120.3724	0	0	0	0	0	0	0
153701	e9e9c454bae0f38e20c683c307f746b4c9c829d31da41b954df6de1f6984bc13	2011-11-17 15:12:30	258	1032	1	0	0	0	1	2	4837678770	119.0069	4837678770	119.0069	0	0	0	0	0	0	0
153701	eb56cd7f43e809a6a103ded2bca6c185467b869fc5d7a39c80d142fe971e9d36	2011-11-17 15:12:30	257	1028	1	0	0	0	1	2	349981612	8.6095	349981612	8.6095	0	0	0	0	0	0	0
153701	48eb29f75b2fc38a9fac437eb3305a3b5f0c78944b91c698ef413b61118f0c1f	2011-11-17 15:12:30	258	1032	1	0	0	0	1	2	102460122	2.5205	102460122	2.5205	0	0	0	0	0	0	0
153702	406d69f61b7718a46a3d5293ab42be02b40c6be945a418e62cea2c0410c12aa4	2011-11-17 15:14:28	135	540	1	0	1	0	1	1	0	0	5000150000	123.0037	0	0	0	0	0	0	0
153702	b6e9040373c4a2123a59b4c2a6e2026583e3035e1186a625d3ac12dfa0564862	2011-11-17 15:14:28	258	1032	1	0	0	0	1	2	2030757954	49.9566	2030707954	49.9554	50000	0.0012	193798	0.0048	48449.6	0.0012	68.766071134465
153702	c443a14dbca429f52f49eb9846b1277a434c900a3ba97de758bb149b191f53ec	2011-11-17 15:14:28	438	1752	1	0	0	0	2	2	11100000	0.2731	11000000	0.2706	100000	0.0025	228310	0.0056	57077.6	0.0014	1.5060278819444
153702	5af45117081e0226775bcbd8beb47860ce72a426be223816e2f902652441cd4d	2011-11-17 15:14:28	257	1028	1	0	0	0	1	2	3022356624	74.35	3022356624	74.35	0	0	0	0	0	0	0
153702	09d43357fb056539cc0cc1d72a73b3e2471d1a324fe2983c47032a86222b6a59	2011-11-17 15:14:28	257	1028	1	0	0	0	1	2	474508921	11.6729	474508921	11.6729	0	0	0	0	0	0	0
153703	734458337a7991df273cfda559adf079cfb0f12d1e916feb8d8d012723484f49	2011-11-17 15:22:21	136	544	1	0	1	0	1	1	0	0	5001200000	123.0295	0	0	0	0	0	0	0
153703	5ca8c7b7528d33c59133259b81cea1876a3add83be2190fa5841166fc0e88368	2011-11-17 15:22:21	799	3196	1	0	0	0	4	2	850977161766	20934.0391	850977161766	20934.0391	0	0	0	0	0	0	0
153703	df537e28ca18281dd3329266b169c2d96e24087612b59c5a3c5225f536ff0a84	2011-11-17 15:22:21	259	1036	1	0	0	0	1	2	9900000000	243.54	9900000000	243.54	0	0	0	0	0	0	198.9246875
153703	beab917799c5d68085ce75bb07dc235fbd531d050a4cf5c460cbb6f47c2a5123	2011-11-17 15:22:21	4580	18320	1	0	0	0	25	2	1502872732	36.9707	1502372732	36.9584	500000	0.0123	109170	0.0027	27292.6	0.0007	821.4590527386
153703	400d3199de50b66000b4058762e56588f43bcc6a73ce840d53b5e3ee82e0b19e	2011-11-17 15:22:21	259	1036	1	0	0	0	1	2	30000000000	738	30000000000	738	0	0	0	0	0	0	0
153703	7e55ea6c4139147018132b82bfc75e079adc0febb39b0f8c1112420accb0b01d	2011-11-17 15:22:21	6197	24788	1	0	0	0	34	2	2001000150	49.2246	2001000150	49.2246	0	0	0	0	0	0	411.24871914698
153703	9d29c43fd2f0db01a9d38031bb905c6d547c22fa6fe0630198b0d908a27c59dc	2011-11-17 15:22:21	257	1028	1	0	0	0	1	2	22500679888	553.5167	22500679888	553.5167	0	0	0	0	0	0	0
153703	5323c6aeefff40d09d6fc359f62c2afcc9bbc7d845b2dc7dc1087b81f7fc8fb6	2011-11-17 15:22:21	617	2468	1	0	0	0	3	2	5794483673	142.5443	5794433673	142.5431	50000	0.0012	81037.3	0.002	20259.3	0.0005	11.032847619091
153703	a3d2954f6eb5c5e6d526b2cf35dee2723b64dbcee5ef4802e177d6ea418886b1	2011-11-17 15:22:21	259	1036	1	0	0	0	1	2	10000000000	246	10000000000	246	0	0	0	0	0	0	0
153703	266e178e11a5dd7ef2a8073249e57cd62d49153eea47473e73dd54d048ceff9f	2011-11-17 15:22:21	618	2472	1	0	0	0	3	2	2921000000	71.8566	2921000000	71.8566	0	0	0	0	0	0	0.051701273148148
153703	c0f396ecb8854f8a02288f6e5d1db8738046cc5aedbc1babe7c15cb8544cfb14	2011-11-17 15:22:21	257	1028	1	0	0	0	1	2	3856300000	94.865	3856250000	94.8638	50000	0.0012	194553	0.0048	48638.1	0.0012	0
153703	11765416411105cf511f41cd9607599f42d4de11a6d5ba947f9657e478af2f98	2011-11-17 15:22:21	438	1752	1	0	0	0	2	2	200630590	4.9355	200580590	4.9343	50000	0.0012	114155	0.0028	28538.8	0.0007	0.010421521539352
153703	1c7db4d5cbed5f6f1f1410236aa7701f70c25526e447282b8460dfbbfbf2d931	2011-11-17 15:22:21	257	1028	1	0	0	0	1	2	700000000	17.22	699950000	17.2188	50000	0.0012	194553	0.0048	48638.1	0.0012	0
153703	16432ddae38184d680d4369fb55778423ca7864971a4df92fd61e832f89f3274	2011-11-17 15:22:21	438	1752	1	0	0	0	2	2	1000650000	24.616	1000600000	24.6148	50000	0.0012	114155	0.0028	28538.8	0.0007	0.0056094849537037
153703	2dca9c339d567041aab067ea853d7dd53a8bf7bcf48828c0dd00000a1790762d	2011-11-17 15:22:21	619	2476	1	0	0	0	3	2	1200000	0.0295	1100000	0.0271	100000	0.0025	161551	0.004	40387.7	0.001	0.41745766203704
153703	146804cadfe6f853ae3e494208cfa4eb19b4d4d21d7cf4b35317d3960297a78d	2011-11-17 15:22:21	259	1036	1	0	0	0	1	2	115165203	2.8331	115115203	2.8318	50000	0.0012	193050	0.0047	48262.5	0.0012	0
153703	c12823637b8d5647b825ac18194d8550c1027cf77951da74b5403c7a48632dcb	2011-11-17 15:22:21	257	1028	1	0	0	0	1	2	3855750000	94.8514	3855700000	94.8502	50000	0.0012	194553	0.0048	48638.1	0.0012	0
153703	081a71f34a4cfc0ab1f2fbb4b6453bfd98577e32954f1fde92570264357bc117	2011-11-17 15:22:21	259	1036	1	0	0	0	1	2	3855200000	94.8379	3855150000	94.8367	50000	0.0012	193050	0.0047	48262.5	0.0012	0
153703	d546499253ff2948a1f47b94b8cfc82898ae8766b25f2722350a28eae67d49b6	2011-11-17 15:22:21	259	1036	1	0	0	0	1	2	3854650000	94.8244	3854600000	94.8232	50000	0.0012	193050	0.0047	48262.5	0.0012	0
153703	93dd1737c65c23ac108a168bc7137ccf7741ee51a2ae99b497f15b8ab707ac56	2011-11-17 15:22:21	257	1028	1	0	0	0	1	2	3854100000	94.8109	3854050000	94.8096	50000	0.0012	194553	0.0048	48638.1	0.0012	0
153703	d41ce4725454c532d28fb50af4ca2eeecbb9e474398286789f712c60d59a14d2	2011-11-17 15:22:21	259	1036	1	0	0	0	1	2	3853550000	94.7973	3853500000	94.7961	50000	0.0012	193050	0.0047	48262.5	0.0012	0
153703	fbbb6b46b4ecca0287df3d9e2ceaf2198cac72fa416a858cdd832e8720f502a9	2011-11-17 15:22:21	258	1032	1	0	0	0	1	2	3853000000	94.7838	3852950000	94.7826	50000	0.0012	193798	0.0048	48449.6	0.0012	0
153704	049d6ef3e9e96dd8b1c714a2d718a2686bbb66e34f288591af58d25e7f5db754	2011-11-17 15:24:20	134	536	1	0	1	0	1	1	0	0	5000000000	123	0	0	0	0	0	0	0
153704	83d7ef7a474e71b034cb20a574fcbb9dcae82d5d30035173f96538d5a7da6453	2011-11-17 15:24:20	258	1032	1	0	0	0	1	2	3728000000	91.7088	3728000000	91.7088	0	0	0	0	0	0	0
153704	89bcace8a97b8ef95c8199481f9d78625af4d33be50f0dedcb57cf5eef485b72	2011-11-17 15:24:20	259	1036	1	0	0	0	1	2	3386300000	83.303	3386300000	83.303	0	0	0	0	0	0	0
153704	383afd5bac5b8c0e11fb27ae543b37abd91ec5f4ceb9a68574adaf2982cf890f	2011-11-17 15:24:20	257	1028	1	0	0	0	1	2	3292796433	81.0028	3292796433	81.0028	0	0	0	0	0	0	0
153704	a76619f4e98e871e7b6d0677e062def0d78abd954a0ba143af018d697a2cc44f	2011-11-17 15:24:20	257	1028	1	0	0	0	1	2	3021356624	74.3254	3021356624	74.3254	0	0	0	0	0	0	0
153704	acd09645c719bdc1292a1f14fd49ccc4abc0f60b290edfb53a6cbd0c63e141ac	2011-11-17 15:24:20	258	1032	1	0	0	0	1	2	245981612	6.0511	245981612	6.0511	0	0	0	0	0	0	0
153704	6df772fd01e741892f4f9e204f3daf4d44865777d6a5da9aa299c146ba3b111d	2011-11-17 15:24:20	259	1036	1	0	0	0	1	2	360508921	8.8685	360508921	8.8685	0	0	0	0	0	0	0
153704	8aa8856a5d345dd92810fcb15e65f94f15d719aa67abcfb36e2d094f2070a703	2011-11-17 15:24:20	258	1032	1	0	0	0	1	2	52460122	1.2905	52460122	1.2905	0	0	0	0	0	0	0
153704	8e6f13c5035c261f610aa7d0820037614f96b13ccf4a98de488e362dc4817101	2011-11-17 15:24:20	583	2332	1	0	0	0	3	1	11745531	0.2889	11745531	0.2889	0	0	0	0	0	0	0
153705	c3417947d413622caf630451523edb96dcd05882131426b0f5de86cdfcb06041	2011-11-17 15:26:58	135	540	1	0	1	0	1	1	0	0	5000150000	123.0037	0	0	0	0	0	0	0
153705	3afd90bdac40a8b8d960df912a3a944a06c69acd3c02927a87e04bdb35a29895	2011-11-17 15:26:58	158	632	1	0	0	0	1	1	5000150000	123.0037	5000000000	123	150000	0.0037	949367	0.0234	237342	0.0058	202.27342913194
153705	f1370e50cdabc669194e70b6440070a238914cc8c33794cbf78ac15149baff21	2011-11-17 15:26:58	223	892	1	0	0	0	1	1	10000000000	246	10000000000	246	0	0	0	0	0	0	83.44212962963
153705	e5d6d54bec6433b93655a5e4c5eb5291d947fe0c928ee6a4fce90c9f28055531	2011-11-17 15:26:58	270	1080	1	0	0	0	2	1	10005250003	246.1292	10005250003	246.1292	0	0	0	0	0	0	71.589560406464
153705	9f5705a2ccfcfb75d79becdd85de1c51b334ad64d06f92ddb774693789864007	2011-11-17 15:26:58	4939	19756	1	0	0	0	27	2	1093658725	26.904	1093658725	26.904	0	0	0	0	0	0	139.6800551015
153705	60ddaeea06eee0edff0fbea271c1e8bf7d4fc4e1c537f6e12ed676901925864b	2011-11-17 15:26:58	403	1612	1	0	0	0	2	1	200000000	4.92	200000000	4.92	0	0	0	0	0	0	2.7667013888889
153705	01bbd285ce4900dd17ed5d7bf46123ca76c2197f190e69090b97025ecaca6b49	2011-11-17 15:26:58	439	1756	1	0	0	0	2	2	5492550000	135.1167	5492550000	135.1167	0	0	0	0	0	0	0
153706	2852a0d0544288f33af7fa4764f4ebcd04fd0ec4fe8568f16b1ab6520577ca06	2011-11-17 15:48:38	135	540	1	0	1	0	1	1	0	0	5012510000	123.3077	0	0	0	0	0	0	0
153706	66999d6ffbfd29f23031efb8f2685a37aa5b39575e189c1ea50f90e3cade4ad7	2011-11-17 15:48:38	258	1032	1	0	0	0	1	2	798000000	19.6308	798000000	19.6308	0	0	0	0	0	0	880.7792
153706	59cddbad6f5e35f3576261c5c0ca297b43defa0b999290a553b7880871ac1b2f	2011-11-17 15:48:38	257	1028	1	0	0	0	1	2	500000000	12.3	500000000	12.3	0	0	0	0	0	0	598.74513888889
153706	e96d056a407a0dc02f99985117fe48023237734123caa35b60ac8a3b0bfdbcfc	2011-11-17 15:48:38	258	1032	1	0	0	0	1	2	600000000	14.76	600000000	14.76	0	0	0	0	0	0	556.09284722222
153706	9944dc9258261ce74f61650d5cfe2a6cbf329621f6f45a56f27f90ed3e56c8b5	2011-11-17 15:48:38	259	1036	1	0	0	0	1	2	7410972670	182.3099	7410972670	182.3099	0	0	0	0	0	0	364.04945063882
153706	554072fef3527087c1ab3de0bc8a302ed74b1f8d650f04b09d8f2d9721085ee9	2011-11-17 15:48:38	403	1612	1	0	0	0	2	1	20000000000	492	20000000000	492	0	0	0	0	0	0	492.95717592593
153706	321f3afd7e10595ff0739419c644a8714ca2e82aa61b1cc837c98166d7c4012d	2011-11-17 15:48:38	258	1032	1	0	0	0	1	2	3180800000	78.2477	3180800000	78.2477	0	0	0	0	0	0	150.57443333333
153706	a75ca28453ed76cc526ce996af429bb171f36ca3459bd39ce5a9608696dde165	2011-11-17 15:48:38	257	1028	1	0	0	0	1	2	2200000000	54.12	2200000000	54.12	0	0	0	0	0	0	68.927986111111
153706	fce766dd71000c41b78c2c396ba97ff18f80e6aaafb855934351fed664415d1e	2011-11-17 15:48:38	158	632	1	0	0	0	1	1	5007986930	123.1965	5007986930	123.1965	0	0	0	0	0	0	37.418472714477
153706	5ccbf31e9272a812af6a40daad41c0862f8e848b5142309bec30eac0c408ca08	2011-11-17 15:48:38	438	1752	1	0	0	0	2	2	6960700000	171.2332	6960700000	171.2332	0	0	0	0	0	0	60.1351471875
153706	86cb73587d0caa87855d20240d10114464a866792608d27836ef754777083a9e	2011-11-17 15:48:38	976	3904	1	0	0	0	5	2	1203720820	29.6115	1202720820	29.5869	1000000	0.0246	1024590	0.0252	256148	0.0063	107.46160993233
153706	be4ac26bfd22a58c9380c54e82502f6c5735d54a56c08ce13501c18ce2b3b8ac	2011-11-17 15:48:38	258	1032	1	0	0	0	1	2	4822130302	118.6244	4822130302	118.6244	0	0	0	0	0	0	20.058722575681
153706	e0f457d2e4b6567717b1cbe0700e35a606c0ca44545f771177f099d7bc7d659d	2011-11-17 15:48:38	257	1028	1	0	0	0	1	2	1789199999	44.0143	1789199999	44.0143	0	0	0	0	0	0	16.162232907633
153706	700f1e83624133fafe7601d3bd441b6aa9e228aa6a44bb962685afe207b067e7	2011-11-17 15:48:38	618	2472	1	0	0	0	3	2	1747000000	42.9762	1747000000	42.9762	0	0	0	0	0	0	36.584681712963
153706	709fb2fda3b77bf1230cfe106669b488788d10c9abad229efd0cc9fbddbd5e66	2011-11-17 15:48:38	258	1032	1	0	0	0	1	2	1798000000	44.2308	1788000000	43.9848	10000000	0.246	38759700	0.9535	9689920	0.2384	13.254215046296
153706	796249fa3aa33061a263328bfe9a8cd1f62862a7e110060451e9feb687adcb13	2011-11-17 15:48:38	258	1032	1	0	0	0	1	2	1000000000	24.6	1000000000	24.6	0	0	0	0	0	0	9.5659722222222
153706	fe42cf34176900ee598517ef2db3856b2a207c590c8fba31b09c6ce2824da9c1	2011-11-17 15:48:38	617	2468	1	0	0	0	3	2	5001000000	123.0246	5001000000	123.0246	0	0	0	0	0	0	17.395011574074
153706	cbaf5fa67b71ebfa13596b40f4d3ec6da9e7dbcebb06190ddda9fd6ec125ebbb	2011-11-17 15:48:38	796	3184	1	0	0	0	4	2	5249598808	129.1401	5249598808	129.1401	0	0	0	0	0	0	0
153706	04956bb8b7b66543795ea98903e8de642bd6de2e0a13699d0a811351a38aa6d0	2011-11-17 15:48:38	257	1028	1	0	0	0	1	2	1848000000	45.4608	1848000000	45.4608	0	0	0	0	0	0	0
153706	c6ea372096f9dc3c6a3b7eeda2d6cdec2ca0a41dc3faab57aa79e39e3759a55b	2011-11-17 15:48:38	258	1032	1	0	0	0	1	2	1799000000	44.2554	1798990000	44.2552	10000	0.0002	38759.7	0.001	9689.92	0.0002	0
153706	93235c849c9d4b885663b60363c637826f37c107c3adea57262ff40653330a7c	2011-11-17 15:48:38	258	1032	1	0	0	0	1	2	1002000000	24.6492	1002000000	24.6492	0	0	0	0	0	0	0
153706	fd2113d445072e9c2b1fc4c043f8eb51a0bd3b19ddd5964ad9ebf2630be79dab	2011-11-17 15:48:38	258	1032	1	0	0	0	1	2	4692399581	115.433	4692399581	115.433	0	0	0	0	0	0	0
153706	8b1c826c5f7d4f58211e566125d72bb6538a94b405c0702c5044b17d97c909e7	2011-11-17 15:48:38	258	1032	1	0	0	0	1	2	4593593607	113.0024	4593593607	113.0024	0	0	0	0	0	0	0
153706	fe8656cd86dabfc802049f61634610275b1150031ff6dbff96900d8be7b61f91	2011-11-17 15:48:38	259	1036	1	0	0	0	1	2	4498918054	110.6734	4498918054	110.6734	0	0	0	0	0	0	0
153706	726bbcb107bab7cf23881e579439a81913cc3096507f956f0f2b7cf8b0cf4cda	2011-11-17 15:48:38	258	1032	1	0	0	0	1	2	4443218632	109.3032	4443218632	109.3032	0	0	0	0	0	0	0
153706	67d83c08d954efc4938879fb376aa5ebb7069b3bc08cef4321e8cf34320135cb	2011-11-17 15:48:38	259	1036	1	0	0	0	1	2	4297791805	105.7257	4297791805	105.7257	0	0	0	0	0	0	0
153706	3d207666a7af4af660980d790d070f8ddfbaa0b690b8824ab287ea26c80891bf	2011-11-17 15:48:38	259	1036	1	0	0	0	1	2	4116162366	101.2576	4116162366	101.2576	0	0	0	0	0	0	0
153706	e6ab2e26bca8957350bf2c1359ac501c9e28b6da0b5c5b82de64c8c16934609b	2011-11-17 15:48:38	259	1036	1	0	0	0	1	2	4049907209	99.6277	4049907209	99.6277	0	0	0	0	0	0	0
153706	dd5774501c4bcf8485f03049f33b3160cc37dff72c982a2a88b7e86e6c3df777	2011-11-17 15:48:38	258	1032	1	0	0	0	1	2	3914707693	96.3018	3914707693	96.3018	0	0	0	0	0	0	0
153706	823508f931b7327f60e7575fa25a279db5d3f1f314b5d2c432cb1dc9db110515	2011-11-17 15:48:38	258	1032	1	0	0	0	1	2	3716192994	91.4184	3716192994	91.4184	0	0	0	0	0	0	0
153706	b9df081a5624608653c0af1339ff951be62d5e1e20bce4b8a15bb8275f4bbeab	2011-11-17 15:48:38	257	1028	1	0	0	0	1	2	3592634588	88.3788	3592634588	88.3788	0	0	0	0	0	0	0
153706	c704a81f57a9d083612b7f93e6cb47285793d859ad4e4b0565d39d16157c88bd	2011-11-17 15:48:38	259	1036	1	0	0	0	1	2	3612807717	88.8751	3612807717	88.8751	0	0	0	0	0	0	0
153706	05501d20851aac9de5d3619fc0595214b50df30074935290d1014d760f0f986a	2011-11-17 15:48:38	259	1036	1	0	0	0	1	2	3607536852	88.7454	3607536852	88.7454	0	0	0	0	0	0	0
153706	e44688d2eec575cfd240be9946ec19cceef328ed84036e6deb4204aaabd6dee3	2011-11-17 15:48:38	258	1032	1	0	0	0	1	2	3593143260	88.3913	3593143260	88.3913	0	0	0	0	0	0	0
153706	8678e56b5325b2df301e0503605dccef670906449349ec0eb0ca9913e7412b4f	2011-11-17 15:48:38	258	1032	1	0	0	0	1	2	3459130653	85.0946	3459130653	85.0946	0	0	0	0	0	0	0
153706	8c35b79e883aad1c6ee9ddf5d8d8752f16616765025816c0fcd6550a62afe58c	2011-11-17 15:48:38	257	1028	1	0	0	0	1	2	3377228710	83.0798	3377228710	83.0798	0	0	0	0	0	0	0
153706	b6d47df01b45edb9b709fa27efe25a3397f054791075257d8b3cb13c6c308cdc	2011-11-17 15:48:38	439	1756	1	0	0	0	2	2	2649729722	65.1833	2649729722	65.1833	0	0	0	0	0	0	0
153706	645ec6f4f4bfe41b97df39ccf244a9009ff865949367df461f289c27dbcdac0c	2011-11-17 15:48:38	257	1028	1	0	0	0	1	2	4369211528	107.4826	4369211528	107.4826	0	0	0	0	0	0	0
153706	4f4902b32e14ec36c33fc878eb8ad7d9c3f2eb48a6bc86bd64c2821c95b5ea47	2011-11-17 15:48:38	258	1032	1	0	0	0	1	2	2817760050	69.3169	2817760050	69.3169	0	0	0	0	0	0	0
153706	66ccbd8076fed5430bf87b3d138fcb16557a4d4b3cdfd67c6dc2fcf58da7b0cb	2011-11-17 15:48:38	258	1032	1	0	0	0	1	2	2739553844	67.393	2739553844	67.393	0	0	0	0	0	0	0
153706	f1d360402bb49228b8ffec6fccfb95ee32c04720a4ed3ad414b920cb1e324b95	2011-11-17 15:48:38	258	1032	1	0	0	0	1	2	2602952316	64.0326	2602952316	64.0326	0	0	0	0	0	0	0
153706	3868ed99d73df6f7e8b941152b2ca8da52eb43ef95f8cb2e725a63bff533b40b	2011-11-17 15:48:38	258	1032	1	0	0	0	1	2	3704300000	91.1258	3704250000	91.1245	50000	0.0012	193798	0.0048	48449.6	0.0012	0
153706	608d926db18d81f75919b4dcff71065f231fd21277b3520d94ad1e122dd49064	2011-11-17 15:48:38	618	2472	1	0	0	0	3	2	1091870644	26.86	1091870644	26.86	0	0	0	0	0	0	1.5877240740740999
153706	f517d57c356d376df5c866287a0481663cfec0f9248b77cbafd20a9cca2fc48c	2011-11-17 15:48:38	439	1756	1	0	0	0	2	2	2006540583	49.3609	2006540583	49.3609	0	0	0	0	0	0	0
153706	b6850ffe1427a8fc172bdcb8de83202994139ef3649104fa5000eb7a33be0556	2011-11-17 15:48:38	259	1036	1	0	0	0	1	2	2148922973	52.8635	2148922973	52.8635	0	0	0	0	0	0	0
153706	c61cf5d13c37833362a8cf364b2e0615a3d287c415f55b6a3662a3673fda8dfe	2011-11-17 15:48:38	259	1036	1	0	0	0	1	2	596010000	14.6618	595960000	14.6606	50000	0.0012	193050	0.0047	48262.5	0.0012	0
153706	9a62ea11dbf3cac8ce20606d1d43a17c6e059fdf4ac51993374226493dd62cf2	2011-11-17 15:48:38	618	2472	1	0	0	0	3	2	6335953430	155.8645	6335903430	155.8632	50000	0.0012	80906.1	0.002	20226.5	0.0005	0
153706	85f129f75e72091057701f5209e1045d217046a2658d7c2d60ec48611f92cac0	2011-11-17 15:48:38	257	1028	1	0	0	0	1	2	1500000000	36.9	1499900000	36.8975	100000	0.0025	389105	0.0096	97276.3	0.0024	0
153706	d33bca664459ab62ceab59ebcc1fec22c105ad787eb2f3038680c8c0d36bf68f	2011-11-17 15:48:38	1699	6796	1	0	0	0	9	2	331186714	8.1472	331086714	8.1447	100000	0.0025	58858.2	0.0014	14714.5	0.0004	1.8801260464534
153706	4631c83cdabae1fdacb97b93e88a308601e7284a4372d51b0b7cbdb9693e47d9	2011-11-17 15:48:38	437	1748	1	0	0	0	2	2	197242282	4.8522	197142282	4.8497	100000	0.0025	228833	0.0056	57208.2	0.0014	0
153706	285893720aec19cb9fa09c893d300d870f85000041f8b5d975fe50c4d14e952f	2011-11-17 15:48:38	224	896	1	0	0	0	1	1	9900000	0.2435	9400000	0.2312	500000	0.0123	2232140	0.0549	558036	0.0137	0.21528489583333
153706	889e144359db63c9d57bbad95b7133db239b594c9b0ec46438508a6d3f48ffdc	2011-11-17 15:48:38	258	1032	1	0	0	0	1	2	500000000	12.3	499950000	12.2988	50000	0.0012	193798	0.0048	48449.6	0.0012	0
153706	28afec8cf4d63fe02c13efa2a2ac5c4d807c46b3652aa8365e4ceec9014ba60e	2011-11-17 15:48:38	258	1032	1	0	0	0	1	2	11650000	0.2866	11600000	0.2854	50000	0.0012	193798	0.0048	48449.6	0.0012	0.21208258680556
153706	b76fe39224716f7e704c10b0f96bad2e231193798dd147c61b06cf7d5eb2b716	2011-11-17 15:48:38	798	3192	1	0	0	0	4	2	126034848	3.1005	125984848	3.0992	50000	0.0012	62656.6	0.0015	15664.2	0.0004	0
153706	12122ca6d10c4d7c64a0eeea173bfe5aa940954fea440bf28e1405f9c52d0e73	2011-11-17 15:48:38	1159	4636	1	0	0	0	6	2	440951818	10.8474	440851818	10.845	100000	0.0025	86281.3	0.0021	21570.3	0.0005	0
153706	950ea64e0584ef063c62b41641a1c9931da1ddaebfca37b7c523360c2d610d8c	2011-11-17 15:48:38	257	1028	1	0	0	0	1	2	15119687	0.3719	15069687	0.3707	50000	0.0012	194553	0.0048	48638.1	0.0012	0
153706	e6aa2249ce1469cef72b877f16882429aebc10aa665bcb21f0898247a73986d5	2011-11-17 15:48:38	620	2480	1	0	0	0	3	2	61313937	1.5083	61213937	1.5059	100000	0.0025	161290	0.004	40322.6	0.001	0
153706	95a383e80d77a5e0bb81f4734ba7503793011d8f9598f8ecc9f3e97388ae6e64	2011-11-17 15:48:38	257	1028	1	0	0	0	1	2	22674345	0.5578	22624345	0.5566	50000	0.0012	194553	0.0048	48638.1	0.0012	0
153706	6b61c538a8097c36a249f1ea360b93fd372f8d76a9d925f515f80a568acfebc9	2011-11-17 15:48:38	618	2472	1	0	0	0	3	2	4312748	0.1061	4262748	0.1049	50000	0.0012	80906.1	0.002	20226.5	0.0005	0.025210649379167
153706	c0fe81106237b3c754c5d57257220c249474f2546466a5df280062d7dd0edbcd	2011-11-17 15:48:38	259	1036	1	0	0	0	1	2	51247956	1.2607	51197956	1.2595	50000	0.0012	193050	0.0047	48262.5	0.0012	0
153707	99bf36675b42112a3073ffd8c9ecf316bfb2ff66a5f7a4b21f646ee846b6bd58	2011-11-17 15:52:23	135	540	1	0	1	0	1	1	0	0	5000300000	123.0074	0	0	0	0	0	0	0
153707	e4e9136cb4689aa9c2679022712d2f1787556b1d779b90490ae56c0574759f73	2011-11-17 15:52:23	798	3192	1	0	0	0	4	2	116590779909	2868.1333	116590779909	2868.1333	0	0	0	0	0	0	1.0694406241426
153707	433cd7e29a5708e2dd38edb21880c04af51d9a2e4e1593cd439c3297d60c5d30	2011-11-17 15:52:23	1936	7744	1	0	0	0	2	48	7924340342	194.9388	7924340342	194.9388	0	0	0	0	0	0	148.66944553241
153707	c3831795d78a41eb04418c0d783add33eb4d55c1b78ff3e2f011fcebcbb9c6c4	2011-11-17 15:52:23	258	1032	1	0	0	0	1	2	3329300000	81.9008	3329300000	81.9008	0	0	0	0	0	0	0
153707	e6077ad923a7025fbe43cf9319f274ffca37b56ae3a90a1d76931f6cf761bbce	2011-11-17 15:52:23	257	1028	1	0	0	0	1	2	1001000000	24.6246	1000950000	24.6234	50000	0.0012	194553	0.0048	48638.1	0.0012	0
153707	6a18695c647b34a23eb83f12bcfa1be49f56602eb740b0bb5a7de04093daaa10	2011-11-17 15:52:23	259	1036	1	0	0	0	1	2	2995356624	73.6858	2995356624	73.6858	0	0	0	0	0	0	0
153707	69f7e3562a943c317942d24cb5eff006f63265cf44915c70ba6cb9f0b948014f	2011-11-17 15:52:23	258	1032	1	0	0	0	1	2	2869796433	70.597	2869796433	70.597	0	0	0	0	0	0	0
153707	71a840d397f94c03537b2de309f0787cfff5c622beb56c6cf245c0c98741a90b	2011-11-17 15:52:23	259	1036	1	0	0	0	1	2	4354242641	107.1144	4354192641	107.1131	50000	0.0012	193050	0.0047	48262.5	0.0012	0
153707	a78ced79b2a5211f831145904ca6ea9cc9553e2b456ad1802cb4d2def658ceff	2011-11-17 15:52:23	258	1032	1	0	0	0	1	2	2407555381	59.2259	2407505381	59.2246	50000	0.0012	193798	0.0048	48449.6	0.0012	0
153707	8d70e44abfabb0a1275db6c8161d6998f1f976cc05d049bfc6f458de537e6d60	2011-11-17 15:52:23	256	1024	1	0	0	0	1	2	1998221776	49.1563	1998171776	49.155	50000	0.0012	195312	0.0048	48828.1	0.0012	0
153707	91dcd567ccfac9cbf3557fe7241bbec07003544d5bfb754c64b070fc111beb0c	2011-11-17 15:52:23	439	1756	1	0	0	0	2	2	423490533	10.4179	423490533	10.4179	0	0	0	0	0	0	0
153707	1280eef9462760c3dca60d0669441f07d79152cfa2299a36a1dffc44511e51b2	2011-11-17 15:52:23	259	1036	1	0	0	0	1	2	59799996	1.4711	59749996	1.4698	50000	0.0012	193050	0.0047	48262.5	0.0012	0
153707	46109d960ce0cf298c145db4064bb0382c7766cd6f688e5e216d0945ccae9719	2011-11-17 15:52:23	405	1620	1	0	0	0	2	1	12000000	0.2952	12000000	0.2952	0	0	0	0	0	0	0.024543402777778
153707	154dee19ad51631ad5a0e32fd8a6a353fdd62407a3c05d95fe35befd18aacb06	2011-11-17 15:52:23	438	1752	1	0	0	0	2	2	2050000	0.0504	2000000	0.0492	50000	0.0012	114155	0.0028	28538.8	0.0007	0.022747815972222
153707	f3fc153f1251701a8e875b23bcdd9bf945de324597a85b22b9721624c536606a	2011-11-17 15:52:23	259	1036	1	0	0	0	1	2	51460122	1.2659	51460122	1.2659	0	0	0	0	0	0	0
153708	504d302e5e3d3c6e2bd4a448da0d377507faf852757b53d4b408fcced307bfc6	2011-11-17 15:58:36	181	724	1	0	1	0	1	1	0	0	5002100000	123.0517	0	0	0	0	0	0	0
153708	2a10050b2dcddb20bb321cdfcbcb0fc6f021dc614409fa076db7e8a422524ac8	2011-11-17 15:58:36	798	3192	1	0	0	0	4	2	835206209011	20546.0723	835206209011	20546.0723	0	0	0	0	0	0	0
153708	dcdc818029ea06152a108ed60b87b940eb12e40ee7cae929cf39165167cb6dde	2011-11-17 15:58:36	157	628	1	0	0	0	1	1	5001836110	123.0452	5001836110	123.0452	0	0	0	0	0	0	37.217944638402
153708	52025493d9aecdaee1af3df6310d2e925f1cc00008c2a376fbe5106d853c59cb	2011-11-17 15:58:36	258	1032	1	0	0	0	1	2	6608696000	162.5739	6608696000	162.5739	0	0	0	0	0	0	0
153708	050953b89c6175fddfb4d846b9dfd20f4092e87a932de3cf8d70ab03ae003a6a	2011-11-17 15:58:36	257	1028	1	0	0	0	1	2	13265207079	326.3241	13265207079	326.3241	0	0	0	0	0	0	0
153708	e74dc3f2d4f47f5aee7b666a2840a0d1c022e43cacb1b1e9da63e99d1a00f4fb	2011-11-17 15:58:36	436	1744	1	0	0	0	2	2	203000000	4.9938	202000000	4.9692	1000000	0.0246	2293580	0.0564	573394	0.0141	12.648828240741
153708	6589811088076d3f5146a78f09da719f4295a463315984db179a88c99ae629bc	2011-11-17 15:58:36	404	1616	1	0	0	0	2	1	115407000	2.839	115407000	2.839	0	0	0	0	0	0	10.986947268866
153708	06ad58f9385a8b533ae2ca347163a5ca14d32e95a23ee9ff73189bc4a6e996c1	2011-11-17 15:58:36	799	3196	1	0	0	0	4	2	547455744	13.4674	547455744	13.4674	0	0	0	0	0	0	8.2979661272494
153708	a08389f82edece613f907c7c8df06452ffcd76bf91827a8fbaa4223caf88e430	2011-11-17 15:58:36	224	896	1	0	0	0	1	1	10000000000	246	10000000000	246	0	0	0	0	0	0	0
153708	2f71f79dd3109cd8c509a73362eb74b1eea5cfdc7118c89ce07fa0fcc2e33035	2011-11-17 15:58:36	258	1032	1	0	0	0	1	2	3910137586	96.1894	3910137586	96.1894	0	0	0	0	0	0	0
153708	612cd24e4324819930a6482dcd611808558cf38cbafb02ebce3df96feb3a88c9	2011-11-17 15:58:36	259	1036	1	0	0	0	1	2	3795543902	93.3704	3795543902	93.3704	0	0	0	0	0	0	0
153708	3c94d3d2ca6caef068856f32dc52a6e3ae27bd5f577ab6a4eb7e3472478e1782	2011-11-17 15:58:36	225	900	1	0	0	0	1	1	103975161	2.5578	103975161	2.5578	0	0	0	0	0	0	0.92758118457396
153708	833271c9da30ae8981d958a7cc748429e155d7d7b21569473127b6ce628131d3	2011-11-17 15:58:36	258	1032	1	0	0	0	1	2	4388917587	107.9674	4388867587	107.9661	50000	0.0012	193798	0.0048	48449.6	0.0012	0
153708	0348a6f855f992c8746ecf28f02f30f15b89e2409a0c4c8f88038f938421773a	2011-11-17 15:58:36	437	1748	1	0	0	0	2	2	7388450000	181.7559	7388400000	181.7546	50000	0.0012	114416	0.0028	28604.1	0.0007	0
153708	c56582f6a9646dfa376acd2457f91ec4aef3323129a01616b9f42cbced793b53	2011-11-17 15:58:36	259	1036	1	0	0	0	1	2	4179337341	102.8117	4179287341	102.8105	50000	0.0012	193050	0.0047	48262.5	0.0012	0
153708	a5b5fe01961652ef614e98a10e11d87cb106f94966f349e9fb2b3ac58c8105b9	2011-11-17 15:58:36	258	1032	1	0	0	0	1	2	4064094704	99.9767	4064044704	99.9755	50000	0.0012	193798	0.0048	48449.6	0.0012	0
153708	d4b22a260d3e61ebd526a6d99ec4e26ac1a1e9433ccd4a716d6ba0973608b0d9	2011-11-17 15:58:36	259	1036	1	0	0	0	1	2	3869273979	95.1841	3869223979	95.1829	50000	0.0012	193050	0.0047	48262.5	0.0012	0
153708	596e04f8ac5b925484a04b8743ecc4905943740cb97735127fc2fadc7c5c0ab4	2011-11-17 15:58:36	259	1036	1	0	0	0	1	2	3813925822	93.8226	3813875822	93.8214	50000	0.0012	193050	0.0047	48262.5	0.0012	0
153708	23c4e93ef54a1526261ba27f324a6209bdf3773f369db4a959fa998e35ce3bd6	2011-11-17 15:58:36	257	1028	1	0	0	0	1	2	3771655665	92.7827	3771605665	92.7815	50000	0.0012	194553	0.0048	48638.1	0.0012	0
153708	7bdc1e2392943232819776e6484b95416ebcc3a0d7e3567e6b61d26a32c37091	2011-11-17 15:58:36	258	1032	1	0	0	0	1	2	3662911234	90.1076	3662861234	90.1064	50000	0.0012	193798	0.0048	48449.6	0.0012	0
153708	80e3535e0c5fec542705918049f51ae026f753fb1c6358d7a0685742a334efa4	2011-11-17 15:58:36	258	1032	1	0	0	0	1	2	3480848132	85.6289	3480798132	85.6276	50000	0.0012	193798	0.0048	48449.6	0.0012	0
153708	8918381d7d0234557ba21336567aa4e29e6046c55368ed070885e9791b34e8ae	2011-11-17 15:58:36	257	1028	1	0	0	0	1	2	3458768053	85.0857	3458718053	85.0845	50000	0.0012	194553	0.0048	48638.1	0.0012	0
153708	f0da6742c115f75704bcf8601f8f985de5603d5f5717ca065d8b9641bc81f5bc	2011-11-17 15:58:36	258	1032	1	0	0	0	1	2	3457270688	85.0489	3457220688	85.0476	50000	0.0012	193798	0.0048	48449.6	0.0012	0
153708	e109f46e75d4d7e21cb704d06cb41d1379b7ca54e07e395fabe6aa97e8f96250	2011-11-17 15:58:36	259	1036	1	0	0	0	1	2	3400238552	83.6459	3400188552	83.6446	50000	0.0012	193050	0.0047	48262.5	0.0012	0
153708	71c6266c11908f9b1f42344623583a8e5536afd75f34154dfe402b72d3ecd5f7	2011-11-17 15:58:36	258	1032	1	0	0	0	1	2	3258591647	80.1614	3258541647	80.1601	50000	0.0012	193798	0.0048	48449.6	0.0012	0
153708	b43eae8fd933bfa3e75940985e5cb08b526e3dca14a29a180a90c5ac290aaa6e	2011-11-17 15:58:36	257	1028	1	0	0	0	1	2	120547390	2.9655	120497390	2.9642	50000	0.0012	194553	0.0048	48638.1	0.0012	0
153708	3cf6279a414572be03a4d2eff7e5f9902777df6b72e7120efdcdc1a613e39797	2011-11-17 15:58:36	258	1032	1	0	0	0	1	2	3086104911	75.9182	3086054911	75.917	50000	0.0012	193798	0.0048	48449.6	0.0012	0
153708	184c24330d007ac2acdeaabb9127f872266dba1120c2b4b47825415ef81a0f51	2011-11-17 15:58:36	258	1032	1	0	0	0	1	2	2675863789	65.8262	2675813789	65.825	50000	0.0012	193798	0.0048	48449.6	0.0012	0
153708	ca124447cc37399a3bdbe582f70d344c9b895892f3bbf0422c741bf68ce2a89a	2011-11-17 15:58:36	257	1028	1	0	0	0	1	2	2637123171	64.8732	2637073171	64.872	50000	0.0012	194553	0.0048	48638.1	0.0012	0
153708	9214d34359b06ae8d572adc57b790d4f68393b511c3a22c8e83d970bfa1f846b	2011-11-17 15:58:36	258	1032	1	0	0	0	1	2	4280212895	105.2932	4280162895	105.292	50000	0.0012	193798	0.0048	48449.6	0.0012	0
153708	3845f5397175b2000f83311a926b5bb91fc4456c34d2c25d77647681bf15b736	2011-11-17 15:58:36	258	1032	1	0	0	0	1	2	2352889192	57.8811	2352839192	57.8798	50000	0.0012	193798	0.0048	48449.6	0.0012	0
153708	bbc48e8e3ab973cc1b88ba2945283c4d8d0538842aac4e6f0346e3da769cd572	2011-11-17 15:58:36	259	1036	1	0	0	0	1	2	1946752482	47.8901	1946702482	47.8889	50000	0.0012	193050	0.0047	48262.5	0.0012	0
153708	3656bd035d0a6aa5f94f573b172557004cc19434e4a1809366ef27bd546d76e9	2011-11-17 15:58:36	1159	4636	1	0	0	0	6	2	11100000	0.2731	11000000	0.2706	100000	0.0025	86281.3	0.0021	21570.3	0.0005	0.086743784722222
153709	fe463544d6d93c98a11327cc962d47eb20fe600bb4df09fd244c268b42c2f238	2011-11-17 16:12:38	134	536	1	0	1	0	1	1	0	0	5010500000	123.2583	0	0	0	0	0	0	0
153709	1b82862ce6a000ea9726d841459becccef98a7787e800cdba1dc997a220ff271	2011-11-17 16:12:38	224	896	1	0	0	0	1	1	50000000000	1230	50000000000	1230	0	0	0	0	0	0	64189.490740741
153709	db91edcedd409feb1ae8f017b050980de44ff6ba5dfc3aa88ae0ff8d39b68bcc	2011-11-17 16:12:38	259	1036	1	0	0	0	1	2	30000000000	738	30000000000	738	0	0	0	0	0	0	31873.454861111
153709	4f65fb9ffe12f77d695ae923a7f06a9fd9dcfcada08a9b2bf9671aa99fbc8e01	2011-11-17 16:12:38	225	900	1	0	0	0	1	1	10000000000	246	10000000000	246	0	0	0	0	0	0	19976.747685185
153709	ffec681fa8802c41f31349ab97c7aa3846781227b68b54bc252c8624433df1a6	2011-11-17 16:12:38	224	896	1	0	0	0	1	1	10000000000	246	10000000000	246	0	0	0	0	0	0	10796.923611111
153709	3e3211479c02ab0da0bcbc33c18173865b9a3ca653dcd9bec87168762e96c655	2011-11-17 16:12:38	438	1752	1	0	0	0	2	2	7511000000	184.7706	7501000000	184.5246	10000000	0.246	22830998	0.5616	5707760	0.1404	13576.452519097
153709	d739e5d56e438733ec8911400246bf4c1332fe7ecd18b1b0acc9cf7f01843e58	2011-11-17 16:12:38	258	1032	1	0	0	0	1	2	12505000000	307.623	12505000000	307.623	0	0	0	0	0	0	2821.3928628472
153709	0bfb83cba85e23a00a3c245356d68e89ff3cc69082f6b67683031a36f5957ac3	2011-11-17 16:12:38	259	1036	1	0	0	0	1	2	108000000	2.6568	108000000	2.6568	0	0	0	0	0	0	165.95055
153709	c342b2f728f6995fa1794d25ac5d7f553a9ce902f70f2c39ce2e0c041e17d9aa	2011-11-17 16:12:38	796	3184	1	0	0	0	4	2	2863158270	70.4337	2863158270	70.4337	0	0	0	0	0	0	88.140596296296
153709	6961778d0faccf19e607369cf84887f6bc40015c292d7ff1803e1c7d1348c704	2011-11-17 16:12:38	258	1032	1	0	0	0	1	2	9000000100	221.4	9000000100	221.4	0	0	0	0	0	0	0
153709	ccaeba203d79dd4fcbeb3548a146d5924f136caebbf4a50892d89f6e7153d95f	2011-11-17 16:12:38	979	3916	1	0	0	0	5	2	10839631218	266.6549	10839631218	266.6549	0	0	0	0	0	0	53.342591695602
153709	e4333ea2f0f2805588fa6d3f411be4e6cd9cdb887698c6effd7460d1c823fa7b	2011-11-17 16:12:38	259	1036	1	0	0	0	1	2	14984900000	368.6285	14984900000	368.6285	0	0	0	0	0	0	0
153709	d3aba1f6dab9552368d22bf2b6bbeb3209b01164c7cd389d47902005848d4e8f	2011-11-17 16:12:38	1159	4636	1	0	0	0	6	2	6371860799	156.7478	6371860799	156.7478	0	0	0	0	0	0	44.719328703704
153709	990cbac6cfbb2897e21ab09991d29ae2a9413b01eb78e681c6f1f00d7b156429	2011-11-17 16:12:38	259	1036	1	0	0	0	1	2	14322649969	352.3372	14322649969	352.3372	0	0	0	0	0	0	0
153709	5cab92c2034e30226edfd7d9ecb93a994925c2c265571adb098f2899eec8f095	2011-11-17 16:12:38	258	1032	1	0	0	0	1	2	10671924261	262.5293	10671924261	262.5293	0	0	0	0	0	0	0
153709	0a0d9c702614fdea0a91b662db69da1dab70a06e9a6a34471170652918f924a9	2011-11-17 16:12:38	258	1032	1	0	0	0	1	2	10620509193	261.2645	10620509193	261.2645	0	0	0	0	0	0	0
153709	ecc578755db7bee48bd3171d05c4ea51ebad38039d169b8c4c934998b2ae17e7	2011-11-17 16:12:38	258	1032	1	0	0	0	1	2	10174050000	250.2816	10174050000	250.2816	0	0	0	0	0	0	0
153709	79e200c716246377934a4cd424da7ec9601b3ec506ce59b16c7db56dfad3c23c	2011-11-17 16:12:38	258	1032	1	0	0	0	1	2	10000000000	246	10000000000	246	0	0	0	0	0	0	0
153709	2b29b75ad89afd4718253bc1981c75bdec709939f02934b37752ba86d974d90e	2011-11-17 16:12:38	259	1036	1	0	0	0	1	2	9931500000	244.3149	9931500000	244.3149	0	0	0	0	0	0	0
153709	a8dd77bed420d42a2a797ff772e007f72ef35e4b2f2266bdb463673fca9a41ce	2011-11-17 16:12:38	258	1032	1	0	0	0	1	2	4234950000	104.1798	4234950000	104.1798	0	0	0	0	0	0	0
153709	6d7afe73380d7aed8328909b56b905b4ac1a77af05c78015074921f4be4fd0a1	2011-11-17 16:12:38	257	1028	1	0	0	0	1	2	9498467790	233.6623	9498467790	233.6623	0	0	0	0	0	0	0
153709	97b448587892132ba7335aae7cebc48dfbf10efb88231443a0995ddfd32ce7d9	2011-11-17 16:12:38	258	1032	1	0	0	0	1	2	9438850000	232.1957	9438850000	232.1957	0	0	0	0	0	0	0
153709	0f2bcb5e6982a07781fabb01d8f0bbe0b1819076b964248ca05ffdcaa345a475	2011-11-17 16:12:38	258	1032	1	0	0	0	1	2	9000748896	221.4184	9000748896	221.4184	0	0	0	0	0	0	0
153709	1837306a80b8decfccf3132496fd778d0046a9ec18c186159048c6f26d59b692	2011-11-17 16:12:38	258	1032	1	0	0	0	1	2	8974818538	220.7805	8974818538	220.7805	0	0	0	0	0	0	0
153709	ed8d2073d971d3a62f677bb164bdb1101956d120d073203228c3a3c9c473c1b2	2011-11-17 16:12:38	257	1028	1	0	0	0	1	2	3211582775	79.0049	3211582775	79.0049	0	0	0	0	0	0	0
153709	936984df71034679dbec07aa657759a7066ec07fa84c164164f2ad4b581be42a	2011-11-17 16:12:38	257	1028	1	0	0	0	1	2	8245000000	202.827	8245000000	202.827	0	0	0	0	0	0	0
153709	def620d5e4e4bbea08f460c71bf30daa215d16f36605b99cfad28f9f2d3d0960	2011-11-17 16:12:38	799	3196	1	0	0	0	4	2	21235628231	522.3965	21235628231	522.3965	0	0	0	0	0	0	0
153709	98bc7de11b2b41467fc2fd0b6abab6ecbf26fb116e3d86afbc2291d34347e337	2011-11-17 16:12:38	258	1032	1	0	0	0	1	2	7908593387	194.5514	7908593387	194.5514	0	0	0	0	0	0	0
153709	7f3acbc3b8ee42d7de8fdb5b98a657f579f35d36fba158513c8f58e66818bde3	2011-11-17 16:12:38	259	1036	1	0	0	0	1	2	7869500830	193.5897	7869500830	193.5897	0	0	0	0	0	0	0
153709	8366f82fca6d5d97c555e1ae9cf338386888a38fc8d6b77cce215f639454c87f	2011-11-17 16:12:38	258	1032	1	0	0	0	1	2	7102100000	174.7117	7102100000	174.7117	0	0	0	0	0	0	0
153709	e37570a04739f4d83492b3985f2b494c844f9dc0a9b9158c6dfc0bbaa6617c52	2011-11-17 16:12:38	259	1036	1	0	0	0	1	2	6630923467	163.1207	6630923467	163.1207	0	0	0	0	0	0	0
153709	07da72c6ec29ac828daa01f40b7405f97dd31f028fdcad34993755573785b6f3	2011-11-17 16:12:38	257	1028	1	0	0	0	1	2	6345250000	156.0932	6345250000	156.0932	0	0	0	0	0	0	0
153709	fadc76bdedc17334807972ac2bd009cc6ecc32bf8e75dc8aa3c15f0e55832a35	2011-11-17 16:12:38	258	1032	1	0	0	0	1	2	1100000000	27.06	1100000000	27.06	0	0	0	0	0	0	0
153709	04aa2e67e015d99d9587d66c828241b4126f29318603a0f30836e32895230bb3	2011-11-17 16:12:38	437	1748	1	0	0	0	2	2	4619000000	113.6274	4619000000	113.6274	0	0	0	0	0	0	0
153709	0461665486b94a65fecdbc6d2e232f3d49e25ced8ec14de424ce662aa8cf571e	2011-11-17 16:12:38	258	1032	1	0	0	0	1	2	4809150000	118.3051	4809150000	118.3051	0	0	0	0	0	0	0
153709	51e774bfbc694d9812205faaa85fb880d604b58f9b6aaa716fd438df4d0399fb	2011-11-17 16:12:38	258	1032	1	0	0	0	1	2	4780200000	117.5929	4780200000	117.5929	0	0	0	0	0	0	0
153709	ffe22ddc32031d05bedd2ee0adc3b23ebbf96a455c16ded60dbc8bfe45a06043	2011-11-17 16:12:38	258	1032	1	0	0	0	1	2	4251411460	104.5847	4251411460	104.5847	0	0	0	0	0	0	0
153709	f382706fee60f3da612ef4e81ee02fdcdd0fa22fa5ec5412ce9a6d62ffdac67b	2011-11-17 16:12:38	258	1032	1	0	0	0	1	2	4575470631	112.5566	4575470631	112.5566	0	0	0	0	0	0	0
153709	6efe5d215c5c1d398374308c86db61f65a4672978ccca5b72e25ffff273437c7	2011-11-17 16:12:38	259	1036	1	0	0	0	1	2	10005250003	246.1292	10005250003	246.1292	0	0	0	0	0	0	0
153709	9aa7602e33af87df45411da5ed93a98ee79fa65d5e51a4448049435a260480f6	2011-11-17 16:12:38	258	1032	1	0	0	0	1	2	4406050000	108.3888	4406050000	108.3888	0	0	0	0	0	0	0
153709	41431bb8e1bdff9d7cea571c13563d320d027151f4c2dda7400966b6398c8435	2011-11-17 16:12:38	257	1028	1	0	0	0	1	2	4868700000	119.77	4868700000	119.77	0	0	0	0	0	0	0
153709	12c01af9ed04cbf1e820223c94cbbf70eb52c775e081c4dbc761c0ac9b8713f9	2011-11-17 16:12:38	258	1032	1	0	0	0	1	2	4879376451	120.0327	4879376451	120.0327	0	0	0	0	0	0	0
153709	7924f9e6995321e11bd728a42bd2f5771aea1ab39237b50c21b53c22be3de05a	2011-11-17 16:12:38	257	1028	1	0	0	0	1	2	4811973804	118.3746	4811973804	118.3746	0	0	0	0	0	0	0
153709	3b991f71db9299f298dc45d0460a23a0501ff1df6d24d46b9b1414bb106538c2	2011-11-17 16:12:38	258	1032	1	0	0	0	1	2	4827678770	118.7609	4827678770	118.7609	0	0	0	0	0	0	0
153709	0bb0e2f9a9f56813cecbea327351262a6a9de7e0011a9ee2ca8bda31ffa48630	2011-11-17 16:12:38	258	1032	1	0	0	0	1	2	4791185900	117.8632	4791185900	117.8632	0	0	0	0	0	0	0
153709	8f5f73db35604151f1ff2b0eeeef7864073138d34e4a63b61e0fc8f984010aee	2011-11-17 16:12:38	257	1028	1	0	0	0	1	2	4144200000	101.9473	4144200000	101.9473	0	0	0	0	0	0	0
153709	8fb353c379c2662e31848ca5a383d04efb0e70386e6387005f6d380094acfa36	2011-11-17 16:12:38	259	1036	1	0	0	0	1	2	3951050000	97.1958	3951050000	97.1958	0	0	0	0	0	0	0
153709	5b956aa94421bf4e247d44b92dd1578bf3750af3045b04d0aa5aea98833380be	2011-11-17 16:12:38	437	1748	1	0	0	0	2	2	635932623	15.6439	635932623	15.6439	0	0	0	0	0	0	2.7921226666667
153709	672b5bc9bee5ffdda0effe1cb752947b140cd1f40d78905e64eacf29f66a8c3a	2011-11-17 16:12:38	259	1036	1	0	0	0	1	2	3727000000	91.6842	3727000000	91.6842	0	0	0	0	0	0	0
153709	97832a60bf9e9ed7b773e83752bf7fa93d6b95b7ceac7da652aa665f6d44956e	2011-11-17 16:12:38	259	1036	1	0	0	0	1	2	5007986930	123.1965	5007986930	123.1965	0	0	0	0	0	0	0
153709	b3328442339042ddc2b62ddbfa7bf43120fc9988b059e6140d8382980b69cbb7	2011-11-17 16:12:38	598	2392	1	0	0	0	1	12	3366933789	82.8266	3366883789	82.8253	50000	0.0012	83612	0.0021	20903	0.0005	0
153709	d8881d586e02edd6ddc3da72742bfbbc79151ea6e641bef8eb99b370b3a105f6	2011-11-17 16:12:38	259	1036	1	0	0	0	1	2	3700250000	91.0262	3700200000	91.0249	50000	0.0012	193050	0.0047	48262.5	0.0012	0
153709	bc2bd3e30ad4f30471f5cb177d113f55e97db1f30c4e176ac6cbd629b3043fb4	2011-11-17 16:12:38	258	1032	1	0	0	0	1	2	82000000	2.0172	82000000	2.0172	0	0	0	0	0	0	0.41404305555556
153709	b68516f42f2c4b64535271a114e19968cfb4525f40c3ee2fe9dba5b13fd49df3	2011-11-17 16:12:38	258	1032	1	0	0	0	1	2	3319343172	81.6558	3319343172	81.6558	0	0	0	0	0	0	0
153709	d1dd029a7aba3ea6c63a45b528a27a16f494e9f2fe2890adf6b46777e1c79089	2011-11-17 16:12:38	258	1032	1	0	0	0	1	2	2834796433	69.736	2834796433	69.736	0	0	0	0	0	0	0
153709	f0ab8d566353620c10de3ad2c2a7f22cad18be3b9d94c34a1f3e21564a82d0e7	2011-11-17 16:12:38	258	1032	1	0	0	0	1	2	5001836110	123.0452	5001836110	123.0452	0	0	0	0	0	0	0
153709	79a709f334980849cfb3460823f7ddabfafd0eac2f22045869b9beeac6b4e1b6	2011-11-17 16:12:38	258	1032	1	0	0	0	1	2	2498356624	61.4596	2498356624	61.4596	0	0	0	0	0	0	0
153709	3d5fc65fa4d7479324bba4fa4c7ba5bc5edc7d2a331da3ad5a033610a310df5a	2011-11-17 16:12:38	257	1028	1	0	0	0	1	2	44188025	1.087	44138025	1.0858	50000	0.0012	194553	0.0048	48638.1	0.0012	0.25957907510127
153709	4b949d14d7e543b139ba24a8b576ba549515cd4e55f38240837b3df76d9321e4	2011-11-17 16:12:38	258	1032	1	0	0	0	1	2	3804137586	93.5818	3804137586	93.5818	0	0	0	0	0	0	0
153709	33de7dbf54847a144dd71cce2ca2f2bb327c866a26daa5853b5508e8814007ea	2011-11-17 16:12:38	259	1036	1	0	0	0	1	2	3545543902	87.2204	3545543902	87.2204	0	0	0	0	0	0	0
153709	56e9e564f4f52d203d98b1f0724d1ac38ae32cac29f307d5c98a190f3802f58b	2011-11-17 16:12:38	618	2472	1	0	0	0	3	2	199939550	4.9185	199889550	4.9173	50000	0.0012	80906.1	0.002	20226.5	0.0005	0
153709	ac973dc5074e8027de54259682315aef05a77d3edd7d42bb7834566572d820c8	2011-11-17 16:12:38	259	1036	1	0	0	0	1	2	134649751	3.3124	134599751	3.3112	50000	0.0012	193050	0.0047	48262.5	0.0012	0
153709	d738bfc58d6e07aba0fca7809c96818a4115b48047d28ba0e112b28ad469bb10	2011-11-17 16:12:38	2060	8240	1	0	0	0	11	2	11450000	0.2817	11300000	0.278	150000	0.0037	72815.5	0.0018	18203.9	0.0004	0.131884375
153709	6828d544a957a337c2f42051689e3190bc54d997441e796bf833edbaed7824cc	2011-11-17 16:12:38	258	1032	1	0	0	0	1	2	23143605	0.5693	23093605	0.5681	50000	0.0012	193798	0.0048	48449.6	0.0012	0
153709	c76bc7b6d27ca513514fbc4f0522de7cbaf98f55d41a8697d0e123b1a4038fce	2011-11-17 16:12:38	257	1028	1	0	0	0	1	2	23490533	0.5779	23490533	0.5779	0	0	0	0	0	0	0
153709	32b3ceb89d885fbd1d7a605a141f9a7a0f6867b398fa02348da5466a30a90a75	2011-11-17 16:12:38	257	1028	1	0	0	0	1	2	22460122	0.5525	22460122	0.5525	0	0	0	0	0	0	0
153709	5ad5fd43094f67f1d788c1ccf6565d30ce6d09b8d22a3ebfc06a38c65c88d85a	2011-11-17 16:12:38	259	1036	1	0	0	0	1	2	8955126	0.2203	8905126	0.2191	50000	0.0012	193050	0.0047	48262.5	0.0012	0
153709	fba326d95253bddff4b405010a949a1fad3bde88d5e3cbf2ea65aebb6caa688b	2011-11-17 16:12:38	258	1032	1	0	0	0	1	2	3318343172	81.6312	3318343172	81.6312	0	0	0	0	0	0	0
153709	26a5d087e82218a623a8400f8863eb41d38395ae57d6b802fd49b48d0052a30a	2011-11-17 16:12:38	258	1032	1	0	0	0	1	2	2833796433	69.7114	2833796433	69.7114	0	0	0	0	0	0	0
153709	c5d922c40be4692f5c1cf9959622bff7313f9029bc6cd79d2c128b39b1650fa9	2011-11-17 16:12:38	258	1032	1	0	0	0	1	2	2391356624	58.8274	2391356624	58.8274	0	0	0	0	0	0	0
153709	5f24de35862e5fe40d795bc003e905d0793e2fc1499b3acac4077cb23b7160a4	2011-11-17 16:12:38	257	1028	1	0	0	0	1	2	18490533	0.4549	18490533	0.4549	0	0	0	0	0	0	0
153709	d3b54c3e7ae1968304f94c9df7d4967b45cbf8d107f732c9762370d92420a130	2011-11-17 16:12:38	438	1752	1	0	0	0	2	2	5088509	0.1252	5088509	0.1252	0	0	0	0	0	0	0
153709	a9a3ac84d8bbbf0dedaa6e1149f4aa0746089fe9866c25bf9faa0cda8fa0baf4	2011-11-17 16:12:38	258	1032	1	0	0	0	1	2	21460122	0.5279	21460122	0.5279	0	0	0	0	0	0	0
153709	a2d1afa4a96457c4e82d2b7589f63e191cdd3ec80797f22e8ac9bd62a46e9d2b	2011-11-17 16:12:38	257	1028	1	0	0	0	1	2	2094796433	51.532	2094796433	51.532	0	0	0	0	0	0	0
153709	bdd732b5146fb397182e1638a0942d0dbe700f6d4f180c054da4aec918b25eba	2011-11-17 16:12:38	258	1032	1	0	0	0	1	2	1350356624	33.2188	1350356624	33.2188	0	0	0	0	0	0	0
153709	62ce470bc0a5e26ec5f3b2e3de139fa9348c8fe8d31ec831934e3985afc8b423	2011-11-17 16:12:38	259	1036	1	0	0	0	1	2	2088509	0.0514	2088509	0.0514	0	0	0	0	0	0	0
153709	bd26c2cdf8f579b3cc3650dcc576bd6688311b522ba6b3b0259ac1d1112e860c	2011-11-17 16:12:38	258	1032	1	0	0	0	1	2	1913796433	47.0794	1913796433	47.0794	0	0	0	0	0	0	0
153709	d15267c9ef7b77841ab3ad48742e909919d79beb88bfc6169d1a97103957a451	2011-11-17 16:12:38	257	1028	1	0	0	0	1	2	1248356624	30.7096	1248356624	30.7096	0	0	0	0	0	0	0
153709	d262c7b5bfdb56348d66e1c63ff58fcb373e67353596030f7ff50c643c2dfc8b	2011-11-17 16:12:38	258	1032	1	0	0	0	1	2	873796433	21.4954	873796433	21.4954	0	0	0	0	0	0	0
153709	d517df87694f0ddcd53d48e16d653e3e26421a19c174d23d05cf8c086bf9449b	2011-11-17 16:12:38	257	1028	1	0	0	0	1	2	1144356624	28.1512	1144356624	28.1512	0	0	0	0	0	0	0
153709	386e6a9175336af4e4b1ebc007aa15de578840beb62026880381440180f365dc	2011-11-17 16:12:38	257	1028	1	0	0	0	1	2	748796433	18.4204	748796433	18.4204	0	0	0	0	0	0	0
153709	5be33ef69f92e0b128a0a9eb8ded47fde920a841d15575053b6382abbf6b0ccd	2011-11-17 16:12:38	258	1032	1	0	0	0	1	2	1128356624	27.7576	1128356624	27.7576	0	0	0	0	0	0	0
153709	866e214279293a7d27e3c8fdfb471efedf64f2ea9df3850eaf8c757a125ae945	2011-11-17 16:12:38	258	1032	1	0	0	0	1	2	1067356624	26.257	1067356624	26.257	0	0	0	0	0	0	0
153709	56cb245cd8d87dd71d7b3df727f198652fde08c1028a666858b4bb7ada9b9d13	2011-11-17 16:12:38	257	1028	1	0	0	0	1	2	902356624	22.198	902356624	22.198	0	0	0	0	0	0	0
153709	d2850a446369ad8f8c6f12d56ab9f77475f833a9841ed0b2d6e47958f3871f50	2011-11-17 16:12:38	258	1032	1	0	0	0	1	2	883356624	21.7306	883356624	21.7306	0	0	0	0	0	0	0
153709	6fb2987d470cbf7ca9cad707fc3a02f996c0fdfa3d7c846eb229b32df411b15f	2011-11-17 16:12:38	259	1036	1	0	0	0	1	2	618356624	15.2116	618356624	15.2116	0	0	0	0	0	0	0
153709	891a29ec5fb4ff0976b37bdcd204891bb2203a380d6d986a56e8d6435afba164	2011-11-17 16:12:38	258	1032	1	0	0	0	1	2	516356624	12.7024	516356624	12.7024	0	0	0	0	0	0	0
153709	e18031fbdc5fa7e09ebc7ea54ada0cf2cd1a247a29f681a889a337c79a796f48	2011-11-17 16:12:38	259	1036	1	0	0	0	1	2	512017505	12.5956	512017505	12.5956	0	0	0	0	0	0	0
153709	2ddc8e8df0f8d9aaefd501283f4c54001c533a5180c91d9f87fb54ca721da696	2011-11-17 16:12:38	258	1032	1	0	0	0	1	2	385017505	9.4714	385017505	9.4714	0	0	0	0	0	0	0
153709	04ba8dfec6bdc1944772b5ab743c1e4c97b82177447fb5348be4fdd604ff9e16	2011-11-17 16:12:38	258	1032	1	0	0	0	1	2	284017505	6.9868	284017505	6.9868	0	0	0	0	0	0	0
153709	94a7d41e97bfff6b2ce7f89c8ada229cd7c9642cf6cc13740927ea606a291ac9	2011-11-17 16:12:38	257	1028	1	0	0	0	1	2	270017505	6.6424	270017505	6.6424	0	0	0	0	0	0	0
153709	ac36f3313b29eaa0c2eb706b493ab8c3adf7c700fd57411fa1d7f6214fa68508	2011-11-17 16:12:38	258	1032	1	0	0	0	1	2	170017505	4.1824	170017505	4.1824	0	0	0	0	0	0	0
153709	da6a4b20250a265b6a941ec3db4890cc17b7331b6011e1f53130860098b06c3c	2011-11-17 16:12:38	258	1032	1	0	0	0	1	2	132017505	3.2476	132017505	3.2476	0	0	0	0	0	0	0
153709	5678a5d0a53f5d66c9e40a9c23235c7b5b94b8fee5bc0c532b9ea6b79f43b515	2011-11-17 16:12:38	257	1028	1	0	0	0	1	2	106017505	2.608	106017505	2.608	0	0	0	0	0	0	0
153709	ee82d0d5f43c3e3110756acfb43a9f70e73942186e0238657c6af5beddd93697	2011-11-17 16:12:38	258	1032	1	0	0	0	1	2	82017505	2.0176	82017505	2.0176	0	0	0	0	0	0	0
153709	49ba5a585b59101590af23eddcf54dda7cb4c5b9bcac12b4f10d18a597d97cb8	2011-11-17 16:12:38	257	1028	1	0	0	0	1	2	77017505	1.8946	77017505	1.8946	0	0	0	0	0	0	0
153710	c0c0f24aadf4e4df184ccd712503ff0e121027c7f41a1cb3391ced4e3f02bdc0	2011-11-17 16:18:02	181	724	1	0	1	0	1	1	0	0	5000250000	123.0061	0	0	0	0	0	0	0
153710	67a52da0b250402b58c18a4a10fca68661651675201667cf6cd9ccc6ac7945c1	2011-11-17 16:18:02	223	892	1	0	0	0	1	1	1082435108	26.6279	1082435108	26.6279	0	0	0	0	0	0	197.83293129029
153710	aede9771f041022e8a3e8eeeba19b8c43aa59cde2883c82a3a021010fcefe61d	2011-11-17 16:18:02	978	3912	1	0	0	0	5	2	501000000	12.3246	501000000	12.3246	0	0	0	0	0	0	251.82756168981
153710	f6b4e17a927f5ada3da5a8e27c780213cc56246f7c11e1d546823a1a1ff64978	2011-11-17 16:18:02	259	1036	1	0	0	0	1	2	32000000	0.7872	32000000	0.7872	0	0	0	0	0	0	12.533711111111
153710	ec919f5f80b0a25f19d9e90852ccefe2969d2cf87527bedd52019f887ee1294e	2011-11-17 16:18:02	258	1032	1	0	0	0	1	2	3541526680	87.1216	3541526680	87.1216	0	0	0	0	0	0	0
153710	4ea2ea98b76bcf46e7f17a824ad6891892c8d752ca66fcd18c683a756a732a43	2011-11-17 16:18:02	257	1028	1	0	0	0	1	2	3852450000	94.7703	3852400000	94.769	50000	0.0012	194553	0.0048	48638.1	0.0012	0
153710	e3c679a8e80e5d18783b731398b5989fbddbc855cdced1874d23e2ae9d53f9fb	2011-11-17 16:18:02	257	1028	1	0	0	0	1	2	26700000000	656.82	26700000000	656.82	0	0	0	0	0	0	0
153710	bea5629d9d60e2738275360bd7b5e1a9c3b1f8396c6e692f603c906204c89115	2011-11-17 16:18:02	258	1032	1	0	0	0	1	2	1274130000	31.3436	1274130000	31.3436	0	0	0	0	0	0	0
153710	fe949a850aa70e6b732a4d769cedf931f2622b1b492a1ed0e85ea751559a412c	2011-11-17 16:18:02	405	1620	1	0	0	0	2	1	3751599330	92.2893	3751599330	92.2893	0	0	0	0	0	0	0.96314291689583
153710	a3bcecd1651e83eaf288f7f70f196921b96a49a23113d379064b2476c4e73b57	2011-11-17 16:18:02	258	1032	1	0	0	0	1	2	1896470078	46.6532	1896420078	46.6519	50000	0.0012	193798	0.0048	48449.6	0.0012	0
153710	9c9efed3d8d0fbaed377d871cdc451bcfddfe5b4fa574c47d6849c1c2174bde8	2011-11-17 16:18:02	2054	8216	1	0	0	0	11	2	11300000	0.278	11150000	0.2743	150000	0.0037	73028.2	0.0018	18257.1	0.0004	0.13938101851852
153711	baa185e3945fd91186b5eec9ab594d9907830af2729fcc9cdb91f104899a8790	2011-11-17 16:34:41	135	540	1	0	1	0	1	1	0	0	5002706546	123.0666	0	0	0	0	0	0	0
153711	a5abbc6893665c11968278aa040cb34a304c482626e855d5497066f5d2b2f1c9	2011-11-17 16:34:41	1157	4628	1	0	0	0	6	2	30010200000	738.2509	30010200000	738.2509	0	0	0	0	0	0	20644.038127454
153711	5e3de30345dc03a05daaeffe3b701eb1fd618777a2606b449b7e608cc5d081cb	2011-11-17 16:34:41	259	1036	1	0	0	0	1	2	500000000	12.3	500000000	12.3	0	0	0	0	0	0	667.00196759259
153711	94432f6256499616a43187816c6bef542899180128b63ee4666b9f69c5776150	2011-11-17 16:34:41	1341	5364	1	0	0	0	7	2	3187000067	78.4002	3187000067	78.4002	0	0	0	0	0	0	3009.1280536499
153711	03dd1a9db9c1dd6a8e9454add1d21d84dd8300dd54f24c0af35c534518b08fd8	2011-11-17 16:34:41	795	3180	1	0	0	0	4	2	825579904575	20309.2656	825579904575	20309.2656	0	0	0	0	0	0	0
153711	d7d2b5c24e3ac60c7a84005462640c8f4e033a801b0d1af9e68cc1f1b0e2087b	2011-11-17 16:34:41	257	1028	1	0	0	0	1	2	26001923000	639.6473	26001923000	639.6473	0	0	0	0	0	0	202.5953072265
153711	c331d0b83d8e6a43877adbd509843c7dbc4537509f20a412ad127ad5af951420	2011-11-17 16:34:41	157	628	1	0	0	0	1	1	5000000000	123	5000000000	123	0	0	0	0	0	0	36.003472222222
153711	cfa425c717c112d81eb010e76b20e7abd86132a9530467043557f906746c9b9b	2011-11-17 16:34:41	1517	6068	1	0	0	0	8	2	2401177332	59.069	2401177332	59.069	0	0	0	0	0	0	234.53953150457
153711	b54173e37feb7b0cece18c2c60b901d7c5d4790aa8fee538b46ae56a99a06952	2011-11-17 16:34:41	618	2472	1	0	0	0	3	2	50180868119	1234.4493	50180868119	1234.4493	0	0	0	0	0	0	0
153711	5b4015f3f329999bdbe1eab83685acd957c56941bcbc7adacd9b8ace87725261	2011-11-17 16:34:41	2774	11096	1	0	0	0	15	2	40001000470	984.0246	40001000470	984.0246	0	0	0	0	0	0	247.48902079296
153711	e3a634ee9745be9ac7500f6824cb6465e1261e08764451982e3c62a1b616fecd	2011-11-17 16:34:41	798	3192	1	0	0	0	4	2	45249328266	1113.1335	45249328266	1113.1335	0	0	0	0	0	0	0
153711	554f505fbccab7d8ca557c87f21ac72706339b3b7b92bcd0140895f0043d1c75	2011-11-17 16:34:41	258	1032	1	0	0	0	1	2	40000000	0.984	40000000	0.984	0	0	0	0	0	0	15.685166666667
153711	1f69d8dfacce6529233445155b1bd4b35881e93ce7499f070ced1baf9a3afa62	2011-11-17 16:34:41	258	1032	1	0	0	0	1	2	24098509230	592.8234	24098509230	592.8234	0	0	0	0	0	0	0
153711	5c4e0626bcb2b8adf12b60ecca73534a3d84208481abd061b00eff5fc9bc20f4	2011-11-17 16:34:41	617	2468	1	0	0	0	3	2	1742116617	42.8561	1742116617	42.8561	0	0	0	0	0	0	19.641854166667
153711	b6604d8a3a45f17e5b4637e6a29b182ba4a185748da831fc9cd981dbce906d59	2011-11-17 16:34:41	766	3064	1	0	0	0	4	1	10100938196	248.4831	10100938196	248.4831	0	0	0	0	0	0	6.0286142465722
153711	50305b455e6d8b4c37e0c23c05a6793d3c8861a77b7a39d87cbd106a46df9ea4	2011-11-17 16:34:41	258	1032	1	0	0	0	1	2	2000000000	49.2	2000000000	49.2	0	0	0	0	0	0	0
153711	360f61ef8a4afd647eb27a8679a1d7a8095dbdfebd53e4cc7a14ec05e46902a2	2011-11-17 16:34:41	257	1028	1	0	0	0	1	2	1683000000	41.4018	1683000000	41.4018	0	0	0	0	0	0	0
153711	a89012f0bf1e77d594d2d5daf6eb6fe4f38d44d25776df8a27f703423d5ab1bd	2011-11-17 16:34:41	258	1032	1	0	0	0	1	2	6000000000	147.6	6000000000	147.6	0	0	0	0	0	0	0
153711	f1916d4451f0b5b1b74bf100a3f257010300921b07272eeccfe9d98389adac5d	2011-11-17 16:34:41	259	1036	1	0	0	0	1	2	13152569291	323.5532	13152569291	323.5532	0	0	0	0	0	0	0
153711	3456bbf7b7ad1f355c8e648f39df89703f099deea88827258c8f9d9be4f586c1	2011-11-17 16:34:41	224	896	1	0	0	0	1	1	1903000000	46.8138	1903000000	46.8138	0	0	0	0	0	0	0
153711	cf06503bfdbbb0d85cb1628d2bc06283ff4c54d9a7fb365cadebc9848c81fd2e	2011-11-17 16:34:41	2026	8104	1	0	0	0	11	1	347406546	8.5462	347400000	8.546	6546	0.0002	3231	0.0001	807.749	0	15.482376819202
153711	9196bf73c08b0f60a081802895f80c5380b94a56679d498cb80321a0f29da14a	2011-11-17 16:34:41	439	1756	1	0	0	0	2	2	109000000	2.6814	108000000	2.6568	1000000	0.0246	2277900	0.056	569476	0.014	3.0023371527778
153711	b5b06dc20eb325d9e47a3ff3eb29f6a0f804722c188d6b64c8999bb4f93f209f	2011-11-17 16:34:41	258	1032	1	0	0	0	1	2	379686200	9.3403	379586200	9.3378	100000	0.0025	387597	0.0095	96899.2	0.0024	0
153711	f1a4440424fac197dbcc2d896f43d0ffcb77d4787803a9bde409e0f11a632895	2011-11-17 16:34:41	437	1748	1	0	0	0	2	2	7411449999	182.3217	7411399999	182.3204	50000	0.0012	114416	0.0028	28604.1	0.0007	0
153711	8323850ec69dfed9c8a953742e579317bf0901a48bd3da7042e96c2dfd7ef26b	2011-11-17 16:34:41	257	1028	1	0	0	0	1	2	4261184820	104.8251	4261134820	104.8239	50000	0.0012	194553	0.0048	48638.1	0.0012	0
153711	3b74148722d7bf2e529dc6c3928e397f356e017598b8fee44cf55272851bb6fe	2011-11-17 16:34:41	259	1036	1	0	0	0	1	2	4997986930	122.9505	4997986930	122.9505	0	0	0	0	0	0	0
153711	29d01a01568076c76d2d88936bdd446d6f1a4f1180b4d3dd550d0bf4cee0836c	2011-11-17 16:34:41	257	1028	1	0	0	0	1	2	4810973804	118.35	4810973804	118.35	0	0	0	0	0	0	0
153711	adcac34498a820b409e1751351352330ee1b9d8a82fdabba15e02b528fd79194	2011-11-17 16:34:41	259	1036	1	0	0	0	1	2	4812376451	118.3845	4812376451	118.3845	0	0	0	0	0	0	0
153711	14d04b4b33e1bb60f2898e4dbd254b08aeb67d0836f9cc3f36b5e630205edb56	2011-11-17 16:34:41	259	1036	1	0	0	0	1	2	4808150000	118.2805	4808150000	118.2805	0	0	0	0	0	0	0
153711	7e15ec25eb250f3aee06f07cb99739df535f0f5f861870485d72c64242d89100	2011-11-17 16:34:41	258	1032	1	0	0	0	1	2	4781185900	117.6172	4781185900	117.6172	0	0	0	0	0	0	0
153711	ce9d88b9995f9b5c9f4223fc65ef9b729036843ac4d4bda78335c18b95e6350a	2011-11-17 16:34:41	259	1036	1	0	0	0	1	2	4725678770	116.2517	4725678770	116.2517	0	0	0	0	0	0	0
153711	998fafc6aa32f15806917eb53ee01d65b30bb8f9e5d35eb6a24690b1b2ee66c0	2011-11-17 16:34:41	258	1032	1	0	0	0	1	2	4475470631	110.0966	4475470631	110.0966	0	0	0	0	0	0	0
153711	426be689edb711b29b8872dd7375eaf2489d695969d75fd9e4397a4e7bca4e2e	2011-11-17 16:34:41	258	1032	1	0	0	0	1	2	4383200000	107.8267	4383200000	107.8267	0	0	0	0	0	0	0
153711	1f22abbc7f9fe43596fa78957c8e552f10430c40a944c3174d5abb75aa26a1cc	2011-11-17 16:34:41	258	1032	1	0	0	0	1	2	4365700000	107.3962	4365700000	107.3962	0	0	0	0	0	0	0
153711	1edc9c5a70d12c8a37191c217995c9034e7a5b77be835f4aa4020b8a18515caa	2011-11-17 16:34:41	257	1028	1	0	0	0	1	2	4250050000	104.5512	4250050000	104.5512	0	0	0	0	0	0	0
153711	7f8feb7be2a8dbc1ec0e39b66cf409a40cde3015a8ba768e18d3e4c0f903bcf4	2011-11-17 16:34:41	258	1032	1	0	0	0	1	2	4143200000	101.9227	4143200000	101.9227	0	0	0	0	0	0	0
153711	1905c08685fe7ca223702a0150dd75e289fde2f4d5ec97143170ed122d769e8b	2011-11-17 16:34:41	258	1032	1	0	0	0	1	2	3688866155	90.7461	3688866155	90.7461	0	0	0	0	0	0	0
153711	b152e3f802ede6b744ce7ff0c929dbfb20c690b6fe2109f042aa7dfe41dd5704	2011-11-17 16:34:41	257	1028	1	0	0	0	1	2	3648050000	89.742	3648050000	89.742	0	0	0	0	0	0	0
153711	d5beb1828885c58c4d0e49cf400b641744056910993e6a9a1078904bbdb305d4	2011-11-17 16:34:41	258	1032	1	0	0	0	1	2	3501137586	86.128	3501137586	86.128	0	0	0	0	0	0	0
153711	5af08d820b29ec36dae4115a03b6e47c6beca685b5a84edbaaa1386039f58168	2011-11-17 16:34:41	259	1036	1	0	0	0	1	2	3442543902	84.6866	3442543902	84.6866	0	0	0	0	0	0	0
153711	664352638db3a17b906e4803dd3b40a27999bd0bceb8a3f0cb51926a75c07681	2011-11-17 16:34:41	798	3192	1	0	0	0	4	2	333138438	8.1952	332138438	8.1706	1000000	0.0246	1253130	0.0308	313283	0.0077	1.2546594499463
153711	627c8ee9f1578eaee6d0b3fc0e23658047deea0f9a8ad08c5508de6c62e16e23	2011-11-17 16:34:41	438	1752	1	0	0	0	2	2	36000000	0.8856	35700000	0.8782	300000	0.0074	684932	0.0168	171233	0.0042	0.73094050925926
153711	1c98977a18bbc459208d89e9df6b8dbb5d8cac30286b6f150c6467023704a7ab	2011-11-17 16:34:41	258	1032	1	0	0	0	1	2	2469343172	60.7458	2469343172	60.7458	0	0	0	0	0	0	0
153711	de6b97034a28c05dbe5107505b5e2e9ad07a13115246afe2883192b84e9a135c	2011-11-17 16:34:41	259	1036	1	0	0	0	1	2	111081710	2.7326	111081710	2.7326	0	0	0	0	0	0	0
153711	76f9b2660e7431696d2fbe0db1870a33732fd6d287e4031de5377e2f03c9324d	2011-11-17 16:34:41	438	1752	1	0	0	0	2	2	4051599330	99.6693	4051549330	99.6681	50000	0.0012	114155	0.0028	28538.8	0.0007	0
153711	27cbc074ca258e632c7ea50dbbe7426239cb46264ee95306dcdec8f243ca8a54	2011-11-17 16:34:41	258	1032	1	0	0	0	1	2	1676883789	41.2513	1676833789	41.2501	50000	0.0012	193798	0.0048	48449.6	0.0012	0
153711	978234519cb928dcf3062c18b2bf64c2f66920fe8118637c6147b40a55f95565	2011-11-17 16:34:41	258	1032	1	0	0	0	1	2	265019700	6.5195	264969700	6.5183	50000	0.0012	193798	0.0048	48449.6	0.0012	0
153711	ba99625ee11fc329f8b522e095eff73b54491342573b3348ce5c4a736e8f5873	2011-11-17 16:34:41	258	1032	1	0	0	0	1	2	574796433	14.14	574796433	14.14	0	0	0	0	0	0	0
153711	a3f3147dd670ab28f8e0aa06941d9df22bc549d22c6fa28e6c6f8d3723ace786	2011-11-17 16:34:41	620	2480	1	0	0	0	3	2	129408217	3.1834	129358217	3.1822	50000	0.0012	80645.2	0.002	20161.3	0.0005	0.014543878444097
153711	66a01120c3a2c7d98b8c5b6900c1beac874187f57bdd4f841c7d1acfa955c9d7	2011-11-17 16:34:41	257	1028	1	0	0	0	1	2	55017505	1.3534	55017505	1.3534	0	0	0	0	0	0	0
153711	534b96668a4fecd967b00a2144e08cfe5faff9ab920b577030a01a9dfdf46944	2011-11-17 16:34:41	440	1760	1	0	0	0	2	2	4548631	0.1119	4548631	0.1119	0	0	0	0	0	0	0
153711	eb2ec424f9fe1047a6d5ec44657e4d67f6cc9c7dab379c0cfba4f78546662b52	2011-11-17 16:34:41	259	1036	1	0	0	0	1	2	10100938196	248.4831	10100938196	248.4831	0	0	0	0	0	0	0
153711	108bfd4aa6fd7ad99067f2cba96b95ea58200198aa43c8dc7cefdced75bda858	2011-11-17 16:34:41	258	1032	1	0	0	0	1	2	414796433	10.204	414796433	10.204	0	0	0	0	0	0	0
153711	ea4949babd9be7ae64aff3d5e898bc89c1e9b7189d6984dcfb77c1e525d6c022	2011-11-17 16:34:41	258	1032	1	0	0	0	1	2	51017505	1.255	51017505	1.255	0	0	0	0	0	0	0
153711	5b4ed8af97eb652fb4f2c46d7eea55c3732bc106d26a2f0ac924ced56bc4fa3d	2011-11-17 16:34:41	258	1032	1	0	0	0	1	2	279796433	6.883	279796433	6.883	0	0	0	0	0	0	0
153711	a81cb88da400b8e63267b44f2ad10cef21a78c059819fceb410a0fb6ceafbd09	2011-11-17 16:34:41	259	1036	1	0	0	0	1	2	230796433	5.6776	230796433	5.6776	0	0	0	0	0	0	0
153712	63e91a9146005ab1677324c87dd047ff1128e07a244aade647cc1bda018d7d47	2011-11-17 16:45:58	168	672	1	0	1	0	1	1	0	0	5002382144	123.0586	0	0	0	0	0	0	0
153712	86bccc80590821fb62e29f9a8dee56908983feadb4fc75c8cbf2587ac85f5566	2011-11-17 16:45:58	258	1032	1	0	0	0	1	2	1898000000	46.6908	1898000000	46.6908	0	0	0	0	0	0	724.74295231481
153712	57ff15e131c450ecb1d9479f0c32f241ed48df0160cfd24c2de71005ef136424	2011-11-17 16:45:58	258	1032	1	0	0	0	1	2	798300000	19.6382	798300000	19.6382	0	0	0	0	0	0	637.60932447917
153712	8fd6f1bb5fbd3fc5d189a1680ba1495fb02d988de9831a1e3ef2967c260899cc	2011-11-17 16:45:58	801	3204	1	0	0	0	4	2	683596742348	16816.4805	683596742348	16816.4805	0	0	0	0	0	0	0
153712	4381d173066626fb88d71d650c46a758d41f0a7d24bfaa6b13886bd1196a61e7	2011-11-17 16:45:58	257	1028	1	0	0	0	1	2	500000000	12.3	500000000	12.3	0	0	0	0	0	0	244.5681712963
153712	861221745a889554425abb804b698a48bdf262f81400188a1da41d14abc807a4	2011-11-17 16:45:58	258	1032	1	0	0	0	1	2	500000000	12.3	500000000	12.3	0	0	0	0	0	0	234.08391203704
153712	ac1dbb95b1574bbca6bb52115783eaab1dc5f9585d290b1ada737a08232d52b9	2011-11-17 16:45:58	799	3196	1	0	0	0	4	2	1800363670	44.2889	1800363670	44.2889	0	0	0	0	0	0	694.88489875
153712	436e3f42ca00e7285abfb6870136159e8bec1b19965b4215f303dc63d15b495f	2011-11-17 16:45:58	5477	21908	1	0	0	0	30	2	9004672159	221.5149	9004672159	221.5149	0	0	0	0	0	0	4366.8520947219
153712	5bb6334358f116b624787ffea6ae4884126e5972a618c8eddfbeb1bc796e7823	2011-11-17 16:45:58	257	1028	1	0	0	0	1	2	500000000	12.3	500000000	12.3	0	0	0	0	0	0	162.98130787037
153712	af54a4a0d9dfe386bafece621b78a087a13decf1b10e53d0bcb67894c799de43	2011-11-17 16:45:58	9755	39020	1	0	0	0	54	1	6013766870	147.9387	6013766870	147.9387	0	0	0	0	0	0	5230.2954231824
153712	f15151c4fa5f7b090c71fea8c2388b9e75b4b83a52852336b30045d2483782f7	2011-11-17 16:45:58	258	1032	1	0	0	0	1	2	1498000000	36.8508	1498000000	36.8508	0	0	0	0	0	0	124.89644351852
153712	9d9f15fb68cbe120b1baa5c2b55c1e625d6b6da5f949b87f774b23716988dc61	2011-11-17 16:45:58	257	1028	1	0	0	0	1	2	30000000000	738	30000000000	738	0	0	0	0	0	0	0
153712	802cb37db2846cce41d4a18a96cff744f53a4f90818544c700406349421bcc06	2011-11-17 16:45:58	259	1036	1	0	0	0	1	2	27724050000	682.0117	27724000000	682.0104	50000	0.0012	193050	0.0047	48262.5	0.0012	0
153712	37b0f77b5cb8be7d6ee743c6832bf75a9a78243c7d5e140ea9963a1b26f16e0a	2011-11-17 16:45:58	257	1028	1	0	0	0	1	2	1398000000	34.3908	1398000000	34.3908	0	0	0	0	0	0	83.610917361111
153712	3178aadeab076ab759d65905c54b5239054dd99f9d6d7af2868de240d3fedeb1	2011-11-17 16:45:58	258	1032	1	0	0	0	1	2	19652283055	483.4462	19652283055	483.4462	0	0	0	0	0	0	0
153712	9be8a6198fca6d02d80b054375d3d24e47ee1f557f280b6133d551df09ba7697	2011-11-17 16:45:58	258	1032	1	0	0	0	1	2	3419379036	84.1167	3419379036	84.1167	0	0	0	0	0	0	38.45060065065
153712	8b01600a77c5a6d9712bfc6bd0ae03e4c3a98dbc83d3e89eb86cac89f5bb7711	2011-11-17 16:45:58	979	3916	1	0	0	0	5	2	1866358900	45.9124	1866358900	45.9124	0	0	0	0	0	0	140.32851572917
153712	be99e46262d5a702f83338d8680acc21fd768cbb1174497761e53319d8273bc2	2011-11-17 16:45:58	258	1032	1	0	0	0	1	2	7961500000	195.8529	7961500000	195.8529	0	0	0	0	0	0	0
153712	79af533488623a916a8c00ebfac127d07760bc825956612696807ca65a64eb43	2011-11-17 16:45:58	1337	5348	1	0	0	0	7	2	501112978	12.3274	501112978	12.3274	0	0	0	0	0	0	156.64933226322
153712	196e4acdeb24c62f033a0f53527fc353575a73d7539014b26d4fa845152366d3	2011-11-17 16:45:58	225	900	1	0	0	0	1	1	20000000	0.492	20000000	0.492	0	0	0	0	0	0	23.074159722222
153712	5e277b559ffc0abf65edd98f4aee7328c9d95ad97a170c05bb18ff78070d53e0	2011-11-17 16:45:58	258	1032	1	0	0	0	1	2	9100000000	223.86	9100000000	223.86	0	0	0	0	0	0	0
153712	e504eb91b9b2a1d25930fff8ab0c9be960a8f23e2d040f963bb42b816a6454c6	2011-11-17 16:45:58	257	1028	1	0	0	0	1	2	527319000	12.972	527319000	12.972	0	0	0	0	0	0	11.15096588125
153712	b6d79c2a85c01d63687c6a0fb9056a2d91a645a51a6b0ffe091aa1aedcb69fea	2011-11-17 16:45:58	259	1036	1	0	0	0	1	2	2600000000	63.96	2600000000	63.96	0	0	0	0	0	0	0
153712	954fb0ac1faec6ef5f663e4fd661dbd04407f5f3143af8926812e6c64f698b5d	2011-11-17 16:45:58	258	1032	1	0	0	0	1	2	500000000	12.3	500000000	12.3	0	0	0	0	0	0	6.3292824074074
153712	2e65c2f8310f7a41c163f978f6d409bb840cfd9e6d1aad944ccccb512f2a11e5	2011-11-17 16:45:58	224	896	1	0	0	0	1	1	532242144	13.0932	532000000	13.0872	242144	0.006	1081000	0.0266	270250	0.0066	2.8295076572
153712	070c15ae23074d0daff12e0a150f1e2de218cac36f4bd98a973cff762a4f6a0d	2011-11-17 16:45:58	797	3188	1	0	0	0	4	2	3901712000	95.9821	3901712000	95.9821	0	0	0	0	0	0	0
153712	d80679ef0312f252bf6d539fa9ff021fd3346f19683c9c2a10ebe1532181148b	2011-11-17 16:45:58	225	900	1	0	0	0	1	1	20000000000	492	20000000000	492	0	0	0	0	0	0	0
153712	2f49026b96f807f602f5232c9b1e9625761ee12c3e8d24ad6812b4e2e32c07da	2011-11-17 16:45:58	258	1032	1	0	0	0	1	2	3455200000	84.9979	3455200000	84.9979	0	0	0	0	0	0	0
153712	8dca7b1a7aafae23300d44d092545c977f4c2189bc3d558152d418b2a903015b	2011-11-17 16:45:58	258	1032	1	0	0	0	1	2	554814072	13.6484	554814072	13.6484	0	0	0	0	0	0	2.7974444713667
153712	b3f36366590fc47c729773b9a29f131a4b7ba9299c1c015f4915c1dcdb80aae2	2011-11-17 16:45:58	438	1752	1	0	0	0	2	2	791646300	19.4745	791646300	19.4745	0	0	0	0	0	0	4.8294328703704
153712	6d17fc332a9b5b1e175fc5ba8b9f694532701c13260fda27524551c4b53e15c0	2011-11-17 16:45:58	258	1032	1	0	0	0	1	2	3663200000	90.1147	3663150000	90.1135	50000	0.0012	193798	0.0048	48449.6	0.0012	0
153712	62b7508bb825c5ff0c1152b01c7d1b998f31975ab70c385e8c2e591514f13609	2011-11-17 16:45:58	798	3192	1	0	0	0	4	2	4959850000	122.0123	4959800000	122.0111	50000	0.0012	62656.6	0.0015	15664.2	0.0004	0.014102424768519
153712	393d4f258b7bbb0750a4156afc6a4c1f9c749e60d2932fdfa056604d4d5d78dc	2011-11-17 16:45:58	619	2476	1	0	0	0	3	2	101900000	2.5067	101850000	2.5055	50000	0.0012	80775.4	0.002	20193.9	0.0005	1.4840958564814999
153712	3ca03fca1efc6a7ce42fde6e65860ca04280010ecd2c826739c61e70c0549b23	2011-11-17 16:45:58	978	3912	1	0	0	0	5	2	50000000	1.23	49950000	1.2288	50000	0.0012	51124.7	0.0013	12781.2	0.0003	1.6390972222222
153712	0cf51516273562a1fdefb6454262a0a5be27217a15f1a8e9f872a916cf54db4e	2011-11-17 16:45:58	797	3188	1	0	0	0	4	2	982537512	24.1704	982487512	24.1692	50000	0.0012	62735.3	0.0015	15683.8	0.0004	0.045796711201389
153712	3b97f1f8e72accfcb663fb00e22fb7665d4a3338a17650baaeff3d0a76712ccf	2011-11-17 16:45:58	223	892	1	0	0	0	1	1	4301440000	105.8154	4300000000	105.78	1440000	0.0354	6457400	0.1589	1614350	0.0397	0
153712	f1a304895862f69b8993ea14e61f60caeb7eb82a58a5475105f4bb804f44ce99	2011-11-17 16:45:58	2237	8948	1	0	0	0	12	2	131225189	3.2281	131075189	3.2244	150000	0.0037	67054.1	0.0016	16763.5	0.0004	1.100393819748
153712	c5e8093f47fffa995136cdb9069c7915bfbe8046e352e6b42629b76ceb7b3481	2011-11-17 16:45:58	2056	8224	1	0	0	0	11	2	11150000	0.2743	11000000	0.2706	150000	0.0037	72957.2	0.0018	18239.3	0.0004	0.15557731481481
153712	8b86459156346219686f04b5393699da0b6e169e5c6a08e6330d297967c78bde	2011-11-17 16:45:58	618	2472	1	0	0	0	3	2	11402478	0.2805	11352478	0.2793	50000	0.0012	80906.1	0.002	20226.5	0.0005	0.019645273617593
153712	13d132d4a2777a6c979eb8781a8f46566f42ac0bf684561774b77e235bb2a17b	2011-11-17 16:45:58	439	1756	1	0	0	0	2	2	3006693	0.074	2956693	0.0727	50000	0.0012	113895	0.0028	28473.8	0.0007	0.014078720969444
153713	eeadaac33cc3aa72b67b7ecbc7298e5bd1a41c7959b0522bb092ab8cb4db941f	2011-11-17 16:46:37	135	540	1	0	1	0	1	1	0	0	5000000000	123	0	0	0	0	0	0	0
153713	65ffbc67c41beaf8c62a430ee12cda01a314cfd624043d84731feabe7c7d678f	2011-11-17 16:46:37	583	2332	1	0	0	0	3	1	93000000	2.2878	93000000	2.2878	0	0	0	0	0	0	2.8897800925926003
153713	5fd89154e886a55eb610e62a360e8fbdf108f4a80f0cf8831b0aa5a10674af1b	2011-11-17 16:46:37	258	1032	1	0	0	0	1	2	111000000	2.7306	111000000	2.7306	0	0	0	0	0	0	0.67825625
153713	b516a9035c8a7a0e39ee433c7e96b347017cd3bac3a823ee2f6e31f8a29236ac	2011-11-17 16:46:37	258	1032	1	0	0	0	1	2	3391368704	83.4277	3391368704	83.4277	0	0	0	0	0	0	0
153713	4cb544e797928c7d3c13345f6d4f081d34772e06923e8ca38c0a0ec4a37edea9	2011-11-17 16:46:37	258	1032	1	0	0	0	1	2	1969343172	48.4458	1969343172	48.4458	0	0	0	0	0	0	0
153713	a3418b915c927c860177eaa30c510565bb5e0ed319c2a68b088e6aa863a32d72	2011-11-17 16:46:37	257	1028	1	0	0	0	1	2	128796433	3.1684	128796433	3.1684	0	0	0	0	0	0	0
153714	745478b51c09cf30b53e57b0fef2e85052d780b688ea7e16765838aa92cd663c	2011-11-17 16:47:30	135	540	1	0	1	0	1	1	0	0	5000000000	123	0	0	0	0	0	0	0
153715	9ff51bbd78a0718ea78b41aae9e2f5e7efcea284cf302acae3e3dcef7ff13421	2011-11-17 16:52:13	135	540	1	0	1	0	1	1	0	0	5001150000	123.0283	0	0	0	0	0	0	0
153715	ec766e9d8bf246f79faf64a5a8d0cda952d447cc292f4a50a6f1e1d5550de970	2011-11-17 16:52:13	258	1032	1	0	0	0	1	2	602469707	14.8208	602469707	14.8208	0	0	0	0	0	0	232.82539449421
153715	6111879dc3f82f7defcbe14f433a560847d4883e3ef2c862c09c7b3d87c761d2	2011-11-17 16:52:13	191	764	1	0	0	0	1	2	5002330000	123.0573	5002330000	123.0573	0	0	0	0	0	0	34.416493578704
153715	5effebc6df855491c3da7919c9e39b84434cfb485e43bcddff860091afcabb9b	2011-11-17 16:52:13	259	1036	1	0	0	0	1	2	2522000000	62.0412	2522000000	62.0412	0	0	0	0	0	0	12.280446990741
153715	75eef00f0c8b028b8267a6f0f02a8a86cd8a9a2f2e3cd0d1ba84dee595fa4a91	2011-11-17 16:52:13	800	3200	1	0	0	0	4	2	5455382158	134.2024	5454382158	134.1778	1000000	0.0246	1250000	0.0308	312500	0.0077	0.95034934171644
153715	486c08e733dd871d3d3a9e0033ec9fbca23a01f3b379cd943b602812ee7f622f	2011-11-17 16:52:13	1876	7504	1	0	0	0	10	2	231000000	5.6826	231000000	5.6826	0	0	0	0	0	0	14.710680671296
153715	f9e8fc995460896bb8f24f56aead109deb1bdd89a08a63d6d957d287f3235a32	2011-11-17 16:52:13	258	1032	1	0	0	0	1	2	4127944257	101.5474	4127944257	101.5474	0	0	0	0	0	0	0
153715	b4f0d1ede05d1593121e43f82f6fc8143662a09683e1d994ff657059f52bfb63	2011-11-17 16:52:13	259	1036	1	0	0	0	1	2	4013205729	98.7249	4013205729	98.7249	0	0	0	0	0	0	0
153715	6e6878162846a9e70ff036ae48cd3b2e674a3f8b77f5f94a4aa3390cd3b210ba	2011-11-17 16:52:13	257	1028	1	0	0	0	1	2	3712937157	91.3383	3712937157	91.3383	0	0	0	0	0	0	0
153715	861e2aa88d97198527beff7c72395fdfcebba4a65a52bce5e3f4bb0dfe411a84	2011-11-17 16:52:13	259	1036	1	0	0	0	1	2	3667909831	90.2306	3667909831	90.2306	0	0	0	0	0	0	0
153715	74c0ac50425f08cb6f087a73a1e6fe2af5f304e8817b5f980edde3672daacf73	2011-11-17 16:52:13	259	1036	1	0	0	0	1	2	3646935005	89.7146	3646935005	89.7146	0	0	0	0	0	0	0
153715	316a81955e386ed21ae0d99e3058d33702b9b75fab0c97b778bb0e9bc885343a	2011-11-17 16:52:13	258	1032	1	0	0	0	1	2	3474324370	85.4684	3474324370	85.4684	0	0	0	0	0	0	0
153715	c61a1c5742bc0d91c0dbcd843dd643b4877d679024dd58fb20c8e7ec7d50d074	2011-11-17 16:52:13	258	1032	1	0	0	0	1	2	3369792986	82.8969	3369792986	82.8969	0	0	0	0	0	0	0
153715	5f68b3779403e5430f8e83eb9654fbb7be72c9ff7ca5d79cf73ee603e7baa70d	2011-11-17 16:52:13	258	1032	1	0	0	0	1	2	3334318057	82.0242	3334318057	82.0242	0	0	0	0	0	0	0
153715	27517f57be01d0c429a9339fdd280d7c3b492549567be82e15e5628f4266c049	2011-11-17 16:52:13	258	1032	1	0	0	0	1	2	3298147279	81.1344	3298147279	81.1344	0	0	0	0	0	0	0
153715	192335b4f900ad43773ea71975acddbfe0b43820fdcbf10a23ab8478b1f4d6e6	2011-11-17 16:52:13	259	1036	1	0	0	0	1	2	3258317713	80.1546	3258317713	80.1546	0	0	0	0	0	0	0
153715	89440bf422960e3ded853f6b6a9606b243f2fb0c1b5c1131f91bf7a91dbadce7	2011-11-17 16:52:13	585	2340	1	0	0	0	3	1	3500000000	86.1	3500000000	86.1	0	0	0	0	0	0	0
153715	25277d55c1ce30ca85be672bb13feee24c2d904c23ad927abe70116c450b9534	2011-11-17 16:52:13	257	1028	1	0	0	0	1	2	3093456033	76.099	3093456033	76.099	0	0	0	0	0	0	0
153715	0db2f0e909b1ce4da0c187a2c4645e0ddd86474df47f178e814e3ac23ca27ded	2011-11-17 16:52:13	258	1032	1	0	0	0	1	2	2615054472	64.3303	2615054472	64.3303	0	0	0	0	0	0	0
153715	d0f840087c8bf9b22349e9243e30d70fe576e7dd891b48fb6eac7487d83f4142	2011-11-17 16:52:13	258	1032	1	0	0	0	1	2	2574710675	63.3379	2574710675	63.3379	0	0	0	0	0	0	0
153715	d9d556f1ba28908312830b49fa20308dc11072dcf8bc4b9ead0fa37fb9a1e02e	2011-11-17 16:52:13	257	1028	1	0	0	0	1	2	2442481959	60.0851	2442481959	60.0851	0	0	0	0	0	0	0
153715	ef12406faba82867a439210148721a044595f5d97a9cb894aec18d974896ab0f	2011-11-17 16:52:13	258	1032	1	0	0	0	1	2	2299979375	56.5795	2299979375	56.5795	0	0	0	0	0	0	0
153715	6b4fe8df22f6d430bbc3b5d24c628761ed9de63996f14016db4da03868aba7ba	2011-11-17 16:52:13	259	1036	1	0	0	0	1	2	705870000	17.3644	705820000	17.3632	50000	0.0012	193050	0.0047	48262.5	0.0012	0
153715	fdfd198af0c6ffc3498302f44c4dfde90afee604362dfff2c1d4b76e403bed72	2011-11-17 16:52:13	257	1028	1	0	0	0	1	2	1797204984	44.2112	1797154984	44.21	50000	0.0012	194553	0.0048	48638.1	0.0012	0
153715	b36bafcf5743b3d4719cec195ed4701723adf4f67344b1fc49b66e5bbaaf9424	2011-11-17 16:52:13	437	1748	1	0	0	0	2	2	15866395	0.3903	15816395	0.3891	50000	0.0012	114416	0.0028	28604.1	0.0007	0
153716	2a0b6e7298a394f6105dc485957c83d3b8c2f4041c5c02f6db323f9eba5bfae8	2011-11-17 17:15:57	182	728	1	0	1	0	1	1	0	0	5008358631	123.2056	0	0	0	0	0	0	0
153716	ef95bfdf15520b6c61e9b596f217746feb449369cf5c6045558ee2df7c4e3d36	2011-11-17 17:15:57	584	2336	1	0	0	0	3	1	10000000000	246	10000000000	246	0	0	0	0	0	0	12505.548150347
153716	69f1f4950bea0c685977d4b851981538b31501379a5180d1759bae532964a38a	2011-11-17 17:15:57	439	1756	1	0	0	0	2	2	914385293859	22493.8789	914385293859	22493.8789	0	0	0	0	0	0	0
153716	c4a602c18c3e616d1847a5d95ddda076c9ddf3fef5cf3ede98d04c2af9337042	2011-11-17 17:15:57	801	3204	1	0	0	0	4	2	848154372328	20864.5977	848154372328	20864.5977	0	0	0	0	0	0	0.99763101851852
153716	39c0772fb463bce5e19e7d41ad80f3c2ada13a6d95a95b9984b2ce423074a2e9	2011-11-17 17:15:57	225	900	1	0	0	0	1	1	3000000000	73.8	3000000000	73.8	0	0	0	0	0	0	270.43333333333
153716	a9596a0eada1374d211d0abe9c5243134dea0d69848cbf058d0a83eed131bafe	2011-11-17 17:15:57	797	3188	1	0	0	0	4	2	6155003576	151.4131	6155003576	151.4131	0	0	0	0	0	0	904.59607706288
153716	eca3e625cafd430ea433660896a2441ba65db154aaacd692940446a2c79983cb	2011-11-17 17:15:57	1700	6800	1	0	0	0	9	2	40265000000	990.519	40261000000	990.4206	4000000	0.0984	2352940	0.0579	588235	0.0145	1210.6950446759
153716	c078326fcfbc722266dee7a93a577d40d12354f2e961c7f1339fe6df6133ebd4	2011-11-17 17:15:57	159	636	1	0	0	0	1	1	5000000000	123	5000000000	123	0	0	0	0	0	0	36.651041666667
153716	aac2bd32fde749b90955db735f02e1e68d03cc4869f666d4fc4dc8a90ad09a0b	2011-11-17 17:15:57	192	768	1	0	0	0	1	2	5006450776	123.1587	5006450776	123.1587	0	0	0	0	0	0	43.738069152087
153716	f1c85fde422a48c02c7a4bcfcc51d93603bd0957f607218e1c7daa4812d6c50e	2011-11-17 17:15:57	258	1032	1	0	0	0	1	2	4896000000	120.4416	4895000000	120.417	1000000	0.0246	3875970	0.0953	968992	0.0238	45.290833333333
153716	3a6078345c63e4a7ca0d82f50e3b6029c3ffabfe031b44d0bb08927ea0addb81	2011-11-17 17:15:57	258	1032	1	0	0	0	1	2	4960751998	122.0345	4960751998	122.0345	0	0	0	0	0	0	27.405283983396
153716	2e39bf3b52c315faa0d50fd3644d2ace2b3cc0ad2b02406afab84e0bc0c687c9	2011-11-17 17:15:57	257	1028	1	0	0	0	1	2	100000000	2.46	100000000	2.46	0	0	0	0	0	0	30.699247685185
153716	00345a40a79fbb09084a7104e9802a729034c8f94372e9279e103e6c899b9c23	2011-11-17 17:15:57	798	3192	1	0	0	0	4	2	52057964142	1280.626	52057964142	1280.626	0	0	0	0	0	0	0
153716	bd1248b1608d511cf41528df3c6cfd91c8d61818e58ba4732cde862a9c234d02	2011-11-17 17:15:57	1662	6648	1	0	0	0	9	1	421050000	10.3578	421050000	10.3578	0	0	0	0	0	0	133.15136184606
153716	73151024780b4a444e0c69fe0e77767cc3b9aaaca98103666839ec60dbd507a0	2011-11-17 17:15:57	436	1744	1	0	0	0	2	2	289052672	7.1107	288552672	7.0984	500000	0.0123	1146790	0.0282	286697	0.0071	28.696900973919
153716	54da3be35f29f03155b2005ab6b3895a7d422bd7871204fa6210e6eecbb1a50a	2011-11-17 17:15:57	259	1036	1	0	0	0	1	2	42000000	1.0332	42000000	1.0332	0	0	0	0	0	0	16.490653472222
153716	d216b8bc6d0d9158d3feecfb212269e9f2b6290cb764dcfac4f2184980bfa83d	2011-11-17 17:15:57	800	3200	1	0	0	0	4	2	13731501679	337.795	13731501679	337.795	0	0	0	0	0	0	0.65015323852373
153716	81c9c6c9507811bd84a789c3c4d0789bb397d4e7969d4f89fdaa6dcbcb4acb1f	2011-11-17 17:15:57	766	3064	1	0	0	0	4	1	70000000000	1722	70000000000	1722	0	0	0	0	0	0	0
153716	bd1543276a23a69d62eba3ccec1554003ec3faa618df81a9755d6f3a41c640d5	2011-11-17 17:15:57	1339	5356	1	0	0	0	7	2	11001065356	270.6262	11001065356	270.6262	0	0	0	0	0	0	0
153716	5138f4038b07ab139c17bb330c58e25bc7eea3460c08595353d9bb8b2c7af351	2011-11-17 17:15:57	437	1748	1	0	0	0	2	2	208858287	5.1379	208358287	5.1256	500000	0.0123	1144160	0.0281	286041	0.007	13.587361319652
153716	ba98f89ca15189cdadd60387589244c1a72d62177c1b20a043e39247a27b4e4d	2011-11-17 17:15:57	259	1036	1	0	0	0	1	2	14863900000	365.6519	14863900000	365.6519	0	0	0	0	0	0	0
153716	ccd3725d24fe7d4bbac05dc477ed2347b91af7449b94a42dcae81c327d7fcae3	2011-11-17 17:15:57	259	1036	1	0	0	0	1	2	14218649969	349.7788	14218649969	349.7788	0	0	0	0	0	0	0
153716	29e08f36ac8ff2b826e8599dad9854cdde1f089d7169688443de87dd129dde2b	2011-11-17 17:15:57	258	1032	1	0	0	0	1	2	10600509193	260.7725	10600509193	260.7725	0	0	0	0	0	0	0
153716	fd9ca4a8bcb7954e04d7de2fbb78e41236028697ecf3de09139943dddbae0900	2011-11-17 17:15:57	258	1032	1	0	0	0	1	2	10568924261	259.9955	10568924261	259.9955	0	0	0	0	0	0	0
153716	f764ff84abfa4de23727b7704371bf08009c10a02f84fd71d7b3027e5d867671	2011-11-17 17:15:57	799	3196	1	0	0	0	4	2	14402286319	354.2962	14402286319	354.2962	0	0	0	0	0	0	0
153716	76e20f1a3ba00639f405f8dce03d47b9650663805df049daee852d74f0546062	2011-11-17 17:15:57	5139	20556	1	0	0	0	3	135	15000000000	369	15000000000	369	0	0	0	0	0	0	73.971643518519
153716	5458b3dd4b501e6a02c7b990b693d628109041f4ecb1e745c67c838e3a50cd6f	2011-11-17 17:15:57	258	1032	1	0	0	0	1	2	10143050000	249.519	10143050000	249.519	0	0	0	0	0	0	0
153716	91b90c341784bbb312077da34e82abf3397ba6a9bb002c9cc69eeae12f31ad2c	2011-11-17 17:15:57	258	1032	1	0	0	0	1	2	9900250003	243.5462	9900250003	243.5462	0	0	0	0	0	0	0
153716	651bf8d4fd0c6e6db60a41a4fa3769807a25a46456697e7f120bead2dfb29392	2011-11-17 17:15:57	258	1032	1	0	0	0	1	2	9719500000	239.0997	9719500000	239.0997	0	0	0	0	0	0	0
153716	8dca0d2c9348ae04784133cbb8e7e8f9a3927ab7e8c6618071329b7c4294fb3a	2011-11-17 17:15:57	258	1032	1	0	0	0	1	2	9466467790	232.8751	9466467790	232.8751	0	0	0	0	0	0	0
153716	0b05d6d5eea7aced116bf33af7fbb250fd8968a863e10d195d2af2efca19e5b6	2011-11-17 17:15:57	257	1028	1	0	0	0	1	2	13108409999	322.4669	13108409999	322.4669	0	0	0	0	0	0	0
153716	b92f17890d126fba7b33af1efc8872b59e1c2dd96f066d138790c79f05c47b62	2011-11-17 17:15:57	258	1032	1	0	0	0	1	2	9235850000	227.2019	9235850000	227.2019	0	0	0	0	0	0	0
153716	a2c4012ffd866a23db00804b02464353b4168df9c7be75b31b6f57d440288041	2011-11-17 17:15:57	258	1032	1	0	0	0	1	2	8960748896	220.4344	8960748896	220.4344	0	0	0	0	0	0	0
153716	bd15cf4b9f516a2237f3b834332b8910add8e0c912c5b9a7b6570d9a801f86cf	2011-11-17 17:15:57	258	1032	1	0	0	0	1	2	8873818538	218.2959	8873818538	218.2959	0	0	0	0	0	0	0
153716	eb7c0526b00f42758f7c1af48505a910c2fc16276023a81e72edbafd35805a3e	2011-11-17 17:15:57	438	1752	1	0	0	0	2	2	226464899	5.571	225964899	5.5587	500000	0.0123	1141550	0.0281	285388	0.007	6.9878591941433
153716	85d10476e9279f72428369c11cb7e639ab1a34c7188b3cfd46dbd26aaf75d3a4	2011-11-17 17:15:57	258	1032	1	0	0	0	1	2	7907593387	194.5268	7907593387	194.5268	0	0	0	0	0	0	0
153716	b069a2daeb1ecfe161df39c6ddac17f5e01a08ec1df1fc11e83a399e13029553	2011-11-17 17:15:57	257	1028	1	0	0	0	1	2	7867500830	193.5405	7867500830	193.5405	0	0	0	0	0	0	0
153716	057078905c96be530582034abac7cb04bacb5a519ae4b1c08252f21babf9c0c4	2011-11-17 17:15:57	258	1032	1	0	0	0	1	2	40000000	0.984	39990000	0.9838	10000	0.0002	38759.7	0.001	9689.92	0.0002	3.5257453703704
153716	f976facb1af4a5df84d4498b720f8cc78830ebcd6ce66b9db248fcac99a145f4	2011-11-17 17:15:57	258	1032	1	0	0	0	1	2	7197000000	177.0462	7197000000	177.0462	0	0	0	0	0	0	0
153716	493c274177a21827d5ee7d7a875f4c0bc900efd6ac9a4ca5428ee79907a31bee	2011-11-17 17:15:57	258	1032	1	0	0	0	1	2	7076100000	174.0721	7076100000	174.0721	0	0	0	0	0	0	0
153716	56c5623383f1d11bbbb37c919204a7ac9693464e9737dffba01e1a5d7939b249	2011-11-17 17:15:57	259	1036	1	0	0	0	1	2	6530923467	160.6607	6530923467	160.6607	0	0	0	0	0	0	0
153716	9e0f717cd6ffe954b6355ae9c2517e8080d2772debe70d4909ebc707bc21557d	2011-11-17 17:15:57	258	1032	1	0	0	0	1	2	6338250000	155.921	6338250000	155.921	0	0	0	0	0	0	0
153716	182a6229bfe49c2a3e1ddc4cd4ea96bc778d9a08c690918b908985622711be68	2011-11-17 17:15:57	257	1028	1	0	0	0	1	2	4398799964	108.2105	4398799964	108.2105	0	0	0	0	0	0	0
153716	81192e851224eba22f4863631468ea1011b639df61e90ea30128242e0dbedbf7	2011-11-17 17:15:57	258	1032	1	0	0	0	1	2	4390625418	108.0094	4390625418	108.0094	0	0	0	0	0	0	0
153716	431387a27d2375ad1d045baab384e7915ec74a714392c5f305b4b36852166079	2011-11-17 17:15:57	257	1028	1	0	0	0	1	2	2100000000	51.66	2100000000	51.66	0	0	0	0	0	0	0
153716	f1e0b2fbe3ff72c4a3bea7d1be85efb0600d9da55715d47adf49bdaf03d32aff	2011-11-17 17:15:57	257	1028	1	0	0	0	1	2	5000836110	123.0206	5000836110	123.0206	0	0	0	0	0	0	0
153716	73fbcd20c61f35b9efeaf69eeac7c7e348833de38bd7e450a3e1e1543f6cfa0c	2011-11-17 17:15:57	258	1032	1	0	0	0	1	2	4283612217	105.3769	4283612217	105.3769	0	0	0	0	0	0	0
153716	07d3e27dc4285fc621f363627b555ca62c6950678965f63cba8c31c0b0cb83ba	2011-11-17 17:15:57	258	1032	1	0	0	0	1	2	5000000000	123	5000000000	123	0	0	0	0	0	0	0
153716	2cbf96d47163aa1ea747c6e6cfc7b4f5009b6ca7489d17da9466939b45c0deab	2011-11-17 17:15:57	258	1032	1	0	0	0	1	2	4810376451	118.3353	4810376451	118.3353	0	0	0	0	0	0	0
153716	3f8a0460714734f09b0f55393ff550e6834c6824bcc14773458645ab77c8cbe4	2011-11-17 17:15:57	258	1032	1	0	0	0	1	2	4769185900	117.322	4769185900	117.322	0	0	0	0	0	0	0
153716	7fca9253f0d79ba9f84e1f35405afc224a2197ada8c7dd89603bfd999a2f50ea	2011-11-17 17:15:57	257	1028	1	0	0	0	1	2	4686150000	115.2793	4686150000	115.2793	0	0	0	0	0	0	0
153716	76d72eb8ddb3ac91103139a674cffc64f5c02eef4755c4097b2479a6b07620b0	2011-11-17 17:15:57	1156	4624	1	0	0	0	6	2	931859457	22.9237	931809457	22.9225	50000	0.0012	43252.6	0.0011	10813.1	0.0003	4.1337735004708
153716	7500c563af3599f7c3607ae52038e7c021f17395c71f1f2d7b370c6449291209	2011-11-17 17:15:57	564	2256	1	0	0	0	1	11	4058092945	99.8291	4058042945	99.8279	50000	0.0012	88652.5	0.0022	22163.1	0.0005	0
153716	e083b1e7316ea5492b31560c9cf5c692a5344b48e1c43d0346277e8251ec26ba	2011-11-17 17:15:57	762	3048	1	0	0	0	4	1	6776000000	166.6896	6775950000	166.6884	50000	0.0012	65616.8	0.0016	16404.2	0.0004	0
153716	a7094ffee425dfcfa9e6764ecc755259f1b9825f2be8b21324ab12eb65aa7f1e	2011-11-17 17:15:57	258	1032	1	0	0	0	1	2	1658967897	40.8106	1658917897	40.8094	50000	0.0012	193798	0.0048	48449.6	0.0012	0
153716	f04d4854e853324f9be59878431877bf4c479b4aa36b4e37459f151c8d8ebbcc	2011-11-17 17:15:57	259	1036	1	0	0	0	1	2	20000000	0.492	19950000	0.4908	50000	0.0012	193050	0.0047	48262.5	0.0012	0.42709490740741
153716	970f0cc10be5eb29e07544fb7a309948640706763d903928280edfdb1c3569fb	2011-11-17 17:15:57	1521	6084	1	0	0	0	8	2	1401578239	34.4788	1401478239	34.4764	100000	0.0025	65746.2	0.0016	16436.6	0.0004	0
153716	29563f98c56fcab620d29171b92bba888ea4554c1eb874bd3aa04f0876b92768	2011-11-17 17:15:57	258	1032	1	0	0	0	1	2	1647605477	40.5311	1647555477	40.5299	50000	0.0012	193798	0.0048	48449.6	0.0012	0
153716	53a6450e8f4df391d0a1d04aa0a6f7611041c19933740a3ef23ff22d7122f010	2011-11-17 17:15:57	259	1036	1	0	0	0	1	2	49469353	1.2169	49419353	1.2157	50000	0.0012	193050	0.0047	48262.5	0.0012	0
153716	9239846713b6d5af9721365ca93f7831f5ea795864c06f9e5d79e4b87352de95	2011-11-17 17:15:57	618	2472	1	0	0	0	3	2	17281239	0.4251	16781239	0.4128	500000	0.0123	809062	0.0199	202265	0.005	0.094592712564005
153716	b64e443de29bddbfabb8b909fca8cb6304a4b51e1dc5cb2f7da6e415fad883fc	2011-11-17 17:15:57	1877	7508	1	0	0	0	10	2	31100000	0.7651	31000000	0.7626	100000	0.0025	53276.5	0.0013	13319.1	0.0003	0.27552179976852
153716	cceb4027d00a2abd5e427245243150d60f5d5e7366ef6f96e6ef84aa1edef218	2011-11-17 17:15:57	257	1028	1	0	0	0	1	2	11752479	0.2891	11702479	0.2879	50000	0.0012	194553	0.0048	48638.1	0.0012	0
153716	dc95b6cc0b1b16ba1c317ab68cb39befbc451f452a21c4b226f27f20b1d3fe5a	2011-11-17 17:15:57	797	3188	1	0	0	0	4	2	17512095	0.4308	17462095	0.4296	50000	0.0012	62735.3	0.0015	15683.8	0.0004	0.011112073810764
153716	58c8adc0a35113f876277681055ad2f8e36fe412c3b821e590ef1dfd815f0454	2011-11-17 17:15:57	436	1744	1	0	0	0	2	2	3719531	0.0915	3669531	0.0903	50000	0.0012	114679	0.0028	28669.7	0.0007	0
153716	f57ffa29eac06671f3a94cf6e6a4d0a12519de7a644fdc23f289e447a32cd174	2011-11-17 17:15:57	224	896	1	0	0	0	1	1	1548631	0.0381	1000000	0.0246	548631	0.0135	2449250	0.0603	612311	0.0151	0
153716	e54cb07794b3d7d13b427f09735b23ee39a027f1ba89e05033b40bb852adc100	2011-11-17 17:15:57	257	1028	1	0	0	0	1	2	4006450776	98.5587	4006400776	98.5575	50000	0.0012	194553	0.0048	48638.1	0.0012	0
153716	f696f60ee9dc43e51197ee4bc6cb24f288af3c42821b940cdea9a06450be681d	2011-11-17 17:15:57	259	1036	1	0	0	0	1	2	3006400776	73.9575	3006350776	73.9562	50000	0.0012	193050	0.0047	48262.5	0.0012	0
153717	c150114c5d28c6e5160d69f7a035318787a661006d669cb0a5a6e353d4c71233	2011-11-17 17:41:18	168	672	1	0	1	0	1	1	0	0	5015366668	123.378	0	0	0	0	0	0	0
153717	e9c9288e71dd0cbd3791d80e755fe403a175b67f4e1b8520d2f04a33605fe322	2011-11-17 17:41:18	1398	5592	1	0	0	0	11	2	55000000000	1353	55000000000	1353	0	0	0	0	0	0	309087.40972222
153717	7953228c85a3f7922bb81dc9177987e04b9aa21660b83362f8e9820540351d19	2011-11-17 17:41:18	259	1036	1	0	0	0	1	2	8000000000	196.8	8000000000	196.8	0	0	0	0	0	0	1027.7027777778
153717	fae5ff43393f9d52ccaec53e249978aa00aaf3e4be1b731a527e801375e140f3	2011-11-17 17:41:18	223	892	1	0	0	0	1	1	846847161766	20832.4414	846847161766	20832.4414	0	0	0	0	0	0	0
153717	2481acff0d2129a9124329edfb814dfbcf775d3d6601d46e5201579c3e15bc29	2011-11-17 17:41:18	797	3188	1	0	0	0	4	2	60724500000	1493.8228	60723500000	1493.7981	1000000	0.0246	1254710	0.0309	313676	0.0077	2411.4118338542
153717	15b87210b8afa1f52e204405541a898987d8948abe952e3bbb59eff4de973f58	2011-11-17 17:41:18	3319	13276	1	0	0	0	18	2	17001197494	418.2295	17001197494	418.2295	0	0	0	0	0	0	6237.3302593588
153717	2d0748612385b0b54b95535bd35bb49e0d68ad6d2d18fec8b06e9c25363b1d7c	2011-11-17 17:41:18	224	896	1	0	0	0	1	1	4500000000	110.7	4500000000	110.7	0	0	0	0	0	0	300.29635416667
153717	9ab1f86a18a17fb988291c2cb74c8c625f96445aa3165f339d8b3180d793344d	2011-11-17 17:41:18	439	1756	1	0	0	0	2	2	32500000000	799.5	32500000000	799.5	0	0	0	0	0	0	301.50520833333
153717	dd74fbb49517d172be07e248229ca7e27eeb71a31a4e45219b89f6c390b91199	2011-11-17 17:41:18	2569	10276	1	0	0	0	14	1	8520902372	209.6142	8520902372	209.6142	0	0	0	0	0	0	1738.8885747552
153717	94ed6fe805bdb25a82751dcdd2ad97eeedbdbf5c8cfa9cbda026fc03e7413e9c	2011-11-17 17:41:18	2381	9524	1	0	0	0	13	1	7632673619	187.7638	7632673619	187.7638	0	0	0	0	0	0	1441.5292176093
153717	b09244ff6eddff7b246f32368d3222bd6aea69a27986ae0035001557d0e56893	2011-11-17 17:41:18	439	1756	1	0	0	0	2	2	3653000000	89.8638	3653000000	89.8638	0	0	0	0	0	0	199.45265833333
153717	01b4f785a01efe866278c346e01c7fc2621202d6977cd80e6bbce7d931e974f0	2011-11-17 17:41:18	10160	40640	1	0	0	0	56	2	12616132716	310.3569	12605132716	310.0863	11000000	0.2706	1082680	0.0266	270669	0.0067	3039.8030418573
153717	ef3477e48d8512b042b9075243d7cb592fe7d65a01db32c7c7f5a633e87168a6	2011-11-17 17:41:18	272	1088	1	0	0	0	2	1	10000960755	246.0236	10000960755	246.0236	0	0	0	0	0	0	71.733849461967
153717	5a916dbb49cdba5af296c4a80e03c5a703f0186271ca49bd8296dc442a77064f	2011-11-17 17:41:18	158	632	1	0	0	0	1	1	5001950010	123.048	5001950010	123.048	0	0	0	0	0	0	35.358691991986
153717	91bfc5d725f6267bd01195783bf5d3247ad2d977e30d64f575a8846f92ae2700	2011-11-17 17:41:18	258	1032	1	0	0	0	1	2	5378000000	132.2988	5378000000	132.2988	0	0	0	0	0	0	30.657089814815
153717	9c9444a473d823cd1845e270f3f0dada9eb99617a3f7c555d68b13e4095d7cc2	2011-11-17 17:41:18	258	1032	1	0	0	0	1	2	3500000000	86.1	3500000000	86.1	0	0	0	0	0	0	24.741435185185
153717	2f49cef5151b5d68f126a34bd208ab0f42b0ea50c32a4eea5df0e4e973bced2d	2011-11-17 17:41:18	258	1032	1	0	0	0	1	2	1637414017	40.2804	1637314017	40.2779	100000	0.0025	387597	0.0095	96899.2	0.0024	21.397817341601
153717	0ba14a3415124ad3d9324068dcca6874c501de42b04b780ec37f50668e956bad	2011-11-17 17:41:18	1300	5200	1	0	0	0	7	1	3648159510	89.7447	3648159510	89.7447	0	0	0	0	0	0	100.50864126176
153717	97ed7d93efacac2f5758308c0ce27c270ee3fabdb4d10b9ee6ddb8d09967ce82	2011-11-17 17:41:18	405	1620	1	0	0	0	2	1	569000000	13.9974	569000000	13.9974	0	0	0	0	0	0	29.415909143519
153717	9e7c7c174b0257bec128af0c76775eae9f5ddf79912a827c4a13f6772fbe9183	2011-11-17 17:41:18	799	3196	1	0	0	0	4	2	558624451	13.7422	558624451	13.7422	0	0	0	0	0	0	39.699282666417
153717	0e66f07d5acccfb77f18ba3ae7992ad4ae223a27e141226dd3948f3bd61bd5ac	2011-11-17 17:41:18	257	1028	1	0	0	0	1	2	1045700000	25.7242	1045600000	25.7218	100000	0.0025	389105	0.0096	97276.3	0.0024	5.2627515162037
153717	6ea38783c8af23df4b7dface3533de50b87ae4565f8669e699f1b362e41dd77f	2011-11-17 17:41:18	257	1028	1	0	0	0	1	2	4000000000	98.4	3999983332	98.3996	16668	0.0004	64856	0.0016	16214	0.0004	0
153717	182e6ed312d464c67725f2c8364a0af7fc71f9ba3d9cf23ddb81539af31c4220	2011-11-17 17:41:18	293	1172	1	0	0	0	1	3	3851900000	94.7567	3851850000	94.7555	50000	0.0012	170648	0.0042	42662.1	0.001	0
153717	65209b73e5892b9e2ba9ac3a4fe932b97ca54f221633d598732b119708135675	2011-11-17 17:41:18	258	1032	1	0	0	0	1	2	3360150000	82.6597	3360100000	82.6585	50000	0.0012	193798	0.0048	48449.6	0.0012	0
153717	0916cd6ea3150ed7d40a50e1dd1ebb0ba7858f595e671c13ce37fc9c789e00e8	2011-11-17 17:41:18	257	1028	1	0	0	0	1	2	13003489598	319.8859	13003439598	319.8846	50000	0.0012	194553	0.0048	48638.1	0.0012	0
153717	e7aba24d6c10ee7e7af2bd9317685f63e784266d913d67f6b684bc735ff90d12	2011-11-17 17:41:18	799	3196	1	0	0	0	4	2	70000000	1.722	69950000	1.7208	50000	0.0012	62578.2	0.0015	15644.6	0.0004	2.5962337962963
153717	125af79de6c47b468a95c85565837c7cf33e1a098a8814a170deb5602643af47	2011-11-17 17:41:18	977	3908	1	0	0	0	5	2	3116502188	76.666	3116452188	76.6647	50000	0.0012	51177.1	0.0013	12794.3	0.0003	0
153717	7ea1fab4d39cb51bb5a66dafa69c65f573f1ce8a50318630f52403fc4c375729	2011-11-17 17:41:18	1336	5344	1	0	0	0	7	2	1599342830	39.3438	1599242830	39.3414	100000	0.0025	74850.3	0.0018	18712.6	0.0005	0.2143853959287
153717	3d72708435a272a06f7e44067446fc627a6ac756b82191fc2d7115eb7c9274eb	2011-11-17 17:41:18	437	1748	1	0	0	0	2	2	199150000	4.8991	199100000	4.8979	50000	0.0012	114416	0.0028	28604.1	0.0007	0
153717	3c732295ec4c61feb79a05423207469e950bc1a999101179f681d3da00f72867	2011-11-17 17:41:18	258	1032	1	0	0	0	1	2	203247062	4.9999	203197062	4.9986	50000	0.0012	193798	0.0048	48449.6	0.0012	0
153717	36b805677f27416703ca26eb3938a2ae943aeab9f23b6cad5bdef3ac69746113	2011-11-17 17:41:18	257	1028	1	0	0	0	1	2	2006350776	49.3562	2006300776	49.355	50000	0.0012	194553	0.0048	48638.1	0.0012	0
153717	884903e8598d3d297b7aee0cbe5623c64943b402a46d8e2bdc84ed424d5c5c33	2011-11-17 17:41:18	258	1032	1	0	0	0	1	2	222288974	5.4683	221288974	5.4437	1000000	0.0246	3875970	0.0953	968992	0.0238	0
153717	9c22dd6cf445bf82691d5dd36e0506a43a18b6d8846e4824fe15c736ccf742be	2011-11-17 17:41:18	616	2464	1	0	0	0	3	2	216386751	5.3231	215386751	5.2985	1000000	0.0246	1623380	0.0399	405844	0.01	1.3357018940625
153717	8b6f9ababc37580783d6d7d04ea67a048d2b650a1737838a7404e70f8543b139	2011-11-17 17:41:18	258	1032	1	0	0	0	1	2	1617066134	39.7798	1617016134	39.7786	50000	0.0012	193798	0.0048	48449.6	0.0012	0
153717	32d61acec00404380e9b987452832901cacc82de2912ed5e1ddc9b91469d593c	2011-11-17 17:41:18	258	1032	1	0	0	0	1	2	18000000	0.4428	17950000	0.4416	50000	0.0012	193798	0.0048	48449.6	0.0012	0
153717	22e884f1af972c12e7de7e97e4e7d20e6e818ef340ded02ba7c81ae5e1fa5b8c	2011-11-17 17:41:18	1514	6056	1	0	0	0	8	2	301114887	7.4074	301014887	7.405	100000	0.0025	66050.2	0.0016	16512.5	0.0004	0
153717	c87414060af4fe62b325ee0b644784541877412862ba4e3011249cdee8e301f9	2011-11-17 17:41:18	440	1760	1	0	0	0	2	2	11450000	0.2817	11400000	0.2804	50000	0.0012	113636	0.0028	28409.1	0.0007	0
153717	f7891fd1c1ea0c32669c610a9bc740e364243467ec8072f52e68964e972e646d	2011-11-17 17:41:18	259	1036	1	0	0	0	1	2	20000000	0.492	19950000	0.4908	50000	0.0012	193050	0.0047	48262.5	0.0012	0
153717	ca6246440720f6fbba4013fd926d95ec4bedd0f53cf8703e0c541c2f52f6ec59	2011-11-17 17:41:18	1341	5364	1	0	0	0	7	2	11335324	0.2788	11235324	0.2764	100000	0.0025	74571.2	0.0018	18642.8	0.0005	0.001212349537037
153717	cf839a9d61a784b1224fb34cb0675af01cc0f4a3f83d6aea415d99446c633aad	2011-11-17 17:41:18	259	1036	1	0	0	0	1	2	2500000000	61.5	2499950000	61.4988	50000	0.0012	193050	0.0047	48262.5	0.0012	0
153717	5eb633497131485750055cb24b844bc9b9314e66953e80759a7c087d6ecbc258	2011-11-17 17:41:18	258	1032	1	0	0	0	1	2	3499983332	86.0996	3499933332	86.0984	50000	0.0012	193798	0.0048	48449.6	0.0012	0
153717	6714a14bcf88ec6b01079574c7eae56697aad778b5dbd40f39cda4196c407dfc	2011-11-17 17:41:18	259	1036	1	0	0	0	1	2	3850850000	94.7309	3850800000	94.7297	50000	0.0012	193050	0.0047	48262.5	0.0012	0
153717	b386d7356087279a4ee5f24805dd4acdcf59923228bfbab866e273b013420950	2011-11-17 17:41:18	257	1028	1	0	0	0	1	2	3399933332	83.6384	3399883332	83.6371	50000	0.0012	194553	0.0048	48638.1	0.0012	0
153717	b766a6b66c9981e97ce000105974879f16299f095f09844585feaad41f60e55b	2011-11-17 17:41:18	258	1032	1	0	0	0	1	2	2699883332	66.4171	2699833332	66.4159	50000	0.0012	193798	0.0048	48449.6	0.0012	0
153718	f46a7de79f960a5e8369682a57a0773a52f20283bb75969b0b979dd9c33a14d0	2011-11-17 17:47:53	135	540	1	0	1	0	1	1	0	0	5000450000	123.0111	0	0	0	0	0	0	0
153718	899fbfa87a5bbe0efcbad48f37166fc16041a0d0e45a012bd8ebd81a8067916a	2011-11-17 17:47:53	258	1032	1	0	0	0	1	2	6000000000	147.6	6000000000	147.6	0	0	0	0	0	0	1222.4194444444
153718	b06ea0129c4ee3bd20b6a70cf1c61c0166dfc4e6fa8edbccb7a8d4b173b7a909	2011-11-17 17:47:53	257	1028	1	0	0	0	1	2	10000000000	246	10000000000	246	0	0	0	0	0	0	111.625
153718	31fb3eec735e33ba7dd6b4b4f2ab8bd01b501cca0d8fb14c7ac6a28e72b78048	2011-11-17 17:47:53	259	1036	1	0	0	0	1	2	12500000000	307.5	12500000000	307.5	0	0	0	0	0	0	116.53501157407
153718	dc74517f4c8cdcf6170017070d50cb67b2ae8c9fd677640aecf830d634a09919	2011-11-17 17:47:53	258	1032	1	0	0	0	1	2	10400000000	255.84	10400000000	255.84	0	0	0	0	0	0	96.95712962963
153718	065571babbd5c53ed9315540e882dfd9b86e3ee9f565f447ae0cc8b8e2b828d7	2011-11-17 17:47:53	257	1028	1	0	0	0	1	2	846847161766	20832.4414	846847161766	20832.4414	0	0	0	0	0	0	0
153718	60f08815a9bc8db6a6c46c5a9a78535a2a4416ce57e3e3c8ccff3258a0440a31	2011-11-17 17:47:53	800	3200	1	0	0	0	4	2	113606588212	2794.7222	113606588212	2794.7222	0	0	0	0	0	0	0
153718	d2241e64d191255540a752b9d151b939bc74773a3644d4e196a70be62700992b	2011-11-17 17:47:53	1157	4628	1	0	0	0	6	2	10002058543	246.0506	10002058543	246.0506	0	0	0	0	0	0	83.893125
153718	463a0cc66b7fefbd43845eb89efe89c26d9251d7158e20ee1f882cbbf89beda2	2011-11-17 17:47:53	800	3200	1	0	0	0	4	2	401449182	9.8757	401449182	9.8757	0	0	0	0	0	0	35.897912188551
153718	5e12a69e9fd6e8b162afcffa75eedf7b23c35c105bdd81ff297ccb1846162f8e	2011-11-17 17:47:53	258	1032	1	0	0	0	1	2	8304663395	204.2947	8304663395	204.2947	0	0	0	0	0	0	0
153718	d51f545760d10f4bc106a91842463702fbf12c9f62eefba65585d057fb8744e0	2011-11-17 17:47:53	1157	4628	1	0	0	0	6	2	2766005187	68.0437	2766005187	68.0437	0	0	0	0	0	0	43.437585416667
153718	3b4c5696f6a8a86f25fa719beb0a8bb20a9e617f98149a280f17798d18b79b94	2011-11-17 17:47:53	258	1032	1	0	0	0	1	2	11500000000	282.9	11500000000	282.9	0	0	0	0	0	0	0
153718	305fa180c0bd9faa77842ca68a4887a377a6843be7eee58203a1b3a1b61ad102	2011-11-17 17:47:53	257	1028	1	0	0	0	1	2	2606000000	64.1076	2606000000	64.1076	0	0	0	0	0	0	0
153718	678edd2dc53ac15d464c5ddcd4b5ac6c3be0209433e45c0a96bfdf6c21da25e5	2011-11-17 17:47:53	259	1036	1	0	0	0	1	2	8500000100	209.1	8500000100	209.1	0	0	0	0	0	0	0
153718	971b91666de8956c7031de06ef6ba87d292fa544af111f21331f21d4c760ce63	2011-11-17 17:47:53	258	1032	1	0	0	0	1	2	2231040000	54.8836	2231040000	54.8836	0	0	0	0	0	0	0
153718	9fe7c00c12029041a9a953b631f25686699f857b87bfb8f7530aafdd52e5c71d	2011-11-17 17:47:53	258	1032	1	0	0	0	1	2	2078585600	51.1332	2078585600	51.1332	0	0	0	0	0	0	0
153718	e83dc4d258c15a015cdaac400c458d7d742ec093ff4a5edf9bf9e682c63af59c	2011-11-17 17:47:53	799	3196	1	0	0	0	4	2	2604285614	64.0654	2604285614	64.0654	0	0	0	0	0	0	1.0688907407407
153718	dbab0b71b2153a075711799185a149de0dae46448137870e4da4433d9061eb61	2011-11-17 17:47:53	224	896	1	0	0	0	1	1	1081549734	26.6061	1081549734	26.6061	0	0	0	0	0	0	0
153718	5bdfd94c165e90bb96ff4ec2c3056b0460428df2216957feb750900564122ab1	2011-11-17 17:47:53	617	2468	1	0	0	0	3	2	11651880000	286.6363	11651880000	286.6363	0	0	0	0	0	0	0
153718	13f81e3a622e5e2af0fea1ee3ce7e14ee5efb3a8e38897eb7bd1b0521a9954f8	2011-11-17 17:47:53	257	1028	1	0	0	0	1	2	6694500000	164.6847	6694500000	164.6847	0	0	0	0	0	0	0
153718	532c14b8a2a8ab6296cba4f89a8b814b00c51fcc1ecb9a5c6afaaff989be7f01	2011-11-17 17:47:53	259	1036	1	0	0	0	1	2	4702678770	115.6859	4702678770	115.6859	0	0	0	0	0	0	0
153718	59d666d1d9184aa33e322b057f3cdf553efb2ceeb31d260d87a55e859a3e9ff6	2011-11-17 17:47:53	259	1036	1	0	0	0	1	2	4650973804	114.414	4650973804	114.414	0	0	0	0	0	0	0
153718	13577940bf7584fed61b9fb46131852217c7e2b2c0aa11ed522af53c7dde04d7	2011-11-17 17:47:53	259	1036	1	0	0	0	1	2	4529850000	111.4343	4529850000	111.4343	0	0	0	0	0	0	0
153718	89cdce36b358965be6818c509d879428603ff7fcd075324ff30a01c799284007	2011-11-17 17:47:53	1158	4632	1	0	0	0	6	2	309367245	7.6104	309367245	7.6104	0	0	0	0	0	0	9.7314227060296
153718	d33d6518ff65635ecd1040ca2e4123a8927b325f17d0208ab4a9b0a65ae06957	2011-11-17 17:47:53	257	1028	1	0	0	0	1	2	4456470631	109.6292	4456470631	109.6292	0	0	0	0	0	0	0
153718	44f6d0f82d6efb46a1275fe35d443bfd793aba98eff56486fc9e9b0b4e1f6aba	2011-11-17 17:47:53	258	1032	1	0	0	0	1	2	4343986930	106.8621	4343986930	106.8621	0	0	0	0	0	0	0
153718	7830bb8f209e54ce7887da3057c8eb0ca469b36087ecf6a6a67b767a648332ad	2011-11-17 17:47:53	259	1036	1	0	0	0	1	2	4296200000	105.6865	4296200000	105.6865	0	0	0	0	0	0	0
153718	fa369cde296360df4a1f3b117caa1cdad7115e4b8638f260c2f8c8daa9798bb3	2011-11-17 17:47:53	259	1036	1	0	0	0	1	2	4243050000	104.379	4243050000	104.379	0	0	0	0	0	0	0
153718	5a9a1ea93834db276bdd4c7d8b5756a64137ccbb511e5de8a06f53d3c6416692	2011-11-17 17:47:53	258	1032	1	0	0	0	1	2	4165106815	102.4616	4165106815	102.4616	0	0	0	0	0	0	0
153718	f2da42698388b6daa9d5be69be44777f10a84bf8bc60e7e36b33d1fc0b7499a5	2011-11-17 17:47:53	437	1748	1	0	0	0	2	2	5711779200	140.5098	5711779200	140.5098	0	0	0	0	0	0	0
153718	d845597160ca1c39945d97364e671fe9f7622f07a18917249ae438aed000b0c9	2011-11-17 17:47:53	257	1028	1	0	0	0	1	2	4059700000	99.8686	4059700000	99.8686	0	0	0	0	0	0	0
153718	b08688b1926451d109717f5e355731ee818667cba59f33059a6e54914f6952d3	2011-11-17 17:47:53	258	1032	1	0	0	0	1	2	3891200000	95.7235	3891200000	95.7235	0	0	0	0	0	0	0
153718	c826ff4bbcc2a75118cd99dfb96716403577ce8d67b3737090f9ad53f1ab0014	2011-11-17 17:47:53	257	1028	1	0	0	0	1	2	2984950000	73.4298	2984950000	73.4298	0	0	0	0	0	0	0
153718	f309049b29ddc97f135f6ce0728172d9a2ecfd6923a979fdfa4a5fce9d817315	2011-11-17 17:47:53	6921	27684	1	0	0	0	38	2	13686000035	336.6756	13686000035	336.6756	0	0	0	0	0	0	23.477592747944
153718	7a9c882dbab15312e7a015bf9c83068e7c01f465cc12f96c0c6aba4f15026113	2011-11-17 17:47:53	258	1032	1	0	0	0	1	2	3631866155	89.3439	3631866155	89.3439	0	0	0	0	0	0	0
153718	1e35f3f90db866a9a7f6057f3864fa2d1757c3cb6ea976a8820a8fa9f5078418	2011-11-17 17:47:53	257	1028	1	0	0	0	1	2	3577705904	88.0116	3577705904	88.0116	0	0	0	0	0	0	0
153718	aa5976705bb8096fe3f6d1f0bcffb7f7bef75f7232d2682f7a9e32b3295ba765	2011-11-17 17:47:53	258	1032	1	0	0	0	1	2	3430543902	84.3914	3430543902	84.3914	0	0	0	0	0	0	0
153718	7adc561d2f7eb28504a6cb71a674b9107b1c9c58a80e93ef1dcd73d6b9c93210	2011-11-17 17:47:53	1521	6084	1	0	0	0	8	2	9178392287	225.7885	9178392287	225.7885	0	0	0	0	0	0	0
153718	7a1567d230ac0e5fd44662ec21d565c651fab7a994c3feded72425a5b05c5c46	2011-11-17 17:47:53	258	1032	1	0	0	0	1	2	3257820172	80.1424	3257820172	80.1424	0	0	0	0	0	0	0
153718	a2ae5494633cbd76a4c9e83dc5ac8f03957a2f5cfa94c44c0650f00de767ca77	2011-11-17 17:47:53	619	2476	1	0	0	0	3	2	1532901597	37.7094	1532901597	37.7094	0	0	0	0	0	0	1.0422930731333
153718	05d68a0a8698a0c1e553efea64e77a77a1579a18b9047edac908c20c10af54ce	2011-11-17 17:47:53	259	1036	1	0	0	0	1	2	6975100000	171.5875	6975100000	171.5875	0	0	0	0	0	0	0
153718	093aa30a6da18b878a2ad43ce4d2e8c5569e24c8b3abc1fddd1ff4891eef86d4	2011-11-17 17:47:53	258	1032	1	0	0	0	1	2	6328923467	155.6915	6328923467	155.6915	0	0	0	0	0	0	0
153718	c6842c45d731fc7732e11b1bd62d53fe596626c2eb005708f4e43b3e4bac94b2	2011-11-17 17:47:53	438	1752	1	0	0	0	2	2	422070350	10.3829	422070350	10.3829	0	0	0	0	0	0	0
153718	a13b31a69d2f3ae2e75afde162a51af458a2a7536e579aad5acd4b15459fca1f	2011-11-17 17:47:53	257	1028	1	0	0	0	1	2	5320250000	130.8782	5320250000	130.8782	0	0	0	0	0	0	0
153718	9cc719674120216bc8ce62d57e2e5a2a3e30c7fe546339473a93d822ed91e596	2011-11-17 17:47:53	257	1028	1	0	0	0	1	2	4808376451	118.2861	4808376451	118.2861	0	0	0	0	0	0	0
153718	35db2fb967897c1566f716d33ec65f4b8ba9956c609835f02da38940422641fc	2011-11-17 17:47:53	259	1036	1	0	0	0	1	2	4767185900	117.2728	4767185900	117.2728	0	0	0	0	0	0	0
153718	e7411d7945ae53a47564ff0235c9e7057ae709dda1dde2d0df82822a3856f447	2011-11-17 17:47:53	257	1028	1	0	0	0	1	2	4691836110	115.4192	4691836110	115.4192	0	0	0	0	0	0	0
153718	5e1c7385abce70af18664382cbbcab36df583dd8dcdb216a6f26cbceb4f08030	2011-11-17 17:47:53	258	1032	1	0	0	0	1	2	4672150000	114.9349	4672150000	114.9349	0	0	0	0	0	0	0
153718	fe114b4e64daf068f3104d7c3a331b49307733ad30dbc7ce22415fb32cffdad1	2011-11-17 17:47:53	258	1032	1	0	0	0	1	2	4077000000	100.2942	4077000000	100.2942	0	0	0	0	0	0	0
153718	b86486fdaaee45168fbcef3afda2589aa1e90ee5c6d4140c1b5e2fb20cb0a75a	2011-11-17 17:47:53	258	1032	1	0	0	0	1	2	1498343172	36.8592	1498343172	36.8592	0	0	0	0	0	0	0
153718	ea51e04b3f831fad5a9f7582fdcff197dd6adac44d14bddba6a86379f7977967	2011-11-17 17:47:53	437	1748	1	0	0	0	2	2	1009000000	24.8214	1008950000	24.8202	50000	0.0012	114416	0.0028	28604.1	0.0007	0
153718	71d5b05d9befe707dfdc97d1730e82fc2747e97f61a89cd518326e14ed81d452	2011-11-17 17:47:53	258	1032	1	0	0	0	1	2	100000000	2.46	99950000	2.4588	50000	0.0012	193798	0.0048	48449.6	0.0012	0
153718	9a24c946dca2442a37f7f485e4a7c25e377960ade7d058118fde70f338f15e04	2011-11-17 17:47:53	259	1036	1	0	0	0	1	2	102000000	2.5092	102000000	2.5092	0	0	0	0	0	0	0
153718	8a1dc925cce88091f42858c2f14a5345aa7481f4f7141d3c79fc545d3c88d23d	2011-11-17 17:47:53	259	1036	1	0	0	0	1	2	3275100000	80.5675	3275050000	80.5662	50000	0.0012	193050	0.0047	48262.5	0.0012	0
153718	b622ad2b767e9d863149166c4fc26eb73dbcc73c7299132f991695222b96f9ab	2011-11-17 17:47:53	259	1036	1	0	0	0	1	2	1593453372	39.199	1593403372	39.1977	50000	0.0012	193050	0.0047	48262.5	0.0012	0
153718	801928b536a192e1adce338049e4dd4aef821e87db2a83bb3e8ab87f0414c9e8	2011-11-17 17:47:53	1339	5356	1	0	0	0	7	2	1994310186	49.06	1994210186	49.0576	100000	0.0025	74682.6	0.0018	18670.7	0.0005	0
153718	1309757ead0a68286d58d027555b0599ccb88aa5e0f0d21b7077d64121eb8a57	2011-11-17 17:47:53	258	1032	1	0	0	0	1	2	2599833332	63.9559	2599783332	63.9547	50000	0.0012	193798	0.0048	48449.6	0.0012	0
153718	be69fafb495bed841b297e7bee5fafee262aaf7d33535227ea1e19c4470f8820	2011-11-17 17:47:53	258	1032	1	0	0	0	1	2	25925367	0.6378	25875367	0.6365	50000	0.0012	193798	0.0048	48449.6	0.0012	0
153718	8525a632618e3b77566681793aeb16c5bf6980551c5716d9368cce992f8170b2	2011-11-17 17:47:53	257	1028	1	0	0	0	1	2	108796433	2.6764	108796433	2.6764	0	0	0	0	0	0	0
153718	f79c9a98729bf8a1606533997e8a1fd373dc9d80498ed96937c78ac9b6b14b3e	2011-11-17 17:47:53	258	1032	1	0	0	0	1	2	4017505	0.0988	4017505	0.0988	0	0	0	0	0	0	0
153718	cd610272caa7c6401a05205b0d345327270c7ae6866aba527937dea90aeada1b	2011-11-17 17:47:53	620	2480	1	0	0	0	3	2	19350000	0.476	19300000	0.4748	50000	0.0012	80645.2	0.002	20161.3	0.0005	0
153718	dd95ec2767994c113066c58d904e2fdbc38239f2e937773dc8ff0ccf23482a40	2011-11-17 17:47:53	258	1032	1	0	0	0	1	2	2622866155	64.5225	2622866155	64.5225	0	0	0	0	0	0	0
153718	899b7453e42624d85e7f1ba0377f25c78595a2cfa1c7b2ec782c770ed8887158	2011-11-17 17:47:53	259	1036	1	0	0	0	1	2	77705904	1.9116	77705904	1.9116	0	0	0	0	0	0	0
153718	25cc0646c328bd570e1d62f5e3af61850c36b946b6d2ccc0e41507e3b38c8a00	2011-11-17 17:47:53	257	1028	1	0	0	0	1	2	1497343172	36.8346	1497343172	36.8346	0	0	0	0	0	0	0
153718	8ef75231aff5e700fbd95af1094da6d309eaa19acb0eab613134722d74f2ff7a	2011-11-17 17:47:53	259	1036	1	0	0	0	1	2	8796433	0.2164	8796433	0.2164	0	0	0	0	0	0	0
153718	93922e5f187a83d2f98d2d90d1a66c3ce8babce94220060769785cb8b5590154	2011-11-17 17:47:53	259	1036	1	0	0	0	1	2	3017505	0.0742	3017505	0.0742	0	0	0	0	0	0	0
153718	55abf0394b7dbf9fe07fb409d7f4d01d5f3d46ff4beb9a3ab96e1c4d584d2f7d	2011-11-17 17:47:53	258	1032	1	0	0	0	1	2	2502866155	61.5705	2502866155	61.5705	0	0	0	0	0	0	0
153718	b4a947ddea500b15db11b8a27d1d9a63af19f34690ba2ec0cae4ee7a0ec47007	2011-11-17 17:47:53	258	1032	1	0	0	0	1	2	64705904	1.5918	64705904	1.5918	0	0	0	0	0	0	0
153718	b482018d2a2cac60b06a5c082a3f7231049e195b2745f859983d21f5f6ab075a	2011-11-17 17:47:53	258	1032	1	0	0	0	1	2	1397343172	34.3746	1397343172	34.3746	0	0	0	0	0	0	0
153718	991309efe878da18a4ca309a246deef77186cafdf5bd80c7a06c4a29dd562d23	2011-11-17 17:47:53	258	1032	1	0	0	0	1	2	5796433	0.1426	5796433	0.1426	0	0	0	0	0	0	0
153718	14041715581c1810e7b6128a987b92d06034fa0f26ce77d9ac43ae7a213f5e88	2011-11-17 17:47:53	259	1036	1	0	0	0	1	2	2017505	0.0496	2017505	0.0496	0	0	0	0	0	0	0
153718	201455cb93ff6eebfaed1e0e06763a291eeaf4c90f71a42d5a3e09e05711ae86	2011-11-17 17:47:53	258	1032	1	0	0	0	1	2	2326866155	57.2409	2326866155	57.2409	0	0	0	0	0	0	0
153718	17f982b59da99f0141bf838a459a63e184d4f60f75ed6e0f1e4770305f360a65	2011-11-17 17:47:53	259	1036	1	0	0	0	1	2	13705904	0.3372	13705904	0.3372	0	0	0	0	0	0	0
153718	3d0bbe1cb3b9b2a1a7b8634f87a3f66d15b9d66d844f4b000fa911d3f06c741d	2011-11-17 17:47:53	258	1032	1	0	0	0	1	2	1297343172	31.9146	1297343172	31.9146	0	0	0	0	0	0	0
153718	9e5d2533f4c591561a1e7a4f81e9a621fc3d30cb19aa9150519e6097dfbdc92f	2011-11-17 17:47:53	258	1032	1	0	0	0	1	2	2796433	0.0688	2796433	0.0688	0	0	0	0	0	0	0
153718	579e6b577d1f6c1177db762ed4af4a6c3cad5ffee011159ae148a0a018d38936	2011-11-17 17:47:53	258	1032	1	0	0	0	1	2	2214866155	54.4857	2214866155	54.4857	0	0	0	0	0	0	0
153718	a63844be2c74affbe2397b60a62327b8017c604a35b7cdc5aa99624e6f41cc43	2011-11-17 17:47:53	257	1028	1	0	0	0	1	2	11705904	0.288	11705904	0.288	0	0	0	0	0	0	0
153718	c6bf4c26b392e90bccd22ed590a0f7e611e36fcb44e9b77095ac42e7b1eb95ff	2011-11-17 17:47:53	258	1032	1	0	0	0	1	2	1185343172	29.1594	1185343172	29.1594	0	0	0	0	0	0	0
153718	ec4224f073b39a47e8eaf21f1193a61bd77be01c0117ea98664ddef597f1c56c	2011-11-17 17:47:53	439	1756	1	0	0	0	2	2	2813938	0.0692	2813938	0.0692	0	0	0	0	0	0	0
153718	304e4579782dd51d948cde9dfc07e9ca8dd1f74dbd7d49b0425ce20849edadfd	2011-11-17 17:47:53	257	1028	1	0	0	0	1	2	2138866155	52.6161	2138866155	52.6161	0	0	0	0	0	0	0
153718	246931a81748d66c03baa2f644b1ec588eb877e079ee053cb8cb454c9877a69c	2011-11-17 17:47:53	258	1032	1	0	0	0	1	2	1081343172	26.601	1081343172	26.601	0	0	0	0	0	0	0
153718	2fe9e879da19877c45f56ea346e3ad07ebe4e1a0f9a645d2f8dd797ec9e2a26b	2011-11-17 17:47:53	257	1028	1	0	0	0	1	2	2024866155	49.8117	2024866155	49.8117	0	0	0	0	0	0	0
153718	2d48eba9f8839f2ed903ae559a4cde788c9211b64c62cc9aad1cab1841e46d9d	2011-11-17 17:47:53	258	1032	1	0	0	0	1	2	859343172	21.1398	859343172	21.1398	0	0	0	0	0	0	0
153718	11f564da3e44f91c04459b20217c465b7d342e818badd5941b9b1438e2c67a6c	2011-11-17 17:47:53	257	1028	1	0	0	0	1	2	1100866155	27.0813	1100866155	27.0813	0	0	0	0	0	0	0
153718	2113ad5da7c5e610425fb29349b97ad0122efbc2be037485af5b8a90230cde0c	2011-11-17 17:47:53	258	1032	1	0	0	0	1	2	649343172	15.9738	649343172	15.9738	0	0	0	0	0	0	0
153718	d619ae201e38fb7eaac5ce519374095f89f85b7943f29903ac4113d9ad657b36	2011-11-17 17:47:53	257	1028	1	0	0	0	1	2	548343172	13.4892	548343172	13.4892	0	0	0	0	0	0	0
153718	7680804f011afec5805f869c1fabe62e2b0becfbe3531cf37cebeffdad9f2a11	2011-11-17 17:47:53	258	1032	1	0	0	0	1	2	496343172	12.21	496343172	12.21	0	0	0	0	0	0	0
153718	74ddcd4ad69aaf88320b4cae05a05a70decf44c6f768b784f7385d6c24c70705	2011-11-17 17:47:53	258	1032	1	0	0	0	1	2	391343172	9.627	391343172	9.627	0	0	0	0	0	0	0
153718	cb579988bc2531162f33b6e47ffa9936d15e490ab1f71224f2537ae682df5995	2011-11-17 17:47:53	258	1032	1	0	0	0	1	2	287343172	7.0686	287343172	7.0686	0	0	0	0	0	0	0
153718	f77caa0f738b4ab5afd988bc74883b11bf02435777cd7ada3ec4db8c035798e1	2011-11-17 17:47:53	257	1028	1	0	0	0	1	2	233343172	5.7402	233343172	5.7402	0	0	0	0	0	0	0
153718	94408bb9f51231bda97d3714cb1831bf10c000e885fb13671bb401476829471a	2011-11-17 17:47:53	258	1032	1	0	0	0	1	2	185343172	4.5594	185343172	4.5594	0	0	0	0	0	0	0
153718	f9c9854fed982d52ee14e1e453ba47649688bdfdc650ee4d226d4cec6bd90738	2011-11-17 17:47:53	258	1032	1	0	0	0	1	2	84343172	2.0748	84343172	2.0748	0	0	0	0	0	0	0
153719	8ca40421a844899723ab7f6186ef5e927a55e998a2f6c77798e8b35953c203b7	2011-11-17 17:51:30	134	536	1	0	1	0	1	1	0	0	5000050000	123.0012	0	0	0	0	0	0	0
153719	9b221f418fec5d5906c068162481614c3cf122d6da29152a14331f773eee313e	2011-11-17 17:51:30	191	764	1	0	0	0	1	2	5001561000	123.0384	5001561000	123.0384	0	0	0	0	0	0	763.09869746563
153719	f5416fd44d06182ba21984a9b44a1bf17f80350f595b196db4ddfe3732315453	2011-11-17 17:51:30	257	1028	1	0	0	0	1	2	1213579354	29.8541	1213579354	29.8541	0	0	0	0	0	0	0
153719	bf8bc3fba8b8fb5c7afe1998e27cd77511b492918f3aafefd31a5fa497092085	2011-11-17 17:51:30	258	1032	1	0	0	0	1	2	504000000	12.3984	504000000	12.3984	0	0	0	0	0	0	3.8980083333333
153719	162cb8d8973d2960fa09d913d8779e80a4367a46d8b07a7abca8841382f4ac42	2011-11-17 17:51:30	799	3196	1	0	0	0	4	2	301550594	7.4181	301500594	7.4169	50000	0.0012	62578.2	0.0015	15644.6	0.0004	0
153719	4e97cd3c80df1e62ac0d8d2d914981fd158d30b75e951649b9bf9dda67e1850b	2011-11-17 17:51:30	258	1032	1	0	0	0	1	2	1035866155	25.4823	1035866155	25.4823	0	0	0	0	0	0	0
153719	7b2d369777e4fd2115542502b6a614e3c7cf22fb6bd360b5d0fa64abf7c61975	2011-11-17 17:51:30	258	1032	1	0	0	0	1	2	44905662	1.1047	44905662	1.1047	0	0	0	0	0	0	0
153719	c621998182843dadb725e5d6a35789838e8caef52688f10559ab6314b6f4c872	2011-11-17 17:51:30	259	1036	1	0	0	0	1	2	10705904	0.2634	10705904	0.2634	0	0	0	0	0	0	0
153720	4947b127f67072fa535a7e7651d9c07b627cddf40ee03d56cd4c410af2726a7b	2011-11-17 18:05:34	182	728	1	0	1	0	1	1	0	0	5003500000	123.0861	0	0	0	0	0	0	0
153720	f3c6c31f1789389cd90cfa396e65debbf3f60509c6df08dde642b800411e4a2c	2011-11-17 18:05:34	258	1032	1	0	0	0	1	2	23000000000	565.8	23000000000	565.8	0	0	0	0	0	0	3717.0715277778
153720	d2c7f6af736daf0198ead7831baf38fbc00aaa96158c9425f192ad69946dadf4	2011-11-17 18:05:34	944	3776	1	0	0	0	5	1	5720800000	140.7317	5720000000	140.712	800000	0.0197	847458	0.0208	211864	0.0052	576.20433872685
153720	e7583c9edbddc4443a818c400e2f45b8af2756e45f2af5f41eba1680dc63f458	2011-11-17 18:05:34	799	3196	1	0	0	0	4	2	39359893480	968.2534	39359893480	968.2534	0	0	0	0	0	0	309.2961560547
153720	9d77ac521861c1188800118f06e9d78bd88ac202c9cf920e6e5ee7a1fbee7a20	2011-11-17 18:05:34	798	3192	1	0	0	0	4	2	35424200000	871.4354	35424200000	871.4354	0	0	0	0	0	0	99.546001041667
153720	a0af80ed6360a4dba2da26c41e336aa2e2793001763532f19296724b36f38200	2011-11-17 18:05:34	1694	6776	1	0	0	0	9	2	771902571	18.9888	771902571	18.9888	0	0	0	0	0	0	427.80769957395
153720	3394db9046328d61272fe4a6d7382c860e2a20b6a7b2d7c1197ba5fbf176f415	2011-11-17 18:05:34	158	632	1	0	0	0	1	1	5001300000	123.032	5001300000	123.032	0	0	0	0	0	0	35.687517083333
153720	7c7c548e0b8020ca66358ed063396fb3ace2ca24695ef8c5d04e69d50a64aa3f	2011-11-17 18:05:34	259	1036	1	0	0	0	1	2	4547169904	111.8604	4547169904	111.8604	0	0	0	0	0	0	47.538450916506
153720	b5d0802792126ef3b9d6fad6c343105361c201fb0bcfdf6776bbfa8d04a5f3ab	2011-11-17 18:05:34	800	3200	1	0	0	0	4	2	15001240866	369.0305	15001240866	369.0305	0	0	0	0	0	0	96.269410660686
153720	55490eb40f504f4ef1c599bcf9ec4041f6839f95d5bd0eecf9395e2b4ada8211	2011-11-17 18:05:34	583	2332	1	0	0	0	3	1	1700000000	41.82	1700000000	41.82	0	0	0	0	0	0	69.104832175926
153720	da3e0df8a974d63f81f14754be55415a4470fb3a0271dbbafb28d34e30fdd6f9	2011-11-17 18:05:34	258	1032	1	0	0	0	1	2	4000000000	98.4	4000000000	98.4	0	0	0	0	0	0	23.475925925926
153720	ff4e269d19d953a1a5b217040dc3f1740a08791ea997f59b115d1af892ed8d66	2011-11-17 18:05:34	258	1032	1	0	0	0	1	2	4440900000	109.2461	4440900000	109.2461	0	0	0	0	0	0	0
153720	a9daaaa8aeda0925a62ac60fc15f55e4bff2e51ec12ffb97b6487701dfde1739	2011-11-17 18:05:34	438	1752	1	0	0	0	2	2	1117100000	27.4807	1117100000	27.4807	0	0	0	0	0	0	20.840197974537
153720	dfa763bd2c36aac549cef95dc88d83c912977b5dd98f653378317be95e5162af	2011-11-17 18:05:34	618	2472	1	0	0	0	3	2	2002000000	49.2492	2001000000	49.2246	1000000	0.0246	1618120	0.0398	404531	0.01	0.15703680555556
153720	a4538d46057b757320b65758dc00a26bf4eee49cd43cc7909cbd10cee2a8c585	2011-11-17 18:05:34	1303	5212	1	0	0	0	7	1	377000000	9.2742	377000000	9.2742	0	0	0	0	0	0	12.586277893519
153720	ad69e0e5677bf5975138801f37356b34cd46e3ab55e2edc2e0dba1ce2f46fd9c	2011-11-17 18:05:34	439	1756	1	0	0	0	2	2	7300000000	179.58	7300000000	179.58	0	0	0	0	0	0	0
153720	01520f03b6b02169f37de106a4496aad3a295d212f8c9532040ed99538bf5a2e	2011-11-17 18:05:34	1335	5340	1	0	0	0	7	2	9001030207	221.4254	9001030207	221.4254	0	0	0	0	0	0	0
153720	e6e695f07da9d94696ee31e4334b5ac15c1a8d9e0c5284b26180e05f3dad1e84	2011-11-17 18:05:34	291	1164	1	0	0	0	1	3	16708215	0.411	16658215	0.4098	50000	0.0012	171821	0.0042	42955.3	0.0011	1.4700579864983
153720	a15438b5c8fc311d741f9fb12a47cea371fe23707878cd03d12c04f997ea6583	2011-11-17 18:05:34	259	1036	1	0	0	0	1	2	4154061115	102.1899	4154011115	102.1887	50000	0.0012	193050	0.0047	48262.5	0.0012	0
153720	4d2aed83e1da77cfeca98f6b543780ce185b1d1ae72a801b54506c9ca52712d5	2011-11-17 18:05:34	258	1032	1	0	0	0	1	2	1006300776	24.755	1006250776	24.7538	50000	0.0012	193798	0.0048	48449.6	0.0012	0
153720	26868dc91c878cdc5f6bcd7107367e711bdd3a5046f5c00ba44689997f97c522	2011-11-17 18:05:34	437	1748	1	0	0	0	2	2	71950000	1.77	71900000	1.7687	50000	0.0012	114416	0.0028	28604.1	0.0007	0.021312326388889
153720	eb32bad6e28857071efc2e1eb274745101e26960a4a9be5ba680f12975c338bc	2011-11-17 18:05:34	258	1032	1	0	0	0	1	2	242864800	5.9745	242814800	5.9732	50000	0.0012	193798	0.0048	48449.6	0.0012	0
153720	f323c1672eb929d284d1c75d76a63d668dcf684633ace6a8869e16b1c85079cc	2011-11-17 18:05:34	428	1712	1	0	0	0	1	7	1561401677	38.4105	1561351677	38.4093	50000	0.0012	116822	0.0029	29205.6	0.0007	0
153720	1276e295997c193bda872bbda5a3865a73ef0665401dd51a2b8c9b9d4c577444	2011-11-17 18:05:34	257	1028	1	0	0	0	1	2	88313655	2.1725	88263655	2.1713	50000	0.0012	194553	0.0048	48638.1	0.0012	0
153720	8f1d950e27f88c3ed72ac11386ad207c36367979e5227c4345ad55a2e83f39f6	2011-11-17 18:05:34	224	896	1	0	0	0	1	1	1000000000	24.6	999950000	24.5988	50000	0.0012	223214	0.0055	55803.6	0.0014	0
153720	cc979eee2e77d1641fc25dc439133dd10304ff508f6bfa9d16ae9fc3fe44a468	2011-11-17 18:05:34	438	1752	1	0	0	0	2	2	232436300	5.7179	232386300	5.7167	50000	0.0012	114155	0.0028	28538.8	0.0007	0
153720	6c263014cd2fd7106a0faf76af402e936913aabee287b5123b888a4047437154	2011-11-17 18:05:34	259	1036	1	0	0	0	1	2	19950000	0.4908	19900000	0.4895	50000	0.0012	193050	0.0047	48262.5	0.0012	0
153720	fe35c6423f52189541d5b1c853b8a423d5ebf7e287d7f05a8584ebee28bd00db	2011-11-17 18:05:34	797	3188	1	0	0	0	4	2	402027252	9.8899	401027252	9.8653	1000000	0.0246	1254710	0.0309	313676	0.0077	0.14635442049826
153720	dbb7324a8574b1c9fca0cebdefe4510ac8ebb864f0a83b367804cf2b8b09bdf5	2011-11-17 18:05:34	258	1032	1	0	0	0	1	2	46883114	1.1533	46833114	1.1521	50000	0.0012	193798	0.0048	48449.6	0.0012	0
153720	b2470758512ce183a5ace27d324061186c854483e9c17671aef2b9f520f4a46d	2011-11-17 18:05:34	258	1032	1	0	0	0	1	2	18000000	0.4428	17950000	0.4416	50000	0.0012	193798	0.0048	48449.6	0.0012	0
153720	4112f16c3b855b5b9d86a5da7c96a579c70d67fdb650cdbc247197ba718a3d57	2011-11-17 18:05:34	257	1028	1	0	0	0	1	2	6980908	0.1717	6930908	0.1705	50000	0.0012	194553	0.0048	48638.1	0.0012	0
153720	604e67e506220cc588ceea9056a0dc8cf183569bdad494659cd8a2f26b4f9dfe	2011-11-17 18:05:34	438	1752	1	0	0	0	2	2	11300000	0.278	11250000	0.2767	50000	0.0012	114155	0.0028	28538.8	0.0007	0
153721	69206a7e2d0cfafef2b0fe5cf882371a372c727afc7c229800a7f115bb3f3703	2011-11-17 18:11:25	179	716	1	0	1	0	1	1	0	0	5001896319	123.0467	0	0	0	0	0	0	0
153721	976cf4bf0d254f386d5cab64d9d13a076c8a8bd1e4e3f18ca1b4885a5538134e	2011-11-17 18:11:25	620	2480	1	0	0	0	3	2	680122900448	16731.0234	680122900448	16731.0234	0	0	0	0	0	0	18.251845801638
153721	25f7217b3c9585115753fb7f4931ffb55e42d27a632ed7cda45bd9723b924f20	2011-11-17 18:11:25	631	2524	1	0	0	0	1	13	10000000000	246	10000000000	246	0	0	0	0	0	0	0
153721	e68fd80685f3139e12e6169e8e807cc9c4ac4486a82eabe685d7e8af81198b75	2011-11-17 18:11:25	258	1032	1	0	0	0	1	2	4995689040	122.894	4995689040	122.894	0	0	0	0	0	0	0
153721	07e0671386e891027ca5b2c79f3a4eb8d608d15b128bbe97ddcbccd042135486	2011-11-17 18:11:25	258	1032	1	0	0	0	1	2	4877636072	119.9899	4877636072	119.9899	0	0	0	0	0	0	0
153721	d45b6b5411702f9d560703bc7ec0e2856a00e067ac32aa57334ad11d2dfb4b9d	2011-11-17 18:11:25	258	1032	1	0	0	0	1	2	4821915162	118.6191	4821915162	118.6191	0	0	0	0	0	0	0
153721	8052456b8f9d6713b853cf9ec9491bba79864f1f48a9e2b562307492e1c10f9d	2011-11-17 18:11:25	259	1036	1	0	0	0	1	2	4712624776	115.9306	4712624776	115.9306	0	0	0	0	0	0	0
153721	54941e91e50d0cdfb6a63e791b32de8269b5e03da19e975874e71f0fa6483c72	2011-11-17 18:11:25	257	1028	1	0	0	0	1	2	3320376292	81.6813	3320376292	81.6813	0	0	0	0	0	0	0
153721	9796ff5a9c8301c6e26f992a35575d8a6445906370fb1ca884640a804b238575	2011-11-17 18:11:25	1157	4628	1	0	0	0	6	2	23616364967	580.9626	23616364967	580.9626	0	0	0	0	0	0	0
153721	5ec0db6934ca23e5a30186506df0675e110838fbc47152b5ca9893c80f7f0c7e	2011-11-17 18:11:25	258	1032	1	0	0	0	1	2	8895250003	218.8232	8895250003	218.8232	0	0	0	0	0	0	0
153721	d7e9035319dbaee39fa3a857097b61575d08c158db0e5a9bd17b405ebe098c4e	2011-11-17 18:11:25	257	1028	1	0	0	0	1	2	8472818538	208.4313	8472818538	208.4313	0	0	0	0	0	0	0
153721	f1bab1ccb834d0972e18021c1e93d72dd61dd6122573f5c56958197977cbe191	2011-11-17 18:11:25	258	1032	1	0	0	0	1	2	7866500830	193.5159	7866500830	193.5159	0	0	0	0	0	0	0
153721	2b62203d3fd535ee2ba38678ecd9967e55fad89af8cada168acf83b137cadcdb	2011-11-17 18:11:25	258	1032	1	0	0	0	1	2	7792593387	191.6978	7792593387	191.6978	0	0	0	0	0	0	0
153721	a29703ec9f1dd5524dd7f8047bc47824dc99fc38ad51852bba2552f739468454	2011-11-17 18:11:25	257	1028	1	0	0	0	1	2	7094000000	174.5124	7094000000	174.5124	0	0	0	0	0	0	0
153721	453333b7ad2257610c4721b1cfb680c6ae315396070e042dcfdc2e9417492ebc	2011-11-17 18:11:25	258	1032	1	0	0	0	1	2	6695100000	164.6995	6695100000	164.6995	0	0	0	0	0	0	0
153721	4ec2256c30398f3cc689a63bbbb72f40992a5873292628d5039aa7fc341a9079	2011-11-17 18:11:25	258	1032	1	0	0	0	1	2	6275923467	154.3877	6275923467	154.3877	0	0	0	0	0	0	0
153721	7c0c7a835088f76b3969b8fee0625ab7b32aea25ddd3c55001d50e977f769c74	2011-11-17 18:11:25	258	1032	1	0	0	0	1	2	5303250000	130.4599	5303250000	130.4599	0	0	0	0	0	0	0
153721	6b1774018fbb3d00f5179c5e14bbcf7dbb55e02f2eba72c39aa27bbaf62baa95	2011-11-17 18:11:25	944	3776	1	0	0	0	5	1	200696319	4.9371	200000000	4.92	696319	0.0171	737626	0.0181	184407	0.0045	2.2776334350925
153721	55ff795275a1e212cd5842fc81834a499dffce37a441044d2a286b8a09a8e821	2011-11-17 18:11:25	258	1032	1	0	0	0	1	2	1578003737	38.8189	1577953737	38.8177	50000	0.0012	193798	0.0048	48449.6	0.0012	0
153721	a8b2f8e969158b267c584f124a5552935df71b0c131532fbd34d8c9ce1edc05a	2011-11-17 18:11:25	259	1036	1	0	0	0	1	2	4142978117	101.9173	4142928117	101.916	50000	0.0012	193050	0.0047	48262.5	0.0012	0
153721	c9e21d9e540acb209f4704e21ef5c1b7e568d905b1f46a56dc24299bea74cbaa	2011-11-17 18:11:25	257	1028	1	0	0	0	1	2	359526100	8.8443	359476100	8.8431	50000	0.0012	194553	0.0048	48638.1	0.0012	0
153721	25ee9d2d095f5418623adcffab1cf6c8b6125d45bb8cb32d9d8911c069b57cbe	2011-11-17 18:11:25	438	1752	1	0	0	0	2	2	101600000	2.4994	101550000	2.4981	50000	0.0012	114155	0.0028	28538.8	0.0007	0.0088648148148148
153721	788a96ddd9f47f784ceefd8e079b2dc8179d5cab276215c0c3e39c259f00e4e2	2011-11-17 18:11:25	438	1752	1	0	0	0	2	2	20000000	0.492	19950000	0.4908	50000	0.0012	114155	0.0028	28538.8	0.0007	0
153721	8793d0c70213dd8ffb3d6cba38686d0d4370e945d6f9a9f0034724f999ddadd6	2011-11-17 18:11:25	618	2472	1	0	0	0	3	2	19100000	0.4699	19050000	0.4686	50000	0.0012	80906.1	0.002	20226.5	0.0005	0
153721	fabf503576df60e96f226cf7a2e6a896872edc89dd14932f6cf832f898505fc8	2011-11-17 18:11:25	404	1616	1	0	0	0	2	1	300000	0.0074	200000	0.0049	100000	0.0025	247525	0.0061	61881.2	0.0015	0
153721	ed7923cbaf032bd45f404f02d693f20e5d4b1dfbf1798fc7615d9ce93a944509	2011-11-17 18:11:25	259	1036	1	0	0	0	1	2	4628972725	113.8727	4628922725	113.8715	50000	0.0012	193050	0.0047	48262.5	0.0012	0
153721	02aabcd70c03adad5338188423fc4098a1425528d9fe5196aa5709d8797b45fa	2011-11-17 18:11:25	257	1028	1	0	0	0	1	2	3309880994	81.4231	3309830994	81.4218	50000	0.0012	194553	0.0048	48638.1	0.0012	0
153721	9226e05a6737cd20d9894c6eed51f189c83f01407377f51826bc9c82b7093177	2011-11-17 18:11:25	257	1028	1	0	0	0	1	2	4271927695	105.0894	4271877695	105.0882	50000	0.0012	194553	0.0048	48638.1	0.0012	0
153721	d6fce833a64f3cdddcb4a933b94c02835aa2d1a0c17b1306146dfa48917545c3	2011-11-17 18:11:25	258	1032	1	0	0	0	1	2	3172867985	78.0526	3172817985	78.0513	50000	0.0012	193798	0.0048	48449.6	0.0012	0
153721	b57b0ee0a2d11f94fb10fdcb2b735a5df78394cc6ae4cdebd1640888e1fb4356	2011-11-17 18:11:25	258	1032	1	0	0	0	1	2	3244348003	79.811	3244298003	79.8097	50000	0.0012	193798	0.0048	48449.6	0.0012	0
153721	56da5cf5e0600a5647fe34c7bb23cadaf06b446d3495f365d8eee4f41a56f1d0	2011-11-17 18:11:25	259	1036	1	0	0	0	1	2	3118155080	76.7066	3118105080	76.7054	50000	0.0012	193050	0.0047	48262.5	0.0012	0
153721	e30ef50d204e3aa99d66882e6e781a62494b5b0eb3ec25a5fdc656b59e05f4f0	2011-11-17 18:11:25	257	1028	1	0	0	0	1	2	631611545	15.5376	631561545	15.5364	50000	0.0012	194553	0.0048	48638.1	0.0012	0
153721	c5a23ec9dd03c4b993fb5731cf285e29b87c5af607fc975ffc8907207f9f599c	2011-11-17 18:11:25	257	1028	1	0	0	0	1	2	3076195809	75.6744	3076145809	75.6732	50000	0.0012	194553	0.0048	48638.1	0.0012	0
153721	003660b25d38ad7c72aa279293caab2eb0ab4684afce7f5904bc15548e0001c7	2011-11-17 18:11:25	258	1032	1	0	0	0	1	2	3057170017	75.2064	3057120017	75.2052	50000	0.0012	193798	0.0048	48449.6	0.0012	0
153721	5d2457262f49f66d26bef5a2b3bda3fc9aab546dc6b10023fe46a43a27b40029	2011-11-17 18:11:25	258	1032	1	0	0	0	1	2	3047081153	74.9582	3047031153	74.957	50000	0.0012	193798	0.0048	48449.6	0.0012	0
153721	bdca9732022cf5d47ad9fae895b3c96fb2abf454ca52b43eb56b34d021a1d736	2011-11-17 18:11:25	258	1032	1	0	0	0	1	2	506940693	12.4707	506890693	12.4695	50000	0.0012	193798	0.0048	48449.6	0.0012	0
153721	8ae66dd622b6f9df80ce809ba747e210d6adffd8025592078f30e0f9035c60b2	2011-11-17 18:11:25	256	1024	1	0	0	0	1	2	486482218	11.9675	486432218	11.9662	50000	0.0012	195312	0.0048	48828.1	0.0012	0
153721	d214df0dd534e45b460d32f80e024db06ca13e47bd6636cd2d345ab679d6888b	2011-11-17 18:11:25	258	1032	1	0	0	0	1	2	473647050	11.6517	473597050	11.6505	50000	0.0012	193798	0.0048	48449.6	0.0012	0
153721	6d8c9edeb701c61bad0657107266b60b4b63f65ff26b5fc6d285630256688193	2011-11-17 18:11:25	259	1036	1	0	0	0	1	2	267732244	6.5862	267682244	6.585	50000	0.0012	193050	0.0047	48262.5	0.0012	0
153721	84393147bba5526ea72e7169fd82e3ef1a86eeadfc5c1b4836565e2ef40b6750	2011-11-17 18:11:25	259	1036	1	0	0	0	1	2	120766315	2.9709	120716315	2.9696	50000	0.0012	193050	0.0047	48262.5	0.0012	0
153721	2ddaa4a4924900325d4d3f6ec89cc7784a8ae09967902a8d744b274539ac378f	2011-11-17 18:11:25	258	1032	1	0	0	0	1	2	110804310	2.7258	110754310	2.7246	50000	0.0012	193798	0.0048	48449.6	0.0012	0
153722	0deadabc35a5a2c066058d4443d36d4ed58aa69782eca67f7be6d33e9b3f7ef4	2011-11-17 18:14:31	179	716	1	0	1	0	1	1	0	0	5000050000	123.0012	0	0	0	0	0	0	0
153722	ed1ece43ed78dbbdbb5d96e513bd1a2e1f2152573ee5eb4be31208c70047cb57	2011-11-17 18:14:31	618	2472	1	0	0	0	3	2	1019000000	25.0674	1019000000	25.0674	0	0	0	0	0	0	169.85851157407
153722	99af8925485daad820157ddf11a83b83c11face6cc6cbd8baae44ae9219b502a	2011-11-17 18:14:31	439	1756	1	0	0	0	2	2	5304854800	130.4994	5304854800	130.4994	0	0	0	0	0	0	56.571188194444
153722	dad84465f564a25cbefb1b79d21e3ac2bdfed99d9c34e92bb3084b9cd031cb5f	2011-11-17 18:14:31	259	1036	1	0	0	0	1	2	9097850000	223.8071	9097850000	223.8071	0	0	0	0	0	0	0
153722	4dd9a4b73745de82a80d48c2629fe48c9f933e8020125c73c22768a69f191861	2011-11-17 18:14:31	258	1032	1	0	0	0	1	2	8959748896	220.4098	8959748896	220.4098	0	0	0	0	0	0	0
153722	2ef912ccd9004f519f04b9ddfad7251befecbcc492bc9deb8506f4faa30ec3c5	2011-11-17 18:14:31	800	3200	1	0	0	0	4	2	3813798013	93.8194	3813798013	93.8194	0	0	0	0	0	0	0
153722	4f7564324ecca0d680a86e88c8808003c3894e962474ff924fe7509fccf69bf7	2011-11-17 18:14:31	259	1036	1	0	0	0	1	2	4805376451	118.2123	4805376451	118.2123	0	0	0	0	0	0	0
153722	b665ee7fbc0c3eea50bba1244d1aacafa7e07a6058a6dda84c477891052e186e	2011-11-17 18:14:31	258	1032	1	0	0	0	1	2	4714185900	115.969	4714185900	115.969	0	0	0	0	0	0	0
153722	bcd42cdc5ec45eccf3a2b56bae3f7cd4bbeb73c189194c1c4b976b6bb9ad2bd9	2011-11-17 18:14:31	257	1028	1	0	0	0	1	2	4670836110	114.9026	4670836110	114.9026	0	0	0	0	0	0	0
153722	aa27c3872c2f916aa8c87bef54e2ca567c481ade1d3c7ec7186a0daac5003809	2011-11-17 18:14:31	258	1032	1	0	0	0	1	2	4590678770	112.9307	4590678770	112.9307	0	0	0	0	0	0	0
153722	50dc685811ccd3efaa5dccb3c7a54d64143833eee6290deca939fd137c6c8cc4	2011-11-17 18:14:31	259	1036	1	0	0	0	1	2	4608150000	113.3605	4608150000	113.3605	0	0	0	0	0	0	0
153722	4f59af9e95f1ec5cd5cbd02f09b15c31b72baacef422fca388b4c5750ed69b9a	2011-11-17 18:14:31	259	1036	1	0	0	0	1	2	4570973804	112.446	4570973804	112.446	0	0	0	0	0	0	0
153722	fd70f21ac2b258655c64a0aa44749f3b4b6ef3522172bf7666100184c5abab67	2011-11-17 18:14:31	258	1032	1	0	0	0	1	2	4356470631	107.1692	4356470631	107.1692	0	0	0	0	0	0	0
153722	32ba8d66a2e3657ad4a8e1e3d1af479aa5ddf1b9af3ddb38a57f7bf568c0d054	2011-11-17 18:14:31	258	1032	1	0	0	0	1	2	4342986930	106.8375	4342986930	106.8375	0	0	0	0	0	0	0
153722	041728f6adeec8834fb1f2df7626e1c74fdd6174502f4c4063cbec4cf30c33df	2011-11-17 18:14:31	258	1032	1	0	0	0	1	2	4196200000	103.2265	4196200000	103.2265	0	0	0	0	0	0	0
153722	7c0730a9429d6b5a9ba309a44e69bf9e353b40f1acee6433b6faf98552113a5a	2011-11-17 18:14:31	258	1032	1	0	0	0	1	2	4143050000	101.919	4143050000	101.919	0	0	0	0	0	0	0
153722	5994ce18cc7642daa0d677f1f7c9fcab8f7ed8e7bf913a8a596325d22af8f95a	2011-11-17 18:14:31	259	1036	1	0	0	0	1	2	3977000000	97.8342	3977000000	97.8342	0	0	0	0	0	0	0
153722	b58b0f0b5086403b628079cf7bdd579b62c5178723838a88cbfe5d41edc94d21	2011-11-17 18:14:31	258	1032	1	0	0	0	1	2	3881200000	95.4775	3881200000	95.4775	0	0	0	0	0	0	0
153722	800e60e12ad0faa741390c625601183ec1414f957b35d33b5200bd2907ab09de	2011-11-17 18:14:31	258	1032	1	0	0	0	1	2	3759700000	92.4886	3759700000	92.4886	0	0	0	0	0	0	0
153722	0ef0ca665225f8d4e6c65d5313671de924ce98432a5017f1de7b941dd42db902	2011-11-17 18:14:31	618	2472	1	0	0	0	3	2	350000000	8.61	349950000	8.6088	50000	0.0012	80906.1	0.002	20226.5	0.0005	0
153723	59e1e81c763ca81202c495ab751fe949a2d63fd7cd815cb80711c96f81880543	2011-11-17 18:14:39	134	536	1	0	1	0	1	1	0	0	5000000000	123	0	0	0	0	0	0	0
153723	c966c34933fcab286546ec6a39c518d86045408dc6af05242fc6d3332fc5772f	2011-11-17 18:14:39	439	1756	1	0	0	0	2	2	881000000	21.6726	881000000	21.6726	0	0	0	0	0	0	245.84187303241
153723	d9c02905caf8432fe131aeffb841e07ee2ea7bad90adb87a0c2c074d39d1c830	2011-11-17 18:14:39	259	1036	1	0	0	0	1	2	3329543902	81.9068	3329543902	81.9068	0	0	0	0	0	0	0
153723	6f4ca969bb5c24fec7045ec18eb9619e481325ef50e88ee7b300cd01e51071a2	2011-11-17 18:14:39	258	1032	1	0	0	0	1	2	3200820172	78.7402	3200820172	78.7402	0	0	0	0	0	0	0
153723	a7a259c5ccf27768d61cb453216723d7fab253edbf99c0b25f610463483d644f	2011-11-17 18:14:39	258	1032	1	0	0	0	1	2	7071000000	173.9466	7071000000	173.9466	0	0	0	0	0	0	0
153723	5d31f6965a4748031108baae7a45c6075663527a5941432671e9334ae53acf2e	2011-11-17 18:14:39	258	1032	1	0	0	0	1	2	6595100000	162.2395	6595100000	162.2395	0	0	0	0	0	0	0
153723	74aa8960253e68f7bb8d34244cdb9eedab8d431d28ed2c347425e378febb4e87	2011-11-17 18:14:39	258	1032	1	0	0	0	1	2	5149250000	126.6716	5149250000	126.6716	0	0	0	0	0	0	0
153723	fdd24d4772c37cd859eb7d9823ca69872e55b5f1084f12e4da257a98db1cc14f	2011-11-17 18:14:39	258	1032	1	0	0	0	1	2	1027866155	25.2855	1027866155	25.2855	0	0	0	0	0	0	0
153723	2c92f7c33f761ab124a76917a63c38b9f339b4c11f6049e3b3bcc97b8392e63f	2011-11-17 18:14:39	257	1028	1	0	0	0	1	2	20905662	0.5143	20905662	0.5143	0	0	0	0	0	0	0
153723	70297a0ee44274f338ab613f2cfe63ac8773665ee9a78b032c9d5c90071d3fb4	2011-11-17 18:14:39	257	1028	1	0	0	0	1	2	6692600	0.1646	6692600	0.1646	0	0	0	0	0	0	0
153724	2b7f409cb0fc0f25f9d50ec69c063be745af3248c1ead7ba8bdc815c26507903	2011-11-17 18:22:16	135	540	1	0	1	0	1	1	0	0	5002050873	123.0505	0	0	0	0	0	0	0
153724	4bf6a096a70b7cf245d0164b8ad88523d4c3a69cd0de7a3bdebd493f4e7efb9d	2011-11-17 18:22:16	978	3912	1	0	0	0	5	2	1876050506	46.1508	1876000506	46.1496	50000	0.0012	51124.7	0.0013	12781.2	0.0003	1513.0907458161
153724	e1d94781e62356fe6c411d7dfb22473bf2538c4ee90efedfd46253d2b0222acf	2011-11-17 18:22:16	1881	7524	1	0	0	0	10	2	4544950000	111.8058	4544850000	111.8033	100000	0.0025	53163.2	0.0013	13290.8	0.0003	1799.6055744792
153724	71432a1528629dbfff18e7a3cb5e718012b4763e1c589fcfe5854670c6652f98	2011-11-17 18:22:16	797	3188	1	0	0	0	4	2	3401100000	83.6671	3401000000	83.6646	100000	0.0025	125471	0.0031	31367.6	0.0008	444.10396611111
153724	5d961f58888e7c3e8fefd1b214fae435e190ea468862920d32abc4c1d6874885	2011-11-17 18:22:16	224	896	1	0	0	0	1	1	5000000000	123	5000000000	123	0	0	0	0	0	0	88.880208333333
153724	f44a87c91f2ff5cc91251fa8343a1d53da3eba8797f054f3b8f56c322085e4e9	2011-11-17 18:22:16	257	1028	1	0	0	0	1	2	1898000000	46.6908	1898000000	46.6908	0	0	0	0	0	0	66.096092592593
153724	deeb85fae4f30f2d546e362427c8c272eb79d2fd43f640207253038987446adc	2011-11-17 18:22:16	159	636	1	0	0	0	1	1	5000350000	123.0086	5000350000	123.0086	0	0	0	0	0	0	33.771461059028
153724	1177d60213bb004d5b5af341658f8dbda745cdfbc78ad04aba3656beecd7e73f	2011-11-17 18:22:16	257	1028	1	0	0	0	1	2	26814867000	659.6458	26814867000	659.6458	0	0	0	0	0	0	0
153724	2b6723ad31716b77ce85041463698336efd2ba29a42c95a888683c919e4285f8	2011-11-17 18:22:16	943	3772	1	0	0	0	5	1	293650873	7.2238	293000000	7.2078	650873	0.016	690215	0.017	172554	0.0042	46.56201150323
153724	a7ed6adf66770c9f736f8f9869446cfec9002c20ae12e527a6430419fecaacc3	2011-11-17 18:22:16	223	892	1	0	0	0	1	1	222000000	5.4612	221000000	5.4366	1000000	0.0246	4484300	0.1103	1121080	0.0276	8.3017979166667
153724	4ef2621ebedf513d4ddba311b3f3a3fa6719ec2f82ef3e9c42f7764243b182ff	2011-11-17 18:22:16	582	2328	1	0	0	0	3	1	2727330096	67.0923	2727330096	67.0923	0	0	0	0	0	0	0.72083209753646
153724	108ea100f32f235a12154e786431b98d9352079166e8c7e66a81a65b859a01a6	2011-11-17 18:22:16	259	1036	1	0	0	0	1	2	7774593387	191.255	7774593387	191.255	0	0	0	0	0	0	0
153724	e8942e3fe8aecf2681e8328f4d6882b58a64bcbbbe9da4d7d7488ca6de92611c	2011-11-17 18:22:16	258	1032	1	0	0	0	1	2	7733500830	190.2441	7733500830	190.2441	0	0	0	0	0	0	0
153724	cbd37fd350144ed79f93a49275417d6737f4735234e3084d840c8607cb569fad	2011-11-17 18:22:16	258	1032	1	0	0	0	1	2	6250923467	153.7727	6250923467	153.7727	0	0	0	0	0	0	0
153724	9afbf27af781a1ab3c226b98b69af0e1402d63d05a94951b5e8bf56f24a4fb17	2011-11-17 18:22:16	258	1032	1	0	0	0	1	2	4341986930	106.8129	4341986930	106.8129	0	0	0	0	0	0	0
153724	5f31a1215f2d6ecc8c9d4ea88a5eb1ff180a6c7496d5d1869831009be5a804bc	2011-11-17 18:22:16	258	1032	1	0	0	0	1	2	4180200000	102.8329	4180200000	102.8329	0	0	0	0	0	0	0
153724	a7e15757682e2e2400a2acf94f74f42eb6ccf7265fd7d7cca8f32a1592716625	2011-11-17 18:22:16	259	1036	1	0	0	0	1	2	4041050000	99.4098	4041050000	99.4098	0	0	0	0	0	0	0
153724	cb172b1d1d0e035d8e26b1fe3758d0c3fc83bcc805c8254fedd81b3604d2153e	2011-11-17 18:22:16	257	1028	1	0	0	0	1	2	3942000000	96.9732	3942000000	96.9732	0	0	0	0	0	0	0
153724	a176808741f62fa535a272f8314370ab5a06596b0715a04755452d1f0cd90ba9	2011-11-17 18:22:16	258	1032	1	0	0	0	1	2	3823150000	94.0495	3823150000	94.0495	0	0	0	0	0	0	0
153724	c2ae47d3b44ee6609fa357f47ae836cd618d703bd97f56c39f3bff07900b8b6b	2011-11-17 18:22:16	258	1032	1	0	0	0	1	2	3781200000	93.0175	3781200000	93.0175	0	0	0	0	0	0	0
153724	7b2393b7524f8e835ff8d2712df53bc3b7b34d1248995c6440da795f8b46663c	2011-11-17 18:22:16	438	1752	1	0	0	0	2	2	515179184	12.6734	515129184	12.6722	50000	0.0012	114155	0.0028	28538.8	0.0007	0.0093848852518519
153724	614c37eb0f81fab65eb3107cf40cef5d80bc86a1c4e94cd662dd2b18b00010de	2011-11-17 18:22:16	258	1032	1	0	0	0	1	2	3659700000	90.0286	3659700000	90.0286	0	0	0	0	0	0	0
153724	c86bd4891667403f305f111639f890af5d2d390a79d25a0d63ae0e3e9808d566	2011-11-17 18:22:16	257	1028	1	0	0	0	1	2	693000000	17.0478	692950000	17.0466	50000	0.0012	194553	0.0048	48638.1	0.0012	0
153724	569a880def3029b62151487d613948f4f6b85468f0f36bfeb3445b93fac17874	2011-11-17 18:22:16	258	1032	1	0	0	0	1	2	1281351677	31.5213	1281301677	31.52	50000	0.0012	193798	0.0048	48449.6	0.0012	0
153724	795df2f92c55cce266f43163086ab3080c9d36215b026ef1ed878617e5b7e912	2011-11-17 18:22:16	258	1032	1	0	0	0	1	2	3279543902	80.6768	3279543902	80.6768	0	0	0	0	0	0	0
153724	dc3fca8856f732967ec2a9c12709c27729c06c324f40d0c7e6aeaf26e29699fe	2011-11-17 18:22:16	259	1036	1	0	0	0	1	2	3197820172	78.6664	3197820172	78.6664	0	0	0	0	0	0	0
153724	8f74b6187dc158fd46d16c99e661ad234c67983ff3a955b10755698eb6079664	2011-11-17 18:22:16	258	1032	1	0	0	0	1	2	934866155	22.9977	934866155	22.9977	0	0	0	0	0	0	0
153724	0a43a7af53b8cfdcd758138e60baf828cfd0e33b9c7621dbee25abba76d3db2a	2011-11-17 18:22:16	439	1756	1	0	0	0	2	2	25598262	0.6297	25598262	0.6297	0	0	0	0	0	0	0
153724	18c273e70b1cc4b795800c1f740db38d9fcfdc4576eff8b1d7228391b5a45a95	2011-11-17 18:22:16	258	1032	1	0	0	0	1	2	2727330096	67.0923	2727330096	67.0923	0	0	0	0	0	0	0
153725	7cf5cf2fcd24f148e6463b00becc49602e1287113f95d4ca82796885e5981a0c	2011-11-17 18:23:05	168	672	1	0	1	0	1	1	0	0	5000150000	123.0037	0	0	0	0	0	0	0
153725	b2a2ad592e3f6b50b5c40c06d49ed52a8f4fc68376182fee732e042f570142de	2011-11-17 18:23:05	438	1752	1	0	0	0	2	2	59038200000	1452.3397	59038200000	1452.3397	0	0	0	0	0	0	0
153725	4d00c7f9d0fece2013c64a2ff50f502de2c794b2acfe85cd5b848b65476fc0d1	2011-11-17 18:23:05	259	1036	1	0	0	0	1	2	3850300000	94.7174	3850250000	94.7161	50000	0.0012	193050	0.0047	48262.5	0.0012	0
153725	0d1f4768c991a695a4920f37dea90073139dea269d8b5440412236222819530f	2011-11-17 18:23:05	259	1036	1	0	0	0	1	2	3268042945	80.3939	3268042945	80.3939	0	0	0	0	0	0	0
153725	31bfaa6dc1ecb2f82a07880ab298db04ac753018e5c242ae51047fdbd6a81172	2011-11-17 18:23:05	258	1032	1	0	0	0	1	2	4353470631	107.0954	4353470631	107.0954	0	0	0	0	0	0	0
153725	619b663a02e3759070e5d5d1a4a45422a8123ca66c001c2bcfdd4a8d23db4a86	2011-11-17 18:23:05	980	3920	1	0	0	0	5	2	3025664525	74.4314	3025614525	74.4301	50000	0.0012	51020.4	0.0013	12755.1	0.0003	0
153725	cf4a6339ef99e1663640dc46cd8fe52b9cfab9430a2672eb2c3edfe043bfb372	2011-11-17 18:23:05	797	3188	1	0	0	0	4	2	203829854	5.0142	203779854	5.013	50000	0.0012	62735.3	0.0015	15683.8	0.0004	0
153726	4393b75ddfce794b2ac117f089214e4f528383b7eebe636646a58b36654eb66a	2011-11-17 18:25:19	136	544	1	0	1	0	1	1	0	0	5000150000	123.0037	0	0	0	0	0	0	0
153726	82d6f404e69effc94e688404299082906afc8ca27fe06afbec31c6700fc41fff	2011-11-17 18:25:19	191	764	1	0	0	0	1	2	5001451000	123.0357	5001451000	123.0357	0	0	0	0	0	0	32.284829302315
153726	e9d94fd1cd60c5f725d0285526f88323ecc178baea534094cfd750038b89c478	2011-11-17 18:25:19	258	1032	1	0	0	0	1	2	2000000000	49.2	2000000000	49.2	0	0	0	0	0	0	0
153726	cddfc1ca6a510a7cf47e5b48f3dc387cef503e9d97be43f74db40947d507367d	2011-11-17 18:25:19	259	1036	1	0	0	0	1	2	250000000	6.15	249900000	6.1475	100000	0.0025	386100	0.0095	96525.1	0.0024	0
153726	6c8e769e54f21d8259a794a36bd567a547475fdc5b8aad1d3e9de6b371870d17	2011-11-17 18:25:19	258	1032	1	0	0	0	1	2	871866155	21.4479	871866155	21.4479	0	0	0	0	0	0	0
153726	892b078f3431ce0e20213a4205000311b2fa421d4e7b26f186d7dd557d188884	2011-11-17 18:25:19	258	1032	1	0	0	0	1	2	236836100	5.8262	236786100	5.8249	50000	0.0012	193798	0.0048	48449.6	0.0012	0
153726	9c90e9c5207d845d7476fdd765e9dbf35c0ab31e7a0e662758c4076c2a20f8c4	2011-11-17 18:25:19	584	2336	1	0	0	0	3	1	10432485	0.2566	10432485	0.2566	0	0	0	0	0	0	0
153727	0565e384d05e0dd83ee9d5365f8e5724a232e2ea81b1d7839ea5d060d06df22e	2011-11-17 18:32:58	134	536	1	0	1	0	1	1	0	0	5000360000	123.0089	0	0	0	0	0	0	0
153727	45363a5f58339c277a6a19c243b72dca679a17f1f89e618082ce756bba1d5d95	2011-11-17 18:32:58	258	1032	1	0	0	0	1	2	3000000000	73.8	3000000000	73.8	0	0	0	0	0	0	0
153727	173e40defaf668b5275a09c03721daf5c31d543f943567b85c1f315e312a8e38	2011-11-17 18:32:58	258	1032	1	0	0	0	1	2	100000000	2.46	99990000	2.4598	10000	0.0002	38759.7	0.001	9689.92	0.0002	8.4626851851852
153727	df4b340e8adffce033e17227bf16620dd6c4fa4398cd203803fde8b7ba74fe84	2011-11-17 18:32:58	257	1028	1	0	0	0	1	2	3163050000	77.811	3163000000	77.8098	50000	0.0012	194553	0.0048	48638.1	0.0012	0
153727	2e217c7f629f5d029e153a5e056e080e8044f04cdad7cac3da5adc4908c767f6	2011-11-17 18:32:58	439	1756	1	0	0	0	2	2	656350000	16.1462	656350000	16.1462	0	0	0	0	0	0	0
153727	2b4f56ad2500ecca1b702a543407160e529df3bfdc659f637fc3de26da195c6a	2011-11-17 18:32:58	2095	8380	1	0	0	0	1	56	5000000000	123	4999850000	122.9963	150000	0.0037	71599	0.0018	17899.8	0.0004	0
153727	f8b138579c278938e55777bc7c9e471b67a1755215ff9d5fae38880056be90e2	2011-11-17 18:32:58	437	1748	1	0	0	0	2	2	598810000	14.7307	598760000	14.7295	50000	0.0012	114416	0.0028	28604.1	0.0007	0
153727	f397b5eb7f065f9b5b4bc358a5d4fe365860d994a8c314c37985284450d562c2	2011-11-17 18:32:58	257	1028	1	0	0	0	1	2	1010215659	24.8513	1010165659	24.8501	50000	0.0012	194553	0.0048	48638.1	0.0012	0
153727	734b45c9d62abc37790649f5f01ba884843c9a506a30722e5d62a4fe7c466380	2011-11-17 18:32:58	438	1752	1	0	0	0	2	2	233074100	5.7336	233024100	5.7324	50000	0.0012	114155	0.0028	28538.8	0.0007	0
153728	b1e50b0e2b4417f2fed9556115076cd1cf5ae2a481fc5e2e81b973c0de734311	2011-11-17 18:41:02	134	536	1	0	1	0	1	1	0	0	5000050000	123.0012	0	0	0	0	0	0	0
153728	1de827f7f7cc1d1f9aa80798e5ac9edd25953b51d975c728c84bb67c55849cc2	2011-11-17 18:41:02	1882	7528	1	0	0	0	10	2	50010300000	1230.2534	50010300000	1230.2534	0	0	0	0	0	0	18506.262468958
153728	8079660579183644f19d6638b50b6798c2d35f5a527aeda3d57ccc3c3f0a91b8	2011-11-17 18:41:02	799	3196	1	0	0	0	4	2	1948039767	47.9218	1948039767	47.9218	0	0	0	0	0	0	1121.79825
153728	d14076a0d2481d288de0749ebd8306f9b22c0bac916e089c72c72b52cb85011d	2011-11-17 18:41:02	272	1088	1	0	0	0	2	1	10000250020	246.0061	10000250020	246.0061	0	0	0	0	0	0	67.884770532789
153728	33b86f69e406b130f47e984fcc176f8d5e5f2d1f1e32b35bdcdfe6342f1b3de7	2011-11-17 18:41:02	192	768	1	0	0	0	1	2	5005800000	123.1427	5005800000	123.1427	0	0	0	0	0	0	40.9757175
153728	19300df5b4d103a47a97978ad14938fd407f05d57a6d0146586e05034688e32e	2011-11-17 18:41:02	258	1032	1	0	0	0	1	2	3526772018	86.7586	3526772018	86.7586	0	0	0	0	0	0	0
153728	7e18bb42c977e9f44a32372aab5f230c75e161045f01b5e7f91af3b6572a38c6	2011-11-17 18:41:02	618	2472	1	0	0	0	3	2	6769963670	166.5411	6769963670	166.5411	0	0	0	0	0	0	2.79632456
153728	cee3d5b3e7fef074acd4dfe7398b05955231117a2630a5586ccc0c1063a96bdf	2011-11-17 18:41:02	258	1032	1	0	0	0	1	2	4065556267	100.0127	4065556267	100.0127	0	0	0	0	0	0	0
153728	249b271e7a53bc3eceb9921d37db67be02e7c5175c090b288b20d326f1249fc1	2011-11-17 18:41:02	1516	6064	1	0	0	0	8	2	101000003	2.4846	101000003	2.4846	0	0	0	0	0	0	11.29809862676
153728	bdb63e5a971a6caf72413ac6ddfb5bbf625da8757a3fd5b38364ba7176a998f5	2011-11-17 18:41:02	618	2472	1	0	0	0	3	2	4708252956	115.823	4708252956	115.823	0	0	0	0	0	0	0
153728	763a303cee478cff59c572cb3e3c52cf0501e2fc87aa084c5ba72597cf3c95d2	2011-11-17 18:41:02	225	900	1	0	0	0	1	1	1800000000	44.28	1800000000	44.28	0	0	0	0	0	0	0
153728	5ac2169eea9d768d377633bc1b538b0ce1256e34a2a619fdffb2f7ccc784fe05	2011-11-17 18:41:02	440	1760	1	0	0	0	2	2	1739000000	42.7794	1739000000	42.7794	0	0	0	0	0	0	0
153728	ea044b569c9052afc1f135bd54bda3793b71d79b142570466239c9daed6f09ba	2011-11-17 18:41:02	259	1036	1	0	0	0	1	2	300000000	7.38	299950000	7.3788	50000	0.0012	193050	0.0047	48262.5	0.0012	0
153729	8e4a830de565c68e7823433309772a46ceef8cbc1debac38ff316df0fd512f04	2011-11-17 18:51:15	135	540	1	0	1	0	1	1	0	0	5000200000	123.0049	0	0	0	0	0	0	0
153729	3a1c61fe957672d681f66f898658aa94fe7d5e3dc08e1ba544795715e5ff0a13	2011-11-17 18:51:15	258	1032	1	0	0	0	1	2	20000000000	492	20000000000	492	0	0	0	0	0	0	214.4212962963
153729	182db9b2530d23823c41a009654199343fa1757386cbe9448440857b9cc098ce	2011-11-17 18:51:15	439	1756	1	0	0	0	2	2	50192741700	1234.7415	50192741700	1234.7415	0	0	0	0	0	0	316.33425284086
153729	c81af1183037a6234a146fdf6d3b78013168a850de5c992f3c3de7bbd39c57db	2011-11-17 18:51:15	258	1032	1	0	0	0	1	2	1199000000	29.4954	1199000000	29.4954	0	0	0	0	0	0	185.03956064815
153729	082b9ce9c03e5a0a1ae6bd114019cee81728080f618008a06e4d7c7d8952795a	2011-11-17 18:51:15	617	2468	1	0	0	0	3	2	2901392405	71.3743	2901392405	71.3743	0	0	0	0	0	0	432.75057207902
153729	0bc0f7929b82c95c4772266de30a44310a6e9779008afb22c2a189388a27dd54	2011-11-17 18:51:15	259	1036	1	0	0	0	1	2	52000000000	1279.2001	52000000000	1279.2001	0	0	0	0	0	0	0
153729	2ee4b501dd27cf7507d3c599a42afb64d668e119635d25e4d99a68e7d9e2fb63	2011-11-17 18:51:15	5836	23344	1	0	0	0	32	2	4020000000	98.892	4020000000	98.892	0	0	0	0	0	0	3268.9906037037
153729	a52577ef528c96774ff87b720bbe2bca7b3ba1ff55b2d615218c452fd8fe8876	2011-11-17 18:51:15	438	1752	1	0	0	0	2	2	4982336100	122.5655	4982336100	122.5655	0	0	0	0	0	0	217.77976273148
153729	165efa779082dcfd47aa1c9f9765bd303eefde9de78ffda74b9da9b9ddf64dab	2011-11-17 18:51:15	617	2468	1	0	0	0	3	2	31056831000	763.998	31056831000	763.998	0	0	0	0	0	0	186.85748445463
153729	749816f9ef3ddb18da7cabf9ea221ac4c25f43e27223055acdde3327f711d6a2	2011-11-17 18:51:15	798	3192	1	0	0	0	4	2	66618152976	1638.8066	66618152976	1638.8066	0	0	0	0	0	0	0.18452430555556
153729	c565e73b6221d12b596ec44944bd603bbaf7106742866e07d74f446a125e30ff	2011-11-17 18:51:15	440	1760	1	0	0	0	2	2	19061000000	468.9006	19061000000	468.9006	0	0	0	0	0	0	5.2838315972222
153729	b8db6bc1bd953b2a384547eb5bc7fb1f9a059f4898d7e900c7e20ff963c839b2	2011-11-17 18:51:15	258	1032	1	0	0	0	1	2	698000000	17.1708	698000000	17.1708	0	0	0	0	0	0	36.725787037037
153729	ded424b1738fa2bf71c956d41087104539748030747ec581515cf250cb5027d9	2011-11-17 18:51:15	439	1756	1	0	0	0	2	2	1508744000	37.1151	1508744000	37.1151	0	0	0	0	0	0	15.827777777778
153729	92335f858c21fc950a36b8a792642a575f1dd94095405e55a5162684e464bf28	2011-11-17 18:51:15	259	1036	1	0	0	0	1	2	2867640000	70.5439	2867640000	70.5439	0	0	0	0	0	0	0
153729	e2b7fc5f5c442a036e66bc46ad4ea3c18233cef29562b2769fad668fa4124019	2011-11-17 18:51:15	798	3192	1	0	0	0	4	2	7080512369	174.1806	7080512369	174.1806	0	0	0	0	0	0	0
153729	d873654b1c555771a7269e06b6073763cdbbc84e470a4b9b0dc26835b8dbd302	2011-11-17 18:51:15	258	1032	1	0	0	0	1	2	3079693682	75.7605	3079693682	75.7605	0	0	0	0	0	0	0
153729	9fed6976d2e3d8cff42c68d51d319cf34bb52efdc063b82679cc03d8a3d6239f	2011-11-17 18:51:15	1876	7504	1	0	0	0	10	2	15924010713	391.7307	15924010713	391.7307	0	0	0	0	0	0	0
153729	bbe570e3f29bc78ee0987f641ea4c6c162a7f3a1171beec9a9115bd626cf1d11	2011-11-17 18:51:15	798	3192	1	0	0	0	4	2	849180767	20.8898	849180767	20.8898	0	0	0	0	0	0	8.8951026822917
153729	de3caf3ebc994857fb20e805a2715a00ad9b043bceb4cebc9847d78423288bc4	2011-11-17 18:51:15	1339	5356	1	0	0	0	7	2	101000000	2.4846	101000000	2.4846	0	0	0	0	0	0	16.176972277199
153729	ef11429e32a6e22060193744160d3012165be74568723cbec2b980a9c45712fe	2011-11-17 18:51:15	257	1028	1	0	0	0	1	2	1698000000	41.7708	1698000000	41.7708	0	0	0	0	0	0	0
153729	3696a237b718f58f238dd80cba5073eaa710cc47c1ba6501bb2398b58ea27f67	2011-11-17 18:51:15	258	1032	1	0	0	0	1	2	3069820172	75.5176	3069820172	75.5176	0	0	0	0	0	0	0
153729	bfa1df799bdc09bf7d6e12b1c1e37862084314262f812354eef262c56ec25c21	2011-11-17 18:51:15	224	896	1	0	0	0	1	1	770902200	18.9642	770852200	18.963	50000	0.0012	223214	0.0055	55803.6	0.0014	0
153729	264451cbc7a088d7f96660e4289dd591bdfdc3407aae94452a0d752d9c1ad52b	2011-11-17 18:51:15	259	1036	1	0	0	0	1	2	440008600	10.8242	439958600	10.823	50000	0.0012	193050	0.0047	48262.5	0.0012	0
153729	e5e89bcab306eeef8f41f10c67910cd05c54389fe998a1296b03b8878d79bc78	2011-11-17 18:51:15	258	1032	1	0	0	0	1	2	470250000	11.5682	470200000	11.5669	50000	0.0012	193798	0.0048	48449.6	0.0012	0
153729	4da72934cb863ac97b4f354c93b2f542294e3eba3c8c27a337dab7bbe5f432e4	2011-11-17 18:51:15	257	1028	1	0	0	0	1	2	3979070215	97.8851	3979020215	97.8839	50000	0.0012	194553	0.0048	48638.1	0.0012	0
153729	47738187b3a6862ed330e2137148ad17279c17eaeea98d66d815af2300270b00	2011-11-17 18:51:15	259	1036	1	0	0	0	1	2	755866155	18.5943	755866155	18.5943	0	0	0	0	0	0	0
153729	a60627101a8cd03c86f941e17025e13c5a7506373b4ffa8bf41cbc4336bc39fb	2011-11-17 18:51:15	439	1756	1	0	0	0	2	2	3412200	0.0839	3412200	0.0839	0	0	0	0	0	0	0
153730	3aac4b3bdc8ab773463dfa803971f4fa6ac0d8ec5bcc3f37c7eda875e068fc92	2011-11-17 18:56:46	181	724	1	0	1	0	1	1	0	0	5001100000	123.0271	0	0	0	0	0	0	0
153730	9d0782fe8d6093fe274b09cdaf2f41af4542929a45c92ca6233e081435319378	2011-11-17 18:56:46	798	3192	1	0	0	0	4	2	5055492000	124.3651	5054492000	124.3405	1000000	0.0246	1253130	0.0308	313283	0.0077	230.9874511375
153730	562a7ea87ffafe60de3a59f6c465ec34b5355f7d3b891105e8e80120d914c2b7	2011-11-17 18:56:46	798	3192	1	0	0	0	4	2	25574278266	629.1273	25574278266	629.1273	0	0	0	0	0	0	0
153730	09135c8cd1787ec5586b9c87ca6ae0962268b11663dd7683fbecf1552005313e	2011-11-17 18:56:46	259	1036	1	0	0	0	1	2	1090000000	26.814	1090000000	26.814	0	0	0	0	0	0	0
153730	839c50bd218cfb200df16612da6bcb302375e06e9e9bf6b94526012cddc8d3aa	2011-11-17 18:56:46	259	1036	1	0	0	0	1	2	1193417803	29.3581	1193367803	29.3568	50000	0.0012	193050	0.0047	48262.5	0.0012	0
153730	5d4e53ebb97eeaa3c385f3fb5346616c1d324f0a80dd007312a84d6040fe3b8a	2011-11-17 18:56:46	257	1028	1	0	0	0	1	2	4005800000	98.5427	4005750000	98.5415	50000	0.0012	194553	0.0048	48638.1	0.0012	0
153731	78534d34feab31b80cbdf0cf80f6f551e5494dce981f49c1d554609e142b751f	2011-11-17 18:59:25	168	672	1	0	1	0	1	1	0	0	5000300010	123.0074	0	0	0	0	0	0	0
153731	81437ba212739deb1ba9ed52cd37d12be930d8983babf9e11c442e237eb1ab84	2011-11-17 18:59:25	258	1032	1	0	0	0	1	2	29000009990	713.4003	29000009980	713.4003	10	0	38.7597	0	9.68992	0	0
153731	48c7df053ba5339479634e15155cec5e183be73980dfbb674dc1ef7461aacb3f	2011-11-17 18:59:25	618	2472	1	0	0	0	3	2	21848011200	537.4611	21848011200	537.4611	0	0	0	0	0	0	209.68892361111
153731	ec6f4bf12bb249b2a73cb8e6cf50abf0b75c6b2034f75612d52552cc223178f4	2011-11-17 18:59:25	273	1092	1	0	0	0	2	1	10007423348	246.1826	10007423348	246.1826	0	0	0	0	0	0	66.251181391584
153731	5f1aefb0f4621454ddbad7761f02282962965b1f82e8122d844ecca56f62dfd8	2011-11-17 18:59:25	438	1752	1	0	0	0	2	2	58397000000	1436.5662	58397000000	1436.5662	0	0	0	0	0	0	0
153731	e4444132bb22c12f8004d89154d774f02d7bf2fb29739ba1da585c80af21ccb4	2011-11-17 18:59:25	258	1032	1	0	0	0	1	2	14762900000	363.1674	14762900000	363.1674	0	0	0	0	0	0	0
153731	b00e992a9443d2a0ea776b143961c2b4cf3963ba827ac1c92a60a2784b720eb4	2011-11-17 18:59:25	259	1036	1	0	0	0	1	2	14109649969	347.0974	14109649969	347.0974	0	0	0	0	0	0	0
153731	7854a10f12fceccc0aa69e613a7616f7b095862e54e5668176c0e2445cbf7507	2011-11-17 18:59:25	258	1032	1	0	0	0	1	2	10563924261	259.8725	10563924261	259.8725	0	0	0	0	0	0	0
153731	a4f55a5404121c8e12aa40891804d81d3d13ab8a1725418066dbd8fa25dfae58	2011-11-17 18:59:25	259	1036	1	0	0	0	1	2	10397509193	255.7787	10397509193	255.7787	0	0	0	0	0	0	0
153731	0402c1e9db257ee72ac6907f6dea8bb4aff7df15bd67774f191cd27bbd6bd168	2011-11-17 18:59:25	259	1036	1	0	0	0	1	2	10088050000	248.166	10088050000	248.166	0	0	0	0	0	0	0
153731	40eebb4f0e847c48167a31a56df19484786e65cd055caae0f6445a51901c6d3b	2011-11-17 18:59:25	257	1028	1	0	0	0	1	2	9709500000	238.8537	9709500000	238.8537	0	0	0	0	0	0	0
153731	ac7dbe4258fb4eac07c273dd33187110c057d6b6b8574454eee5b8f966b3f58c	2011-11-17 18:59:25	257	1028	1	0	0	0	1	2	9455467790	232.6045	9455467790	232.6045	0	0	0	0	0	0	0
153731	1279cb812d25eb2aec1338d81929b13c77276955fd3a42e65c1da9cce2bde082	2011-11-17 18:59:25	258	1032	1	0	0	0	1	2	10000960755	246.0236	10000960755	246.0236	0	0	0	0	0	0	0
153731	c9f24cceb05889e221d8618cc90ba03e7c8788825b5bfb1dd5b24dea1d5ee507	2011-11-17 18:59:25	258	1032	1	0	0	0	1	2	8614250003	211.9106	8614250003	211.9106	0	0	0	0	0	0	0
153731	990583a6e176630e9b2d040d8e21fc92733b114f341c41055bb33cb575935bf8	2011-11-17 18:59:25	258	1032	1	0	0	0	1	2	8470818538	208.3821	8470818538	208.3821	0	0	0	0	0	0	0
153731	01b7f07ec5db27e01330164ac29daf2158837f945df1491b8ea24fbf9e019122	2011-11-17 18:59:25	257	1028	1	0	0	0	1	2	8992850000	221.2241	8992850000	221.2241	0	0	0	0	0	0	0
153731	14c26ec962fdbbf3c00169ae4784b7a89f0a5d164ef2973c788eacc74c03cd8c	2011-11-17 18:59:25	259	1036	1	0	0	0	1	2	8933748896	219.7702	8933748896	219.7702	0	0	0	0	0	0	0
153731	614b124e414de2e4099e7141134f7edf122d51d22bd3b55440ca1105a5910178	2011-11-17 18:59:25	439	1756	1	0	0	0	2	2	845343119	20.7954	845343119	20.7954	0	0	0	0	0	0	8.4339625486351
153731	bc7e84adc8948544a7ff4996b4818e29823dddc35a5055d884991ee15569ef0f	2011-11-17 18:59:25	257	1028	1	0	0	0	1	2	5001950010	123.048	5001950010	123.048	0	0	0	0	0	0	0
153731	2d3323d02e54e227e9eb34ce0fff2d1557918eb0d7a9177a95661115132d22d5	2011-11-17 18:59:25	257	1028	1	0	0	0	1	2	7058000000	173.6268	7058000000	173.6268	0	0	0	0	0	0	0
153731	d172e76ca94524bd3bbb7de687e9707c6ae193efcae7b63c5121e9bd90f95b55	2011-11-17 18:59:25	258	1032	1	0	0	0	1	2	5001300000	123.032	5001300000	123.032	0	0	0	0	0	0	0
153731	b9b2f902873cdc72b9b9500cbbddc67247929b7adff8e60f74521273692f1229	2011-11-17 18:59:25	259	1036	1	0	0	0	1	2	7752593387	190.7138	7752593387	190.7138	0	0	0	0	0	0	0
153731	3f74230479d958632a412a77de43b5a4ede6f7109769347d284c0c0ae957d7ea	2011-11-17 18:59:25	259	1036	1	0	0	0	1	2	7565500830	186.1113	7565500830	186.1113	0	0	0	0	0	0	0
153731	54ac68f4efd93806b315eac382d3d6e4279c5b1316f76c4f52dc6f7ba43ea5d8	2011-11-17 18:59:25	257	1028	1	0	0	0	1	2	6487100000	159.5827	6487100000	159.5827	0	0	0	0	0	0	0
153731	63f2f5c6139d53bd76385ab2a1fe87c70aa22a676ce1ac7922768763e871fc5b	2011-11-17 18:59:25	258	1032	1	0	0	0	1	2	6243923467	153.6005	6243923467	153.6005	0	0	0	0	0	0	0
153731	249f9f81931dd4a7e77509659bf5af4b500f8a7312d32f9751e49b52a0cc38f1	2011-11-17 18:59:25	257	1028	1	0	0	0	1	2	4664185900	114.739	4664185900	114.739	0	0	0	0	0	0	0
153731	f6f8900bd78e3e2514a198840f78560a9e43a37590dd1e5725ac2041ff31e056	2011-11-17 18:59:25	258	1032	1	0	0	0	1	2	4602376451	113.2185	4602376451	113.2185	0	0	0	0	0	0	0
153731	8e78c9a0255bf20c8b952425a3501e248738ef04ce916222baa72955c1b76d34	2011-11-17 18:59:25	258	1032	1	0	0	0	1	2	4589836110	112.91	4589836110	112.91	0	0	0	0	0	0	0
153731	ebf6fde829e4b5e9167f5aea0abf2f578f92a9a0deee03d31dffc4b972fff0f5	2011-11-17 18:59:25	258	1032	1	0	0	0	1	2	4569973804	112.4214	4569973804	112.4214	0	0	0	0	0	0	0
153731	6e2a042652833767f1284a203b1261f3542083be9bae5358d7e7a6dfe80fd7d2	2011-11-17 18:59:25	259	1036	1	0	0	0	1	2	4537678770	111.6269	4537678770	111.6269	0	0	0	0	0	0	0
153731	c66dcb69c8bd0b34ddbb28b437d9544ab902ef10330d96270ace1d833f543c32	2011-11-17 18:59:25	258	1032	1	0	0	0	1	2	5063250000	124.556	5063250000	124.556	0	0	0	0	0	0	0
153731	31665d9607788cde6c65d5a45c6343de638a51d4dcab08b576e7ee3602c06774	2011-11-17 18:59:25	259	1036	1	0	0	0	1	2	5000350000	123.0086	5000350000	123.0086	0	0	0	0	0	0	0
153731	677aed223763f602466d09116717a9ee00c61b3626b248c98b81a5b16f3019d5	2011-11-17 18:59:25	258	1032	1	0	0	0	1	2	10000250020	246.0061	10000250020	246.0061	0	0	0	0	0	0	0
153731	7c6f18fa4a7552704f98a8c1ce4f89b88efd6dec91ef4e4993eb5bbbdf77ee88	2011-11-17 18:59:25	258	1032	1	0	0	0	1	2	4168986930	102.5571	4168986930	102.5571	0	0	0	0	0	0	0
153731	c12e173b92da893c51ede29492c82e6d6292d177dd84672b3686ab36ddc579db	2011-11-17 18:59:25	258	1032	1	0	0	0	1	2	4057200000	99.8071	4057200000	99.8071	0	0	0	0	0	0	0
153731	6cb66439a1f38572ccc85fa1b69e2c21cbd47422bf5c212619924beb894a017e	2011-11-17 18:59:25	259	1036	1	0	0	0	1	2	3733150000	91.8355	3733150000	91.8355	0	0	0	0	0	0	0
153731	f7462932a0b76d90b71c6026f161d8e519db987c4ec037b35c189b3767a9a2da	2011-11-17 18:59:25	259	1036	1	0	0	0	1	2	3693050000	90.849	3693050000	90.849	0	0	0	0	0	0	0
153731	b711d99a32b7615ea18fae256e60ea678dab352a8a58e4ae370236aa91fd5753	2011-11-17 18:59:25	259	1036	1	0	0	0	1	2	4284470631	105.398	4284470631	105.398	0	0	0	0	0	0	0
153731	b6983c43a95d46017a6757edfe431216cf8c83dc68ba74d833e702cdd1aea781	2011-11-17 18:59:25	259	1036	1	0	0	0	1	2	3610000000	88.806	3610000000	88.806	0	0	0	0	0	0	0
153731	9cb19de46b135e0357189c9a6a714e0ad0e73d759c4f9ea520261083bf7f344d	2011-11-17 18:59:25	258	1032	1	0	0	0	1	2	3546700000	87.2488	3546700000	87.2488	0	0	0	0	0	0	0
153731	714d027f586dfca139143382585e737844c2fe9ccaca6aacc57cef87fb23309b	2011-11-17 18:59:25	259	1036	1	0	0	0	1	2	3355200000	82.5379	3355200000	82.5379	0	0	0	0	0	0	0
153731	4db2efe675b7051720c7814f79baf3892c3d668fd114a9897e8c6459909ad1f2	2011-11-17 18:59:25	257	1028	1	0	0	0	1	2	3849750000	94.7038	3849700000	94.7026	50000	0.0012	194553	0.0048	48638.1	0.0012	0
153731	29d338ff576613a1e48228aa88b377d174a62c195b49f613248a5da46c6aa5a7	2011-11-17 18:59:25	259	1036	1	0	0	0	1	2	3261543902	80.234	3261543902	80.234	0	0	0	0	0	0	0
153731	0dedcc0a7b20ece9e6eb825e644e1abc842726a644b1b1c89a2064a757f73180	2011-11-17 18:59:25	257	1028	1	0	0	0	1	2	9950000	0.2448	9900000	0.2435	50000	0.0012	194553	0.0048	48638.1	0.0012	0.57685931134259
153731	a018009c2f5f4cea283bcdaba97b9d553945bed666087b0a58b1f91546449e59	2011-11-17 18:59:25	257	1028	1	0	0	0	1	2	808239365	19.8827	808189365	19.8815	50000	0.0012	194553	0.0048	48638.1	0.0012	0
153731	6a754029429c1de3ab999f0e987b9daa58a780b98dcdace9e49cd53c7ee66be0	2011-11-17 18:59:25	616	2464	1	0	0	0	3	2	1650000	0.0406	1600000	0.0394	50000	0.0012	81168.8	0.002	20292.2	0.0005	0.026334091435185
153731	1c771bac821fcf01f9e8e62cf33d53c38ed066e9b9346cb2f6e00692bb42a4b7	2011-11-17 18:59:25	257	1028	1	0	0	0	1	2	500000	0.0123	450000	0.0111	50000	0.0012	194553	0.0048	48638.1	0.0012	0.0049097800925926
153731	6ae8def5f1839a9e8492d28f3dd54e16171b9271856e64ada452ee421601f500	2011-11-17 18:59:25	403	1612	1	0	0	0	2	1	450000	0.0111	400000	0.0098	50000	0.0012	124069	0.0031	31017.4	0.0008	0
153732	0e7ecc0655940e683f6f47964551a0dae18db8c3e85df174c031087b678b0597	2011-11-17 19:00:31	134	536	1	0	1	0	1	1	0	0	5000050000	123.0012	0	0	0	0	0	0	0
153732	a8a57c77ab4e9af9709d8dd41df4cfb2694fb764c3cd4b46fbc018b49eb85c27	2011-11-17 19:00:31	371	1484	1	0	0	0	2	2	5001250000	123.0308	5001250000	123.0308	0	0	0	0	0	0	40.442408929398
153732	af4cc414bb6af4949d80cb9478a7aab3ca8d749ab70c5c818ff00c8fd8f94eed	2011-11-17 19:00:31	619	2476	1	0	0	0	3	2	42597292781	1047.8934	42597292781	1047.8934	0	0	0	0	0	0	0
153732	27327178ce1da180e77103a9ca507b83c0771edbec044a34234fc84e7413a078	2011-11-17 19:00:31	258	1032	1	0	0	0	1	2	259750000	6.3899	259700000	6.3886	50000	0.0012	193798	0.0048	48449.6	0.0012	0
153732	6ebb93a8bc15c473f9ad94773f268d1296f83052431a821b1dbb32db01358ff7	2011-11-17 19:00:31	257	1028	1	0	0	0	1	2	2917820172	71.7784	2917820172	71.7784	0	0	0	0	0	0	0
153732	605da3da7d9e6b9d1f7211ac143b1b465e037eeb9d4467f7a5ada654af4fcc23	2011-11-17 19:00:31	257	1028	1	0	0	0	1	2	721866155	17.7579	721866155	17.7579	0	0	0	0	0	0	0
153732	685d7ea328175cc046eb755caff9b630c091ef5616c7c4e23fef14be438cccf6	2011-11-17 19:00:31	259	1036	1	0	0	0	1	2	484866155	11.9277	484866155	11.9277	0	0	0	0	0	0	0
153732	fe0944810cb8c20aef6602c2a04511dac00f672c0ce2d8535cf32504705610e1	2011-11-17 19:00:31	258	1032	1	0	0	0	1	2	414866155	10.2057	414866155	10.2057	0	0	0	0	0	0	0
153732	9882666f895a932bf4178fea5059a6f6ac8249bd2a0c32adce1bfd75abee29f1	2011-11-17 19:00:31	258	1032	1	0	0	0	1	2	409866155	10.0827	409866155	10.0827	0	0	0	0	0	0	0
153733	4cd754245f0f20db351f906acbc77b3c06a882feed7d7d8921638c4387eec026	2011-11-17 19:12:48	147	588	1	0	1	0	1	1	0	0	5000150000	123.0037	0	0	0	0	0	0	0
153733	2032a5814dced22418b2a4fbc70105ded9d1aacd8603bb4bb50f9be8d4db9e32	2011-11-17 19:12:48	796	3184	1	0	0	0	4	2	6087008226	149.7404	6087008226	149.7404	0	0	0	0	0	0	1451.5169774249
153733	1a1b4921f0771ca10af99e71d3680aa564a410a25ea45629909e6f0048406c33	2011-11-17 19:12:48	258	1032	1	0	0	0	1	2	2514879524	61.866	2514879524	61.866	0	0	0	0	0	0	0
153733	db37098304754f22604801713ee6e5e1f6ecac886ebc5b7d822106889965bf55	2011-11-17 19:12:48	258	1032	1	0	0	0	1	2	2372128530	58.3544	2372128530	58.3544	0	0	0	0	0	0	0
153733	baae26dbf9d86d721a42a8c41331e6a900a3f59790bdd0ab89c86e87e14c012e	2011-11-17 19:12:48	258	1032	1	0	0	0	1	2	2254615046	55.4635	2254615046	55.4635	0	0	0	0	0	0	0
153733	029c09be3e20ef97cd0a979f83ae983fa3a2a6c3f774afb5e8187eea3257e96c	2011-11-17 19:12:48	258	1032	1	0	0	0	1	2	2237129115	55.0334	2237129115	55.0334	0	0	0	0	0	0	0
153733	881591d69e3c6c5d3ace37f99a0211f18a9fc68da2bd0730acebf74352cbdd89	2011-11-17 19:12:48	257	1028	1	0	0	0	1	2	1799410558	44.2655	1799410558	44.2655	0	0	0	0	0	0	0
153733	507d8a9107ef16b7f328fc028105cd2b4deb9128c692a673a2da5938ff0d5608	2011-11-17 19:12:48	438	1752	1	0	0	0	2	2	2903950000	71.4372	2903900000	71.4359	50000	0.0012	114155	0.0028	28538.8	0.0007	0.037713813657407
153733	573297ccd2521c111979ced6e5e01f11e498edcd5f44104f7bd1d3fbcd9db50b	2011-11-17 19:12:48	259	1036	1	0	0	0	1	2	1171517746	28.8193	1171467746	28.8181	50000	0.0012	193050	0.0047	48262.5	0.0012	0
153733	5840227f9e6b46f408eb14ba750e2bb8a3bd4689dd9197262814d14516d65eef	2011-11-17 19:12:48	428	1712	1	0	0	0	1	7	753225023	18.5293	753175023	18.5281	50000	0.0012	116822	0.0029	29205.6	0.0007	0
153734	4cd26dbf2006f9258d87db0b7f78d6f18d4e5d11a2123d09277b4e923bf962a8	2011-11-17 19:19:24	135	540	1	0	1	0	1	1	0	0	5009392763	123.2311	0	0	0	0	0	0	0
153734	0191ebcdb05465ad77b54a06625cdc0b988ebab091e2b6a866c045b49a9aa655	2011-11-17 19:19:24	1159	4636	1	0	0	0	6	2	30007800000	738.1919	30007800000	738.1919	0	0	0	0	0	0	15254.546925648
153734	506cdc3acb721ac61911827b1483d9387d4d1b455a1b335c13a190d6d0f9abe2	2011-11-17 19:19:24	291	1164	1	0	0	0	1	3	1332600000	32.782	1326600000	32.6344	6000000	0.1476	20618600	0.5072	5154640	0.1268	106.86110145833
153734	75a54bfc68253628250ece3e7abc2234f89ab74158b58a42163f4a02bf76a033	2011-11-17 19:19:24	272	1088	1	0	0	0	2	1	10004602342	246.1132	10004602342	246.1132	0	0	0	0	0	0	62.979002205154
153734	b38993445c3195b8ce8a77605eecdebb00916f644374b7f01503a298d736fa8b	2011-11-17 19:19:24	192	768	1	0	0	0	1	2	5000150000	123.0037	5000150000	123.0037	0	0	0	0	0	0	41.119867818287
153734	49ca7e0fe51b8fab11ef1b153a54927d509d7bac76932968049e3b548e480ace	2011-11-17 19:19:24	979	3916	1	0	0	0	5	2	506000000	12.4476	506000000	12.4476	0	0	0	0	0	0	51.665332175926
153734	945326f08f4469acc34e04be7a24165b3cffd2ac2285407f6b6742a38d140b87	2011-11-17 19:19:24	801	3204	1	0	0	0	4	2	20594948602	506.6357	20594948602	506.6357	0	0	0	0	0	0	0
153734	2b0bdd8a1b248bdf1082e2454e632886f8e9a1d8c91f928447809f056f83bb1c	2011-11-17 19:19:24	258	1032	1	0	0	0	1	2	2561041000	63.0016	2561041000	63.0016	0	0	0	0	0	0	0
153734	c036e3d5d52e7cb1612082619bbefa5b8a30e7fc2368eaf3730e4b669de44c92	2011-11-17 19:19:24	765	3060	1	0	0	0	4	1	859092763	21.1337	858000000	21.1068	1092763	0.0269	1428450	0.0351	357112	0.0088	20.051190632615
153734	8bf96da6d5f56d190e4262540184ce8d768bf49daf60a1c50c4be4181f0cdf60	2011-11-17 19:19:24	797	3188	1	0	0	0	4	2	10121000000	248.9766	10121000000	248.9766	0	0	0	0	0	0	0
153734	288539ff1e53b6982f14ecb3837b2d613374d4c8f5b5d929e15a0b7f9787feb6	2011-11-17 19:19:24	258	1032	1	0	0	0	1	2	4075831043	100.2654	4075831043	100.2654	0	0	0	0	0	0	0
153734	0a7d17dcef151ba1408bdc9b8ec5d0259e10b0e1666d3709932debffa53847b7	2011-11-17 19:19:24	257	1028	1	0	0	0	1	2	3910766593	96.2049	3910766593	96.2049	0	0	0	0	0	0	0
153734	28c336fdf5a5b2eed9c67ec09a8e3e5eee528d3a34bb1e4f3f074f35445971f1	2011-11-17 19:19:24	257	1028	1	0	0	0	1	2	3859644081	94.9472	3859644081	94.9472	0	0	0	0	0	0	0
153734	62715c0ef3f7a651389dd9295bc671dc75129cc6309280083fa51598934bc0fb	2011-11-17 19:19:24	257	1028	1	0	0	0	1	2	3617005369	88.9783	3617005369	88.9783	0	0	0	0	0	0	0
153734	52899752d055cc6f3bcf34f9f92c4c39958ec71ba30cde6f18d2b257f2ac9859	2011-11-17 19:19:24	257	1028	1	0	0	0	1	2	3611359460	88.8394	3611359460	88.8394	0	0	0	0	0	0	0
153734	e63f980a4aa9fc3b9abbf3edfb7c5dcdb6dc238c6997c84171f7e7edde9dcc00	2011-11-17 19:19:24	257	1028	1	0	0	0	1	2	3537976167	87.0342	3537976167	87.0342	0	0	0	0	0	0	0
153734	52b932cf2dd2382e2a4b2f15b958adfa27f3884912b5c14dfad04d0e8d54ad6e	2011-11-17 19:19:24	259	1036	1	0	0	0	1	2	4969324602	122.2454	4969324602	122.2454	0	0	0	0	0	0	0
153734	19096db3470826504b7630e5c59eea8616ee4e4b508dda3ee7e8ac5ab5f3662f	2011-11-17 19:19:24	258	1032	1	0	0	0	1	2	3327212719	81.8494	3327212719	81.8494	0	0	0	0	0	0	0
153734	bb48b2a68a0c2a21ccc735bf8f272d331e5246666aa47657dfbbec4701283d97	2011-11-17 19:19:24	257	1028	1	0	0	0	1	2	3310839408	81.4466	3310839408	81.4466	0	0	0	0	0	0	0
153734	447d7cd901951530d410c0e0b5d1b94e200f9d1e32e557af93d87bcc3ae4e5c6	2011-11-17 19:19:24	258	1032	1	0	0	0	1	2	4806603193	118.2424	4806603193	118.2424	0	0	0	0	0	0	0
153734	40a0a94f73254b951c3e55f68fc9c604482eb12d2935db6cc09c2fbe73fbab78	2011-11-17 19:19:24	258	1032	1	0	0	0	1	2	3279794496	80.6829	3279794496	80.6829	0	0	0	0	0	0	0
153734	107a92e02a0fa8431af488334167e92bbfa21410d102a837c4994b5ffe9adac5	2011-11-17 19:19:24	257	1028	1	0	0	0	1	2	4700335290	115.6283	4700335290	115.6283	0	0	0	0	0	0	0
153734	51d7d39eb8c25457ba8f910fe50b88c82c0bc21679c360de8f05dd29abd5cdb8	2011-11-17 19:19:24	258	1032	1	0	0	0	1	2	3161681124	77.7774	3161681124	77.7774	0	0	0	0	0	0	0
153734	85b27fa3088940e04104fb4e9117b40b83c97bb5993c7d752286eee08494f5ab	2011-11-17 19:19:24	258	1032	1	0	0	0	1	2	3209572795	78.9555	3209572795	78.9555	0	0	0	0	0	0	0
153734	6e07f96541ec4c164ca0f923399c5592a7e565ac3167081b28d40c0f36ea187e	2011-11-17 19:19:24	258	1032	1	0	0	0	1	2	2943833023	72.4183	2943833023	72.4183	0	0	0	0	0	0	0
153734	8c0e40c7a24137d8bd0698fac8b646fad03de95371685af9d0eceeaad5ba3926	2011-11-17 19:19:24	259	1036	1	0	0	0	1	2	2000000000	49.2	2000000000	49.2	0	0	0	0	0	0	0
153734	c2a59654462be5e2dd7b5ba422d7a9977054839e5430234a3ddaa08f6719f5bd	2011-11-17 19:19:24	2929	11716	1	0	0	0	16	1	4948000000	121.7208	4948000000	121.7208	0	0	0	0	0	0	14.826798611111
153734	7e2437a06075e292f278a4f179a4efca8822ae5d30014ce177678d16eb9edd41	2011-11-17 19:19:24	257	1028	1	0	0	0	1	2	150000000	3.69	150000000	3.69	0	0	0	0	0	0	1.8653298611111
153734	38a7bde45ccebdab24ad2005198992ab9b977325a4a78198012421875e88211d	2011-11-17 19:19:24	439	1756	1	0	0	0	2	2	513950000	12.6432	513950000	12.6432	0	0	0	0	0	0	2.2178160243056
153734	a3b4cc6ca64f18fde4fc25382e48aea9a88e085fe31d9d6ae0efc287a1b1158c	2011-11-17 19:19:24	225	900	1	0	0	0	1	1	1260000000	30.996	1259000000	30.9714	1000000	0.0246	4444440	0.1093	1111110	0.0273	0
153734	42d5bfdeeca8d3b74ca28110655304bac70a73aee0b9ce644f97d017817c7685	2011-11-17 19:19:24	259	1036	1	0	0	0	1	2	3005750000	73.9415	3005700000	73.9402	50000	0.0012	193050	0.0047	48262.5	0.0012	0
153734	e60aa91d57dadf988963430bc20054b230f2dab42c857813d21852f114fb1497	2011-11-17 19:19:24	259	1036	1	0	0	0	1	2	3260543902	80.2094	3260543902	80.2094	0	0	0	0	0	0	0
153734	645b7b1e58881df9e84d09d6deb23106dafc6328d555790445bc05e9e688f94f	2011-11-17 19:19:24	258	1032	1	0	0	0	1	2	2916820172	71.7538	2916820172	71.7538	0	0	0	0	0	0	0
153734	0980f055e7de505f07f70bf2671cc0f43eada5bb6b1c3a746248ec7c3e9646e0	2011-11-17 19:19:24	257	1028	1	0	0	0	1	2	344861734	8.4836	344811734	8.4824	50000	0.0012	194553	0.0048	48638.1	0.0012	0
153734	f9359a3a408a149c4084812ee27008b1a08151083bb660e9ed249c8f1d99b357	2011-11-17 19:19:24	1158	4632	1	0	0	0	6	2	70403221	1.7319	70303221	1.7295	100000	0.0025	86355.8	0.0021	21588.9	0.0005	0.29725039213738
153734	58311d591443f5f9baaf7fdc401170b5582da6307addbe0b51f98bb6027896d1	2011-11-17 19:19:24	257	1028	1	0	0	0	1	2	61515766	1.5133	61465766	1.5121	50000	0.0012	194553	0.0048	48638.1	0.0012	0
153734	620ed6318bde982951796bcc3f5484b685d3c3ba289ee4a97a312de7295b9b41	2011-11-17 19:19:24	257	1028	1	0	0	0	1	2	759269949	18.678	759219949	18.6768	50000	0.0012	194553	0.0048	48638.1	0.0012	0
153734	77a05bdcd977880e19ba5dedf43b8563a610be6531a235c844f3c070f406823d	2011-11-17 19:19:24	259	1036	1	0	0	0	1	2	368866155	9.0741	368866155	9.0741	0	0	0	0	0	0	0
153734	26d7f778279dd3a17aad26b41f2cce58e069d90ed5d87b0470c32925c33e0485	2011-11-17 19:19:24	1001	4004	1	0	0	0	4	8	104023825	2.559	103873825	2.5553	150000	0.0037	149850	0.0037	37462.5	0.0009	0.13565774811921
153734	1133f1164e13592443f0253a41c28be4e265a3f7a10afa0c3018f4de34850d28	2011-11-17 19:19:24	259	1036	1	0	0	0	1	2	4674796296	115	4674746296	114.9988	50000	0.0012	193050	0.0047	48262.5	0.0012	0
153734	7b8d18b7bd10f935aa163ccb620ddac6d6231693d8d1120f0dfc941ecf7f9293	2011-11-17 19:19:24	257	1028	1	0	0	0	1	2	2005700000	49.3402	2005650000	49.339	50000	0.0012	194553	0.0048	48638.1	0.0012	0
153734	e57bb5c231e910aa8f87759a166ab9078cf4b0fb63404eac342b9c6e8e8eedc8	2011-11-17 19:19:24	258	1032	1	0	0	0	1	2	109028227	2.6821	108978227	2.6809	50000	0.0012	193798	0.0048	48449.6	0.0012	0
153734	897730a6380f5254e836dd19e6411f46490dba4fe98efb1826ce259786dd92d2	2011-11-17 19:19:24	258	1032	1	0	0	0	1	2	51081188	1.2566	51031188	1.2554	50000	0.0012	193798	0.0048	48449.6	0.0012	0
153734	a67b59e9f9d207a4e771794e0467e7896da2d7dc00738f9b5f5cb99fef8b0f09	2011-11-17 19:19:24	258	1032	1	0	0	0	1	2	3254300153	80.0558	3254250153	80.0546	50000	0.0012	193798	0.0048	48449.6	0.0012	0
153734	40659fccd998a4fd31eaadfd4c3c4c7a6b559ccc210a238791e6b4d5717c3db5	2011-11-17 19:19:24	257	1028	1	0	0	0	1	2	98899759	2.4329	98849759	2.4317	50000	0.0012	194553	0.0048	48638.1	0.0012	0
153734	169dd5392720ce9150d05e676b7603cf74f6a7ad91b9f1e11d6a5e4425b91f67	2011-11-17 19:19:24	258	1032	1	0	0	0	1	2	38900995	0.957	38850995	0.9557	50000	0.0012	193798	0.0048	48449.6	0.0012	0
153734	9ded8eb3922e1d8e128c40184764d7942c6e73caa5f619169f7480c13c1aad39	2011-11-17 19:19:24	258	1032	1	0	0	0	1	2	3151483309	77.5265	3151433309	77.5253	50000	0.0012	193798	0.0048	48449.6	0.0012	0
153734	2a5912bff3872227d4f69addbde47b7cfb4d789de9e6e366688ab1465caed483	2011-11-17 19:19:24	258	1032	1	0	0	0	1	2	85812239	2.111	85762239	2.1098	50000	0.0012	193798	0.0048	48449.6	0.0012	0
153734	8b870b0865daf22e7117e91e8078c51f11d7864c6c0fefe80b1863c95d380172	2011-11-17 19:19:24	257	1028	1	0	0	0	1	2	20777065	0.5111	20727065	0.5099	50000	0.0012	194553	0.0048	48638.1	0.0012	0
153734	3f148ec914e8de275b0a385642b02f5831c745aa5e0aa276638f67791ac44501	2011-11-17 19:19:24	257	1028	1	0	0	0	1	2	2797733893	68.8243	2797683893	68.823	50000	0.0012	194553	0.0048	48638.1	0.0012	0
153734	73fe076bafe4edbb9954cd5e300f0098f2e5dfe77b9d79889153a11b9e4ace44	2011-11-17 19:19:24	259	1036	1	0	0	0	1	2	67652215	1.6642	67602215	1.663	50000	0.0012	193050	0.0047	48262.5	0.0012	0
153734	16eed7730565b3cb92a4eb6ddeb1267d2769374621551f333a58e02e836ecc76	2011-11-17 19:19:24	258	1032	1	0	0	0	1	2	1240989925	30.5284	1240939925	30.5271	50000	0.0012	193798	0.0048	48449.6	0.0012	0
153734	ac8cf242e19b43f2b2c6a404a0f5bd330dbf33f0834c688c737c6632cd5d0dbd	2011-11-17 19:19:24	437	1748	1	0	0	0	2	2	49923326	1.2281	49873326	1.2269	50000	0.0012	114416	0.0028	28604.1	0.0007	0
153734	aabbe39eb92a6cbcb01a2571eb46bdc47f2ec59b6db2bf064d8a2412fd8aaac2	2011-11-17 19:19:24	259	1036	1	0	0	0	1	2	1093078594	26.8897	1093028594	26.8885	50000	0.0012	193050	0.0047	48262.5	0.0012	0
153734	d5f610f498a98ad33352417ac804a85bf45b6bf682e6b7fd9bd615dad7d08565	2011-11-17 19:19:24	257	1028	1	0	0	0	1	2	823166009	20.2499	823116009	20.2487	50000	0.0012	194553	0.0048	48638.1	0.0012	0
153734	c8996899b8ccf1d32ff3483f5be84c7785d1e968a14a5b73f48c082a5de4691a	2011-11-17 19:19:24	258	1032	1	0	0	0	1	2	708588328	17.4313	708538328	17.43	50000	0.0012	193798	0.0048	48449.6	0.0012	0
153735	a1cb2d4c9cce70bb59a691fa22b3ec99558dfbe4b093cb966a7a161121cbcc63	2011-11-17 19:21:24	134	536	1	0	1	0	1	1	0	0	5001100000	123.0271	0	0	0	0	0	0	0
153735	5819bcd53c30650d207ded5085ffab04df4e7a7edb8e8662c1c1f55f06e75c60	2011-11-17 19:21:24	224	896	1	0	0	0	1	1	2798000000	68.8308	2797000000	68.8062	1000000	0.0246	4464290	0.1098	1116070	0.0275	0
153735	f8613a09076697cae18924dd905184739b6e65459b99b3acb53707e70b8701e9	2011-11-17 19:21:24	258	1032	1	0	0	0	1	2	137273541	3.3769	137173541	3.3745	100000	0.0025	387597	0.0095	96899.2	0.0024	0
153736	fc41d35aa483e2b0050d70ee439f9eecb04731305c3629d8ca9e3419ec0f90a4	2011-11-17 19:59:05	136	544	1	0	1	0	1	1	0	0	5007550000	123.1857	0	0	0	0	0	0	0
153736	630e474e90ff1e0626a8f26dbdaee3971a29512cac9799c4bca6817670497e3e	2011-11-17 19:59:05	257	1028	1	0	0	0	1	2	15939597000	392.1141	15939597000	392.1141	0	0	0	0	0	0	1640.1236508948
153736	618c801bbe8133a89abf38429a209f20c1f6e0745b422be7f8efb228d58b9f6e	2011-11-17 19:59:05	259	1036	1	0	0	0	1	2	54784953461	1347.7098	54784953461	1347.7098	0	0	0	0	0	0	1304.363797055
153736	ae61dcc7b9714394a6b7e299cb3a1343215f798064e634bb26cfc45daeb724a3	2011-11-17 19:59:05	439	1756	1	0	0	0	2	2	785228209011	19316.6133	785228209011	19316.6133	0	0	0	0	0	0	0
153736	d93abfac4053974375fc7251cebf296c3bff6b5e2273ee043c27a03954828407	2011-11-17 19:59:05	258	1032	1	0	0	0	1	2	500000000	12.3	500000000	12.3	0	0	0	0	0	0	690.44976851852
153736	552604b52da5b8363a93c27ad9ccb9cdeda46f3bfadff945bbfd39a634db4805	2011-11-17 19:59:05	224	896	1	0	0	0	1	1	1000000000	24.6	1000000000	24.6	0	0	0	0	0	0	587.30034722222
153736	2e91476cd135d22bb1341408501f6c6d060a2c61511712159ef609233504e7c1	2011-11-17 19:59:05	258	1032	1	0	0	0	1	2	698000000	17.1708	698000000	17.1708	0	0	0	0	0	0	539.16840347222
153736	5dc3eb88ad65fb4b99335d416727d8090fbe7fc832c1a451a2baf263611f8b6a	2011-11-17 19:59:05	257	1028	1	0	0	0	1	2	5061765142	124.5194	5061465142	124.512	300000	0.0074	1167320	0.0287	291829	0.0072	444.36615178024
153736	914cc94dc6dee96c201ecc626a7a57f0a3982cba827d017dca18e77ae3f13336	2011-11-17 19:59:05	798	3192	1	0	0	0	4	2	840547294566	20677.4629	840547294566	20677.4629	0	0	0	0	0	0	0.06621875
153736	e0fa9f728b41e95b85090d8973b3641db840f4ff11718344f00fe706423105b0	2011-11-17 19:59:05	259	1036	1	0	0	0	1	2	500000000	12.3	500000000	12.3	0	0	0	0	0	0	340.15532407407
153736	5a9152866d4ca2c760121f387f254f23c0a1267e13a86759638d27b1b9534848	2011-11-17 19:59:05	258	1032	1	0	0	0	1	2	5128444000	126.1597	5127444000	126.1351	1000000	0.0246	3875970	0.0953	968992	0.0238	217.83125246991
153736	e2bd3cde80d3888f25de07ac13757417f9140511712b17ba11cb12846130d4ef	2011-11-17 19:59:05	258	1032	1	0	0	0	1	2	2676758099	65.8483	2676758099	65.8483	0	0	0	0	0	0	208.49498092485
153736	c2e4b3b2ad262deefa51bc5e17f124d72691d1655bde3bc6228c200501ddb48d	2011-11-17 19:59:05	620	2480	1	0	0	0	3	2	43601343119	1072.593	43601343119	1072.593	0	0	0	0	0	0	394.45375
153736	03891bfd80858b5c72f0517768d983af935043e66f2bf1873aa8f05a6da5f0cc	2011-11-17 19:59:05	619	2476	1	0	0	0	3	2	3169326300	77.9654	3169326300	77.9654	0	0	0	0	0	0	301.78519766192
153736	81fe98315f209e713a4be2121ca599231ff154f5d8d2bbc67dfe6a4fa8407177	2011-11-17 19:59:05	258	1032	1	0	0	0	1	2	30000000000	738	30000000000	738	0	0	0	0	0	0	0
153736	5a7db91084ecc170a6c07a176cbaf6d987e000e8036b704638ba0f126a3896a6	2011-11-17 19:59:05	258	1032	1	0	0	0	1	2	60417000000	1486.2582	60416000000	1486.2336	1000000	0.0246	3875970	0.0953	968992	0.0238	0
153736	4afc9e2341d8eeb09eb596e7c73ee4e1edb0cd60b9b1cd22722cd030b681d504	2011-11-17 19:59:05	259	1036	1	0	0	0	1	2	5000250000	123.0061	5000250000	123.0061	0	0	0	0	0	0	59.818384288194
153736	404744ea03ce727ca27f0350ff9d8dd635211dd29d307a504d7c54f6762915e1	2011-11-17 19:59:05	158	632	1	0	0	0	1	1	5001200000	123.0295	5001200000	123.0295	0	0	0	0	0	0	32.919935925926
153736	8af648eca256c88282f2e82bb947f4256c4acdb268a73124f973b589ed94425b	2011-11-17 19:59:05	158	632	1	0	0	0	1	1	5000200000	123.0049	5000200000	123.0049	0	0	0	0	0	0	32.711956574074
153736	2cd3a3ae3906e1908f4a837f3da231b2642b9e162fea3cb906396705e34ffa3f	2011-11-17 19:59:05	1662	6648	1	0	0	0	9	1	2000000000	49.2	2000000000	49.2	0	0	0	0	0	0	376.06469216943
153736	45500cfd143e5d852d06ec1f282a1bb5f7ffe4fe836f188a36b44d853a4f8330	2011-11-17 19:59:05	258	1032	1	0	0	0	1	2	30000000000	738	30000000000	738	0	0	0	0	0	0	0
153736	86c6f07caec90b5db5f900df57dec66e0a746909967746ab500b87acff2df339	2011-11-17 19:59:05	258	1032	1	0	0	0	1	2	5000150000	123.0037	5000150000	123.0037	0	0	0	0	0	0	47.874700086806
153736	e46909acc85d0de2d26dd170380270c7cd0309598d44432134de2a6f466a784c	2011-11-17 19:59:05	406	1624	1	0	0	0	2	1	27960000000	687.816	27960000000	687.816	0	0	0	0	0	0	66.130066087963
153736	a57b4760df297f2a4b9b5ac2f19f44979da522b8cd66c12d947abef23fe9de4f	2011-11-17 19:59:05	259	1036	1	0	0	0	1	2	1580000000	38.868	1580000000	38.868	0	0	0	0	0	0	39.542791666667
153736	56dbbbd29bc9c73d821a21b6ce7e112404ca9d6be52cfadcada73f20a5d3443f	2011-11-17 19:59:05	258	1032	1	0	0	0	1	2	1122124870	27.6043	1122074870	27.603	50000	0.0012	193798	0.0048	48449.6	0.0012	35.967089221464
153736	6b4b3be19275d0b4e5dcd71c3c8cb7a9f6c5b7893f535e243fd2ea671c9046ae	2011-11-17 19:59:05	259	1036	1	0	0	0	1	2	100000000	2.46	100000000	2.46	0	0	0	0	0	0	36.35837962963
153736	645443bfaa80d6aae1443803e97c52d19b4502ad4e3cef471aac73d50d97ad51	2011-11-17 19:59:05	259	1036	1	0	0	0	1	2	50000000000	1230	50000000000	1230	0	0	0	0	0	0	0
153736	5b37625f24bbd65f070ccae0cc07f156a8d41d36a34df22ad332224222363dcf	2011-11-17 19:59:05	258	1032	1	0	0	0	1	2	195000000	4.797	195000000	4.797	0	0	0	0	0	0	24.124208333333
153736	2623ec7da70419874658f90600da8f808e3712ac759b7a62e2a5fcfc1d7babbb	2011-11-17 19:59:05	258	1032	1	0	0	0	1	2	2622000000	64.5012	2622000000	64.5012	0	0	0	0	0	0	22.630834027778
153736	b6e85d2b0b651fdea177048af2b726f9d6b4fa73546ada040bb9377f8b737d71	2011-11-17 19:59:05	257	1028	1	0	0	0	1	2	10838340000	266.6232	10838340000	266.6232	0	0	0	0	0	0	0
153736	695385ac2d897decb1b37dd15cb47898d301d860edadc5f4e87dd0719c89316f	2011-11-17 19:59:05	1518	6072	1	0	0	0	8	2	301050598	7.4058	301050598	7.4058	0	0	0	0	0	0	123.67992104762
153736	45372cf038ada55dcb2b586798b79135cce58b19dc3f19f5e476b5915f541a71	2011-11-17 19:59:05	796	3184	1	0	0	0	4	2	2019500000	49.6797	2019500000	49.6797	0	0	0	0	0	0	57.832453391204
153736	380d7fc7152b504acac30b1b137287192b438c0ba36e852a35b1622f0b6a5c6a	2011-11-17 19:59:05	259	1036	1	0	0	0	1	2	12953767446	318.6627	12953767446	318.6627	0	0	0	0	0	0	0
153736	1c87795836a7bd3f997f6523db5132316e8cb37558a3251b29e5c2d1d97b6d54	2011-11-17 19:59:05	981	3924	1	0	0	0	5	2	502800000	12.3689	502800000	12.3689	0	0	0	0	0	0	67.043818258102
153736	d6db3b8271ce0e88b70d5d011eb3f0fe6d1868a79a55ec908f523e2dfd69a9c7	2011-11-17 19:59:05	259	1036	1	0	0	0	1	2	46443655	1.1425	46443655	1.1425	0	0	0	0	0	0	18.153050849899
153736	a526eb5808863d347925d6bf5655b082f18a399f232754a3af7d59fa342edcd3	2011-11-17 19:59:05	258	1032	1	0	0	0	1	2	11000000000	270.6	11000000000	270.6	0	0	0	0	0	0	0
153736	f6c1860985d0e84ff5b6b5d848a18a692c9f5c45a2ad3d87292aecafa44a98c0	2011-11-17 19:59:05	259	1036	1	0	0	0	1	2	7000000000	172.2	7000000000	172.2	0	0	0	0	0	0	0
153736	c8416de98538c1385079fb0d4bd9d0b9ba829ab168c7eef704b300696130417d	2011-11-17 19:59:05	257	1028	1	0	0	0	1	2	9000000000	221.4	9000000000	221.4	0	0	0	0	0	0	0
153736	d068f88705a8430470b6f92cb233b355467fa37bdc7c61a3ea916956a315a05d	2011-11-17 19:59:05	258	1032	1	0	0	0	1	2	6775950000	166.6884	6775950000	166.6884	0	0	0	0	0	0	0
153736	11d9a2c58889e25fd0d65a1f23987971ebb2f3003e4fc060047d4ffcc4fa743a	2011-11-17 19:59:05	795	3180	1	0	0	0	4	2	8017223441	197.2237	8017223441	197.2237	0	0	0	0	0	0	6.8077875
153736	a21cb68151732d665dfbaae7c5fbd45f825a7568777016781d04e49e26cd6932	2011-11-17 19:59:05	438	1752	1	0	0	0	2	2	117010298	2.8785	117010298	2.8785	0	0	0	0	0	0	14.193032442389
153736	4b963478312bb3624e816d2ede1ed9055a38eb18e2cb9a8fc59213a075c83c0b	2011-11-17 19:59:05	258	1032	1	0	0	0	1	2	4939158862	121.5033	4939158862	121.5033	0	0	0	0	0	0	0
153736	0b357ad6dcbceb9992df3946864aee90062bedcf9020d0aa6ce9251999d1cc61	2011-11-17 19:59:05	795	3180	1	0	0	0	4	2	61214603	1.5059	61214603	1.5059	0	0	0	0	0	0	23.488350643173
153736	ee2b7523f9856ed2773b9eef823ed81519b57f2371dc116658f1d72cd71b8a0f	2011-11-17 19:59:05	799	3196	1	0	0	0	4	2	10531171673	259.0668	10531171673	259.0668	0	0	0	0	0	0	0
153736	e6ec7744ff53009f34570fbf2d7cc31837c2066b6cb200b1be40c519b48b23e4	2011-11-17 19:59:05	438	1752	1	0	0	0	2	2	4606124600	113.3107	4606124600	113.3107	0	0	0	0	0	0	0
153736	f31633277bb0dc249bd0039dc954d27a39db27fb50d64bd5cd7d38a85f22a4b9	2011-11-17 19:59:05	436	1744	1	0	0	0	2	2	5167000000	127.1082	5167000000	127.1082	0	0	0	0	0	0	0
153736	c799b6ec3bf448a1b8a53f68878177040024ed869217fa2c66cc8c3f24cd2080	2011-11-17 19:59:05	405	1620	1	0	0	0	2	1	3000000000	73.8	3000000000	73.8	0	0	0	0	0	0	0
153736	b092fb79b8d4a291184bece6301f839d250231043117916300a0279bd02da543	2011-11-17 19:59:05	1701	6804	1	0	0	0	9	2	8026000000	197.4396	8024000000	197.3904	2000000	0.0492	1175780	0.0289	293945	0.0072	20.289248148148
153736	581ffd1759643335ca8cea5fb5c61355eed5c407dd7493a4b182fdf66502efa8	2011-11-17 19:59:05	404	1616	1	0	0	0	2	1	233000000	5.7318	232950000	5.7306	50000	0.0012	123762	0.003	30940.6	0.0008	6.4476805555556
153736	dcbbf78cba72faa32329e17620196ff8a5719045b6df2028d96ccfcb99340ca0	2011-11-17 19:59:05	257	1028	1	0	0	0	1	2	2515000000	61.869	2515000000	61.869	0	0	0	0	0	0	0
153736	f32a700ef8b01f32210dc21518463b6b4ceae69698945ae509d27084729d9d7f	2011-11-17 19:59:05	3499	13996	1	0	0	0	19	2	2532362014	62.2961	2532312014	62.2949	50000	0.0012	14289.8	0.0004	3572.45	0.0001	39.955579370347
153736	3d7d851378ee81afa5f99ba24439c97edccd73f0bbf7c5158bdb5e2a691bd869	2011-11-17 19:59:05	257	1028	1	0	0	0	1	2	3192577729	78.5374	3192577729	78.5374	0	0	0	0	0	0	0
153736	bd348d9f847a7a015f47a013d8eb33f4a0a6ea5446cbf1af08e361ce668b31c5	2011-11-17 19:59:05	257	1028	1	0	0	0	1	2	1250000000	30.75	1250000000	30.75	0	0	0	0	0	0	0
153736	8ac9648f44cddfafbce478fec6fc448a8eef219431d7a703bfa13b0c6a22153d	2011-11-17 19:59:05	257	1028	1	0	0	0	1	2	3143000000	77.3178	3142950000	77.3166	50000	0.0012	194553	0.0048	48638.1	0.0012	0
153736	5e4787abaa8fe2bd0b4875114a84ca51a2d0bd00ce9ea2c278dd2cf9253c11c7	2011-11-17 19:59:05	258	1032	1	0	0	0	1	2	1381881596	33.9943	1381781596	33.9918	100000	0.0025	387597	0.0095	96899.2	0.0024	0
153736	e9ddfc447ea4f1832adc18356a133548b768172cc6142eee61d88aaa4119fbf5	2011-11-17 19:59:05	259	1036	1	0	0	0	1	2	3849200000	94.6903	3849150000	94.6891	50000	0.0012	193050	0.0047	48262.5	0.0012	0
153736	994294f01ac085737c4c16ebe646ad0d2894cc5dc134e94234d2d3529730cfe8	2011-11-17 19:59:05	257	1028	1	0	0	0	1	2	873600000	21.4906	873500000	21.4881	100000	0.0025	389105	0.0096	97276.3	0.0024	0
153736	ec40362f0046694c1f73f369b18dabee601f22601684697cfcd8ef5bd73b0d2f	2011-11-17 19:59:05	619	2476	1	0	0	0	3	2	1246849000	30.6725	1246799000	30.6713	50000	0.0012	80775.4	0.002	20193.9	0.0005	0
153736	7a692c2d2c0f33a5d4fe3db9b4acb4ea1c94965586329157975efd0142a38e2a	2011-11-17 19:59:05	1157	4628	1	0	0	0	6	2	804078690	19.7803	802078690	19.7311	2000000	0.0492	1728610	0.0425	432152	0.0106	0.17272630666794
153736	f363a0b293482f40fcf33fc41a915407fbb63092894544811993bd223646fa4c	2011-11-17 19:59:05	1338	5352	1	0	0	0	7	2	1300149573	31.9837	1300049573	31.9812	100000	0.0025	74738.4	0.0018	18684.6	0.0005	0.00045532407407407
153736	d7b5f1b3a6c2ef8baa4c0b5b3a009a74416889e5a800d360627d373cdf35ffad	2011-11-17 19:59:05	617	2468	1	0	0	0	3	2	49803347	1.2252	49753347	1.2239	50000	0.0012	81037.3	0.002	20259.3	0.0005	0.36712688315903
153736	dcb2ba183b085020e2a99a18bfb3a767b4278295dc2ec6dd0648064a659ebf4f	2011-11-17 19:59:05	258	1032	1	0	0	0	1	2	4729987	0.1164	4679987	0.1151	50000	0.0012	193798	0.0048	48449.6	0.0012	0.19565284652269
153736	22a21d6c889b95468789088cd3c596920b13a6a7f168ed52df7a85d0aff04646	2011-11-17 19:59:05	439	1756	1	0	0	0	2	2	439470000	10.811	439420000	10.8097	50000	0.0012	113895	0.0028	28473.8	0.0007	0
153736	a134c15b43684d1ff7a3b122e4dca6c0ccc33554b6b4c69fda379c0ac8d3cb64	2011-11-17 19:59:05	258	1032	1	0	0	0	1	2	1005650000	24.739	1005600000	24.7378	50000	0.0012	193798	0.0048	48449.6	0.0012	0
153736	50dc6d98070f31bdab3a9aeb5ad30873641c8ecbf39fc4804d6aefd3a2f852e5	2011-11-17 19:59:05	258	1032	1	0	0	0	1	2	603175023	14.8381	603125023	14.8369	50000	0.0012	193798	0.0048	48449.6	0.0012	0
153736	1fa1895eeab4ea7011c0ab75422ec290343328047631a19bf83133dbd1d1de26	2011-11-17 19:59:05	257	1028	1	0	0	0	1	2	718471764	17.6744	718421764	17.6732	50000	0.0012	194553	0.0048	48638.1	0.0012	0
153736	2ce5793681698e40129a8256ce9c51743e255cad23ec3d6acf56d81dd29a9afc	2011-11-17 19:59:05	439	1756	1	0	0	0	2	2	177369600	4.3633	177319600	4.3621	50000	0.0012	113895	0.0028	28473.8	0.0007	0
153736	cec6929289182f45fa40b8b99c93a81db11c21a552ce90810c95066445280513	2011-11-17 19:59:05	224	896	1	0	0	0	1	1	3000000	0.0738	2950000	0.0726	50000	0.0012	223214	0.0055	55803.6	0.0014	0
153736	12bcabdd985f7eb90d1d33f0aebc4564fb6f8bf94b2e53c5c1f97c5fd359df7e	2011-11-17 19:59:05	438	1752	1	0	0	0	2	2	1700000	0.0418	1650000	0.0406	50000	0.0012	114155	0.0028	28538.8	0.0007	0.0057244444444444
153736	87d0c645ad8807e775f7586fcc15702799bad49c84c6c96acb589f8aed001ba8	2011-11-17 19:59:05	257	1028	1	0	0	0	1	2	1055215532	25.9583	1055165532	25.9571	50000	0.0012	194553	0.0048	48638.1	0.0012	0
153736	94bf2b804db2423a4754054bf6da7377ad2f0d6da547028bd002ac1f0c923b2c	2011-11-17 19:59:05	258	1032	1	0	0	0	1	2	3848650000	94.6768	3848600000	94.6756	50000	0.0012	193798	0.0048	48449.6	0.0012	0
153736	7c467e71e8053d07879acaa7447660c604de46e6af751cc0552573d59d4a6b54	2011-11-17 19:59:05	259	1036	1	0	0	0	1	2	3848100000	94.6633	3848050000	94.662	50000	0.0012	193050	0.0047	48262.5	0.0012	0
153736	b133757915a38e192974b28512e9c0ff3f46292199ad61cb450dad2b40580db4	2011-11-17 19:59:05	258	1032	1	0	0	0	1	2	3847550000	94.6497	3847500000	94.6485	50000	0.0012	193798	0.0048	48449.6	0.0012	0
153737	b945a30841021feb3aeb70557f8efbbca9d993dff194468b6fdf1db943cced5c	2011-11-17 20:49:08	182	728	1	0	1	0	1	1	0	0	5005222201	123.1285	0	0	0	0	0	0	0
153737	48290cd63215aa510cb12acabd322ff3e5b1e43d22b64092e7162629424c2866	2011-11-17 20:49:08	224	896	1	0	0	0	1	1	40000000000	984	40000000000	984	0	0	0	0	0	0	26722.574074074
153737	c5816501d91a1654698db49baefb4d2026d8086e058e6a504bb6387ae32a15f0	2011-11-17 20:49:08	1880	7520	1	0	0	0	10	2	50003600000	1230.0886	50003600000	1230.0886	0	0	0	0	0	0	23557.258555266
153737	ab5a3f0f6a51cb371d1fb19b5f11ea8e7230256a332dcf91d42406982a09a7fb	2011-11-17 20:49:08	258	1032	1	0	0	0	1	2	25028956800	615.7123	25028956800	615.7123	0	0	0	0	0	0	1281.72882211
153737	4356daddedfd4a1ac02d26c6ad51afd0ffac7e595bdee4581bb2ba8113337958	2011-11-17 20:49:08	259	1036	1	0	0	0	1	2	1689750000	41.5679	1689750000	41.5679	0	0	0	0	0	0	960.12787994792
153737	45de8d5d1777d2ac67bd7fcb622222e2f4b6f058e51bdb93704dbfab66a9ab0a	2011-11-17 20:49:08	258	1032	1	0	0	0	1	2	500000000	12.3	500000000	12.3	0	0	0	0	0	0	575.61122685185
153737	d3d23e7bd97754c22b5313d8deb5ba9b5eee9e92bc262959e149b68791b55858	2011-11-17 20:49:08	257	1028	1	0	0	0	1	2	1031450000	25.3737	1031449999	25.3737	1	0	3.89105	0	0.972763	0	595.60865364583
153737	9b12c9edfd7b43940ea44ca0481e55ccb568f47b681bd069c5d14b89a0cacbc3	2011-11-17 20:49:08	258	1032	1	0	0	0	1	2	30000030000	738.0007	30000030000	738.0007	0	0	0	0	0	0	265.83707139236
153737	4839fe5a7bd3fc020064a4a8a19af1c6b6e1fae1496bc52a431db889991bc0bd	2011-11-17 20:49:08	258	1032	1	0	0	0	1	2	20402000000	501.8892	20402000000	501.8892	0	0	0	0	0	0	266.42320069444
153737	13bbf3a1d9fa45b662fd93b1b976b03230d086d62e51d25fcbd1e070ce86d7a3	2011-11-17 20:49:08	798	3192	1	0	0	0	4	2	674370554073	16589.5156	674370554073	16589.5156	0	0	0	0	0	0	0.71754409722222
153737	65fcc66ad6639036859315ffc035f13bffe88242ec7af09446695f1f49f1793d	2011-11-17 20:49:08	257	1028	1	0	0	0	1	2	30000040000	738.001	30000040000	738.001	0	0	0	0	0	0	226.91349699537
153737	1d22f96b20a1c4c12f1eb798dac2a602a39b5275f81447744a33abd0705b2465	2011-11-17 20:49:08	258	1032	1	0	0	0	1	2	20000000000	492	20000000000	492	0	0	0	0	0	0	223.31018518519
153737	f41ffa1239cfdfab54fbc0fe3528122f729637361b6040792017b714eb8c41c9	2011-11-17 20:49:08	259	1036	1	0	0	0	1	2	30000050000	738.0012	30000050000	738.0012	0	0	0	0	0	0	199.07324845486
153737	1e24c4df5cbfa61e7124a5e1da7a4c875c428b99b8012a99a5c3fc3d87dae817	2011-11-17 20:49:08	258	1032	1	0	0	0	1	2	500000000	12.3	500000000	12.3	0	0	0	0	0	0	169.12019675926
153737	e4276e01be912b8e0c94517cf2d0c5775d8e70de2858ea505b40b5ac8f1854c1	2011-11-17 20:49:08	258	1032	1	0	0	0	1	2	14500000000	356.7	14500000000	356.7	0	0	0	0	0	0	153.43148148148
153737	10b7da7a52c488322c81ffdeb6c13d7cc50d3e3a7dbf0e21f797a70ea156c963	2011-11-17 20:49:08	619	2476	1	0	0	0	3	2	939064700	23.101	939014700	23.0998	50000	0.0012	80775.4	0.002	20193.9	0.0005	368.67791666667
153737	6e66ab5fdee4062e9d6869cc1c2a2780248b0baee6e86107c81fbbcd6da33d03	2011-11-17 20:49:08	258	1032	1	0	0	0	1	2	103606588212	2548.7222	103606588212	2548.7222	0	0	0	0	0	0	0
153737	397dc64914878978411ce860bd1a83a2133d8db71f2d4e4a1445324e903bbe4b	2011-11-17 20:49:08	224	896	1	0	0	0	1	1	1640760000	40.3627	1640760000	40.3627	0	0	0	0	0	0	117.47423813889
153737	5b22067f0675728b32e0914f29ab4a00d8212e18e025dea05f803290de0648a4	2011-11-17 20:49:08	617	2468	1	0	0	0	3	2	5089000000	125.1894	5088000000	125.1648	1000000	0.0246	1620750	0.0399	405186	0.01	255.39969375
153737	f829b28700f9efa9aa6450bf2c8d3bde3fd7d80ce69812930a47a114191fc594	2011-11-17 20:49:08	258	1032	1	0	0	0	1	2	1583333000	38.95	1583333000	38.95	0	0	0	0	0	0	88.512163078819
153737	2e41514176fa2633fde24ecd0ee4d13fa032c0ded18123644ddb59039ba343a7	2011-11-17 20:49:08	258	1032	1	0	0	0	1	2	3377000000	83.0742	3377000000	83.0742	0	0	0	0	0	0	61.17920162037
153737	b650bd00c110ec58c1aca7b04442286e29f7aa336a0c636dcc9101a869d62395	2011-11-17 20:49:08	192	768	1	0	0	0	1	2	5001550000	123.0381	5001550000	123.0381	0	0	0	0	0	0	32.583014270833
153737	551ce6095fd24f0e27139d90b57b3d3f4b7173b2ea66ec754538ae1d9fc8978c	2011-11-17 20:49:08	258	1032	1	0	0	0	1	2	9100000000	223.86	9100000000	223.86	0	0	0	0	0	0	0
153737	79a71c5b3755b4cfdd0bd9b61e85b64f09dcc1a34c55a201bacbcf77fdd08dfd	2011-11-17 20:49:08	438	1752	1	0	0	0	2	2	50500000000	1242.3	50500000000	1242.3	0	0	0	0	0	0	0
153737	89ed8d9e771571246cb16aef2c3256eef61bb6e0a548f7a4c36f5351a62a0152	2011-11-17 20:49:08	259	1036	1	0	0	0	1	2	9954000000	244.8684	9954000000	244.8684	0	0	0	0	0	0	0
153737	e9bccd1977a333575bb0298a1f51ad09081115d8dcc65ee91feb6f2215aa963d	2011-11-17 20:49:08	257	1028	1	0	0	0	1	2	6900000000	169.74	6899000000	169.7154	1000000	0.0246	3891050	0.0957	972763	0.0239	0
153737	0690a4ce02c354b01380a00d6479228a3dfaf97208710bbbc28b1814c1581ce0	2011-11-17 20:49:08	258	1032	1	0	0	0	1	2	16001923000	393.6473	16001923000	393.6473	0	0	0	0	0	0	0
153737	968e7a137b0d10f83e58d758713b03d42cfd36933a06ae6960d301eef1120547	2011-11-17 20:49:08	796	3184	1	0	0	0	4	2	47009116575	1156.4243	47009116575	1156.4243	0	0	0	0	0	0	0
153737	2fbc7b11bd150c8ec4843eae0ad2b9ee82057bc563342e12d5d69870ed6f2da1	2011-11-17 20:49:08	405	1620	1	0	0	0	2	1	8637450000	212.4813	8637440000	212.481	10000	0.0002	24691.4	0.0006	6172.84	0.0002	0
153737	d4b5effb8dbe0adcaa37ca1c0343093c68a536eae5e332bc7b7ed44962e9d81b	2011-11-17 20:49:08	258	1032	1	0	0	0	1	2	14098509230	346.8233	14098509230	346.8233	0	0	0	0	0	0	0
153737	c48c2c196b89d9366da3c685ec7f0c40a1f895e0732754412b13c62131b519e1	2011-11-17 20:49:08	2237	8948	1	0	0	0	12	2	181260587	4.459	181260587	4.459	0	0	0	0	0	0	154.59594086289
153737	36197c00cf8cf9a84878d16cd0166b73a88d97d0a8e1b17f04bde9c7a3122836	2011-11-17 20:49:08	797	3188	1	0	0	0	4	2	1501005633	36.9247	1501005633	36.9247	0	0	0	0	0	0	54.114965063127
153737	73a2b0c8a96ba594f27ec9d972bb0e7199403cb36babd44edc379d23473025b8	2011-11-17 20:49:08	799	3196	1	0	0	0	4	2	66304513660	1631.0911	66304513660	1631.0911	0	0	0	0	0	0	9.0896397098046
153737	461d5443f3c10a3114c70d6279ab453bb527d999af864c55b54fcc6a0c83a5cf	2011-11-17 20:49:08	257	1028	1	0	0	0	1	2	11599863040	285.3566	11599863040	285.3566	0	0	0	0	0	0	0
153737	292fcb97507adfe4f1a9df93b1b6e4dd9657075f354b989cccd9c296ce59b429	2011-11-17 20:49:08	257	1028	1	0	0	0	1	2	10000000000	246	10000000000	246	0	0	0	0	0	0	0
153737	278e2cd03fb4d3af2cf157592ac6079744f810be40b805384c9ce1c383bf0b52	2011-11-17 20:49:08	258	1032	1	0	0	0	1	2	9102000000	223.9092	9102000000	223.9092	0	0	0	0	0	0	0
153737	f94af9b41facad052750fcb3f9a168e6d3c8765dab3426427c3aa6dc51f4ba57	2011-11-17 20:49:08	259	1036	1	0	0	0	1	2	8702000000	214.0692	8702000000	214.0692	0	0	0	0	0	0	0
153737	aaf831d5dcbd06c8761e37dbc5a5a3b2a4eebf79013c1fc657c131630534177f	2011-11-17 20:49:08	258	1032	1	0	0	0	1	2	22463352466	552.5984	22463352466	552.5984	0	0	0	0	0	0	0
153737	f295747b91552774ac63c24353b8cb28ae6a13cbbff78d3fdd431a7ce13ba7fa	2011-11-17 20:49:08	259	1036	1	0	0	0	1	2	5000000000	123	5000000000	123	0	0	0	0	0	0	0
153737	9912cd9b723c142431fd1905e1d3d70adb59d31a5434b91a4f0be710627c9247	2011-11-17 20:49:08	943	3772	1	0	0	0	5	1	37888771	0.9321	37888771	0.9321	0	0	0	0	0	0	39.156277604716
153737	5b73c133f32d031231ad969e5afbeeb81d3d3de06906ff4a945e5212b3320b2f	2011-11-17 20:49:08	259	1036	1	0	0	0	1	2	7202000000	177.1692	7202000000	177.1692	0	0	0	0	0	0	0
153737	6de5e1a019c69e620ba5cb87d7fa2a79b61bc0084ca3405accf4d26b599c501e	2011-11-17 20:49:08	440	1760	1	0	0	0	2	2	1842978310	45.3373	1842978310	45.3373	0	0	0	0	0	0	12.431033410571
153737	13dcf54938491933360fb6b3999dc079fd1cc96c58a63396ae72e4b3aebab2d5	2011-11-17 20:49:08	438	1752	1	0	0	0	2	2	893663200	21.9841	893663200	21.9841	0	0	0	0	0	0	13.549722222222
153737	63252f6599388fe2939273647544224060bc3946686084126a9a1c48f4bfe5b7	2011-11-17 20:49:08	798	3192	1	0	0	0	4	2	22162339076	545.1935	22162339076	545.1935	0	0	0	0	0	0	0.35039246707917
153737	11fa684e024bbf69ff59bbe50d6d0854da68ad50cad1e083f2bb0d0224530680	2011-11-17 20:49:08	1154	4616	1	0	0	0	6	2	52100800000	1281.6797	52100750000	1281.6785	50000	0.0012	43327.6	0.0011	10831.9	0.0003	0.51387267939815
153737	ad81f945d16363e5f950a01d9ec3fab52dca4de3287620006d9c7bb36ef409fb	2011-11-17 20:49:08	258	1032	1	0	0	0	1	2	550000000	13.53	550000000	13.53	0	0	0	0	0	0	6.4090277777777995
153737	e905f8d8299c7540d8664b05aecf7b0db6979c5469a5474673b47fdaff8d2fb2	2011-11-17 20:49:08	438	1752	1	0	0	0	2	2	19224000000	472.9104	19224000000	472.9104	0	0	0	0	0	0	0
153737	a4f1063071d54267cb5c9e3e2fecfafa40ba92e10a7719f4963f471a1be4f939	2011-11-17 20:49:08	258	1032	1	0	0	0	1	2	14703900000	361.7159	14703900000	361.7159	0	0	0	0	0	0	0
153737	9ab401673c6eab5199bb971e2256a25c532cd3cac8d313c4eb16e750bacbe9b3	2011-11-17 20:49:08	438	1752	1	0	0	0	2	2	1094646800	26.9283	1094646800	26.9283	0	0	0	0	0	0	10.399189814815
153737	5859e7bb11978abc8f746731ad156d63dd0de8bcdac6db0dcb71a2476c17fc46	2011-11-17 20:49:08	798	3192	1	0	0	0	4	2	14249396155	350.5352	14249396155	350.5352	0	0	0	0	0	0	0
153737	f53ac7f11f156c03da64479f05fb820c19f27a945f1f6013f0e444ee79380626	2011-11-17 20:49:08	258	1032	1	0	0	0	1	2	4531300000	111.47	4531300000	111.47	0	0	0	0	0	0	0
153737	e46ed8883eb1354fbb77e0dbae5d23f7eb0ae58bb8cb053c8c56b632379606fe	2011-11-17 20:49:08	259	1036	1	0	0	0	1	2	1450000000	35.67	1450000000	35.67	0	0	0	0	0	0	0
153737	16530c04a2451b3fc1b5bb4f7ef7c66874f6de4cff986ebfd34c24e37261b591	2011-11-17 20:49:08	258	1032	1	0	0	0	1	2	12747649969	313.5922	12747649969	313.5922	0	0	0	0	0	0	0
153737	924da7a88c18e70a350181b34ab0401a6568461e04e450c1eafcd6f3b309e5df	2011-11-17 20:49:08	795	3180	1	0	0	0	4	2	5386352975	132.5043	5386352975	132.5043	0	0	0	0	0	0	7.0988967938
153737	5290771567b94cf4a8f0d361093c2ca0d7e45b62119f5a75fb866a954d001dd1	2011-11-17 20:49:08	437	1748	1	0	0	0	2	2	203000000	4.9938	203000000	4.9938	0	0	0	0	0	0	7.3309121527778
153737	106f859b8deeb99b4f1cdb9737efbf0165164f8030c1e1c0b1dbd1ea2c122b73	2011-11-17 20:49:08	258	1032	1	0	0	0	1	2	10294509193	253.2449	10294509193	253.2449	0	0	0	0	0	0	0
153737	5e8bfae3988bbf8aa6808bf86309c238639be978802c61d50519c7fb2bd59524	2011-11-17 20:49:08	618	2472	1	0	0	0	3	2	1921500000	47.2689	1921500000	47.2689	0	0	0	0	0	0	1.3439103587963
153737	f658decd4368925c3a50bc81e0161c2ca6573d0cd158e04d76a8e589d1ef45d6	2011-11-17 20:49:08	258	1032	1	0	0	0	1	2	10007423348	246.1826	10007423348	246.1826	0	0	0	0	0	0	0
153737	100e158266ba7b98687a5df655d652ab8a46f41db26877596e29be86cd0d1ff6	2011-11-17 20:49:08	257	1028	1	0	0	0	1	2	100000000	2.46	99950000	2.4588	50000	0.0012	194553	0.0048	48638.1	0.0012	3.5732523148148
153737	95f1b661212ee4b2a66bf5d33aed8ee6d515015db80abf9d77033d017d56d907	2011-11-17 20:49:08	225	900	1	0	0	0	1	1	250000000	6.15	249950000	6.1488	50000	0.0012	222222	0.0055	55555.6	0.0014	0
153737	119396830e724ae0ca349fae43bc11b3838fa8ec6df9f3fe3ce48a90301304f9	2011-11-17 20:49:08	258	1032	1	0	0	0	1	2	633040000	15.5728	632990000	15.5716	50000	0.0012	193798	0.0048	48449.6	0.0012	0
153737	38100540bb89672ae1eaa54fd989b9c6ab9c116ab3d662341c5ab6fc14629744	2011-11-17 20:49:08	436	1744	1	0	0	0	2	2	103000000	2.5338	102950000	2.5326	50000	0.0012	114679	0.0028	28669.7	0.0007	0.75831805555556
153737	784683faaa6b5d5da3e588f7238281e302a244f35d27eb585c9b70f949a57f16	2011-11-17 20:49:08	3140	12560	1	0	0	0	17	2	28682029	0.7056	28482029	0.7007	200000	0.0049	63694.3	0.0016	15923.6	0.0004	6.3322694140164
153737	cae1c128709cea06071089554efd4863855e7179b42f4dd71c3ac5d483ec8873	2011-11-17 20:49:08	258	1032	1	0	0	0	1	2	1943429	0.0478	1893429	0.0466	50000	0.0012	193798	0.0048	48449.6	0.0012	0.43969541283611
153737	e0591691c5f12125d00aeff149c383fe5ec82b76f1d2d39a7e84ef6e5268957d	2011-11-17 20:49:08	438	1752	1	0	0	0	2	2	9327056000	229.4456	9327006000	229.4444	50000	0.0012	114155	0.0028	28538.8	0.0007	0
153737	f2e576516cf7101cb1ed92884a0f179caa34573f17e0e884da946f19c77492f4	2011-11-17 20:49:08	617	2468	1	0	0	0	3	2	297545803	7.3196	297495803	7.3184	50000	0.0012	81037.3	0.002	20259.3	0.0005	0
153737	9d5d42af05483750060a4d777f920af6fd76c207bffe586881607f0dd5fe3bf3	2011-11-17 20:49:08	438	1752	1	0	0	0	2	2	176492578	4.3417	176442578	4.3405	50000	0.0012	114155	0.0028	28538.8	0.0007	0
153737	f794c18b3ead63c6978f51f4b097eed520cae201b8cf5a559d30b89cffb5f30a	2011-11-17 20:49:08	977	3908	1	0	0	0	5	2	916779200	22.5528	916729200	22.5515	50000	0.0012	51177.1	0.0013	12794.3	0.0003	0
153737	f120c9d4ea0b3af0b4f3ad363100f93075fa4bafc46e67032f7ff64557d606db	2011-11-17 20:49:08	258	1032	1	0	0	0	1	2	3847000000	94.6362	3846950000	94.635	50000	0.0012	193798	0.0048	48449.6	0.0012	0
153737	deb8166c4ae7a6ef8f296c4d5e6750e90b660b1d931ea20c4163e38b132b2c0c	2011-11-17 20:49:08	617	2468	1	0	0	0	3	2	8255060600	203.0745	8255010600	203.0733	50000	0.0012	81037.3	0.002	20259.3	0.0005	0
153737	84c66d74ab5ae7e46f2ac072c87034187e21e599666fb3436ebeaf9748539bbc	2011-11-17 20:49:08	257	1028	1	0	0	0	1	2	3179524656	78.2163	3179474656	78.2151	50000	0.0012	194553	0.0048	48638.1	0.0012	0
153737	e64e2375b5e8651e58d27951c6a28657279fe5e6aeaea1fa1bfe5f644975d30c	2011-11-17 20:49:08	437	1748	1	0	0	0	2	2	1003321715	24.6817	1003271715	24.6805	50000	0.0012	114416	0.0028	28604.1	0.0007	0
153737	0101d261fe9f009c66e97a02c249f1f40d300fa556e93bc59fdd9cce7439e911	2011-11-17 20:49:08	799	3196	1	0	0	0	4	2	102112427	2.512	101112427	2.4874	1000000	0.0246	1251560	0.0308	312891	0.0077	0
153737	8785ada4189eece65ce4f9e8e0863c1a4459b0cb5413b689d819f445d54d4e53	2011-11-17 20:49:08	257	1028	1	0	0	0	1	2	1005024032	24.7236	1004974032	24.7224	50000	0.0012	194553	0.0048	48638.1	0.0012	0
153737	ab0a8cef07069d96e02f780d599dfd581a56cab368debc678a4bed005fad0ed1	2011-11-17 20:49:08	258	1032	1	0	0	0	1	2	10094082	0.2483	10044082	0.2471	50000	0.0012	193798	0.0048	48449.6	0.0012	0
153737	e0b845bb54bf78df623f0bb00126f323bfcaaa46f0b0e4d68c11663a40eb8060	2011-11-17 20:49:08	257	1028	1	0	0	0	1	2	711410829	17.5007	711360829	17.4995	50000	0.0012	194553	0.0048	48638.1	0.0012	0
153737	52ab4f7d17253e83e3a9db30e16fc8eeda97d90b18cf35623de8ef5197f84e78	2011-11-17 20:49:08	394	1576	1	0	0	0	1	6	557600590	13.717	557550590	13.7157	50000	0.0012	126904	0.0031	31725.9	0.0008	0
153737	dd47c3553391cb81e1ec66455c7dc9eb277551e4801c349f1fedf53c6c85b901	2011-11-17 20:49:08	1341	5364	1	0	0	0	7	2	19473741	0.4791	19373741	0.4766	100000	0.0025	74571.2	0.0018	18642.8	0.0005	0.054885317612963
153737	bb79003ca8d6b2024da5a722612f052176a4587e2598cf88473628201366202f	2011-11-17 20:49:08	437	1748	1	0	0	0	2	2	262011200	6.4455	261961200	6.4442	50000	0.0012	114416	0.0028	28604.1	0.0007	0
153737	28446525264810f8bf66ccc844a4d6f56b357c1a45f858c2b164840459c09cf3	2011-11-17 20:49:08	438	1752	1	0	0	0	2	2	11800000	0.2903	11750000	0.2891	50000	0.0012	114155	0.0028	28538.8	0.0007	0
153737	19d60989667e150d3ca5472acb9bc9b7da14e5103ec050405f48357eaa784d62	2011-11-17 20:49:08	617	2468	1	0	0	0	3	2	6835284	0.1681	6785284	0.1669	50000	0.0012	81037.3	0.002	20259.3	0.0005	0
153737	be1b7e9a4569eb0d40e44b4d270c4c3e631f0db778a0a793130623f49f81a8cc	2011-11-17 20:49:08	258	1032	1	0	0	0	1	2	85000000	2.091	84950000	2.0898	50000	0.0012	193798	0.0048	48449.6	0.0012	0
153737	1d10df0fdf10c4aec7487bc79afbc2db0be8750042e170f27ce35e3df471bfb1	2011-11-17 20:49:08	224	896	1	0	0	0	1	1	1412200	0.0347	1000000	0.0246	412200	0.0101	1840180	0.0453	460045	0.0113	0
153737	436da9939c733823576fe01af486518cf158e3f37c44c94eefe1932262aa4a3f	2011-11-17 20:49:08	258	1032	1	0	0	0	1	2	931449999	22.9137	931399999	22.9124	50000	0.0012	193798	0.0048	48449.6	0.0012	0
153737	08c6c6d55f2548cea69e875903cd3b623341ccc496e7eff1d5c598f7e289c269	2011-11-17 20:49:08	257	1028	1	0	0	0	1	2	482029	0.0119	432029	0.0106	50000	0.0012	194553	0.0048	48638.1	0.0012	0
153737	379a8bdd869cc61cb9c5e4c6d8872011afa5911c84d8f860c06947b73fde063e	2011-11-17 20:49:08	257	1028	1	0	0	0	1	2	3846450000	94.6227	3846400000	94.6214	50000	0.0012	194553	0.0048	48638.1	0.0012	0
153737	cf56e48efd34c286715aec9563ba9f1c75c0fd4d9b9aa1b3e4847cc4294ba146	2011-11-17 20:49:08	257	1028	1	0	0	0	1	2	959329132	23.5995	959279132	23.5983	50000	0.0012	194553	0.0048	48638.1	0.0012	0
153737	c1a952dca4beb2e5de930fe8e64d70ae02728720c3dd5f9476e60fdb9f0c7947	2011-11-17 20:49:08	257	1028	1	0	0	0	1	2	3845900000	94.6091	3845850000	94.6079	50000	0.0012	194553	0.0048	48638.1	0.0012	0
153737	23adbb93d3b1d2b90737e09e570ce58ca127754765532aa157159010f97abe75	2011-11-17 20:49:08	258	1032	1	0	0	0	1	2	887218132	21.8256	887168132	21.8243	50000	0.0012	193798	0.0048	48449.6	0.0012	0
153737	a724ea558ec41ce12f980f910b13aff6b423c22e3f26c0aee2e663ff49c669cd	2011-11-17 20:49:08	257	1028	1	0	0	0	1	2	811847204	19.9714	811797204	19.9702	50000	0.0012	194553	0.0048	48638.1	0.0012	0
153738	7e35729bc7bd159ccc5ac03831107f9e98650f4ebce1228c542241d18ddffa1b	2011-11-17 20:54:32	134	536	1	0	1	0	1	1	0	0	5001251319	123.0308	0	0	0	0	0	0	0
153738	f6eb32a4cb3fdd4e3d42038fe78d980308e38c63e83d805f4be42c93609fe75f	2011-11-17 20:54:32	225	900	1	0	0	0	1	1	2000000000	49.2	2000000000	49.2	0	0	0	0	0	0	1002.7476851852
153738	c6b605a3fdf86d0302fdf3bec8a0c9db5993c4c154161737053ffebd5c57f86e	2011-11-17 20:54:32	223	892	1	0	0	0	1	1	700000000	17.22	700000000	17.22	0	0	0	0	0	0	504.59491898148
153738	9761c3df519e4a959b8d30299a31de9d8157250ff36470ecaa752b6ba8b532c1	2011-11-17 20:54:32	257	1028	1	0	0	0	1	2	500000000	12.3	500000000	12.3	0	0	0	0	0	0	232.94369212963
153738	a1a48cc4200ff09276c190f4c0437b5a3e2779ab683fe396c0521182361cc0d4	2011-11-17 20:54:32	976	3904	1	0	0	0	5	2	502000000	12.3492	502000000	12.3492	0	0	0	0	0	0	133.24070347222
153738	05a67759a31a1475df8f165d00df4a8daaba22b3a36befb2f9ef298da201ecd4	2011-11-17 20:54:32	437	1748	1	0	0	0	2	2	1434356800	35.2852	1434356800	35.2852	0	0	0	0	0	0	55.002662037037
153738	83e2092ad7331f2670ec0bb68d21707d846b66000189d384b4025ad16f6768e0	2011-11-17 20:54:32	258	1032	1	0	0	0	1	2	48500000000	1193.1	48500000000	1193.1	0	0	0	0	0	0	0
153738	f8d7618dc1ccd6051d7d447d31ff041d540989ec8583439339f0be72e811bb6d	2011-11-17 20:54:32	5808	23232	1	0	0	0	32	1	2825307358	69.5026	2825307358	69.5026	0	0	0	0	0	0	108.94897372506
153738	60b0a8198d99de4fae955cffcb1f32bd82b828d8bbe93eb1ac53ec8bbc66c143	2011-11-17 20:54:32	257	1028	1	0	0	0	1	2	9962250020	245.0714	9962250020	245.0714	0	0	0	0	0	0	0
153738	b288b6f003253474afe1ef2228bae8002d340b5f2355b3e365ff8a10f72888ae	2011-11-17 20:54:32	258	1032	1	0	0	0	1	2	9985050000	245.6322	9985050000	245.6322	0	0	0	0	0	0	0
153738	ec2bc0d4ef19a0fed1f3f710758f57deb60190a0f4a17c61cfec4787640477f1	2011-11-17 20:54:32	258	1032	1	0	0	0	1	2	9876960755	242.9732	9876960755	242.9732	0	0	0	0	0	0	0
153738	4f368d14292f43b2dad5b7a26595289674c3a64d4628cb7423b9505e938f34fc	2011-11-17 20:54:32	259	1036	1	0	0	0	1	2	9659500000	237.6237	9659500000	237.6237	0	0	0	0	0	0	0
153738	e2c37a40117ee0fc7e88c1b967a4ce0e76dd0c70c695b8f1355a70a2559ef584	2011-11-17 20:54:32	259	1036	1	0	0	0	1	2	9560924261	235.1987	9560924261	235.1987	0	0	0	0	0	0	0
153738	bb238a14b2b9b14b34bd3af8bca152d3c99ec87f0960fa8ff5b9c8fa50754a08	2011-11-17 20:54:32	258	1032	1	0	0	0	1	2	9454467790	232.5799	9454467790	232.5799	0	0	0	0	0	0	0
153738	d46738ec585e2dec422278b8e3b34156419a7bc7a788710be731ad62d3cd0429	2011-11-17 20:54:32	258	1032	1	0	0	0	1	2	8946850000	220.0925	8946850000	220.0925	0	0	0	0	0	0	0
153738	8865328c259d60a02a727f98d62e7348cc944cdbfeb1e0454765c1fd2e08630a	2011-11-17 20:54:32	257	1028	1	0	0	0	1	2	8887748896	218.6386	8887748896	218.6386	0	0	0	0	0	0	0
153738	d91930a623014ba18ea87e6ae1d9bb8e82c8d4a5b4e2954ccf264adeb270d279	2011-11-17 20:54:32	257	1028	1	0	0	0	1	2	8564250003	210.6806	8564250003	210.6806	0	0	0	0	0	0	0
153738	4e94084cd1ec9e46beba3c90b81e06f578c76bc00ea0f91b3eb16ef465f3b747	2011-11-17 20:54:32	258	1032	1	0	0	0	1	2	8460818538	208.1361	8460818538	208.1361	0	0	0	0	0	0	0
153738	910daca9840b6a6cf42c4133b2a85236ffbdf34041dac502562aee8bb4f6b8d7	2011-11-17 20:54:32	799	3196	1	0	0	0	4	2	6363598808	156.5445	6363598808	156.5445	0	0	0	0	0	0	0
153738	8ee01186ef4906585de2d46a10887df67e9df2723902ba75a4e6fb897b2bab50	2011-11-17 20:54:32	258	1032	1	0	0	0	1	2	28000000000	688.8	28000000000	688.8	0	0	0	0	0	0	0
153738	2476f3e1978709c3fd4e424476acb45251ecccf9d3f7291a731ec8256e3bf8d5	2011-11-17 20:54:32	257	1028	1	0	0	0	1	2	7737593387	190.3448	7737593387	190.3448	0	0	0	0	0	0	0
153738	a88f609643ef5cfc817f8299206cbe48b23fd5055bdf3a7dcb0c51e133d1e56c	2011-11-17 20:54:32	259	1036	1	0	0	0	1	2	7554500830	185.8407	7554500830	185.8407	0	0	0	0	0	0	0
153738	0ae63b4bbc1f472084d7325c87242727057b806d2372e4579cc5fa035a567b7f	2011-11-17 20:54:32	619	2476	1	0	0	0	3	2	1174741000	28.8986	1174741000	28.8986	0	0	0	0	0	0	7.8671866875
153738	a140d16fedca40dfbe8504ae714458e58db91368f173342124efdb47c645eec2	2011-11-17 20:54:32	258	1032	1	0	0	0	1	2	25000000000	615	25000000000	615	0	0	0	0	0	0	0
153738	cdffdacdc17aa3dc48aa23dab35f307754282b19da34dd584bb04faaa8a6f39c	2011-11-17 20:54:32	223	892	1	0	0	0	1	1	10000000000	246	10000000000	246	0	0	0	0	0	0	0
153738	391a0bffc3cd02ecc33ac81eebcfd7e419c0be393e02d512a1ba0be73ad5f07e	2011-11-17 20:54:32	258	1032	1	0	0	0	1	2	6426100000	158.0821	6426100000	158.0821	0	0	0	0	0	0	0
153738	975c1fad37036fbb151c0fb77921a3ab944b9f1fbeee94603a9296410127e93a	2011-11-17 20:54:32	259	1036	1	0	0	0	1	2	6242923467	153.5759	6242923467	153.5759	0	0	0	0	0	0	0
153738	623fa899588a546a13d2d786bd25b0f3a80d03d85bf52ed94ac27e98f16f159b	2011-11-17 20:54:32	259	1036	1	0	0	0	1	2	6056000000	148.9776	6056000000	148.9776	0	0	0	0	0	0	0
153738	d122cf2bc960913597f031dbcc23af65c85a91da424a00dba68b694535ff1c07	2011-11-17 20:54:32	975	3900	1	0	0	0	5	2	2081058600	51.194	2081058600	51.194	0	0	0	0	0	0	0
153738	20a1977e75bf9bb709ca5668ce3f0a7124ebd0b50fe469e8c6bf3c981b3fc6ae	2011-11-17 20:54:32	258	1032	1	0	0	0	1	2	10004602342	246.1132	10004602342	246.1132	0	0	0	0	0	0	0
153738	b8ae9b38a2f79c944a715567c22ef7725bef68192d3f25d094d911d20491203c	2011-11-17 20:54:32	259	1036	1	0	0	0	1	2	1993000000	49.0278	1992000000	49.0032	1000000	0.0246	3861000	0.095	965251	0.0237	0
153738	a622dca00bf55cbc4dbbfeacff180fa469ef42cccc8091c12482a480cf9225b1	2011-11-17 20:54:32	2230	8920	1	0	0	0	1	60	5000000000	123	5000000000	123	0	0	0	0	0	0	0
153738	44441f2e62caeff40a7d17b6a0b2d4f71f0c4387b5cccc92a6742bdb43c96068	2011-11-17 20:54:32	583	2332	1	0	0	0	3	1	212000000	5.2152	212000000	5.2152	0	0	0	0	0	0	5.9966981481481
153738	5ce162ff8e568f4f79bf34f3c4c9f35866797e605c7a79d4e9945459ebc9925f	2011-11-17 20:54:32	258	1032	1	0	0	0	1	2	3969007589	97.6376	3969007589	97.6376	0	0	0	0	0	0	0
153738	39816d7fcab3c4281cb754b937ee46533c40a5da965cdfa48aebf96ced1c3ff4	2011-11-17 20:54:32	259	1036	1	0	0	0	1	2	4945250000	121.6532	4945250000	121.6532	0	0	0	0	0	0	0
153738	5558913010f2a9b0baba74843f7f1aa7b3b9b22dfdbffa5e0fd881ab4c425071	2011-11-17 20:54:32	259	1036	1	0	0	0	1	2	4901300000	120.572	4901300000	120.572	0	0	0	0	0	0	0
153738	dc94e37ab13cd18829115977556fed4034fcafe02890327c174ec2cb02faa0b7	2011-11-17 20:54:32	259	1036	1	0	0	0	1	2	4898950010	120.5142	4898950010	120.5142	0	0	0	0	0	0	0
153738	7df01b0705615683f70203014dda2e5ef0bca699759568ee8771aef93ba3511e	2011-11-17 20:54:32	258	1032	1	0	0	0	1	2	4849350000	119.294	4849350000	119.294	0	0	0	0	0	0	0
153738	7cef311beb11193e91c7ffd7f15e246b1afa11386594b6526b800a8e9f47f8ab	2011-11-17 20:54:32	1123	4492	1	0	0	0	6	1	652801319	16.0589	652800000	16.0589	1319	0	1174.53	0	293.633	0	9.102036555923
153738	aa6e0a7556753da258bfb7b9f44801c0184f34ba4b37a6b0b051611f06177462	2011-11-17 20:54:32	257	1028	1	0	0	0	1	2	4481376451	110.2419	4481376451	110.2419	0	0	0	0	0	0	0
153738	08f0f737f581db6eb822d6f85abd84597c0805f1ae13e0d0a35743650f370ffa	2011-11-17 20:54:32	258	1032	1	0	0	0	1	2	4479836110	110.204	4479836110	110.204	0	0	0	0	0	0	0
153738	d68b8c0a0df7d540f3add286266f8bf33b74da769e0c91fe416744e2fa275374	2011-11-17 20:54:32	257	1028	1	0	0	0	1	2	4437678770	109.1669	4437678770	109.1669	0	0	0	0	0	0	0
153738	f9ff7072418e9d37508ce8fd4f5bf47b082dd265c8806cc4784856ab4d16debe	2011-11-17 20:54:32	259	1036	1	0	0	0	1	2	4469973804	109.9614	4469973804	109.9614	0	0	0	0	0	0	0
153738	568c95fb6edc31e17a2dc246015b76b670c17ed566f0ba3c48d48c86c78b1066	2011-11-17 20:54:32	258	1032	1	0	0	0	1	2	4356185900	107.1622	4356185900	107.1622	0	0	0	0	0	0	0
153738	f07548062ab0945b62d93ba3ae8b5f5a795b61c3dcb6316fda3862b0aa61f50e	2011-11-17 20:54:32	258	1032	1	0	0	0	1	2	4283470631	105.3734	4283470631	105.3734	0	0	0	0	0	0	0
153738	f232f5e132647f69ee12d5d1bb4d99569b80bc410debecaa1945d0b761f2768b	2011-11-17 20:54:32	258	1032	1	0	0	0	1	2	4167986930	102.5325	4167986930	102.5325	0	0	0	0	0	0	0
153738	98aa6798731a5c923ea06db60201b71e50448147fa14068dbde3a3b4782333a7	2011-11-17 20:54:32	258	1032	1	0	0	0	1	2	4056200000	99.7825	4056200000	99.7825	0	0	0	0	0	0	0
153738	ef8b9e153a14af7675549bc14f6bd3ed4f2d6a2cc2048a2ba87b8ebb9002146d	2011-11-17 20:54:32	257	1028	1	0	0	0	1	2	2400000000	59.04	2400000000	59.04	0	0	0	0	0	0	0
153738	dfb40080c276b8ce9e8f5cf5233ef7bb0edacb598291e74fc8bb758d0e5f5160	2011-11-17 20:54:32	258	1032	1	0	0	0	1	2	3661050000	90.0618	3661050000	90.0618	0	0	0	0	0	0	0
153738	8453b913de110ecb8de68ffb2ea64523c5c125ce0c191467bad392a747de243a	2011-11-17 20:54:32	257	1028	1	0	0	0	1	2	3633150000	89.3755	3633150000	89.3755	0	0	0	0	0	0	0
153738	d67ebac8745da34f142a4858db4fa34325bc02baa47ee621c7d6bc3bc9dcd9c8	2011-11-17 20:54:32	257	1028	1	0	0	0	1	2	2772920282	68.2138	2772920282	68.2138	0	0	0	0	0	0	0
153738	35fbb89ef07b5cf2407b747976832b4a8ab274ced4d0189ca532e18b4458c714	2011-11-17 20:54:32	257	1028	1	0	0	0	1	2	3110925800	76.5288	3110925800	76.5288	0	0	0	0	0	0	0
153738	c54904b9c8c582825023dad53d2333c6193cf6c3f75d0e6dc2374c75a43debe7	2011-11-17 20:54:32	257	1028	1	0	0	0	1	2	3508000000	86.2968	3508000000	86.2968	0	0	0	0	0	0	0
153738	fca7b330b32256760f28a38e51ed2b602b7ff05c2cd403cd0cc38ca7de1ee876	2011-11-17 20:54:32	978	3912	1	0	0	0	5	2	7744312659	190.5101	7744312659	190.5101	0	0	0	0	0	0	0
153738	6906d9d56c01db0c6c1175a519a3bd3fd0dc37aed3fb539841717a3cf4e1d2f0	2011-11-17 20:54:32	258	1032	1	0	0	0	1	2	3353200000	82.4887	3353200000	82.4887	0	0	0	0	0	0	0
153738	00efc5b73f53a74b250aaa1a1a088a41c9b70afb085fa8b70f3a4c9f361dabc7	2011-11-17 20:54:32	258	1032	1	0	0	0	1	2	3350700000	82.4272	3350700000	82.4272	0	0	0	0	0	0	0
153738	edf8f90ce9c35598626e924c39f04de491cbeb094ee69ac43fd8382820f4f0c1	2011-11-17 20:54:32	617	2468	1	0	0	0	3	2	7000000	0.1722	7000000	0.1722	0	0	0	0	0	0	4.0528568287037
153738	46e78d71623c2e86c5536e9b0d0290c11f2b833925daa0049600802745398fae	2011-11-17 20:54:32	223	892	1	0	0	0	1	1	19092000000	469.6632	19092000000	469.6632	0	0	0	0	0	0	0
153738	0b1ce0baeff81c0deec199c274bf51f75c8e6986abecdc0515e35969a6755bef	2011-11-17 20:54:32	1699	6796	1	0	0	0	9	2	8872079625	218.2532	8872079625	218.2532	0	0	0	0	0	0	0
153738	b5a266f91771711d35ca2591960c2c33f2a4141c7f4391e4884c46209bb751ad	2011-11-17 20:54:32	799	3196	1	0	0	0	4	2	3240984767	79.7282	3240984767	79.7282	0	0	0	0	0	0	0
153738	3550f62e6cee7649f058c3a08fed4584205d10e3460da87540993b9fb346742a	2011-11-17 20:54:32	259	1036	1	0	0	0	1	2	797028600	19.6069	797028600	19.6069	0	0	0	0	0	0	0
153738	90b903c5353475d551db82491873c18856dfea862c1e99744e4b91112c185366	2011-11-17 20:54:32	258	1032	1	0	0	0	1	2	100000000	2.46	100000000	2.46	0	0	0	0	0	0	1.4025925925926
153738	5fa06996e44d88223cf92881269f94c34338748eeac96da154be4b779fea090a	2011-11-17 20:54:32	258	1032	1	0	0	0	1	2	962585600	23.6796	962585600	23.6796	0	0	0	0	0	0	0
153738	c3b50aa19c368d144d05f4e53af85e76288a77c76c28f58cec519327ebeeda50	2011-11-17 20:54:32	259	1036	1	0	0	0	1	2	2000000000	49.2	2000000000	49.2	0	0	0	0	0	0	0
153738	c97a73765349e36d15ac55dc6d5e27d7c166190a28a4f14050a2d7dccd4f3a15	2011-11-17 20:54:32	2779	11116	1	0	0	0	15	2	201014209	4.9449	201014209	4.9449	0	0	0	0	0	0	11.445383520368
153738	08127c74d9a339078922d7812e7c6f989e1c400a7517bb8537bfb92d2c4e7117	2011-11-17 20:54:32	439	1756	1	0	0	0	2	2	404348000	9.947	404348000	9.947	0	0	0	0	0	0	0
153738	719ee1ba6098e8798d58f2e3a13e10c1210f7de082dace2ae798207e15c759a3	2011-11-17 20:54:32	618	2472	1	0	0	0	3	2	551652000	13.5706	551652000	13.5706	0	0	0	0	0	0	0
153738	59971c3bdf5550645b0377bb107fcc330e32192d7820c24ae0777faf801a8b8c	2011-11-17 20:54:32	257	1028	1	0	0	0	1	2	3255543902	80.0864	3255543902	80.0864	0	0	0	0	0	0	0
153738	ed88bac1d3fc2ed37f5fa07a725d84aa6d8af98e4dd12cc0a1bea5be7c8e5c70	2011-11-17 20:54:32	224	896	1	0	0	0	1	1	5000000000	123	5000000000	123	0	0	0	0	0	0	0
153738	783c3a73f80b67111f7d8c0d6073516c649c30950c309214287cb5ad876bd42b	2011-11-17 20:54:32	259	1036	1	0	0	0	1	2	2880820172	70.8682	2880820172	70.8682	0	0	0	0	0	0	0
153738	6f743fd9ced1298543bbfb550bee908ff5825be1be9ead62d98ca6db7d644299	2011-11-17 20:54:32	259	1036	1	0	0	0	1	2	5001200000	123.0295	5001200000	123.0295	0	0	0	0	0	0	0
153738	c564add58fcb1b497be18235e57ca8a39e546615a876645c28898875870b9340	2011-11-17 20:54:32	259	1036	1	0	0	0	1	2	5000200000	123.0049	5000200000	123.0049	0	0	0	0	0	0	0
153738	12383da390526fce496ef8cc9c381384923cd9e3084808bffbb96ef761701ce9	2011-11-17 20:54:32	257	1028	1	0	0	0	1	2	9906423348	243.698	9906423348	243.698	0	0	0	0	0	0	0
153738	8bd3306cf896d80e3eff8541162aaeb8c879a311af48ac6d98045389e7a14d96	2011-11-17 20:54:32	618	2472	1	0	0	0	3	2	17412095	0.4283	17362095	0.4271	50000	0.0012	80906.1	0.002	20226.5	0.0005	0.40203125
153738	7d2a93161846663c867fbf2471c941846d63a5edabd07e84163b25c81f4c0241	2011-11-17 20:54:32	405	1620	1	0	0	0	2	1	115753609	2.8475	115703609	2.8463	50000	0.0012	123457	0.003	30864.2	0.0008	0
153738	4f802f9eca5e0cb72e6a0a6319a62c4c2332eb0a1c6f35eae8192b3bd06c5028	2011-11-17 20:54:32	257	1028	1	0	0	0	1	2	363866155	8.9511	363866155	8.9511	0	0	0	0	0	0	0
153738	82c88b8899789b1d4724a520df96eca94948810bc18d2acb671c5681dc25ce26	2011-11-17 20:54:32	259	1036	1	0	0	0	1	2	758812628	18.6668	758762628	18.6656	50000	0.0012	193050	0.0047	48262.5	0.0012	0
153738	5ba091673903b7fa389daf315975f8b93ffe444f3c6e9bebaf3763efb231b717	2011-11-17 20:54:32	619	2476	1	0	0	0	3	2	101900000	2.5067	101850000	2.5055	50000	0.0012	80775.4	0.002	20193.9	0.0005	0.069333333333333
153738	ba8e577d80a4d7fdf48e8d560ccdaf5cb90f6077344e9cd7a0d1dac8d7b06315	2011-11-17 20:54:32	259	1036	1	0	0	0	1	2	327550590	8.0577	327500590	8.0565	50000	0.0012	193050	0.0047	48262.5	0.0012	0
153738	cb063a0bb42656a21be5791292ec5e9fa67fe9cff02b9bb1bd2499d0013bbf02	2011-11-17 20:54:32	584	2336	1	0	0	0	3	1	1813111	0.0446	1813111	0.0446	0	0	0	0	0	0	0
153738	98ef61461c44a5e5e1024d2a02c7ebf1149403d9f5ba17575dc413a7996858be	2011-11-17 20:54:32	258	1032	1	0	0	0	1	2	1005000000	24.723	1005000000	24.723	0	0	0	0	0	0	0
153738	7bc7b9579e62ca5626764dc211362f915eb5daa7873a1b10b0e46387742e2461	2011-11-17 20:54:32	257	1028	1	0	0	0	1	2	2779820172	68.3836	2779820172	68.3836	0	0	0	0	0	0	0
153738	0788b2bb93a5905c6cc6a0d1cbf060bfc36149e38334063eaac1fd2d98c7b461	2011-11-17 20:54:32	257	1028	1	0	0	0	1	2	312866155	7.6965	312866155	7.6965	0	0	0	0	0	0	0
153738	12d5cb710e72600de3c1fab451e5d52a8cb2e925990784098836803ee86ac238	2011-11-17 20:54:32	258	1032	1	0	0	0	1	2	452000000	11.1192	452000000	11.1192	0	0	0	0	0	0	0
153738	fa8f718f2037c210b3d37194dd33788a6f3051a7a11790de6143653faa17871f	2011-11-17 20:54:32	257	1028	1	0	0	0	1	2	1775820172	43.6852	1775820172	43.6852	0	0	0	0	0	0	0
153738	0c69b0754c6e6afc7d0bc7df9364314252b152fb26ae9062499093fe76b2395b	2011-11-17 20:54:32	257	1028	1	0	0	0	1	2	210866155	5.1873	210866155	5.1873	0	0	0	0	0	0	0
153738	f76bdb7f2c49f326a7e9de70b15257e35a9b4589dfab9dfa8dd19303a8c8b5e9	2011-11-17 20:54:32	257	1028	1	0	0	0	1	2	370000000	9.102	370000000	9.102	0	0	0	0	0	0	0
153738	d83782781c3404b92e9b091041f328d79e135fbfff4f1c37f0bf6f4dba876129	2011-11-17 20:54:32	257	1028	1	0	0	0	1	2	1648868855	40.5622	1648868855	40.5622	0	0	0	0	0	0	0
153738	284ccfc2e2a19d9b1b105dbe1f298343d5849645aec1f0d547a6b807f77f774b	2011-11-17 20:54:32	258	1032	1	0	0	0	1	2	206866155	5.0889	206866155	5.0889	0	0	0	0	0	0	0
153738	cbe401b99688325eb8ae180b722cc1d730ec5b398b3c8b7c5b9fe1940aebb083	2011-11-17 20:54:32	258	1032	1	0	0	0	1	2	269000000	6.6174	269000000	6.6174	0	0	0	0	0	0	0
153738	4af6dcf6d127cdbab46686dbead33cbb202599e8a1ef3b8e1b59dcd19b474bb4	2011-11-17 20:54:32	257	1028	1	0	0	0	1	2	1399060836	34.4169	1399060836	34.4169	0	0	0	0	0	0	0
153738	4fadbb74b7e2c810d1993210a537bf632cb40433435ea957acb6e02863f98c99	2011-11-17 20:54:32	257	1028	1	0	0	0	1	2	105866155	2.6043	105866155	2.6043	0	0	0	0	0	0	0
153738	705b0d5b490d3f1c843ebe27b6ef179f1e8b65abb5ded7bf3894bdd2923047c6	2011-11-17 20:54:32	258	1032	1	0	0	0	1	2	218000000	5.3628	218000000	5.3628	0	0	0	0	0	0	0
153738	55b8cd8f05781fa57f1a41f35e2f9e634d90e9797a3a3960fb00825bc0c978f8	2011-11-17 20:54:32	258	1032	1	0	0	0	1	2	32866155	0.8085	32866155	0.8085	0	0	0	0	0	0	0
153738	3b7cae99a6ec6da7830c5e1c0bfae5fcd037a61b9c49b943217ac665d82dbcc1	2011-11-17 20:54:32	257	1028	1	0	0	0	1	2	188000000	4.6248	188000000	4.6248	0	0	0	0	0	0	0
153738	2fe9d43293511e6add8b70ac47c2deb08357da857d52f4f51ad3fbbb1cf6429a	2011-11-17 20:54:32	257	1028	1	0	0	0	1	2	7866155	0.1935	7866155	0.1935	0	0	0	0	0	0	0
153738	269729bed8923d292f7adfcfcf4f7cd78232c7c2d809a003896c70e73176286b	2011-11-17 20:54:32	259	1036	1	0	0	0	1	2	178000000	4.3788	178000000	4.3788	0	0	0	0	0	0	0
153738	93151ca9d99d11be838d27531d8f57f40f3da76c6303fa3218c4d8f625633d4f	2011-11-17 20:54:32	438	1752	1	0	0	0	2	2	4016200000	98.7985	4016200000	98.7985	0	0	0	0	0	0	0
153738	bd5953bb9206dec0aca7d96318a0d2c2745277acb4a69388668bb879c7a94dd3	2011-11-17 20:54:32	258	1032	1	0	0	0	1	2	56200000	1.3825	56200000	1.3825	0	0	0	0	0	0	0
153739	9a252b41f8aed71f5e53a839c2f5a40ef392bae7b9f3075b100a5867f9b0eac2	2011-11-17 20:58:22	134	536	1	0	1	0	1	1	0	0	5001750000	123.0431	0	0	0	0	0	0	0
153739	3c23190fa243504e282e68c4753f29c816248638c43f4c9c622e7c82cc0bf0fe	2011-11-17 20:58:22	12857	51428	1	0	0	0	71	2	42237000124	1039.0303	42236350124	1039.0143	650000	0.016	50556.1	0.0012	12639	0.0003	24949.140117983
153739	8b78ad4f082184c4eee609fbcf252b30cd8f9fb3916f771211eb9fbc3239115d	2011-11-17 20:58:22	258	1032	1	0	0	0	1	2	1697000000	41.7462	1696000000	41.7216	1000000	0.0246	3875970	0.0953	968992	0.0238	171.80180520833
153739	1630b2b8336497a8da0d0da6ca0d6ba825bae7cf425e4d594ec888ab065a9754	2011-11-17 20:58:22	438	1752	1	0	0	0	2	2	111122639	2.7336	111072639	2.7324	50000	0.0012	114155	0.0028	28538.8	0.0007	8.1810992320623
153739	3ece5151ebfed1d820776cfccafb5442e9b1d7c96c31bb60061308f11435ffed	2011-11-17 20:58:22	439	1756	1	0	0	0	2	2	3084119	0.0759	3034119	0.0746	50000	0.0012	113895	0.0028	28473.8	0.0007	0
153740	4b29e134c25debda52e37f77934129891c3c51f662ee740f1ea17e02a880bb34	2011-11-17 21:00:09	168	672	1	0	1	0	1	1	0	0	5000150475	123.0037	0	0	0	0	0	0	0
153740	ba5bb60d36b297468c03573d1b0f8f6a8e1b51a3c5ba5489664fff8383381099	2011-11-17 21:00:09	436	1744	1	0	0	0	2	2	845847000	20.8078	845847000	20.8078	0	0	0	0	0	0	732.40018518519
153740	36523441dd2c8b2cd71c263212e82489e15da04dc26a4c7fbcf3b387801e444d	2011-11-17 21:00:09	438	1752	1	0	0	0	2	2	569300000	14.0048	569300000	14.0048	0	0	0	0	0	0	4.5221064814815
153740	6a3a9f2743d935eba642c64b2384bd780f6476fe8d707d9ebbd14e7c53a48d61	2011-11-17 21:00:09	620	2480	1	0	0	0	3	2	1149188684	28.27	1149188684	28.27	0	0	0	0	0	0	0
153740	135d24f22444f1818d9414dd69cda7cea816e9f47d17b0946b466c9f997482d3	2011-11-17 21:00:09	583	2332	1	0	0	0	3	1	5263620475	129.4851	5263620000	129.485	475	0	814.751	0	203.688	0	2.0870473481279
153740	bd2eca68880659e1dba14c1ff5d2c4bcdea57db3fa118f0d74ffeeb58bb03fcb	2011-11-17 21:00:09	258	1032	1	0	0	0	1	2	3845350000	94.5956	3845300000	94.5944	50000	0.0012	193798	0.0048	48449.6	0.0012	0
153740	edec417f47ca067c46bdabb811c7e9b0591b263a7470718f97507f88c5eca4fc	2011-11-17 21:00:09	258	1032	1	0	0	0	1	2	4944250000	121.6286	4944250000	121.6286	0	0	0	0	0	0	0
153740	622bb43fcd9166bf66abaa5532377438eb370aaabffbcd85dd93148903a64ea0	2011-11-17 21:00:09	259	1036	1	0	0	0	1	2	4900200000	120.5449	4900200000	120.5449	0	0	0	0	0	0	0
153740	963f12ffa85c7aaae5a2a1067837831b400d358a3ae83b619c75a2da46e2f200	2011-11-17 21:00:09	529	2116	1	0	0	0	1	10	3164972327	77.8583	3164922327	77.8571	50000	0.0012	94518	0.0023	23629.5	0.0006	0
153740	0563931fc715a99ab0527547475c0fc97cafd42b7a8d3ecc79a37a76a88d10b6	2011-11-17 21:00:09	438	1752	1	0	0	0	2	2	165970000	4.0829	165920000	4.0816	50000	0.0012	114155	0.0028	28538.8	0.0007	0
153741	1ad86414b5aef939c01501a2d137cc54a58464a6bdf8ac0c27486fc8a26ad9a9	2011-11-17 21:18:05	136	544	1	0	1	0	1	1	0	0	5001860000	123.0458	0	0	0	0	0	0	0
153741	bf5d7b6ef1efd754d26e934022731aa4114dd1db1601339e576ca250d4c14db8	2011-11-17 21:18:05	9948	39792	1	0	0	0	86	2	425001000000	10455.0244	425001000000	10455.0244	0	0	0	0	0	0	3548351.0904677
153741	a0f9eb4e69b7f27b4fc2663baa9f8d89b3a813bdd301986584f412707071d13e	2011-11-17 21:18:05	258	1032	1	0	0	0	1	2	590000000000	14514	590000000000	14514	0	0	0	0	0	0	4149.1203703704
153741	8f09b127af98a009e42d2642c388070494ac2d6195dcddf421c55507d1357ace	2011-11-17 21:18:05	259	1036	1	0	0	0	1	2	127000000000	3124.2	127000000000	3124.2	0	0	0	0	0	0	3555.7207175926
153741	6f7882e046a4208a49e3712289deb297d96dd92c8aa7e969bd0e4854422330bf	2011-11-17 21:18:05	258	1032	1	0	0	0	1	2	250900000000	6172.1401	250900000000	6172.1401	0	0	0	0	0	0	2851.8676273148
153741	14024f17de4fc048a4c8451ec02b6af7c62bd2b61fe3f23eca4c74fe09320100	2011-11-17 21:18:05	257	1028	1	0	0	0	1	2	94096939890	2314.7847	94096939890	2314.7847	0	0	0	0	0	0	2634.507390779
153741	9203bb2ccc67e3d93d31eb381a78373184689686cca0360c1d6b62577be2f048	2011-11-17 21:18:05	258	1032	1	0	0	0	1	2	120000000000	2952	120000000000	2952	0	0	0	0	0	0	2187.875
153741	e88327bfe08b4032e319b835dafee10b1560bdd5ec24e72b0cfa74450a8dae2b	2011-11-17 21:18:05	258	1032	1	0	0	0	1	2	1689800000	41.5691	1689800000	41.5691	0	0	0	0	0	0	1047.6364931019
153741	c8079e193453c98b1214f7aacfe98a6764320428c552509f27f0037f8b8bdf2d	2011-11-17 21:18:05	222	888	1	0	0	0	1	1	799000000	19.6554	799000000	19.6554	0	0	0	0	0	0	823.63342893519
153741	e9d0eac7e6c3b524f7ca428425f87968a077bc1de198270b6ea8844486f37a99	2011-11-17 21:18:05	798	3192	1	0	0	0	4	2	915398698355	22518.8086	915398698355	22518.8086	0	0	0	0	0	0	0.22089929099259
153741	8e7da49282a184c760d636a4c6c9265dd6167c4db1e8c9eeaabb1b5c90daf034	2011-11-17 21:18:05	257	1028	1	0	0	0	1	2	1798000000	44.2308	1798000000	44.2308	0	0	0	0	0	0	218.55231064815
153741	8a4b75d78f99ef1c6f3ee8f482a9b563802ead3f2c3dc06bc4635e48436f7688	2011-11-17 21:18:05	225	900	1	0	0	0	1	1	6000000000	147.6	6000000000	147.6	0	0	0	0	0	0	162.16944444444
153741	a21c9ac540e063698b39079f9a9b454f6ac7ea40bd676cd649cb0f8739a2b6aa	2011-11-17 21:18:05	257	1028	1	0	0	0	1	2	32810600000	807.1407	32810600000	807.1407	0	0	0	0	0	0	0
153741	5c19c7884ad095ce59f2b6fd3302efe18c663980b746a863446ddca1fde181a4	2011-11-17 21:18:05	224	896	1	0	0	0	1	1	2000000000	49.2	2000000000	49.2	0	0	0	0	0	0	163.0599537037
153741	81e86f3d517b5dd8f1d5cab0fcdfa2f412a2ac1d8a7e0e754bd6f7a607b65ce8	2011-11-17 21:18:05	259	1036	1	0	0	0	1	2	1193950000	29.3712	1193950000	29.3712	0	0	0	0	0	0	165.03553520255
153741	cc5a4538078152386ea1e35d372403fd050261b9b3673941a7f7643270e69ece	2011-11-17 21:18:05	617	2468	1	0	0	0	3	2	18509940000	455.3445	18509880000	455.343	60000	0.0015	97244.7	0.0024	24311.2	0.0006	161.7547435
153741	62ea8910fa718e19e68cf11d97b31b2d3b887c6044503ac1a72ef5d8a1467504	2011-11-17 21:18:05	258	1032	1	0	0	0	1	2	2326000000	57.2196	2326000000	57.2196	0	0	0	0	0	0	55.300111574074
153741	7f6b18e6e71e04d3842d6e7c58ad01c609b4ba4fea331cd067cec4b7e83ab801	2011-11-17 21:18:05	223	892	1	0	0	0	1	1	5000000000	123	5000000000	123	0	0	0	0	0	0	39.978009259259
153741	379a6980564a84a72dd152e42198cc4877292ed92dd8fe0cd862879a5e9eaf9c	2011-11-17 21:18:05	438	1752	1	0	0	0	2	2	20013000000	492.3198	20013000000	492.3198	0	0	0	0	0	0	54.232263888889
153741	223f81b283cb0a8d7dda4665d26021362d7b15a25767fcb453f671e467c4c5c0	2011-11-17 21:18:05	617	2468	1	0	0	0	3	2	2625130000	64.5782	2625130000	64.5782	0	0	0	0	0	0	81.70630787037
153741	03e3970bb44e7c0afb3ace2cd38d67651ae51d342fe60ba07e2917efe45832c4	2011-11-17 21:18:05	798	3192	1	0	0	0	4	2	751002473	18.4747	751002473	18.4747	0	0	0	0	0	0	98.705764040892
153741	c57c3d10526209e7bb88792333bd9f72b9d9b4a0e619fc5b69b5ffc7708688c2	2011-11-17 21:18:05	259	1036	1	0	0	0	1	2	1010000000	24.846	1010000000	24.846	0	0	0	0	0	0	30.095662037037
153741	1c82a0c7775e251eca6acd70281607df1a5f9ec47ba2dc48131053e5c028d458	2011-11-17 21:18:05	438	1752	1	0	0	0	2	2	11010100000	270.8484	11010100000	270.8484	0	0	0	0	0	0	0
153741	fd43a327616f8472d6d526f85f1ea6e8447f74736d8d4dcd29b14dda9bba73aa	2011-11-17 21:18:05	259	1036	1	0	0	0	1	2	53578553461	1318.0325	53578553461	1318.0325	0	0	0	0	0	0	0
153741	b954ae30c05aa685f8abcd7c14e31db9e837faf6303fd5d28f1e1d8ab35bb722	2011-11-17 21:18:05	977	3908	1	0	0	0	5	2	502924119	12.3719	502924119	12.3719	0	0	0	0	0	0	43.019094470442
153741	cd090e7003dfffca055c00d3228fd0383f7170d6708013cd14249a17703bdb11	2011-11-17 21:18:05	3862	15448	1	0	0	0	21	2	16601273600	408.3913	16601023600	408.3852	250000	0.0062	64733.3	0.0016	16183.3	0.0004	138.04753532896
153741	d4ff24a10a5447aad0e60cbf411dcc6d5cf424c9875f225f2d69b2972f198de6	2011-11-17 21:18:05	259	1036	1	0	0	0	1	2	1031949999	25.386	1031949999	25.386	0	0	0	0	0	0	9.5726500659552
153741	b721c96b6640839a3f4ee8e8c0422ce61ac33b33835be7606bf5b16065dc3fd9	2011-11-17 21:18:05	797	3188	1	0	0	0	4	2	1905040251	46.864	1905040251	46.864	0	0	0	0	0	0	25.1215625
153741	1bd6d4dec7e213eda69f202b673665fe95cd5578224df4f48f4d5e5cc8925e50	2011-11-17 21:18:05	257	1028	1	0	0	0	1	2	1449000000	35.6454	1449000000	35.6454	0	0	0	0	0	0	0
153741	93542510f53d092175c9a55b4a6ec67240df95a03b1064b65fa4ef4be6766e7f	2011-11-17 21:18:05	223	892	1	0	0	0	1	1	42235350000	1038.9896	42235350000	1038.9896	0	0	0	0	0	0	0
153741	4b189721af0f4ecb40577416fbeaaa6801cfe210b048acad0a3efa24bc1f9fc1	2011-11-17 21:18:05	797	3188	1	0	0	0	4	2	9454188123	232.573	9454188123	232.573	0	0	0	0	0	0	0
153741	eb0b2d816fe85927cbbc95787e18db2889cd9a8f418fdb3cc89b4cf3ca2c45a9	2011-11-17 21:18:05	258	1032	1	0	0	0	1	2	991960323	24.4022	991960323	24.4022	0	0	0	0	0	0	0
153741	e7636a44044b5e5b9f274aed59bf2c1815409cd7660e50453deb77227524dd4c	2011-11-17 21:18:05	976	3904	1	0	0	0	5	2	2032000000	49.9872	2031900000	49.9847	100000	0.0025	102459	0.0025	25614.8	0.0006	7.3776752314815
153741	8b1aa607ea32e73b57441d1921c66e3eff3b6187024d5a80b9aae9c1636ac08e	2011-11-17 21:18:05	224	896	1	0	0	0	1	1	2998000000	73.7508	2997000000	73.7262	1000000	0.0246	4464290	0.1098	1116070	0.0275	0
153741	46917bc71f6a6e95a6c313103e53ffaf9fea9cb239845057f61a869a6492adc7	2011-11-17 21:18:05	257	1028	1	0	0	0	1	2	3953939288	97.2669	3953889288	97.2657	50000	0.0012	194553	0.0048	48638.1	0.0012	0
153741	1ef6ee9c9b2f711f500eec8a20c9ebf4759015846e89d48bef3fb04dca3f0f6c	2011-11-17 21:18:05	258	1032	1	0	0	0	1	2	1432000000	35.2272	1431950000	35.226	50000	0.0012	193798	0.0048	48449.6	0.0012	0
153741	3f5719715938c6446c2ade33130576e20387b6b8b47c9cdb9723ae5477f9a5db	2011-11-17 21:18:05	258	1032	1	0	0	0	1	2	3844800000	94.5821	3844750000	94.5808	50000	0.0012	193798	0.0048	48449.6	0.0012	0
153741	7a180470c74ca49caf1c46cda2995fb341be8c3deacdbf678e89d92ae1851c07	2011-11-17 21:18:05	258	1032	1	0	0	0	1	2	632607220	15.5621	632557220	15.5609	50000	0.0012	193798	0.0048	48449.6	0.0012	0
153741	1086b2a010647fc3bb5a668da0a33bc78d521e55ec9a0e5a4eeffeb76474ae30	2011-11-17 21:18:05	257	1028	1	0	0	0	1	2	705893628	17.365	705843628	17.3638	50000	0.0012	194553	0.0048	48638.1	0.0012	0
153741	0ccd905ba6e365c1857ef66ddba8e60b0f5a7c7ebd780f9490050cf28ea5816d	2011-11-17 21:18:05	258	1032	1	0	0	0	1	2	250000000	6.15	249950000	6.1488	50000	0.0012	193798	0.0048	48449.6	0.0012	0
153741	30434f70f2d04dd646a74fba3225bb510930caf6206dd4d474880d7057d669c9	2011-11-17 21:18:05	257	1028	1	0	0	0	1	2	311435847	7.6613	311385847	7.6601	50000	0.0012	194553	0.0048	48638.1	0.0012	0
153741	69b0fc2828fcd17bbf81acc0cda8e34bcb19f4bf2154f962c66c5a1ab8f978b5	2011-11-17 21:18:05	224	896	1	0	0	0	1	1	150000	0.0037	100000	0.0025	50000	0.0012	223214	0.0055	55803.6	0.0014	0.036210659722222
153741	9d515d21369f522965c488f19936da081ee68ce20bfef8bc1d0db7d8fe3a38a2	2011-11-17 21:18:05	978	3912	1	0	0	0	5	2	221487419	5.4486	221437419	5.4474	50000	0.0012	51124.7	0.0013	12781.2	0.0003	0
153742	486657e52c4244672400a1f2ff0311527b789d3b41aace3bd248bd48bf0746da	2011-11-17 21:19:50	135	540	1	0	1	0	1	1	0	0	5000000000	123	0	0	0	0	0	0	0
153742	dab5441a73bf239a0678962b309ca6a5affc01cd28168731a0371d2e9ce40873	2011-11-17 21:19:50	1518	6072	1	0	0	0	8	2	80001055687	1968.026	80001055687	1968.026	0	0	0	0	0	0	0
153742	e9f40fdb38d81d564994dc2e00699348342aa4f1a8a651b032c5e11b93b5befd	2011-11-17 21:19:50	1877	7508	1	0	0	0	10	2	80014251789	1968.3506	80014251789	1968.3506	0	0	0	0	0	0	0
153742	1f14c5ffc0d56a3861295beb6fe4bb0a99fd105d8291650817cfa5f2c96d29b4	2011-11-17 21:19:50	258	1032	1	0	0	0	1	2	6063830000	149.1702	6063830000	149.1702	0	0	0	0	0	0	0
153742	cc3cf9d6ae6279d36a4e749f3f18f7bee5182a7b933966a41412d8b13935e7b6	2011-11-17 21:19:50	258	1032	1	0	0	0	1	2	8464250003	208.2206	8464250003	208.2206	0	0	0	0	0	0	0
153742	78bbeed4e221071b8c6e9c2ad86846e9a61d9cf1ba4aecfa5acc64aa1eb3bfe1	2011-11-17 21:19:50	257	1028	1	0	0	0	1	2	7500593387	184.5146	7500593387	184.5146	0	0	0	0	0	0	0
153742	90d1f3ce00feeeefc3cb7cf72e6e08e96b2549e310174b961482dba1c0a58dda	2011-11-17 21:19:50	259	1036	1	0	0	0	1	2	725000000	17.835	725000000	17.835	0	0	0	0	0	0	0
153742	bd0b8e9dcb9a617742b9647319cdb1833bf58952c428c0f32e94fd69523bbd2f	2011-11-17 21:19:50	258	1032	1	0	0	0	1	2	4198509230	103.2833	4198509230	103.2833	0	0	0	0	0	0	0
153742	074cdb1777896930104b273a186715df06011b10aac166a0b482ba2ee0046916	2011-11-17 21:19:50	224	896	1	0	0	0	1	1	3450000000	84.87	3450000000	84.87	0	0	0	0	0	0	0
153742	1068d6b6daf39d83334fb1cd2a6b2b67132f19ff12bb2b6288a236e9b58242b2	2011-11-17 21:19:50	258	1032	1	0	0	0	1	2	4851300000	119.342	4851300000	119.342	0	0	0	0	0	0	0
153742	e4ce046a6178d64cf54a80241759214444e1f5418258e881f3e17987be8f1772	2011-11-17 21:19:50	258	1032	1	0	0	0	1	2	4748350000	116.8094	4748350000	116.8094	0	0	0	0	0	0	0
153742	15fa77d1c1700355804663ba37081aee4658e640f0887f4be3f38f9fc0ebe251	2011-11-17 21:19:50	258	1032	1	0	0	0	1	2	4696950010	115.545	4696950010	115.545	0	0	0	0	0	0	0
153742	f05c189e193bb6929a4a0fb8e5988a8282bbbbdc72792f2b2dccb9d7221db9ee	2011-11-17 21:19:50	258	1032	1	0	0	0	1	2	4480376451	110.2173	4480376451	110.2173	0	0	0	0	0	0	0
153742	87fff2248194b8fca922bb5a6d773ed63126afefecf85996f55cbc814b6c19ae	2011-11-17 21:19:50	258	1032	1	0	0	0	1	2	4429678770	108.9701	4429678770	108.9701	0	0	0	0	0	0	0
153742	d0328fb8b7c022335c901440b742acdca147c747ff8c515590209ff9b817b832	2011-11-17 21:19:50	259	1036	1	0	0	0	1	2	4419973804	108.7314	4419973804	108.7314	0	0	0	0	0	0	0
153742	9769a2b7c9c89ddc6e23a2cbcef85a027aa1ceb3fa1b07261fec3e3fd7d8d93d	2011-11-17 21:19:50	258	1032	1	0	0	0	1	2	4332185900	106.5718	4332185900	106.5718	0	0	0	0	0	0	0
153742	ce599b750e7d4dbb3225ca66517fc6cc66fe38f7e921250e289a0e2bfcbf1515	2011-11-17 21:19:50	258	1032	1	0	0	0	1	2	4279836110	105.284	4279836110	105.284	0	0	0	0	0	0	0
153742	786bb3f43a10a663fd10e545c94622cdd5525604750aeea3d3279d972189ba41	2011-11-17 21:19:50	259	1036	1	0	0	0	1	2	4259470631	104.783	4259470631	104.783	0	0	0	0	0	0	0
153742	b2e9c7e1e558aaf84c5f2d92fad7f8c862e0e39d1f38e17b232e2ed7a30a332f	2011-11-17 21:19:50	439	1756	1	0	0	0	2	2	1381549734	33.9861	1381549734	33.9861	0	0	0	0	0	0	0
153742	a67bd073b5e0c2fbc1ffca591d43e409ef06ed48bac9d48d0b05a9a13c617a7c	2011-11-17 21:19:50	258	1032	1	0	0	0	1	2	4161986930	102.3849	4161986930	102.3849	0	0	0	0	0	0	0
153742	49b6be6aebc8a723a4b9746b3ea7682f74c4294030aa5a87b24c691550410958	2011-11-17 21:19:50	1336	5344	1	0	0	0	7	2	16229828600	399.2538	16229828600	399.2538	0	0	0	0	0	0	0
153743	d990441f637abb32513432e0795e8c67cbf68db1bb0def286107abe11bd16922	2011-11-17 21:23:36	181	724	1	0	1	0	1	1	0	0	5000150000	123.0037	0	0	0	0	0	0	0
153743	4bf86fb313b4c33fe496e89caa757b9eb47937fa046ea0aa0a0870ec71230462	2011-11-17 21:23:36	224	896	1	0	0	0	1	1	100000000000	2460	100000000000	2460	0	0	0	0	0	0	10565.729166667
153743	93eab85af5d66daaab41cc126f5b28e550712f1809d1471af6811cb67b83ec1c	2011-11-17 21:23:36	618	2472	1	0	0	0	3	2	814206519	20.0295	814206519	20.0295	0	0	0	0	0	0	1127.8342592593
153743	f4d21565b6e6cc501b2ec8d54fb2cb71c096004a05722c3e187ccef4051d944b	2011-11-17 21:23:36	223	892	1	0	0	0	1	1	8260870000	203.2174	8260870000	203.2174	0	0	0	0	0	0	0
153743	2cdd3a8aaa813a22cc52011175f2f479d1e0195f829181b5ad53bc7555afdafd	2011-11-17 21:23:36	438	1752	1	0	0	0	2	2	1304821399	32.0986	1304821399	32.0986	0	0	0	0	0	0	83.1309375
153743	b33c7de731402466ac63943cdad2351c288465d95586bcb8b83d0b1b966cab14	2011-11-17 21:23:36	1336	5344	1	0	0	0	7	2	501028824	12.3253	501028824	12.3253	0	0	0	0	0	0	121.11257501157
153743	980651d0ebcf87e6b0e59ff9418c26c8fcab16cb608d33caac56383db5fd8b8f	2011-11-17 21:23:36	981	3924	1	0	0	0	5	2	2135470251	52.5326	2135470251	52.5326	0	0	0	0	0	0	38.227187962963
153743	01e92a89fa282f9f07dc42e788946e3255907aa37513506ebc89084e12e09d1b	2011-11-17 21:23:36	225	900	1	0	0	0	1	1	10000000000	246	10000000000	246	0	0	0	0	0	0	0
153743	9505818d9ab229ff8f7f85e59b2ab7c8590e9ed43e47e3116e224e594d771bd6	2011-11-17 21:23:36	257	1028	1	0	0	0	1	2	24725494000	608.2471	24725494000	608.2471	0	0	0	0	0	0	0
153743	6dd7d2c3b42b831258af25928fdf046c76385b660a328b1f97e0f3d0690d4314	2011-11-17 21:23:36	258	1032	1	0	0	0	1	2	3031915000	74.5851	3031915000	74.5851	0	0	0	0	0	0	0
153743	63d7ae5dbb43dca23785d8aea0148f417cef61143411b24f393da3b04c8726e8	2011-11-17 21:23:36	223	892	1	0	0	0	1	1	8085106000	198.8936	8085106000	198.8936	0	0	0	0	0	0	0
153743	b86ce90949304a9c628a9768f2f99d9f1fea3cdf8b6a5e2d9f04eb9d49485acc	2011-11-17 21:23:36	258	1032	1	0	0	0	1	2	3656236425	89.9434	3656236425	89.9434	0	0	0	0	0	0	0
153743	8a17dd81f0bcd6d520c24bcfba0da2a50cf5104b436deb5844a81eaf46b2c6d7	2011-11-17 21:23:36	258	1032	1	0	0	0	1	2	3567150000	87.7519	3567150000	87.7519	0	0	0	0	0	0	0
153743	2a8c0127f318c981d0d28b46158ec0a46398247f87f6c8c54c8675720fb7bf68	2011-11-17 21:23:36	259	1036	1	0	0	0	1	2	3476162288	85.5136	3476162288	85.5136	0	0	0	0	0	0	0
153743	e95e08e773411ebfa375d7e7e54ffa1e91f1d9a568b5812ba1903ff7d7d926c5	2011-11-17 21:23:36	257	1028	1	0	0	0	1	2	3325700000	81.8122	3325700000	81.8122	0	0	0	0	0	0	0
153743	8ae8ed63ac18d81d56c62315548428fc28b9898fd200994e91a62a415a9dacad	2011-11-17 21:23:36	258	1032	1	0	0	0	1	2	3253200000	80.0287	3253200000	80.0287	0	0	0	0	0	0	0
153743	9b57e803c11e0be0878a2af4748cb12de2617cb35f5112a7cea3d8c5bc4968f9	2011-11-17 21:23:36	259	1036	1	0	0	0	1	2	3253543902	80.0372	3253543902	80.0372	0	0	0	0	0	0	0
153743	84e8d21861d21dee403a97f6ab8843d90ef3c38744b3397b69d06f6fc5ccde02	2011-11-17 21:23:36	404	1616	1	0	0	0	2	1	290050000	7.1352	290000000	7.134	50000	0.0012	123762	0.003	30940.6	0.0008	0.032199351851852
153743	a428158ca434cae7d0a83d3995f7edc9d8d2fed9068cac12eb07b11bf0da716b	2011-11-17 21:23:36	978	3912	1	0	0	0	5	2	366482300	9.0155	366382300	9.013	100000	0.0025	102249	0.0025	25562.4	0.0006	0
153744	1f9e0e34cf871987feac0dd640941f041753fa3c8eea9e0efe49a1e1484874fa	2011-11-17 21:31:26	179	716	1	0	1	0	1	1	0	0	5002143448	123.0527	0	0	0	0	0	0	0
153744	b465088d536bfe5f953803ad2b5cb450c1d318ebab2fe2b14a13b8a6018cba1f	2011-11-17 21:31:26	258	1032	1	0	0	0	1	2	898000000	22.0908	898000000	22.0908	0	0	0	0	0	0	1127.2600236111
153744	86bc2dc0291ceedff2c02fba2cbf81d942083b5bb7eba38d39321413caec84d3	2011-11-17 21:31:26	258	1032	1	0	0	0	1	2	10000000000	246	10000000000	246	0	0	0	0	0	0	1077.4884259259
153744	c6d3b637bd8bb336a3535c421e1e831dbb74c4e82062cbd39b8292ac97088a49	2011-11-17 21:31:26	617	2468	1	0	0	0	3	2	1375318600	33.8328	1375318600	33.8328	0	0	0	0	0	0	804.28126157407
153744	c3ec6e01f882a3639ad8bbda315f82972766bd18f6c0116edcb9540fa01f3080	2011-11-17 21:31:26	438	1752	1	0	0	0	2	2	838981624879	20638.9492	838981624879	20638.9492	0	0	0	0	0	0	0
153744	b0fc0db04f36a4e2e5fb0214474a3c53ecc0a468bce81fbb6188905b292c08ae	2011-11-17 21:31:26	258	1032	1	0	0	0	1	2	798000000	19.6308	798000000	19.6308	0	0	0	0	0	0	303.34926319444
153744	4659dd11118ea77f4748340701b787502f92fc122a5dbbbb53c4c3b027169f74	2011-11-17 21:31:26	258	1032	1	0	0	0	1	2	8550000000	210.33	8550000000	210.33	0	0	0	0	0	0	92.983229166667
153744	bf05b92cd074d77640cff995630898d304156b63a94c563538533c60be417b21	2011-11-17 21:31:26	258	1032	1	0	0	0	1	2	1980000000	48.708	1980000000	48.708	0	0	0	0	0	0	78.013833333333
153744	83273c84269aba42bd33fc167766a0c1e332e39c7cad12aa2d1096a3633f80a1	2011-11-17 21:31:26	159	636	1	0	0	0	1	1	5003300000	123.0812	5003300000	123.0812	0	0	0	0	0	0	33.176395868056
153744	084e959b506f2beb543fa125f8872e9daa53bc4403bb689c81d9a182da0e9940	2011-11-17 21:31:26	225	900	1	0	0	0	1	1	5200000000	127.92	5200000000	127.92	0	0	0	0	0	0	0
153744	762d081aa411e8e11b7c24f3b21251f294c00f90a22f1c8335ef4c0b54b53656	2011-11-17 21:31:26	798	3192	1	0	0	0	4	2	1204179070	29.6228	1204179070	29.6228	0	0	0	0	0	0	31.779722222222
153744	ba425037dd7e2c7e0b66141845506bf1433c6085d9a6a3993546f7a2f345ed90	2011-11-17 21:31:26	584	2336	1	0	0	0	3	1	786000000	19.3356	786000000	19.3356	0	0	0	0	0	0	17.975958101852
153744	0a070dc8fa4f3cc651c057bb84afdfd01a3a4a5bf2d8ea3d023dbcbd79e1a0aa	2011-11-17 21:31:26	979	3916	1	0	0	0	5	2	1209000000	29.7414	1209000000	29.7414	0	0	0	0	0	0	16.983250115741
153744	05c72445ff52bd09f9ebbc899657d6f35519648da104ebf841b8076433b932df	2011-11-17 21:31:26	797	3188	1	0	0	0	4	2	2722525493	66.9741	2722525493	66.9741	0	0	0	0	0	0	0
153744	f7772b5ec65ab2ec217ff97469bb05e80dfb38dfc7b65b0c353328fd6e583458	2011-11-17 21:31:26	436	1744	1	0	0	0	2	2	535698600	13.1782	535648600	13.177	50000	0.0012	114679	0.0028	28669.7	0.0007	7.1805555555556
153744	5d64e530c7b6ceaff679fec8664c9b3be96447545d4126c2521dd89e991b5f8d	2011-11-17 21:31:26	439	1756	1	0	0	0	2	2	101000000	2.4846	101000000	2.4846	0	0	0	0	0	0	6.1681481481481
153744	26b9ef2a7c95aa3ca511c1cdd386f030174d8861474b6f330e257922079589e4	2011-11-17 21:31:26	406	1624	1	0	0	0	2	1	400000000	9.84	400000000	9.84	0	0	0	0	0	0	3.7323379629630002
153744	4aee597be24f640ff5f71ee568e3ba94f4fc12e677349619758351e6d553cbc3	2011-11-17 21:31:26	257	1028	1	0	0	0	1	2	1295520000	31.8698	1295520000	31.8698	0	0	0	0	0	0	0
153744	7c7e038d82b3ede931a3e12364528977e80500e055d39d0ba4f0ff2734e35c63	2011-11-17 21:31:26	257	1028	1	0	0	0	1	2	4876200000	119.9545	4876200000	119.9545	0	0	0	0	0	0	0
153744	357004bdee28a8b9df7364ce6218ec80622ff7d0765445d577b1cf5d9ff46348	2011-11-17 21:31:26	978	3912	1	0	0	0	5	2	8305822400	204.3232	8305822400	204.3232	0	0	0	0	0	0	0
153744	3325139e2e961355cc152618d9a114f94b12c3c1bc601025f8d50072da1cd432	2011-11-17 21:31:26	258	1032	1	0	0	0	1	2	1259000000	30.9714	1258950000	30.9702	50000	0.0012	193798	0.0048	48449.6	0.0012	0
153744	99661ea4893ee18c221dff2cdb733b88822244fdb4512783d6c663d2bd0542ea	2011-11-17 21:31:26	257	1028	1	0	0	0	1	2	3844250000	94.5686	3844200000	94.5673	50000	0.0012	194553	0.0048	48638.1	0.0012	0
153744	ceaf0c8057ffe290ec02ce5b5f4343fc462f3497f607dd724fd9a5d0b52f916b	2011-11-17 21:31:26	1792	7168	1	0	0	0	8	10	49602619	1.2202	49452619	1.2165	150000	0.0037	83705.4	0.0021	20926.3	0.0005	2.703461357465
153744	425421ef57d5a864a75dae6ab7771c604a8b389cab12108f7910f80392818f9f	2011-11-17 21:31:26	224	896	1	0	0	0	1	1	1425000000	35.055	1424000000	35.0304	1000000	0.0246	4464290	0.1098	1116070	0.0275	0
153744	fd141fdf8266257951dc19590b2c25263266c9bd7861d67cd2f3fd00a22e6543	2011-11-17 21:31:26	437	1748	1	0	0	0	2	2	40000000	0.984	39950000	0.9828	50000	0.0012	114416	0.0028	28604.1	0.0007	0.22142361111111
153744	353207dc7a89e4f67fc8751e4fa1f44e005a936249b5baa563d1e8ca38e00d0a	2011-11-17 21:31:26	764	3056	1	0	0	0	4	1	30593448	0.7526	30000000	0.738	593448	0.0146	776764	0.0191	194191	0.0048	0.44682296077523
153744	23bab8ad125f3893fa222863ee823c2fe65345ee128c1f9b34704746fc86cdad	2011-11-17 21:31:26	257	1028	1	0	0	0	1	2	250000000	6.15	249950000	6.1488	50000	0.0012	194553	0.0048	48638.1	0.0012	0
153744	e6043bbc14201a1b244ae48e65bbc0cc7a8dc7a02646aa413f5c45de807d3d83	2011-11-17 21:31:26	258	1032	1	0	0	0	1	2	641713748	15.7862	641663748	15.7849	50000	0.0012	193798	0.0048	48449.6	0.0012	0
153744	626dabba3160b8402cea340e5449dbd9be4c3388d3b722ed20a4b23a8eacd5ae	2011-11-17 21:31:26	439	1756	1	0	0	0	2	2	356290000	8.7647	356240000	8.7635	50000	0.0012	113895	0.0028	28473.8	0.0007	0
153744	d700462f2ea22ac0d665d0cf89f34b811241c0b2366595f1e15ff170d313bda9	2011-11-17 21:31:26	796	3184	1	0	0	0	4	2	209616204	5.1566	209566204	5.1553	50000	0.0012	62814.1	0.0015	15703.5	0.0004	0
153745	622d6d8f1595d59248b03808928a6684e8aeab29badae5ee790c4e9e2fd3384d	2011-11-17 21:31:50	181	724	1	0	1	0	1	1	0	0	5000000000	123	0	0	0	0	0	0	0
153745	0f53e039c505643804aea895dc0af25dfe3c45b23e7fab15523471f88cff0302	2011-11-17 21:31:50	259	1036	1	0	0	0	1	2	3746350000	92.1602	3746350000	92.1602	0	0	0	0	0	0	0
153745	9a6a5a160b778c826e3801269665deddd98d1de9dbb01196b2499b852ade8738	2011-11-17 21:31:50	438	1752	1	0	0	0	2	2	2233290000	54.9389	2233290000	54.9389	0	0	0	0	0	0	0
153745	79187ece5ef4b0e8dfdf9a48b51b3b1b15fdeced6465eba91395fdf2aec7c949	2011-11-17 21:31:50	258	1032	1	0	0	0	1	2	1285738592	31.6292	1285738592	31.6292	0	0	0	0	0	0	0
153745	250c061fd479fdf6c4342f5c6653a8b9d710285692f5d20f4f10e2f616eb7770	2011-11-17 21:31:50	259	1036	1	0	0	0	1	2	3195200000	78.6019	3195200000	78.6019	0	0	0	0	0	0	0
153745	cfb5481cd17dc4f13c59aac70e3f7a7fe41d01a13e053d7facdce724e5a45fb7	2011-11-17 21:31:50	258	1032	1	0	0	0	1	2	280000000	6.888	280000000	6.888	0	0	0	0	0	0	0
153745	23d86459bdb18e93e6dddbf1a73d74ab0293b55fdb8bc6f4950b3ff3979663d9	2011-11-17 21:31:50	1339	5356	1	0	0	0	7	2	506007207	12.4478	506007207	12.4478	0	0	0	0	0	0	0
153746	c5924b99ae2bab82621daafb327d698913b59b8f4b8b26265a4e2fc670bff0e5	2011-11-17 22:12:25	134	536	1	0	1	0	1	1	0	0	5003522355	123.0867	0	0	0	0	0	0	0
153746	6eb63eb2ef00b19e8ccb7d0005994e091e4192f2ef946cde561054a8845bd668	2011-11-17 22:12:25	800	3200	1	0	0	0	4	2	49935958754922	1228424.625	49935958754922	1228424.625	0	0	0	0	0	0	18.763441319444
153746	88582ccb17755abe5002ef18aee885d8becf71e36d4167e6562c53562fbef5c6	2011-11-17 22:12:25	404	1616	1	0	0	0	2	1	10999000000	270.5754	10998000000	270.5508	1000000	0.0246	2475250	0.0609	618812	0.0152	15746.690982755
153746	5e49281a9800d2e47e24597d87fcd0b96d98b2ac9410c1b424b364e734acdd4e	2011-11-17 22:12:25	258	1032	1	0	0	0	1	2	12191800000	299.9183	12191750000	299.9171	50000	0.0012	193798	0.0048	48449.6	0.0012	2531.8008338194
153746	302944b945a4afc74c38fad2c39c49651304d4552e3e3a2b4dd849a4834f5cee	2011-11-17 22:12:25	1339	5356	1	0	0	0	7	2	7600000712	186.96	7600000712	186.96	0	0	0	0	0	0	7115.0661475475
153746	b053996aa70e05916753a7719f0ecdc47fd08caa0ff1e643c782238e9e9de8b1	2011-11-17 22:12:25	796	3184	1	0	0	0	4	2	821872877704	20218.0723	821872877704	20218.0723	0	0	0	0	0	0	0.57023569678785
153746	a955285cf5f2e1469e42c0871cb2881a21f201b1c49adb656a5a09851ab1c375	2011-11-17 22:12:25	257	1028	1	0	0	0	1	2	8000000000	196.8	8000000000	196.8	0	0	0	0	0	0	572.95555555556
153746	cc61fb851e063c5ede84ed59d098e82e5d99c42c62b98a285f686a2b0e66fab3	2011-11-17 22:12:25	1156	4624	1	0	0	0	6	2	6000000000	147.6	6000000000	147.6	0	0	0	0	0	0	2280.5586805556
153746	c1d3e5e4c0e01d1265d6df60f6974bb08567173ad8f3db8c0b5f7868d1d673d5	2011-11-17 22:12:25	258	1032	1	0	0	0	1	2	10500000000	258.3	10500000000	258.3	0	0	0	0	0	0	431.03107638889
153746	0a92a7e0dccf3f47c7ecbc74e045b1bb5b0b9af66805a1fc88a5707b4fa091b9	2011-11-17 22:12:25	438	1752	1	0	0	0	2	2	672870554073	16552.6152	672870554073	16552.6152	0	0	0	0	0	0	0
153746	4efb38ab91953ec6bc3e1016daeb1f9dbe84be8667bdad06460c006e082e3d66	2011-11-17 22:12:25	618	2472	1	0	0	0	3	2	3121067300	76.7783	3121067300	76.7783	0	0	0	0	0	0	433.31122850694
153746	c3b0cce2e2733caee764d3cf11c942957698daa88500ff1d9418fdc91e425c8e	2011-11-17 22:12:25	621	2484	1	0	0	0	3	2	8734954800	214.8799	8734954800	214.8799	0	0	0	0	0	0	419.77244336806
153746	4c7b40a94f6458ead4c1488ed2d0bc36e31676d832e7783daaacc3f072175b13	2011-11-17 22:12:25	437	1748	1	0	0	0	2	2	2252300000	55.4066	2252300000	55.4066	0	0	0	0	0	0	294.14762630787
153746	e3ae7c26d88d63a4ee384b879a5579d2149bb8c1197b628a4cb512a3482db98a	2011-11-17 22:12:25	800	3200	1	0	0	0	4	2	766571890721	18857.668	766571890721	18857.668	0	0	0	0	0	0	0
153746	35117480c6ec752ad8ac38d41b16d5408ef30753da0436d65d391e660e7fbbca	2011-11-17 22:12:25	257	1028	1	0	0	0	1	2	500000000	12.3	500000000	12.3	0	0	0	0	0	0	182.84415509259
153746	90358e22d91e48f9866d401544f522f02e8a94a0f3b57f845dea72911ec937a3	2011-11-17 22:12:25	617	2468	1	0	0	0	3	2	9654754769	237.507	9654754769	237.507	0	0	0	0	0	0	245.96321464468
153746	2e7d21915cdc2b6ec77ca2b836800bf7c4abe437a374f09c3dcf6fc4fbef04df	2011-11-17 22:12:25	618	2472	1	0	0	0	3	2	22802000000	560.9292	22802000000	560.9292	0	0	0	0	0	0	216.84269375
153746	f3687081f326f75581423d47b471ea3e8e0b90e975f4ccc4acbd269d735a6150	2011-11-17 22:12:25	618	2472	1	0	0	0	3	2	5694008700	140.0726	5694008700	140.0726	0	0	0	0	0	0	208.21547614745
153746	dd6b99e2fbfd254266fc7cb59228707998512b0446eb5c95c79c3d4007413892	2011-11-17 22:12:25	159	636	1	0	0	0	1	1	5000050000	123.0012	5000050000	123.0012	0	0	0	0	0	0	34.89849712963
153746	2799e1b788242e9dc9bbdffdcda44f6903067a8a1cb4b588c5e9d44c6cf29dd4	2011-11-17 22:12:25	159	636	1	0	0	0	1	1	5000000000	123	5000000000	123	0	0	0	0	0	0	34.116319444444
153746	bef29f7b265a34f32414e6eb351980ef3fc21d320020fd29a53573ca04387bb3	2011-11-17 22:12:25	436	1744	1	0	0	0	2	2	4785815700	117.7311	4785815700	117.7311	0	0	0	0	0	0	79.835550243056
153746	d96bf46fb97966a74b6d80a6f82116db981b58f9da41db967c65e54ee3a35619	2011-11-17 22:12:25	440	1760	1	0	0	0	2	2	7797692000	191.8232	7797692000	191.8232	0	0	0	0	0	0	77.493675512037
153746	8efaee47d1c0f99f5fefd9e845afecee2072a9eb104444ee13aaae631596ac37	2011-11-17 22:12:25	258	1032	1	0	0	0	1	2	18964000000	466.5144	18963950000	466.5132	50000	0.0012	193798	0.0048	48449.6	0.0012	0
153746	ffb7221641967f0d7c7647db9d865604bfad5af71ee73c06125b083a894141c4	2011-11-17 22:12:25	258	1032	1	0	0	0	1	2	5001811000	123.0446	5001811000	123.0446	0	0	0	0	0	0	43.775108862963
153746	955dee2ee28882644db85fea0ca6a7109e1495ca63b546d7bc0549361fa95947	2011-11-17 22:12:25	224	896	1	0	0	0	1	1	10000000000	246	10000000000	246	0	0	0	0	0	0	0
153746	7129d62a41ed24fde14418c694839c4880e846ec9728f78269883fe9c6124d28	2011-11-17 22:12:25	1484	5936	1	0	0	0	8	1	567355311	13.9569	567305311	13.9557	50000	0.0012	33692.7	0.0008	8423.18	0.0002	194.94213750401
153746	561ba66b78fe703f4ae73eac9e40facafca60f44382b86108e3424d8b285b271	2011-11-17 22:12:25	370	1480	1	0	0	0	2	2	5001802210	123.0443	5001802210	123.0443	0	0	0	0	0	0	40.709723307093
153746	3f631d0c8aa0ea6a92c814256e098aae2b8c45ca8a627cd196f6b1dc20e504dc	2011-11-17 22:12:25	258	1032	1	0	0	0	1	2	6982310000	171.7648	6982310000	171.7648	0	0	0	0	0	0	0
153746	98a14a0d0001906e4b3b92539e9ad48bf8d1cb634c88d71a5a87af754f111c64	2011-11-17 22:12:25	258	1032	1	0	0	0	1	2	5000000000	123	5000000000	123	0	0	0	0	0	0	0
153746	331b1b0b9e2ec2e2ac645bbd37ace9069e4389b3d4d06ad0338a1e2fea4f17fa	2011-11-17 22:12:25	259	1036	1	0	0	0	1	2	4974429600	122.371	4974429600	122.371	0	0	0	0	0	0	0
153746	a0594c690d5919ab9edd7b79e676182f9f5e34b471f0a1bb084d5ae9eaa11592	2011-11-17 22:12:25	258	1032	1	0	0	0	1	2	4905734565	120.6811	4905734565	120.6811	0	0	0	0	0	0	0
153746	f3e37c24415d77eb587ed2049c61f82f83d1c5c9d837a2004f72c553c9fc9c44	2011-11-17 22:12:25	258	1032	1	0	0	0	1	2	4881287577	120.0797	4881287577	120.0797	0	0	0	0	0	0	0
153746	493d59ec2e74d6fffcd47bbd19c4c78b05a4695c258eacf30996bbe0a241aa46	2011-11-17 22:12:25	258	1032	1	0	0	0	1	2	4794898556	117.9545	4794898556	117.9545	0	0	0	0	0	0	0
153746	278802f49b25651f09c5947ea94796440f8458d9e825f898f2ca34e44232edfe	2011-11-17 22:12:25	257	1028	1	0	0	0	1	2	4646883767	114.3133	4646883767	114.3133	0	0	0	0	0	0	0
153746	2032fea1e31f28092d4e5b9f6af68ece453b4ce403a1d75a068607008a8d8f48	2011-11-17 22:12:25	257	1028	1	0	0	0	1	2	4525804032	111.3348	4525804032	111.3348	0	0	0	0	0	0	0
153746	d431241bdac1a62291b2c5d5c53297a3585760689d41d45eba5d43bcffc73e5f	2011-11-17 22:12:25	258	1032	1	0	0	0	1	2	4508813335	110.9168	4508813335	110.9168	0	0	0	0	0	0	0
153746	087a84925a96de670b3ff97b68fc09d6c6b3db9951f3439817a68a0ace46e9a5	2011-11-17 22:12:25	258	1032	1	0	0	0	1	2	4330565083	106.5319	4330565083	106.5319	0	0	0	0	0	0	0
153746	360c1c793ed9d1c523746a57185629a3f48b99d6d909b20661e19656bd4185b1	2011-11-17 22:12:25	258	1032	1	0	0	0	1	2	4188833473	103.0453	4188833473	103.0453	0	0	0	0	0	0	0
153746	960de126e0114c1afb55ebbd9dc3479197f438467f7931d8a579416c66215e54	2011-11-17 22:12:25	616	2464	1	0	0	0	3	2	4547450000	111.8673	4547450000	111.8673	0	0	0	0	0	0	38.26117643287
153746	d0ce7180b0b9632d0e4975645d1e0c6e6bcc993cb337e5a1005af7c306ce86eb	2011-11-17 22:12:25	225	900	1	0	0	0	1	1	2188000000	53.8248	2188000000	53.8248	0	0	0	0	0	0	0
153746	148b00da72ac2bf2105b3e43ea599c4fddc2708982f4cb7b3e9026cdee98da0c	2011-11-17 22:12:25	619	2476	1	0	0	0	3	2	2546930000	62.6545	2546880000	62.6532	50000	0.0012	80775.4	0.002	20193.9	0.0005	32.440058797454
153746	1083548a88402b4a5ca8a75f14c10a669e28d19bdd94819aabf741ca7e845f1b	2011-11-17 22:12:25	438	1752	1	0	0	0	2	2	6537500000	160.8225	6537500000	160.8225	0	0	0	0	0	0	17.646905381944
153746	7cbb0e35d7ee46d0ea66a472b1bbd08eb4b30cb557bc16fddc163f212b5c3f05	2011-11-17 22:12:25	798	3192	1	0	0	0	4	2	49510638978	1217.9618	49510638978	1217.9618	0	0	0	0	0	0	3.0849088595458
153746	9d40f71c4cd64ef0a7f00eb6a7a908babcc1f2e13add61eb0f94f362caaa6f72	2011-11-17 22:12:25	616	2464	1	0	0	0	3	2	22447968400	552.22	22447968400	552.22	0	0	0	0	0	0	9.2625347222222
153746	ea9f4ed1be1bfcee647d9b3f5a7c5fd84c8ba832d30f7932ca0134fe2e374875	2011-11-17 22:12:25	439	1756	1	0	0	0	2	2	2743042836	67.4789	2743042836	67.4789	0	0	0	0	0	0	15.225034736936
153746	43503f5cf98189d62ab998afe939f6b57ecc3cfb5c55d751d8a45fb7257bc2a2	2011-11-17 22:12:25	618	2472	1	0	0	0	3	2	10427774869	256.5233	10427774869	256.5233	0	0	0	0	0	0	0
153746	ec265d48dc777c95fc563b553ad9222952be53caa8067374c2fbd44362c4b1a2	2011-11-17 22:12:25	799	3196	1	0	0	0	4	2	35868529692	882.3658	35868529692	882.3658	0	0	0	0	0	0	0
153746	274cccf1cf30e406eb1229e93ee1bc5af7cdf5f6a6de2eabf7d8feb955b5c7c5	2011-11-17 22:12:25	258	1032	1	0	0	0	1	2	13226800000	325.3793	13226800000	325.3793	0	0	0	0	0	0	0
153746	27eee846ea5cd3b3d695221afeaf44d02b4f407600586201b82adf2269d33e08	2011-11-17 22:12:25	225	900	1	0	0	0	1	1	16600000000	408.36	16600000000	408.36	0	0	0	0	0	0	0
153746	c041f0457940915b4f308a149bb853af922aefe3dd16e8ab91b9b5896c231b46	2011-11-17 22:12:25	797	3188	1	0	0	0	4	2	3841942641	94.5118	3841842641	94.5093	100000	0.0025	125471	0.0031	31367.6	0.0008	14.741828972544
153746	ab611fec5f327f245f8e8dd8e26ce6c8e21a075550be0030f54577fce6fb37a2	2011-11-17 22:12:25	1338	5352	1	0	0	0	7	2	201941801	4.9678	201941801	4.9678	0	0	0	0	0	0	34.721109706469
153746	d6b569e75b8054378b28df628e7f9266a2458934e3bcf69921acc68d3274eb67	2011-11-17 22:12:25	257	1028	1	0	0	0	1	2	8085106000	198.8936	8085106000	198.8936	0	0	0	0	0	0	0
153746	1bd407a2c3c010818ed5a3272d9b6a04cf294303322915384b550dfd50d5592e	2011-11-17 22:12:25	437	1748	1	0	0	0	2	2	305650786	7.519	305150786	7.5067	500000	0.0123	1144160	0.0281	286041	0.007	8.3481180798334
153746	76b4cb1fe97781862adb9a21a41a9580e16ddf57beeec37d4a3aa807b6df0303	2011-11-17 22:12:25	258	1032	1	0	0	0	1	2	2099783332	51.6547	2099766664	51.6543	16668	0.0004	64604.7	0.0016	16151.2	0.0004	0
153746	f4763443fc5c86ee3f6ae76f5ee607dee16bdc8df961ccb3f8b823c16243308b	2011-11-17 22:12:25	258	1032	1	0	0	0	1	2	6270213000	154.2472	6270213000	154.2472	0	0	0	0	0	0	0
153746	72e45cbb3fb3d59698346094e871deac05e5948ce32fb0cd6ec600d3bc7bbf80	2011-11-17 22:12:25	259	1036	1	0	0	0	1	2	2992950000	73.6266	2992900000	73.6253	50000	0.0012	193050	0.0047	48262.5	0.0012	0
153746	2322a6fd9691d2c649e7033417f8f0021c0b377bc3e68c49d911acd954a55d2d	2011-11-17 22:12:25	257	1028	1	0	0	0	1	2	2284922327	56.2091	2284872327	56.2079	50000	0.0012	194553	0.0048	48638.1	0.0012	0
153746	f8f528dc3ac27701b74d2783431064cb20d423a61da8d4b581c1e8243461bbb1	2011-11-17 22:12:25	258	1032	1	0	0	0	1	2	1650000000	40.59	1649950000	40.5888	50000	0.0012	193798	0.0048	48449.6	0.0012	0
153746	dac502420aed0de4613d741bb01c2058f8a8f98d89fddb2067eb92f3e6624ab9	2011-11-17 22:12:25	257	1028	1	0	0	0	1	2	1388800000	34.1645	1388750000	34.1632	50000	0.0012	194553	0.0048	48638.1	0.0012	0
153746	49f906bbd6df644534d81a44e54054ad9a345ba79c395d5cdadd75bf21385adc	2011-11-17 22:12:25	258	1032	1	0	0	0	1	2	1400000000	34.44	1399950000	34.4388	50000	0.0012	193798	0.0048	48449.6	0.0012	0
153746	7e2cff98d78bffe33aa3c3e67c69f90eda865202fb596c66c86184707c56eeb9	2011-11-17 22:12:25	798	3192	1	0	0	0	4	2	136921576	3.3683	136821576	3.3658	100000	0.0025	125313	0.0031	31328.3	0.0008	1.8469893556692
153746	2bf0c4f253a1db38bc9062fe63345515f6c990c42d38fda444d106db49c26a06	2011-11-17 22:12:25	259	1036	1	0	0	0	1	2	1782000000	43.8372	1781950000	43.836	50000	0.0012	193050	0.0047	48262.5	0.0012	0
153746	9e36d5c2c27aa4001ffd438e6b9bc665a60078d4902fce4cc29fb1116120d2f7	2011-11-17 22:12:25	258	1032	1	0	0	0	1	2	692644382	17.0391	692594382	17.0378	50000	0.0012	193798	0.0048	48449.6	0.0012	0
153746	2b53cbf273972596ac8644ec046bf08348d736b8abc1ea6a0192a8650047f88c	2011-11-17 22:12:25	257	1028	1	0	0	0	1	2	3843700000	94.555	3843650000	94.5538	50000	0.0012	194553	0.0048	48638.1	0.0012	0
153746	09b0e45d379fc34e1c8afa1fea890f579ec38d26cd184708e97127a69240d3af	2011-11-17 22:12:25	257	1028	1	0	0	0	1	2	693000000	17.0478	692900000	17.0453	100000	0.0025	389105	0.0096	97276.3	0.0024	0
153746	f53e66ebda29e307bd074612a1115151e97d835bd0aea8d7def5ed32d6c1f1ae	2011-11-17 22:12:25	258	1032	1	0	0	0	1	2	1154000000	28.3884	1153950000	28.3872	50000	0.0012	193798	0.0048	48449.6	0.0012	0
153746	fe50fa66617fc07d535bf733ffd5cc162c6e496f14b5ca8058844d83ac33a9e9	2011-11-17 22:12:25	258	1032	1	0	0	0	1	2	920136581	22.6354	920086581	22.6341	50000	0.0012	193798	0.0048	48449.6	0.0012	0
153746	b31bb6f4ddb556110cd4705ce76062eb096f58369b26720fa8c56e16792b42cd	2011-11-17 22:12:25	800	3200	1	0	0	0	4	2	5473800000	134.6555	5473750000	134.6543	50000	0.0012	62500	0.0015	15625	0.0004	0
153746	b19df6807f2275eeb064deb016263d190bcd74f8b12afe91bebb75d610a5c868	2011-11-17 22:12:25	258	1032	1	0	0	0	1	2	625109218	15.3777	625059218	15.3765	50000	0.0012	193798	0.0048	48449.6	0.0012	0
153746	ff669b90f774ac996251572c1b1618591e76d5e4cc789e3eb093f5ca9d1a7241	2011-11-17 22:12:25	437	1748	1	0	0	0	2	2	158201492	3.8918	158151492	3.8905	50000	0.0012	114416	0.0028	28604.1	0.0007	0
153746	bb97403a188e329ee1ca86d46f483d958cd64422074ecff86ebc56edd9b911b4	2011-11-17 22:12:25	259	1036	1	0	0	0	1	2	239058202	5.8808	239008202	5.8796	50000	0.0012	193050	0.0047	48262.5	0.0012	0
153746	bc8dc3e3cc71c8bbf1c858595231e8c3ad19a03258515ca958a58c8b020721e3	2011-11-17 22:12:25	258	1032	1	0	0	0	1	2	44623953	1.0977	44573953	1.0965	50000	0.0012	193798	0.0048	48449.6	0.0012	0
153746	8de6a8dffc9522ecbc97a21f427fa1e2ec4e8d3a2df94329af52ca2d12994d02	2011-11-17 22:12:25	259	1036	1	0	0	0	1	2	559963748	13.7751	559913748	13.7739	50000	0.0012	193050	0.0047	48262.5	0.0012	0
153746	2fbce849f8bbfb4934a29e7cc70b848847545c95cc848733a29a684237f94bd0	2011-11-17 22:12:25	437	1748	1	0	0	0	2	2	29100000	0.7159	29050000	0.7146	50000	0.0012	114416	0.0028	28604.1	0.0007	0
153746	3a1a2021ffb6fb20dad1c5e8aa327dc8056ee494ff67c5ee8d21a4b34b584422	2011-11-17 22:12:25	438	1752	1	0	0	0	2	2	1650000	0.0406	1600000	0.0394	50000	0.0012	114155	0.0028	28538.8	0.0007	0.071906545138889
153746	c7a65df112b620cb0ca1acd1dcc747972ff72f56797cd1f4fff33be481e19d10	2011-11-17 22:12:25	258	1032	1	0	0	0	1	2	16000000	0.3936	15950000	0.3924	50000	0.0012	193798	0.0048	48449.6	0.0012	0
153746	eb8f950a7261386385cb54a131941678e1f19160aa9363d3c3773a7b3fc01a81	2011-11-17 22:12:25	583	2332	1	0	0	0	3	1	7000000	0.1722	6950000	0.171	50000	0.0012	85763.3	0.0021	21440.8	0.0005	0.054614699074074
153746	0273e5db2062c8c0db4cd66a77aa9efe0ca1348aae97df86a241e5d2bd3f41a9	2011-11-17 22:12:25	439	1756	1	0	0	0	2	2	21161534	0.5206	21111534	0.5193	50000	0.0012	113895	0.0028	28473.8	0.0007	0
153746	47cddee088108c43860dc90e50b0b6231f9243b5cce545882f7ca238ff417213	2011-11-17 22:12:25	225	900	1	0	0	0	1	1	1055687	0.026	1000000	0.0246	55687	0.0014	247498	0.0061	61874.4	0.0015	0
153746	76c01be69433c2d6a9553733ff9c0e08ddd77a9ef16071eb9248d9cd8e4ea5b7	2011-11-17 22:12:25	292	1168	1	0	0	0	1	3	3843150000	94.5415	3843100000	94.5403	50000	0.0012	171233	0.0042	42808.2	0.0011	0
153746	9254d7f8107464ad1dc95f0c04955c9841731e9770c8fb874ba68ab4332e895b	2011-11-17 22:12:25	259	1036	1	0	0	0	1	2	513179002	12.6242	513129002	12.623	50000	0.0012	193050	0.0047	48262.5	0.0012	0
153746	1e587012037db1d588ae4edff510c48d74183f5c9d6635ab67c5911756472f33	2011-11-17 22:12:25	259	1036	1	0	0	0	1	2	3842100000	94.5157	3842050000	94.5144	50000	0.0012	193050	0.0047	48262.5	0.0012	0
153746	80a8f83179f7af207c775c2a8ccb686959f4bff225c743d00276b59a1eeff3d0	2011-11-17 22:12:25	258	1032	1	0	0	0	1	2	476441424	11.7205	476391424	11.7192	50000	0.0012	193798	0.0048	48449.6	0.0012	0
153746	05abac62162fe17e8070076bbce1013a97a29e03dd5410b986bb0cc2552eb7b8	2011-11-17 22:12:25	257	1028	1	0	0	0	1	2	3841550000	94.5021	3841500000	94.5009	50000	0.0012	194553	0.0048	48638.1	0.0012	0
153746	c755ecb0d6742d07e8b35144faaaf4120c04311c168e88c04efa65cf64652b5d	2011-11-17 22:12:25	257	1028	1	0	0	0	1	2	437661154	10.7665	437611154	10.7652	50000	0.0012	194553	0.0048	48638.1	0.0012	0
153746	7a6ea76e7998a30129427545df5f5834da79aee8537af4c6438b2e0a93bd0211	2011-11-17 22:12:25	257	1028	1	0	0	0	1	2	403529154	9.9268	403479154	9.9256	50000	0.0012	194553	0.0048	48638.1	0.0012	0
153746	1c58d4192168a082df98cb8c34868187ca8b099dffc009ec4f27e0699b44af10	2011-11-17 22:12:25	257	1028	1	0	0	0	1	2	324629154	7.9859	324579154	7.9846	50000	0.0012	194553	0.0048	48638.1	0.0012	0
153747	95710ca85ff6fbb356aeb57bd1df0c95f7bdaa1e0115f799e63dfcd6bf453583	2011-11-17 22:18:25	135	540	1	0	1	0	1	1	0	0	5001085909	123.0267	0	0	0	0	0	0	0
153747	7f55f818ade0d482d0906e75ed54f7ba6bbf78a9a3ce2a257f8cfba35a87fdf8	2011-11-17 22:18:25	258	1032	1	0	0	0	1	2	5410030560	133.0867	5410030560	133.0867	0	0	0	0	0	0	638.20828101556
153747	70050aafcf87fc40efcecaac5e31f341427380627d78d5026a568e6750e2b652	2011-11-17 22:18:25	259	1036	1	0	0	0	1	2	500000000	12.3	500000000	12.3	0	0	0	0	0	0	510.20601851852
153747	754bb24f4bdecdbc7aead6998867b2b9eeec67258dbc72395d74dac977c7acfa	2011-11-17 22:18:25	259	1036	1	0	0	0	1	2	500000000	12.3	500000000	12.3	0	0	0	0	0	0	431.01059027778
153747	391a911172d0f29b607100ca13d40eafffc59f4e42a0a37273991ed057cd29f0	2011-11-17 22:18:25	259	1036	1	0	0	0	1	2	500000000	12.3	500000000	12.3	0	0	0	0	0	0	320.90769675926
153747	a1ad6d98dcfd661e8d0e1ac791c50598436c516cd6570e8bf99824ac97610a73	2011-11-17 22:18:25	259	1036	1	0	0	0	1	2	5002010000	123.0494	5002010000	123.0494	0	0	0	0	0	0	133.48766825694
153747	ab6872ab9b52cd78e3f2d297ea51c356ebaba4868d63f01effac199d04d6e055	2011-11-17 22:18:25	258	1032	1	0	0	0	1	2	9990000000	245.754	9990000000	245.754	0	0	0	0	0	0	101.68409375
153747	947e9abc686e0fb9e0b7364acf127d248c8d933614beaaca73812e9852e5ae8d	2011-11-17 22:18:25	257	1028	1	0	0	0	1	2	5001700000	123.0418	5001700000	123.0418	0	0	0	0	0	0	75.123913078704
153747	5f9930daf51281ec8698ea1c7eac3c4a020d7b00ca8b792f168350dc971cf6b3	2011-11-17 22:18:25	371	1484	1	0	0	0	2	2	5001650000	123.0406	5001650000	123.0406	0	0	0	0	0	0	34.028950648148
153747	91105755f58b9dc149c8e83a76783c2ec59281d20ce3f6bb76bfd185f782de36	2011-11-17 22:18:25	257	1028	1	0	0	0	1	2	4817672774	118.5148	4817672774	118.5148	0	0	0	0	0	0	0
153747	7cc99c520890c8838c1fd9eb3f6d5a0c58a615c948b33e083945acff921d5864	2011-11-17 22:18:25	259	1036	1	0	0	0	1	2	4708578804	115.831	4708578804	115.831	0	0	0	0	0	0	0
153747	5f2958412f6d544733c7eec546cd7ccbd98028000746ff08417a2150d174a7d2	2011-11-17 22:18:25	429	1716	1	0	0	0	1	7	5320000000	130.872	5320000000	130.872	0	0	0	0	0	0	0
153747	fbc465da532cb58bae45568b7a668e882ca1f8b4424765e4d3b83558ae313d34	2011-11-17 22:18:25	259	1036	1	0	0	0	1	2	4800000000	118.08	4800000000	118.08	0	0	0	0	0	0	0
153747	8d525253d155274c0ad42aa67812de4b344c3b8f96b41a3ab8623f67829a2a97	2011-11-17 22:18:25	798	3192	1	0	0	0	4	2	40363810492	992.9498	40363810492	992.9498	0	0	0	0	0	0	0
153747	65748d5313d28429bb291e6b19563565c8fc775d812d5a0858dfdc3439fab6b3	2011-11-17 22:18:25	440	1760	1	0	0	0	2	2	11034000000	271.4364	11034000000	271.4364	0	0	0	0	0	0	7.8841303240741
153747	0a5f6830838df7c15f4706c8bdac1c0fee3437d463bda7ac0051dd8b15785344	2011-11-17 22:18:25	258	1032	1	0	0	0	1	2	9839960755	242.063	9839960755	242.063	0	0	0	0	0	0	0
153747	d9909b85054c6e12ae1e751e0f4c7d96f88364d9e2c2d8042992f5676c2a47e6	2011-11-17 22:18:25	799	3196	1	0	0	0	4	2	21181378690	521.062	21181378690	521.062	0	0	0	0	0	0	0
153747	ffc0d37e9cacff5955904e0263029d6779335cebbd5c0b3a75c13d5565b8b031	2011-11-17 22:18:25	798	3192	1	0	0	0	4	2	2406326007	59.1956	2406326007	59.1956	0	0	0	0	0	0	3.7781479166667
153747	531ea3a6f185d0302c5485a0d42a54d4eb0b4c2207bac13668c9051429094ae9	2011-11-17 22:18:25	259	1036	1	0	0	0	1	2	4925966376	121.1788	4925966376	121.1788	0	0	0	0	0	0	0
153747	e059cde5fb0475dea79809a40a45633da738fdc8c99f5d810ee17e1ce05d81be	2011-11-17 22:18:25	796	3184	1	0	0	0	4	2	3995171850	98.2812	3995171850	98.2812	0	0	0	0	0	0	0
153747	961c50213860a62517193a0854a4bd7ea9539e00a13c6252e2b8a73968ca70cb	2011-11-17 22:18:25	258	1032	1	0	0	0	1	2	4882289956	120.1043	4882289956	120.1043	0	0	0	0	0	0	0
153747	598b5a000e7bd819e9df84142241e53171c8995af25d2fb47c2cb5d14ac5e3b9	2011-11-17 22:18:25	797	3188	1	0	0	0	4	2	11340602207	278.9788	11340602207	278.9788	0	0	0	0	0	0	0
153747	fc3001427397845f79079ffb44432b62002c129d3679373616b139b4f3db903e	2011-11-17 22:18:25	1518	6072	1	0	0	0	8	2	3001143698	73.8281	3001143698	73.8281	0	0	0	0	0	0	8.9231017828958
153747	8d05f16fecf1d44afc4c59262382a150a83344dc5eee0fb3ea9e215aa672bc86	2011-11-17 22:18:25	257	1028	1	0	0	0	1	2	8462250003	208.1714	8462250003	208.1714	0	0	0	0	0	0	0
153747	500ffa4b3b3ca6ba4386ae583291840c6498742a887da76c0909830d545d2b54	2011-11-17 22:18:25	258	1032	1	0	0	0	1	2	4222000000	103.8612	4222000000	103.8612	0	0	0	0	0	0	0
153747	ef3bc6a10b825280285a1a5073919efadde20c59d15c98180e7fa80f02561e2a	2011-11-17 22:18:25	258	1032	1	0	0	0	1	2	7495001930	184.377	7495001930	184.377	0	0	0	0	0	0	0
153747	6bfbf6d2f611c855f84b48a84c730cdc5aed9265936ea404a99dc6c68433ad81	2011-11-17 22:18:25	428	1712	1	0	0	0	1	7	4985241157	122.6369	4985241157	122.6369	0	0	0	0	0	0	0
153747	4a5981c448d7ee0750ac09a8cb3f8ad8e88d73fbbdafba35ec7699278a1d9009	2011-11-17 22:18:25	438	1752	1	0	0	0	2	2	2050000000	50.43	2050000000	50.43	0	0	0	0	0	0	0
153747	f0cdeda71af29c7123fde7663e72852a20549d1c2e5f0b9de5f24f00383c2a7f	2011-11-17 22:18:25	258	1032	1	0	0	0	1	2	3056793000	75.1971	3056793000	75.1971	0	0	0	0	0	0	0
153747	550429d3f5e1bad6401e9385a71e11ac7ccd7d17dcd086ca60819ff2c5839f08	2011-11-17 22:18:25	798	3192	1	0	0	0	4	2	9001183672	221.4291	9001183672	221.4291	0	0	0	0	0	0	0
153747	810b2a57102e1e8f3a0b55d08f10fe6823073efcc9cf4aa78eb52494f3443743	2011-11-17 22:18:25	402	1608	1	0	0	0	2	1	3382000000	83.1972	3382000000	83.1972	0	0	0	0	0	0	0
153747	c1ef087ea2f456e9dcaa8d4fd953eab77a241a1bce4bb0617cc535138fb27127	2011-11-17 22:18:25	257	1028	1	0	0	0	1	2	2620953427	64.4755	2620953427	64.4755	0	0	0	0	0	0	0
153747	7bfa902f3b228c9f3784c037e5a294a180c943384a2275092fe766c99c7e9340	2011-11-17 22:18:25	258	1032	1	0	0	0	1	2	4701300000	115.652	4701300000	115.652	0	0	0	0	0	0	0
153747	90443f3449e7a4d06173421020054b6e3756f3db7f6a2fd2f423fb7e4274d260	2011-11-17 22:18:25	259	1036	1	0	0	0	1	2	4682950010	115.2006	4682950010	115.2006	0	0	0	0	0	0	0
153747	d0c11c600a29bedbe06cfa1fd583f4b166a57993ec2ef1994699c7afffddcc9e	2011-11-17 22:18:25	259	1036	1	0	0	0	1	2	2000000000	49.2	2000000000	49.2	0	0	0	0	0	0	0
153747	1a830088762f752435e2903341a6ec9fd7cbc2ddbf8aedc2f54440a2805f96e0	2011-11-17 22:18:25	258	1032	1	0	0	0	1	2	4319973804	106.2714	4319973804	106.2714	0	0	0	0	0	0	0
153747	8a937fbbc42ea3e0553b9aaafbce658f393d4fa8b10df0d4a3962777bea5f583	2011-11-17 22:18:25	258	1032	1	0	0	0	1	2	4270836110	105.0626	4270836110	105.0626	0	0	0	0	0	0	0
153747	b1d2282e775be1537def8bbe53587e77af941a3ccd44d3d0c17e4f975536790c	2011-11-17 22:18:25	258	1032	1	0	0	0	1	2	4243678770	104.3945	4243678770	104.3945	0	0	0	0	0	0	0
153747	bb5357bea118d6f564d7ebe74264295e829bf43557133020442cfbc057da4672	2011-11-17 22:18:25	257	1028	1	0	0	0	1	2	4217185900	103.7428	4217185900	103.7428	0	0	0	0	0	0	0
153747	3fd1119a46fb576b958f8a49dc265fb981388509cbc2fe09b9eb1f3d28e7f1ac	2011-11-17 22:18:25	258	1032	1	0	0	0	1	2	4177376451	102.7635	4177376451	102.7635	0	0	0	0	0	0	0
153747	3bc4227a8c5f45c9eb0be10e21bfbf9ba0d08a0d7a30819c8fc4b0f52609bf1a	2011-11-17 22:18:25	258	1032	1	0	0	0	1	2	4169470631	102.569	4169470631	102.569	0	0	0	0	0	0	0
153747	f0017fe53ab27413d54787766ba195e9dc92a68be80c393ca89644c34c7020a6	2011-11-17 22:18:25	258	1032	1	0	0	0	1	2	4142986930	101.9175	4142986930	101.9175	0	0	0	0	0	0	0
153747	662470053d90dedb8d6ab1cd963687434db3157981d70ccaf2f65b3b933f2973	2011-11-17 22:18:25	764	3056	1	0	0	0	4	1	205035909	5.0439	205000000	5.043	35909	0.0009	47001.3	0.0012	11750.3	0.0003	3.8526553353708
153747	17cf1e1dc4869e3340addec971a30ec85da34f38b52665a11c0a8aee172b90cf	2011-11-17 22:18:25	1308	5232	1	0	0	0	7	1	306000000	7.5276	306000000	7.5276	0	0	0	0	0	0	5.7737197916667
153747	4a0e6e3611d0b420e4f7d1b5ee90620efca671c72cc08b59d43e17435e0c84b3	2011-11-17 22:18:25	259	1036	1	0	0	0	1	2	1640760000	40.3627	1640760000	40.3627	0	0	0	0	0	0	0
153747	5913ab941972c2fb538f5b3de51c49bf61b6df1ae04e6c661a77532b437ee011	2011-11-17 22:18:25	797	3188	1	0	0	0	4	2	2894169984	71.1966	2894169984	71.1966	0	0	0	0	0	0	1.1643576826485
153747	04bd4151301693c949de24b7903e312009e7a4e81d42e39349dc341ffd08d4dd	2011-11-17 22:18:25	258	1032	1	0	0	0	1	2	5003300000	123.0812	5003300000	123.0812	0	0	0	0	0	0	0
153747	eb5b2a1519394b774e7e80dd97b0cf1d2a6e63056e0d94a2e2585bfbf88d4022	2011-11-17 22:18:25	257	1028	1	0	0	0	1	2	3655236425	89.9188	3655236425	89.9188	0	0	0	0	0	0	0
153747	1c2d07843fd2ac2248e3fd70ddc960a8fea7bd840b1487dbda583d153b97665c	2011-11-17 22:18:25	257	1028	1	0	0	0	1	2	4832200000	118.8721	4832200000	118.8721	0	0	0	0	0	0	0
153747	fe8a11410ab1c889e16fe0470632f3ce75d16efabcf310a7f7644a97011b887f	2011-11-17 22:18:25	258	1032	1	0	0	0	1	2	3467150000	85.2919	3467150000	85.2919	0	0	0	0	0	0	0
153747	8e4a1c2b4a91c029f7dc4ed7ef4a24345149b9ccc8c92e25c1ae81527dbc30f8	2011-11-17 22:18:25	257	1028	1	0	0	0	1	2	3376162288	83.0536	3376162288	83.0536	0	0	0	0	0	0	0
153747	62b9e4b2ed5011e6ea479d5906a8abeb6802aff2be1b0c050c7ce1728e705891	2011-11-17 22:18:25	257	1028	1	0	0	0	1	2	3230700000	79.4752	3230700000	79.4752	0	0	0	0	0	0	0
153747	63643ff37e965c438be236f12d6d24faa349a5fbe96deed0b9bbff78bee14061	2011-11-17 22:18:25	259	1036	1	0	0	0	1	2	3200543902	78.7334	3200543902	78.7334	0	0	0	0	0	0	0
153747	5891dbf20179cf3d78700ea54d8eead068c7dacc118b74d4358021da596fc050	2011-11-17 22:18:25	800	3200	1	0	0	0	4	2	3540000000	87.084	3540000000	87.084	0	0	0	0	0	0	0.075894675925926
153747	6ab79c8d7ee6e3064042283b09bd44d0c7851c421a578c3a31bcaec794d7f961	2011-11-17 22:18:25	258	1032	1	0	0	0	1	2	187035364	4.6011	186985364	4.5998	50000	0.0012	193798	0.0048	48449.6	0.0012	0
153747	563d600907cb804e4a170779fe55d72ffb5400c98e473e63c84a96e693b70ec1	2011-11-17 22:18:25	259	1036	1	0	0	0	1	2	2751915000	67.6971	2751915000	67.6971	0	0	0	0	0	0	0
153747	8d6e69df1357530dd2648bbe17beb05db3bf64dc3a1c9236b9229c2a5d4e779c	2011-11-17 22:18:25	440	1760	1	0	0	0	2	2	5737000000	141.1302	5737000000	141.1302	0	0	0	0	0	0	0.72412083333333
153747	e2b98327cdc3a69ea9e78a05b4b9b8703c0b8ed094614d70e3ff91b86717cbde	2011-11-17 22:18:25	437	1748	1	0	0	0	2	2	1723481400	42.3976	1723481400	42.3976	0	0	0	0	0	0	0
153747	3cbbab9c3bf5ec9fca59c61620ce4942a6784ae02becc70072396f00e5fbaec5	2011-11-17 22:18:25	257	1028	1	0	0	0	1	2	3731350000	91.7912	3731350000	91.7912	0	0	0	0	0	0	0
153747	7f0cd3552b7b756a9a2f7eb669aa5859aa3656c82f178155dccdf5abc9ee4289	2011-11-17 22:18:25	795	3180	1	0	0	0	4	2	2201000000	54.1446	2201000000	54.1446	0	0	0	0	0	0	0.0075894675925926
153747	e18d195b588328cd0aa77d844f58ca4dc51e800260f1abd7f2327a9c7ad113c1	2011-11-17 22:18:25	258	1032	1	0	0	0	1	2	3112384245	76.5647	3112384245	76.5647	0	0	0	0	0	0	0
153747	33ceef0d02248d0b8ba3480e14dc09294eb9bbe371933979b236f3aba77875c5	2011-11-17 22:18:25	258	1032	1	0	0	0	1	2	5000050000	123.0012	5000050000	123.0012	0	0	0	0	0	0	0
153747	e11d3dd26d09daa94a62200a961b73c71866bbc094947aec8703ef61fac4d99f	2011-11-17 22:18:25	258	1032	1	0	0	0	1	2	5000000000	123	5000000000	123	0	0	0	0	0	0	0
153747	ef6cb8fd8c829c2df6c159759f48ba5080cddaea75209409de0e43da243ae220	2011-11-17 22:18:25	2682	10728	1	0	0	0	2	68	4316321928	106.1815	4316171928	106.1778	150000	0.0037	55928.4	0.0014	13982.1	0.0003	0
153747	46de773a7cb1f6fd4636df9474829848df36d99265fd3ca465416bbd5837d90d	2011-11-17 22:18:25	223	892	1	0	0	0	1	1	100000000	2.46	100000000	2.46	0	0	0	0	0	0	0
153747	12e2956dd7971d3e7fbaf5844fefe4087973766665f28500d956575bba3527ac	2011-11-17 22:18:25	257	1028	1	0	0	0	1	2	1196520000	29.4344	1196470000	29.4332	50000	0.0012	194553	0.0048	48638.1	0.0012	0
153747	639555ea6ee27971bb903f98d330876ae6286e1286aef70fe11b85ccc4447bfe	2011-11-17 22:18:25	620	2480	1	0	0	0	3	2	21362095	0.5255	21312095	0.5243	50000	0.0012	80645.2	0.002	20161.3	0.0005	0.56528125
153747	0a00a739e617f4fa8026ce020a6c8d292e286f6a0080ff2851589faec223e1dd	2011-11-17 22:18:25	257	1028	1	0	0	0	1	2	1252738592	30.8174	1252738592	30.8174	0	0	0	0	0	0	0
153747	f20777a19e58d8643805bf0df5ba8bf2e2fe47de0a575aa29c65fbf71c955e95	2011-11-17 22:18:25	223	892	1	0	0	0	1	1	2000000000	49.2	2000000000	49.2	0	0	0	0	0	0	0
153747	ae3267eee0250a62278956ca68301dd79fabbae1df1ffbc9c33b6c0fa94f545b	2011-11-17 22:18:25	258	1032	1	0	0	0	1	2	2188000000	53.8248	2188000000	53.8248	0	0	0	0	0	0	0
153747	329531a457ab0328413516d2ce3f576ac6f41542e5d77fbf4efc9c26a29c2dee	2011-11-17 22:18:25	259	1036	1	0	0	0	1	2	2196043260	54.0227	2195993260	54.0214	50000	0.0012	193050	0.0047	48262.5	0.0012	0
153747	0f3f2450affa7adc81b06bd0d175dabea043ff2a540600cdc2203e33110a943c	2011-11-17 22:18:25	258	1032	1	0	0	0	1	2	623998045	15.3504	623948045	15.3491	50000	0.0012	193798	0.0048	48449.6	0.0012	0
153747	1efceb411d259155e3a19451d20109e1d7c0ef61d32e28651581ec0fb4fb5ff8	2011-11-17 22:18:25	437	1748	1	0	0	0	2	2	71888771	1.7685	71838771	1.7672	50000	0.0012	114416	0.0028	28604.1	0.0007	0
153747	4f30fde0df55f0cb1ac77b3b20132473e06fc871c43584f87baef1aafab3011f	2011-11-17 22:18:25	439	1756	1	0	0	0	2	2	361290000	8.8877	361290000	8.8877	0	0	0	0	0	0	0
153747	73b42cd5afd9b636dc4da76cd5c59bbc91d6bb7f68097759b41158ad533c38e9	2011-11-17 22:18:25	258	1032	1	0	0	0	1	2	36200000	0.8905	36200000	0.8905	0	0	0	0	0	0	0
153747	0f59cef53e497431f951d20002cc4c2c6446500604e23259edc983a5c3e8211e	2011-11-17 22:18:25	258	1032	1	0	0	0	1	2	280381774	6.8974	280331774	6.8962	50000	0.0012	193798	0.0048	48449.6	0.0012	0
153747	9281cf1efedb437e72cd95f0a06a3ba963419332c569e62a80738e47c13b5c9b	2011-11-17 22:18:25	257	1028	1	0	0	0	1	2	14251789	0.3506	14251789	0.3506	0	0	0	0	0	0	0
153747	ac0ead9a3f5a97964fa5c38f672db1ba68a700e0f3dbceb231fbffbdafb3fd8e	2011-11-17 22:18:25	258	1032	1	0	0	0	1	2	6866155	0.1689	6866155	0.1689	0	0	0	0	0	0	0
153747	ecead130c852eb23041cb72c2de05bf0c6e67565a186bcbc295fe2c615f2e153	2011-11-17 22:18:25	259	1036	1	0	0	0	1	2	2416804628	59.4534	2416754628	59.4522	50000	0.0012	193050	0.0047	48262.5	0.0012	0
153747	b5bdad8b71881e03b946a275b3185d72c41b0d422c01ff72e408101d1569d099	2011-11-17 22:18:25	258	1032	1	0	0	0	1	2	998150000	24.5545	998150000	24.5545	0	0	0	0	0	0	0
153747	ccf589a235ed5c5943a33c25e401a196c7c6bfef660929ba59a770bee02a7a29	2011-11-17 22:18:25	258	1032	1	0	0	0	1	2	1236738592	30.4238	1236738592	30.4238	0	0	0	0	0	0	0
153747	c6487c03d13e464e742a64a175f8ca3832a7c6c2091f2d1aeca32d4a52072bc4	2011-11-17 22:18:25	258	1032	1	0	0	0	1	2	10251789	0.2522	10251789	0.2522	0	0	0	0	0	0	0
153747	9a9d1e32d7a9564a4f1d73270449d1151afc9bb18b40381bb898f653e38cccba	2011-11-17 22:18:25	437	1748	1	0	0	0	2	2	33066155	0.8134	33066155	0.8134	0	0	0	0	0	0	0
153747	e80c83e8ba7534148f6ab84ad9fb5a847ed23594eb0b68da19a8b87d0aba5e88	2011-11-17 22:18:25	257	1028	1	0	0	0	1	2	2400490728	59.0521	2400440728	59.0508	50000	0.0012	194553	0.0048	48638.1	0.0012	0
153747	4982c3f190da050bf56a7588bf5f88f903b946e9fd7113e863d2443930832b07	2011-11-17 22:18:25	257	1028	1	0	0	0	1	2	980150000	24.1117	980150000	24.1117	0	0	0	0	0	0	0
153747	3e97658b92bdf36424511cd10cbb56ee1e3a2631d94d33a7df6e44a3f3c1e352	2011-11-17 22:18:25	259	1036	1	0	0	0	1	2	1196738592	29.4398	1196738592	29.4398	0	0	0	0	0	0	0
153747	41aeb2adcdd3d8704fc20e2f9d8c9aeadacc2d41068a0b8435ef8069f6ccfd1d	2011-11-17 22:18:25	259	1036	1	0	0	0	1	2	3066155	0.0754	3066155	0.0754	0	0	0	0	0	0	0
153747	ae73aa172cd612141a5284f310fe631b26fec326c32e3f415e7754de51afb1ba	2011-11-17 22:18:25	257	1028	1	0	0	0	1	2	2365058230	58.1804	2365008230	58.1792	50000	0.0012	194553	0.0048	48638.1	0.0012	0
153747	151c24475679cc5f997445df0090b295433460d1ae2231c24a0fb1872e949104	2011-11-17 22:18:25	259	1036	1	0	0	0	1	2	865150000	21.2827	865150000	21.2827	0	0	0	0	0	0	0
153747	d26b3cbc4191ec13e6eeec01261f94ebbf6baf183e11ab27df7394bf0239448a	2011-11-17 22:18:25	257	1028	1	0	0	0	1	2	802738592	19.7474	802738592	19.7474	0	0	0	0	0	0	0
153747	bb944de2fc21cfc6ac8209e6ab2e9f4d9694c32b8399f5c3a60ee62c38f47e85	2011-11-17 22:18:25	438	1752	1	0	0	0	2	2	3317944	0.0816	3317944	0.0816	0	0	0	0	0	0	0
153747	5969c8644639026c03b726e71d5e7e962ae935824ecc7efb4b846dda418488da	2011-11-17 22:18:25	258	1032	1	0	0	0	1	2	2345593630	57.7016	2345543630	57.7004	50000	0.0012	193798	0.0048	48449.6	0.0012	0
153747	904ad8cbe763d57d91aaa9dcd5fc3718c1b84bfffb362c44423afe7691bd86c1	2011-11-17 22:18:25	258	1032	1	0	0	0	1	2	754150000	18.5521	754150000	18.5521	0	0	0	0	0	0	0
153747	d76590e43c0218aa3f00a7810777dab2b45985d3d1c5556e6e360c7fe489867b	2011-11-17 22:18:25	258	1032	1	0	0	0	1	2	777738592	19.1324	777738592	19.1324	0	0	0	0	0	0	0
153747	bc2336890914ece83ecb8ab5b258893673f53fe165bfa674ba6e40619852d1f7	2011-11-17 22:18:25	258	1032	1	0	0	0	1	2	2286247862	56.2417	2286197862	56.2405	50000	0.0012	193798	0.0048	48449.6	0.0012	0
153747	0b6441b77e0be8b681d5ead40921a5255707499db996973677b7b1fd6dde6256	2011-11-17 22:18:25	258	1032	1	0	0	0	1	2	720150000	17.7157	720150000	17.7157	0	0	0	0	0	0	0
153747	f6fda32f19c1b801e75ceac700d9d8375bad614ae898a5487e003cec8a5076c6	2011-11-17 22:18:25	258	1032	1	0	0	0	1	2	720738592	17.7302	720738592	17.7302	0	0	0	0	0	0	0
153747	c4b4addd066ce6cf123c191c88960d996425eb43e35a4e131014b9f7f825322a	2011-11-17 22:18:25	258	1032	1	0	0	0	1	2	2213649663	54.4558	2213599663	54.4546	50000	0.0012	193798	0.0048	48449.6	0.0012	0
153747	2e750fb707fbf97594be3b2e9dad690e1706ce57acd6c713e776c04e3d14034f	2011-11-17 22:18:25	258	1032	1	0	0	0	1	2	653150000	16.0675	653150000	16.0675	0	0	0	0	0	0	0
153747	f4e41ba41c10d54d5bb3218c1bb5dcfde02759097954efd7397b50cb7248814a	2011-11-17 22:18:25	258	1032	1	0	0	0	1	2	465738592	11.4572	465738592	11.4572	0	0	0	0	0	0	0
153747	1db1f2820eb5f6f3beead44662889f460dcff54e08b998144b9b48b34d022092	2011-11-17 22:18:25	257	1028	1	0	0	0	1	2	2192730635	53.9412	2192680635	53.9399	50000	0.0012	194553	0.0048	48638.1	0.0012	0
153747	fdcf0ca0af40b3a8b4175b81ee80deded1e321816d36980771e21d58c0cfafe6	2011-11-17 22:18:25	259	1036	1	0	0	0	1	2	600150000	14.7637	600150000	14.7637	0	0	0	0	0	0	0
153747	adc8e585ad05aae1a9a45712ed2c0af0ab507f16f053317d7be3ceee1c38e5fd	2011-11-17 22:18:25	259	1036	1	0	0	0	1	2	2183158735	53.7057	2183108735	53.7045	50000	0.0012	193050	0.0047	48262.5	0.0012	0
153747	e67c94f310969dcd20033b2edc5f3b631b8d1293070cf3de470e81623723e88c	2011-11-17 22:18:25	257	1028	1	0	0	0	1	2	586150000	14.4193	586150000	14.4193	0	0	0	0	0	0	0
153747	0e86b8b8837bead23dc8617fac6eebfa3c9bf7a0295d6cc23bd63fad749e0a56	2011-11-17 22:18:25	258	1032	1	0	0	0	1	2	2172722336	53.449	2172672336	53.4477	50000	0.0012	193798	0.0048	48449.6	0.0012	0
153747	1e4f1c9eed0d20b85d03ef514eb418bcf544ac90130a7490732e635d4a5a3660	2011-11-17 22:18:25	257	1028	1	0	0	0	1	2	529150000	13.0171	529150000	13.0171	0	0	0	0	0	0	0
153747	3af58a0110d5e51c9577f4921760a62cf7e0ec2f7a4672baf6f38a03b947aae4	2011-11-17 22:18:25	257	1028	1	0	0	0	1	2	1800517725	44.2927	1800467725	44.2915	50000	0.0012	194553	0.0048	48638.1	0.0012	0
153747	a15ded5d88e616a338f9541e7e687672f068933650193f03f66f6ab6b911268b	2011-11-17 22:18:25	259	1036	1	0	0	0	1	2	384150000	9.4501	384150000	9.4501	0	0	0	0	0	0	0
153747	ac2de89ab5df866c04899ec5365880b5b9017d534696e1efe019201ca3093a53	2011-11-17 22:18:25	259	1036	1	0	0	0	1	2	1662884463	40.907	1662834463	40.9057	50000	0.0012	193050	0.0047	48262.5	0.0012	0
153747	a384ae9bf06572b3188e79cd42856bda58a1a42e58be356ec56c9c69ef66a250	2011-11-17 22:18:25	259	1036	1	0	0	0	1	2	259150000	6.3751	259150000	6.3751	0	0	0	0	0	0	0
153747	e3bf8d26dea814dea4985c6ce8c2c2333b2e0efcc5eaa001b2bc1d954b597397	2011-11-17 22:18:25	258	1032	1	0	0	0	1	2	212150000	5.2189	212150000	5.2189	0	0	0	0	0	0	0
153747	38f887a14f802d363a4be06f110045e33099399ede1422438b20cb447a012d9b	2011-11-17 22:18:25	257	1028	1	0	0	0	1	2	22150000	0.5449	22150000	0.5449	0	0	0	0	0	0	0
153748	9f357a23eaeb4a8d885f8fddc8e137f1d9f24e8aba49b1b39eafdcf050a987d4	2011-11-17 22:40:27	135	540	1	0	1	0	1	1	0	0	5001700000	123.0418	0	0	0	0	0	0	0
153748	3f1b3ca906a75b1a255f53533fe88c3a91d9d4924b44b10d16a780305b13b0f7	2011-11-17 22:40:27	257	1028	1	0	0	0	1	2	1398000000	34.3908	1398000000	34.3908	0	0	0	0	0	0	299.12313472222
153748	bf690d04f6dedc13c05e25d3714ca77a0b3b772f181ed6243bbecf916e8a0550	2011-11-17 22:40:27	224	896	1	0	0	0	1	1	2487000000	61.1802	2487000000	61.1802	0	0	0	0	0	0	240.62099201389
153748	be75ddc775a87f74c2a72bc5990578c080f66756181d8a1b787799669bd88ecf	2011-11-17 22:40:27	798	3192	1	0	0	0	4	2	7014065269	172.546	7014065269	172.546	0	0	0	0	0	0	283.87673611111
153748	174cade65bf8323a27533fe3a77640a78c4e8dbabf7dc506c8be9244b74befb3	2011-11-17 22:40:27	977	3908	1	0	0	0	5	2	683664000	16.8181	683564000	16.8157	100000	0.0025	102354	0.0025	25588.5	0.0006	332.43583333333
153748	5a00ed47fdff403f6a54ff516b7188c882e542efc669b473f32ab23a1962e343	2011-11-17 22:40:27	158	632	1	0	0	0	1	1	5003006293	123.074	5003006293	123.074	0	0	0	0	0	0	34.400879729264
153748	4afafbf41a8e2edd48983cdf1207e98285855306f4f17d9abd703615d6831f39	2011-11-17 22:40:27	798	3192	1	0	0	0	4	2	2801000000	68.9046	2801000000	68.9046	0	0	0	0	0	0	182.07972164352
153748	38eba96821fe19a97adfc3eac89a3d5b9e78ddae3a903a6acda1547f16ce0caa	2011-11-17 22:40:27	224	896	1	0	0	0	1	1	100000000000	2460	100000000000	2460	0	0	0	0	0	0	0
153748	e4bc6b36208883a4e277a81375e3212274ed21bc01534ba7c0e9fa0907234b9c	2011-11-17 22:40:27	1158	4632	1	0	0	0	6	2	7490736566	184.2721	7490736566	184.2721	0	0	0	0	0	0	169.09814366682
153748	919d2308f03e59b923158b4535fe015696a55aeb6592557eaca4aa23fa74c007	2011-11-17 22:40:27	2780	11120	1	0	0	0	15	2	1523940350	37.4889	1523940350	37.4889	0	0	0	0	0	0	214.67291857376
153748	94dfb3aecfa58c41d0c26bfc1ca95f068f420d80625c3a3fb2da24415aea7183	2011-11-17 22:40:27	257	1028	1	0	0	0	1	2	17500040000	430.501	17500040000	430.501	0	0	0	0	0	0	0
153748	7d7adcdc81ec2b3a43f26d67936aaeb42a880fa943a718dcded96408b0ff8ff8	2011-11-17 22:40:27	257	1028	1	0	0	0	1	2	4047169904	99.5604	4047069904	99.5579	100000	0.0025	389105	0.0096	97276.3	0.0024	0
153748	05c7f25d85156a98a68182056b54c59d12bd26417ae57f7576c97e61f29e96cc	2011-11-17 22:40:27	615	2460	1	0	0	0	3	2	27012878990	664.5168	27012878990	664.5168	0	0	0	0	0	0	0
153748	bd5c059148a26d6a74a504429a03867bf45fdbae546a7db542b0d6c19073dffa	2011-11-17 22:40:27	618	2472	1	0	0	0	3	2	2636008700	64.8458	2636008700	64.8458	0	0	0	0	0	0	0
153748	2681e12115d7e03faa3cda4db577a17448d788a6e42f18a2b36d69e036e907ab	2011-11-17 22:40:27	258	1032	1	0	0	0	1	2	2605200000	64.0879	2605200000	64.0879	0	0	0	0	0	0	0
153748	9e130c6a7866721152ddf6c111b404faa070e14926702f2c436828d0dd3cc466	2011-11-17 22:40:27	258	1032	1	0	0	0	1	2	7916817000	194.7537	7916817000	194.7537	0	0	0	0	0	0	0
153748	9142947fd6043ccf17fd650c90afab27baa4bc239f63936e49c261ad5e1e02d3	2011-11-17 22:40:27	799	3196	1	0	0	0	4	2	20018960764	492.4664	20018960764	492.4664	0	0	0	0	0	0	3.9970956018519
153748	77e7ed3ffe3f0dc9763fae33162453621ad8065d564dd8705ff9636235bbd872	2011-11-17 22:40:27	259	1036	1	0	0	0	1	2	3168000000	77.9328	3168000000	77.9328	0	0	0	0	0	0	0
153748	d1551dd89a036c29b0eefea7506d9a68b7c3dc76d8ed4e71ead1c675bfbacd21	2011-11-17 22:40:27	259	1036	1	0	0	0	1	2	3926232292	96.5853	3926232292	96.5853	0	0	0	0	0	0	0
153748	b2cccb68744ac44b33f7502375b38121cd0bd1e04512261929296cc9b59a7a16	2011-11-17 22:40:27	258	1032	1	0	0	0	1	2	1744573859	42.9165	1744573859	42.9165	0	0	0	0	0	0	0
153748	b2445eb5f606efac7972debbfd27935294660f44d62128eee0a6d56f488df16f	2011-11-17 22:40:27	404	1616	1	0	0	0	2	1	448003198	11.0209	448003198	11.0209	0	0	0	0	0	0	0
153748	887d6978c42a0d0c06740b123ab977a1913c5594762e01897cae4161e2d96756	2011-11-17 22:40:27	258	1032	1	0	0	0	1	2	331466935	8.1541	331466935	8.1541	0	0	0	0	0	0	0
153748	d22285d8ab8182622536acb745d772d0e377d745f2f493576edd9d45066af520	2011-11-17 22:40:27	257	1028	1	0	0	0	1	2	39950000	0.9828	39950000	0.9828	0	0	0	0	0	0	1.1358284375
153748	5549f7f9d20ce26cc61713a3459f6adef4df96a476a889d5aaa9272986a0df53	2011-11-17 22:40:27	619	2476	1	0	0	0	3	2	3688001255	90.7248	3688001255	90.7248	0	0	0	0	0	0	0
153748	3a0cf89207ef7818aa3d02eb813318957ab37fc2829a849c21b52d4189344fbf	2011-11-17 22:40:27	798	3192	1	0	0	0	4	2	3516331743	86.5018	3516331743	86.5018	0	0	0	0	0	0	0
153748	c23299fdc2f8352e11637fe6a6b0db20c7b3ba21bf1eb9777f7cfeec3f9ddef8	2011-11-17 22:40:27	258	1032	1	0	0	0	1	2	2496930000	61.4245	2496880000	61.4232	50000	0.0012	193798	0.0048	48449.6	0.0012	0
153748	0af54e1ccd1d5d906dac42015b701b30c71d63ddab574f087736114ccbc8a133	2011-11-17 22:40:27	258	1032	1	0	0	0	1	2	3728350000	91.7174	3728350000	91.7174	0	0	0	0	0	0	0
153748	d3bfae4095e6a71b8a908a26956378ff9fd02de062ed128727b67009eac9a531	2011-11-17 22:40:27	258	1032	1	0	0	0	1	2	3247162288	79.8802	3247162288	79.8802	0	0	0	0	0	0	0
153748	b89fa005a54f9ff7ad3eccb382023fc5e1481a72ede01005a3b47d2a37e1ac57	2011-11-17 22:40:27	257	1028	1	0	0	0	1	2	3228942791	79.432	3228942791	79.432	0	0	0	0	0	0	0
153748	9fbfef300914e6dbbf7107a36c36a25308098b3d9db5ee6032422c857814acf7	2011-11-17 22:40:27	258	1032	1	0	0	0	1	2	3195543902	78.6104	3195543902	78.6104	0	0	0	0	0	0	0
153748	e7bec88525964bdd1d3c85766c9932d546b831ab46280f24fbd0f4fc083010b0	2011-11-17 22:40:27	257	1028	1	0	0	0	1	2	2712384245	66.7247	2712384245	66.7247	0	0	0	0	0	0	0
153748	d13477e31136dcd27eaecccaa33fc88b2ada2febc9206fc325503b7aff0fa7d6	2011-11-17 22:40:27	259	1036	1	0	0	0	1	2	2084236425	51.2722	2084236425	51.2722	0	0	0	0	0	0	0
153748	445d61b55029592e0806861bd9ca4e5d493aa94eab27d7d886dc92092422a211	2011-11-17 22:40:27	798	3192	1	0	0	0	4	2	970119000	23.8649	970069000	23.8637	50000	0.0012	62656.6	0.0015	15664.2	0.0004	0.023851633912037
153748	83c23b3e26a6b520ff5776b914bfa7ef57426f5e8b99c7492dff44e2a620728b	2011-11-17 22:40:27	258	1032	1	0	0	0	1	2	590087250	14.5161	589987250	14.5137	100000	0.0025	387597	0.0095	96899.2	0.0024	0
153748	4bc9c7c2e1cfc9ac22a95f532aa3e6c6440adda6fd23418eb6a1a1d49e2b4ea7	2011-11-17 22:40:27	257	1028	1	0	0	0	1	2	578899596	14.2409	578849596	14.2397	50000	0.0012	194553	0.0048	48638.1	0.0012	0
153748	e3e134c8546770d383f17b65a22ffa82a4cce996b0a319509823c1f1bc5bcd6d	2011-11-17 22:40:27	1161	4644	1	0	0	0	6	2	801381906	19.714	801381906	19.714	0	0	0	0	0	0	0
153748	1e361eea61afc49cc461538260d14b95bcfb33460362c3ea94662a0765a3ca35	2011-11-17 22:40:27	259	1036	1	0	0	0	1	2	445738592	10.9652	445738592	10.9652	0	0	0	0	0	0	0
153748	7794283b8a349371eb9687199d40612623bdf3f404d75351c7d01c215212c304	2011-11-17 22:40:27	258	1032	1	0	0	0	1	2	185691774	4.568	185641774	4.5668	50000	0.0012	193798	0.0048	48449.6	0.0012	0
153748	597f2e1d34cc609ade929c3b19a41d6026cf9949cf6492df6c3b4f22c25a5238	2011-11-17 22:40:27	258	1032	1	0	0	0	1	2	78507931	1.9313	78457931	1.9301	50000	0.0012	193798	0.0048	48449.6	0.0012	0
153748	f16f4ee0b3a5b711cc80da3dc930fdc99c29d2599676a66f0e6870a6ac384326	2011-11-17 22:40:27	258	1032	1	0	0	0	1	2	63680000	1.5665	62680000	1.5419	1000000	0.0246	3875970	0.0953	968992	0.0238	0
153748	748356335f2905c74a80634a2187f14d5b48e918b752ddbd9a1493043e401c6b	2011-11-17 22:40:27	582	2328	1	0	0	0	3	1	11990605	0.295	11990605	0.295	0	0	0	0	0	0	0
153748	2bac44fbf3718f54715cef450621b02b85b2b640413c9065f1e0d0d627c8478b	2011-11-17 22:40:27	798	3192	1	0	0	0	4	2	74317300	1.8282	74267300	1.827	50000	0.0012	62656.6	0.0015	15664.2	0.0004	0
153748	1f55adb3c5b6c5f7cb760ea6a6fded5a1419ff058892ef2651584655b5297f54	2011-11-17 22:40:27	259	1036	1	0	0	0	1	2	7585276	0.1866	7485276	0.1841	100000	0.0025	386100	0.0095	96525.1	0.0024	0
153748	816a7b2a12f3dd767655f5e0180d0c7ff28ef83cfa21b53042109397f1bd91e1	2011-11-17 22:40:27	258	1032	1	0	0	0	1	2	389738592	9.5876	389738592	9.5876	0	0	0	0	0	0	0
153749	fdf0b267d2611a4e88531425a51f2980611e9bc36c88d4b565c71bc0ce87e3e8	2011-11-17 22:49:57	135	540	1	0	1	0	1	1	0	0	5001401107	123.0345	0	0	0	0	0	0	0
153749	6e600512a16accfbcffd3e8f1c5521c3dba988633600bad34d77059f3edbcc90	2011-11-17 22:49:57	440	1760	1	0	0	0	2	2	20932367339	514.9362	20932367339	514.9362	0	0	0	0	0	0	4403.8263888889
153749	fa1b1fc44f533c7d16bdaebb968d57c3acba3ca25596408631990f7ba54b5b1f	2011-11-17 22:49:57	291	1164	1	0	0	0	1	3	5000000000	123	5000000000	123	0	0	0	0	0	0	54.325231481481
153749	405ebb521bdc05c5860f6ee605f0e88e08bfbd3402248f3e1b9a7c795edbdd9d	2011-11-17 22:49:57	258	1032	1	0	0	0	1	2	5529750000	136.0318	5529750000	136.0318	0	0	0	0	0	0	0
153749	c8229604370cf3a79b55539c9cb82cfebcb10e111bdd92c600c402c19fb90c6e	2011-11-17 22:49:57	258	1032	1	0	0	0	1	2	3648159510	89.7447	3648159510	89.7447	0	0	0	0	0	0	0
153749	f6fb9a923a48f0312f823b7dd265c677966926939405421133e0c27627d28823	2011-11-17 22:49:57	765	3060	1	0	0	0	4	1	11297500132	277.9185	11297500132	277.9185	0	0	0	0	0	0	2.2401
153749	c32d4c6ec83b482bcbac57ec3ef7aa43bc7e9294d7590fb946954fbc96c3d4a1	2011-11-17 22:49:57	800	3200	1	0	0	0	4	2	13834953677	340.3399	13834953677	340.3399	0	0	0	0	0	0	0.090125
153749	b69a93aa2551f47af80b1f6b164bf57298bee1b5f2d4210ef040810067d0d9cf	2011-11-17 22:49:57	438	1752	1	0	0	0	2	2	2847000000	70.0362	2847000000	70.0362	0	0	0	0	0	0	0
153749	db6e7b57fc9c6c0019a5aaa4beb3a4bc2d693c7223f7e496691c251a9440d3ae	2011-11-17 22:49:57	258	1032	1	0	0	0	1	2	1808798013	44.4964	1808798013	44.4964	0	0	0	0	0	0	0
153749	85ceef2e593b2d3353934f903dfd952d0e2845a50f240e25f91364d08d80fc64	2011-11-17 22:49:57	259	1036	1	0	0	0	1	2	1843800000	45.3575	1843800000	45.3575	0	0	0	0	0	0	0
153749	e68f5f2ac7ea7c826ee1f97624bf4ca4700692736be605e31eb1d145f2fa9abb	2011-11-17 22:49:57	259	1036	1	0	0	0	1	2	6085106000	149.6936	6085106000	149.6936	0	0	0	0	0	0	0
153749	730bcd79615cfef2ca101ee0e637de02f3768690e3e7372ede754bba0367f9b8	2011-11-17 22:49:57	439	1756	1	0	0	0	2	2	11558450000	284.3379	11557450000	284.3133	1000000	0.0246	2277900	0.056	569476	0.014	0
153749	280b131a12a8121f92fad20d8b786d2f9332283051a2741d8180444138ece94f	2011-11-17 22:49:57	405	1620	1	0	0	0	2	1	1588721107	39.0825	1588670000	39.0813	51107	0.0013	126190	0.0031	31547.5	0.0008	0.021706296296296
153749	4e37c89f74250a7ccaf9f761f3ee1ce0d1dcaa4417612f051895fe0d2ec48d86	2011-11-17 22:49:57	437	1748	1	0	0	0	2	2	173254747	4.2621	173254747	4.2621	0	0	0	0	0	0	0
153749	1e4bf9766075aace4f2a37c38371a9e24d5ff68034b2951a4299b58ee5e3bed8	2011-11-17 22:49:57	258	1032	1	0	0	0	1	2	228062262	5.6103	228012262	5.6091	50000	0.0012	193798	0.0048	48449.6	0.0012	0
153749	84f0b380d0da28e471b5aacb12a0a689aeb7f4edbd34e1a7f0627f0c9567065b	2011-11-17 22:49:57	257	1028	1	0	0	0	1	2	229074400	5.6352	229024400	5.634	50000	0.0012	194553	0.0048	48638.1	0.0012	0
153749	2b632e757e4b16ab409da3a271804520fc659b3638d3da50fa787d3a455b4b1e	2011-11-17 22:49:57	258	1032	1	0	0	0	1	2	207800000	5.1119	207750000	5.1107	50000	0.0012	193798	0.0048	48449.6	0.0012	0
153749	761db503cd893dc99bc8aa51d5a882c0298983b4397d8025b4679235a65d98e5	2011-11-17 22:49:57	258	1032	1	0	0	0	1	2	357914540	8.8047	357814540	8.8022	100000	0.0025	387597	0.0095	96899.2	0.0024	0
153749	e4a8a171ad55461996564e16221a0b27abae6d9d37a8993196f1a20194ccef0e	2011-11-17 22:49:57	258	1032	1	0	0	0	1	2	141596644	3.4833	141546644	3.482	50000	0.0012	193798	0.0048	48449.6	0.0012	0
153749	8c15a498c448f7bf9cd4abf181cbcb8df726de5986ec8b1b879669484dbc2148	2011-11-17 22:49:57	978	3912	1	0	0	0	5	2	13336000	0.3281	13286000	0.3268	50000	0.0012	51124.7	0.0013	12781.2	0.0003	0
153749	ab776ab974d7f38c4a7daec46a8839bdaa61156924b0f1b1ea7bf8d924312f96	2011-11-17 22:49:57	438	1752	1	0	0	0	2	2	2467944	0.0607	2467944	0.0607	0	0	0	0	0	0	0
153749	c06f01856b66de0620ff4032882a687bffc2f960c5ca0872d1f16aff4feb7cd0	2011-11-17 22:49:57	258	1032	1	0	0	0	1	2	11297500132	277.9185	11297500132	277.9185	0	0	0	0	0	0	0
153750	832d9abb68c9a176657f7413c0f0fd2a7f3adf02b2235f01fcdcfe0551cdb421	2011-11-17 23:01:16	168	672	1	0	1	0	1	1	0	0	5002500000	123.0615	0	0	0	0	0	0	0
153750	26abea2eeb436e6f7f9cfd696bc7b9c57ddd503da360fb6872b121cbdf937e24	2011-11-17 23:01:16	257	1028	1	0	0	0	1	2	1518957711	37.3664	1518957711	37.3664	0	0	0	0	0	0	1062.2871187095
153750	64bbd29e610a14deb64e9132a2de09c73a49fc1a2a9fd36f72a8d4480a18c558	2011-11-17 23:01:16	797	3188	1	0	0	0	4	2	839676413111	20656.041	839676413111	20656.041	0	0	0	0	0	0	0
153750	2e9e5ae654de3eac06eb0464f0463f3ceebf62b8edef1c98773601fb1e376351	2011-11-17 23:01:16	257	1028	1	0	0	0	1	2	1396000000	34.3416	1396000000	34.3416	0	0	0	0	0	0	505.41501388889
153750	f5d5c53772a29b44e7befa7a860dbea8db05c454318ef3be7e30594b62fd406c	2011-11-17 23:01:16	438	1752	1	0	0	0	2	2	1820400000	44.7818	1820400000	44.7818	0	0	0	0	0	0	236.77543958333
153750	2332985e0a8330acbbef9e9dce2d2a57ee19ae66f2f581484d1f9d13953b1bf1	2011-11-17 23:01:16	258	1032	1	0	0	0	1	2	1045000000	25.707	1044950000	25.7058	50000	0.0012	193798	0.0048	48449.6	0.0012	126.44064583333
153750	4465bbaa694b7dcbd5aa439f85afafdbb8992f308a754bfc9a171411d87eb548	2011-11-17 23:01:16	796	3184	1	0	0	0	4	2	832362599153	20476.1211	832362599153	20476.1211	0	0	0	0	0	0	1.0683316335858999
153750	9f9c32cff73b0d46f19de2339a6cd0b32585b56a10c8a3ffc6f4f1f78746083c	2011-11-17 23:01:16	223	892	1	0	0	0	1	1	10000000000	246	10000000000	246	0	0	0	0	0	0	83.71412037037
153750	eac557944b214e4a50ec57a4552ec7bfe9153c2312527ba494126f4b6172f7b6	2011-11-17 23:01:16	4582	18328	1	0	0	0	25	2	3334715094	82.034	3334465094	82.0278	250000	0.0062	54561.3	0.0013	13640.3	0.0003	786.34399932845
153750	d9a0a2f3b36a990a2db03a349a405dbe258cc00c75c569b373e0df95482368f4	2011-11-17 23:01:16	259	1036	1	0	0	0	1	2	42235350000	1038.9896	42235350000	1038.9896	0	0	0	0	0	0	0
153750	06a42184e6ac75ad4e2f1283fdae5d56dc2bda33b32822f3ea67777e59aec779	2011-11-17 23:01:16	258	1032	1	0	0	0	1	2	2397000000	58.9662	2397000000	58.9662	0	0	0	0	0	0	23.952799305556
153750	f0a2bd397e75b0fe5661ed99093f4fd00f292c45d8b91ec849a67046366de8f4	2011-11-17 23:01:16	258	1032	1	0	0	0	1	2	1920140624	47.2355	1920140624	47.2355	0	0	0	0	0	0	19.187627453115
153750	1caf6e55c2978defa1051371e0b20d8947b0efd1802f7ffd2d018d6440b0e21d	2011-11-17 23:01:16	257	1028	1	0	0	0	1	2	1659000000	40.8114	1659000000	40.8114	0	0	0	0	0	0	16.578095138889
153750	af659b99ed4625ebc47698567ad9e59535baebf3a6cf8d6dc493720c99f836d1	2011-11-17 23:01:16	257	1028	1	0	0	0	1	2	1575302516	38.7524	1575302516	38.7524	0	0	0	0	0	0	15.741720905834
153750	9ace0d630a1e524e2bdde1c8da13c2a5d3a4901ab59cd51c7393c270aa605a78	2011-11-17 23:01:16	258	1032	1	0	0	0	1	2	1485347143	36.5395	1485347143	36.5395	0	0	0	0	0	0	14.842812688928
153750	20d4a0932d9764e2e5d626922ee73c38425814f1daee18dee662a5abdc0a8f40	2011-11-17 23:01:16	258	1032	1	0	0	0	1	2	1620000000	39.852	1620000000	39.852	0	0	0	0	0	0	12.777
153750	038b83d2b570a8caca9f44e4c0fc994efb98e7270ca7c75572fbf682ea604a53	2011-11-17 23:01:16	258	1032	1	0	0	0	1	2	1352015269	33.2596	1352015269	33.2596	0	0	0	0	0	0	13.510450728579
153750	021a6fab24bea46a3836abf539bc5061411c7e0bc9e987bb5aba99c39d48184a	2011-11-17 23:01:16	257	1028	1	0	0	0	1	2	976000000	24.0096	976000000	24.0096	0	0	0	0	0	0	9.7529962962963
153750	ca698f0f69d81e5cd2c8f9a6fea89d48ec2c55f674882b075c5df00a8c701b7e	2011-11-17 23:01:16	798	3192	1	0	0	0	4	2	4637378851	114.0795	4637378851	114.0795	0	0	0	0	0	0	0
153750	7b8f799e7dfe6fbc2a2d2c11b0ea83436482a116ece02285c1a7266ab43fc6e3	2011-11-17 23:01:16	438	1752	1	0	0	0	2	2	125884000	3.0967	125834000	3.0955	50000	0.0012	114155	0.0028	28538.8	0.0007	8.4652846513889
153750	0e62016f3dac5457e4cd12a953cfa1b029d325017b08d37be4780b7228e6afb0	2011-11-17 23:01:16	258	1032	1	0	0	0	1	2	4553000000	112.0038	4553000000	112.0038	0	0	0	0	0	0	0
153750	3e7a7f1287b73bbeddde9c0fa74ca44bd675d016821c86c9a5a1104efbe27094	2011-11-17 23:01:16	440	1760	1	0	0	0	2	2	575936179	14.168	575936179	14.168	0	0	0	0	0	0	3.0721505363593
153750	d35426ff36e0a1d72b78e3abee093f8915d5cdc8fc102e1f0f22cc4a1e6d4d7a	2011-11-17 23:01:16	258	1032	1	0	0	0	1	2	9778960755	240.5624	9778960755	240.5624	0	0	0	0	0	0	0
153750	907615029eaf8675ca75fe5eb90ad3632be2db2cfa05ddb17d5253882e5005a4	2011-11-17 23:01:16	258	1032	1	0	0	0	1	2	297795948	7.3258	297795948	7.3258	0	0	0	0	0	0	0
153750	26ef0f5a1bde8d0ede7283331a3a385a0f6b2460f833fde2fd2a9b9c5320dbfd	2011-11-17 23:01:16	257	1028	1	0	0	0	1	2	8331250003	204.9487	8331250003	204.9487	0	0	0	0	0	0	0
153750	dd559569bfb1cbf19c1e72bc1484b998cdd977aa1d439e08046e807fa68b86d6	2011-11-17 23:01:16	436	1744	1	0	0	0	2	2	41000000	1.0086	41000000	1.0086	0	0	0	0	0	0	2.8275104166667
153750	7e2209af37113fc8a2b0b1fcb4a07ca514925078b9cc6b3bce216cc6bf57dac9	2011-11-17 23:01:16	259	1036	1	0	0	0	1	2	293105872	7.2104	293105872	7.2104	0	0	0	0	0	0	0
153750	022a422940b7b10a5f0034b77914a8dd012ef15935406107154863291cab0098	2011-11-17 23:01:16	436	1744	1	0	0	0	2	2	9947100000	244.6987	9947050000	244.6974	50000	0.0012	114679	0.0028	28669.7	0.0007	0.0018529166666667
153750	82fc2c80474af1fc04de90c9760375ae42cbc954ffde8835b852bafb4cf16aa6	2011-11-17 23:01:16	259	1036	1	0	0	0	1	2	7327001930	180.2442	7327001930	180.2442	0	0	0	0	0	0	0
153750	4eb8ce4f634551d2865d2997404330f883ce9a320ecac20358fef8e729862906	2011-11-17 23:01:16	223	892	1	0	0	0	1	1	60000000	1.476	60000000	1.476	0	0	0	0	0	0	1.0632222222222
153750	d8277f9d93a0fb3932e0264e283d2888e7b095da64a9fd4ed18157623ddaa04f	2011-11-17 23:01:16	619	2476	1	0	0	0	3	2	511982297	12.5948	511982297	12.5948	0	0	0	0	0	0	0
153750	0b0e3a94743b05740d720e0560b3358528d4f5e1f5597886cad1565d1af3ebc4	2011-11-17 23:01:16	257	1028	1	0	0	0	1	2	3841000000	94.4886	3840950000	94.4874	50000	0.0012	194553	0.0048	48638.1	0.0012	0
153750	63b49f6bd4057c2028a97f6bd10b1c58125b5f3408ac1d5349f64ff44c9ab8b1	2011-11-17 23:01:16	436	1744	1	0	0	0	2	2	416030977	10.2344	415980977	10.2331	50000	0.0012	114679	0.0028	28669.7	0.0007	0
153750	5186fe2c96c7ae304b34a165badda2571935bfc71bed8b2e2f25b1502302771b	2011-11-17 23:01:16	259	1036	1	0	0	0	1	2	122617985	3.0164	122567985	3.0152	50000	0.0012	193050	0.0047	48262.5	0.0012	0
153750	f6e942c81f7dc4ff712fa0af5a4128c3ae252609875bf75e6a62f7590bc43a7c	2011-11-17 23:01:16	258	1032	1	0	0	0	1	2	120098018	2.9544	120048018	2.9532	50000	0.0012	193798	0.0048	48449.6	0.0012	0
153750	6274fe88de49b238a1529f7c2b28b10d7494bd25bcc84b824f8ef8ec623d08ca	2011-11-17 23:01:16	258	1032	1	0	0	0	1	2	180633230	4.4436	180583230	4.4423	50000	0.0012	193798	0.0048	48449.6	0.0012	0
153750	80cafbb24612636d767e39f1b7751c69e2bff12c270500cdcc93b6b36ad3237d	2011-11-17 23:01:16	438	1752	1	0	0	0	2	2	10564868	0.2599	9564868	0.2353	1000000	0.0246	2283100	0.0562	570776	0.014	0.88181313196944
153750	197cb17cdf44c8e1d484143359dc8083797fcd6726c481ec872e2a4f0671b116	2011-11-17 23:01:16	258	1032	1	0	0	0	1	2	78951368	1.9422	78901368	1.941	50000	0.0012	193798	0.0048	48449.6	0.0012	0
153750	9971fd7283fbfda4cacb72b1c51cfc7c94ddf5e5e7176cc6af1545830ccf44d3	2011-11-17 23:01:16	258	1032	1	0	0	0	1	2	118637063	2.9185	118587063	2.9172	50000	0.0012	193798	0.0048	48449.6	0.0012	0
153750	d10a6674526f78703c51f4f5c7b37be920b25521be9a3d230744d88d3b97125c	2011-11-17 23:01:16	258	1032	1	0	0	0	1	2	122902631	3.0234	122852631	3.0222	50000	0.0012	193798	0.0048	48449.6	0.0012	0
153750	1d0a0b543dd2721fd12775ec7831c6a76f2857bbfacf9f9076e691c503e98a95	2011-11-17 23:01:16	259	1036	1	0	0	0	1	2	2428496000	59.741	2428446000	59.7398	50000	0.0012	193050	0.0047	48262.5	0.0012	0
153750	d44325611d3286ee6e87c2960600d263584b713a9e34d9765b351ef0f0c1a803	2011-11-17 23:01:16	1156	4624	1	0	0	0	6	2	191330386	4.7067	191230386	4.7043	100000	0.0025	86505.2	0.0021	21626.3	0.0005	1.1593154413463
153750	05fd97279c0c6fd2b49f34b799b3fd0906506b2c930b38adc416480838eae9ac	2011-11-17 23:01:16	259	1036	1	0	0	0	1	2	31409796	0.7727	31359796	0.7715	50000	0.0012	193050	0.0047	48262.5	0.0012	0
153750	2a21f2615568f25beb7362a1d0745b8ecb724b18d9e9a92a6ce9d65bd4fa6640	2011-11-17 23:01:16	529	2116	1	0	0	0	1	10	1603171692	39.438	1603121692	39.4368	50000	0.0012	94518	0.0023	23629.5	0.0006	0
153750	f6725a7c60083c1886eb26b970f431c002523b0a3b069b89db87544844fee3f1	2011-11-17 23:01:16	797	3188	1	0	0	0	4	2	1811750000	44.569	1811700000	44.5678	50000	0.0012	62735.3	0.0015	15683.8	0.0004	0
153750	c01ed5abb975542da3bba8586702e452d3bffeb3a85d6cb5a986b7d6e57fce29	2011-11-17 23:01:16	797	3188	1	0	0	0	4	2	201494395	4.9568	201444395	4.9555	50000	0.0012	62735.3	0.0015	15683.8	0.0004	0
153750	d9f781aaf821874f028e2f13b53773c38a2a7214d70a3412c2e1759db3bd14a3	2011-11-17 23:01:16	258	1032	1	0	0	0	1	2	18000000	0.4428	17950000	0.4416	50000	0.0012	193798	0.0048	48449.6	0.0012	0
153750	c691a7d7b2842ac04d1c03a09c1fa68be68e834769238d830fba5bd085853fab	2011-11-17 23:01:16	438	1752	1	0	0	0	2	2	11050000	0.2718	11000000	0.2706	50000	0.0012	114155	0.0028	28538.8	0.0007	0
153750	28cfc4e8b81c2598999e02de391f1d7777db82fab84d7415123dcf1e7b52d2b6	2011-11-17 23:01:16	258	1032	1	0	0	0	1	2	96446644	2.3726	96396644	2.3714	50000	0.0012	193798	0.0048	48449.6	0.0012	0
153750	80cd4fe8f46a55ed90376c4b8d37716d060099421cdec31ebc3ad14aacd1f748	2011-11-17 23:01:16	257	1028	1	0	0	0	1	2	1757708	0.0432	1707708	0.042	50000	0.0012	194553	0.0048	48638.1	0.0012	0
153750	72643c8d7e7da149c38e187ed05006e14746ea1d815a7504741adbef21562488	2011-11-17 23:01:16	798	3192	1	0	0	0	4	2	14633697	0.36	14583697	0.3588	50000	0.0012	62656.6	0.0015	15664.2	0.0004	0.00051858217592593
153750	d3e6f477a80dda6304e6602a9c9b9622904e0701a938ec8c4e8926f57de8cb77	2011-11-17 23:01:16	293	1172	1	0	0	0	1	3	3840450000	94.4751	3840400000	94.4738	50000	0.0012	170648	0.0042	42662.1	0.001	0
153750	d49361ad60b9248f8b91e23e8d8456959b0e4eca537c21a48eeda9ef1faf1209	2011-11-17 23:01:16	257	1028	1	0	0	0	1	2	3839400000	94.4492	3839350000	94.448	50000	0.0012	194553	0.0048	48638.1	0.0012	0
153751	76cd9f489e7347dcd2cac5f6a92252357477ae44b92ed38dd825c1a32e1fa1b3	2011-11-17 23:45:25	182	728	1	0	1	0	1	1	0	0	5020350010	123.5006	0	0	0	0	0	0	0
153751	6aaad8d32487c4b15050e4a9a0250dc7f371c773820cafab73b546e5129bb0c4	2011-11-17 23:45:25	223	892	1	0	0	0	1	1	6176623267	151.9449	6176623267	151.9449	0	0	0	0	0	0	3302.3895355447
153751	90ef57b22e5ecc72702c0795f298aadc1e5ad14dd4e85f746db273ad78bf0ead	2011-11-17 23:45:25	258	1032	1	0	0	0	1	2	60000020000	1476.0005	60000019990	1476.0005	10	0	38.7597	0	9.68992	0	0
153751	e4e7ec225a2ee5a3eff20652a4656d6f442c86d6a09f618518377bfd0f454cb2	2011-11-17 23:45:25	620	2480	1	0	0	0	3	2	896938788451	22064.6953	896938788451	22064.6953	0	0	0	0	0	0	0
153751	6d71ce3c31024ddff740577e2891bdc6ac2586105ca4fa9c89c66299216c8645	2011-11-17 23:45:25	258	1032	1	0	0	0	1	2	2727000000	67.0842	2727000000	67.0842	0	0	0	0	0	0	200.8688
153751	39ca8a8f63c5368c6998238cda739aebb1ba7b016b33faa6559d29aa54627801	2011-11-17 23:45:25	257	1028	1	0	0	0	1	2	29484900000	725.3286	29484850000	725.3273	50000	0.0012	194553	0.0048	48638.1	0.0012	0
153751	a8779c3bb197e91b4090607294bad127e0d72f4e0633fbbec80a83f6a559195d	2011-11-17 23:45:25	584	2336	1	0	0	0	3	1	20016000000	492.3936	20015000000	492.369	1000000	0.0246	1712330	0.0421	428082	0.0105	196.53747407407
153751	9423cf21d0589e63e1cf4d1f6fecd460fe095511c5adfb03cbcaf7a7a164e561	2011-11-17 23:45:25	258	1032	1	0	0	0	1	2	5607899785	137.9543	5602899785	137.8313	5000000	0.123	19379800	0.4767	4844960	0.1192	92.366782708771
153751	e63d211e5413b7e83f32c5c8fcf10378ccd852f4c6e4953b3dd3b0a8adbae3a5	2011-11-17 23:45:25	2235	8940	1	0	0	0	12	2	5001447710	123.0356	5001297710	123.0319	150000	0.0037	67114.1	0.0017	16778.5	0.0004	533.38289186209
153751	b07a197a8fc06a7ac0ad507d5016beefbc09875b8d2122d20fbbd278c3af8242	2011-11-17 23:45:25	158	632	1	0	0	0	1	1	5000250000	123.0061	5000250000	123.0061	0	0	0	0	0	0	0
153751	2e3f635e2518b9f4535bb85d24e95255d54d71a1de9163575852f59da5d94cbd	2011-11-17 23:45:25	193	772	1	0	0	0	1	2	5003198765	123.0787	5003198765	123.0787	0	0	0	0	0	0	40.544440362296
153751	67ca5126a954785c9bcb6cc1ea45d3814d426130dc9729e537fcb756929a6c33	2011-11-17 23:45:25	258	1032	1	0	0	0	1	2	6600000000	162.36	6600000000	162.36	0	0	0	0	0	0	51.075902777778
153751	5593c03031bb3586e0f78cf39c2e1432c5ed690209f5d0142cdb2d4b7ade468d	2011-11-17 23:45:25	438	1752	1	0	0	0	2	2	826440000	20.3304	826440000	20.3304	0	0	0	0	0	0	57.357963189815
153751	4e2d3c9a2aa97efb691c72c0c5dbf3bf7d3e719c0edbb258a0de8882fa22c201	2011-11-17 23:45:25	223	892	1	0	0	0	1	1	4000000000	98.4	4000000000	98.4	0	0	0	0	0	0	29.308796296296
153751	b12d96e379e3caf6a214e5e6fe6c41a10f3dfaba9b70d423b5658e347ff023b6	2011-11-17 23:45:25	620	2480	1	0	0	0	3	2	1291500000	31.7709	1291500000	31.7709	0	0	0	0	0	0	72.916553391204
153751	82568f9c65340e8b105954214f3091d4f30fd429720ca20ea7c32680c090fa77	2011-11-17 23:45:25	224	896	1	0	0	0	1	1	3500000000	86.1	3500000000	86.1	0	0	0	0	0	0	25.645196759259
153751	ff62e755b37922b28a1fc764b8d9f18b5b3a3aac1d309dcb90ee05e7edb0978e	2011-11-17 23:45:25	438	1752	1	0	0	0	2	2	17215000000	423.489	17215000000	423.489	0	0	0	0	0	0	0
153751	cef71a29ef8bb6876ee9c828aad0a149a6453c5f250caa33950bf31bb87dc140	2011-11-17 23:45:25	618	2472	1	0	0	0	3	2	1844788400	45.3818	1844788400	45.3818	0	0	0	0	0	0	47.181099537037
153751	f56dc74b93a926944a758e0ff3f66890103f1e74ca41edec03114cce67973424	2011-11-17 23:45:25	258	1032	1	0	0	0	1	2	4726845219	116.2804	4726845219	116.2804	0	0	0	0	0	0	0
153751	51ff25bf7eaf881f1b128205faec4e573670a400ee799326269ae6dc2e3babdd	2011-11-17 23:45:25	585	2340	1	0	0	0	3	1	19163300	0.4714	19163300	0.4714	0	0	0	0	0	0	32.055610962014
153751	5ba41ba0d66e56fd5552722c637af41f3405edf43a1052cb22cbf5e46f951746	2011-11-17 23:45:25	257	1028	1	0	0	0	1	2	12636466590	310.8571	12636466590	310.8571	0	0	0	0	0	0	0
153751	733583a5e8ff1c0da16ad117a6340f0e561cb8dd31f94f9dc84dc5e978abe98f	2011-11-17 23:45:25	258	1032	1	0	0	0	1	2	2352104831	57.8618	2352104831	57.8618	0	0	0	0	0	0	0
153751	931af0f26ee1ff8b3b4810bd51eef97b1c1cad68218f02aad8516a02da0a5eaa	2011-11-17 23:45:25	258	1032	1	0	0	0	1	2	12162339076	299.1935	12162339076	299.1935	0	0	0	0	0	0	0
153751	fcfcc0177569b3e829975e62449d46090cc4a42d1beef79ad5f6cd4386af9e23	2011-11-17 23:45:25	799	3196	1	0	0	0	4	2	12853887912	316.2057	12853887912	316.2057	0	0	0	0	0	0	0
153751	3c34d8182667ad12d0fdf57dec3f0d4b36165212164b303bbfb2c264ef8d9416	2011-11-17 23:45:25	8358	33432	1	0	0	0	46	2	901000000	22.1646	901000000	22.1646	0	0	0	0	0	0	376.50795393519
153751	79d56a50edead9854e33625238d53ca3354c5512c13cb8e2b72c63aa02ffb7db	2011-11-17 23:45:25	1159	4636	1	0	0	0	6	2	1061000000	26.1006	1061000000	26.1006	0	0	0	0	0	0	45.587415046296
153751	0c4fc3b338e146882002c317c386a6a860ad6d308121a8e3472f14b94a6ec554	2011-11-17 23:45:25	620	2480	1	0	0	0	3	2	13212243800	325.0212	13212243800	325.0212	0	0	0	0	0	0	0
153751	6ef17dbed4d7d4b1d35fde29f549b1d2f25c45eba264360d0d060a1e23a264b4	2011-11-17 23:45:25	619	2476	1	0	0	0	3	2	12803948602	314.9771	12803948602	314.9771	0	0	0	0	0	0	0
153751	9e12f54190a95604cfa954b13c35720adf96331d526588ec0d508a823878a29d	2011-11-17 23:45:25	258	1032	1	0	0	0	1	2	11000000000	270.6	11000000000	270.6	0	0	0	0	0	0	0
153751	579d5813947a8d2c24db22ecfd974f4f4ade5e7157f0d09c5064a85500fa3453	2011-11-17 23:45:25	1160	4640	1	0	0	0	6	2	401028007	9.8653	401028007	9.8653	0	0	0	0	0	0	34.375217511767
153751	fed1a9a2c9c0d7f2a55be19f7c1345cfd7a51e134e8471833c238e45c99883b8	2011-11-17 23:45:25	258	1032	1	0	0	0	1	2	1595666045	39.2534	1595666045	39.2534	0	0	0	0	0	0	0
153751	9e11e311e48b336cbf01d3e982c510b845d67bf1699213ecf2834df0cfe333ad	2011-11-17 23:45:25	257	1028	1	0	0	0	1	2	18574950000	456.9438	18574900000	456.9425	50000	0.0012	194553	0.0048	48638.1	0.0012	0
153751	8abfe62ecab60ab24841336d5d0c2a34e80563a3f09bcab59f37bf98d4435abb	2011-11-17 23:45:25	259	1036	1	0	0	0	1	2	3023800000	74.3855	3023800000	74.3855	0	0	0	0	0	0	0
153751	752d23d24f184613c4fef0854a2326534086f1b0258a9c893461e1f85271bedb	2011-11-17 23:45:25	259	1036	1	0	0	0	1	2	2867640000	70.5439	2867640000	70.5439	0	0	0	0	0	0	0
153751	da02dda4c802ae97466fccb557af68928a31ff8f844ca692242f48227b2b50a3	2011-11-17 23:45:25	257	1028	1	0	0	0	1	2	1132486959	27.8592	1132486959	27.8592	0	0	0	0	0	0	0
153751	a29c0ef1ce7fc82e13cc8f87199d8f4255070f91daae523dd11ab8fb06270c15	2011-11-17 23:45:25	799	3196	1	0	0	0	4	2	3493707726	85.9452	3493707726	85.9452	0	0	0	0	0	0	11.467516785171
153751	55e506bdd979f1f1f5e4d1d56767fd522876a80fc9f8a46f9d14fbbcc7593cec	2011-11-17 23:45:25	258	1032	1	0	0	0	1	2	3514490521	86.4565	3514490521	86.4565	0	0	0	0	0	0	0
153751	933e3aea26f49fd529d7215c400f7761ee91244c9310b8c65f261588ccd80305	2011-11-17 23:45:25	258	1032	1	0	0	0	1	2	3498358724	86.0596	3498358724	86.0596	0	0	0	0	0	0	0
153751	6003915397a4552dc53449501bf305f52df1aca951afb05aae381b228015a172	2011-11-17 23:45:25	259	1036	1	0	0	0	1	2	3506963333	86.2713	3506963333	86.2713	0	0	0	0	0	0	0
153751	3e3c6e85cea8c18bd97de80adeba998864adc3003c31b3a8a482206405b97649	2011-11-17 23:45:25	259	1036	1	0	0	0	1	2	3392234558	83.449	3392234558	83.449	0	0	0	0	0	0	0
153751	8e902467e70d9fba328ae53cd46b2a6d80a47e2808bca053688e52361b9fcdf3	2011-11-17 23:45:25	259	1036	1	0	0	0	1	2	100000000	2.46	99900000	2.4575	100000	0.0025	386100	0.0095	96525.1	0.0024	3.8924652777778
153751	5499a3c25d5ad525b5180f3669ff804f86477c0f194317ed90505a9f7f6141a1	2011-11-17 23:45:25	259	1036	1	0	0	0	1	2	119000000	2.9274	118000000	2.9028	1000000	0.0246	3861000	0.095	965251	0.0237	1.0323112268519
153751	fda8fc2cafac17c75866e0c4999a9b38de0ec15caf5fa79ba76ba6d1ea8796c5	2011-11-17 23:45:25	438	1752	1	0	0	0	2	2	1636000000	40.2456	1626000000	39.9996	10000000	0.246	22830998	0.5616	5707760	0.1404	0
153751	e67804953bc3728e2375a38a42916f9539357cf3d6cb6b2ae66c6de509e5a3df	2011-11-17 23:45:25	259	1036	1	0	0	0	1	2	3000000000	73.8	2999950000	73.7988	50000	0.0012	193050	0.0047	48262.5	0.0012	0
153751	2b27523cb871a3dcb1f67dc97bcc277ac8d83e37ddea1c6d2fec431dd8ae7bd7	2011-11-17 23:45:25	257	1028	1	0	0	0	1	2	3913322714	96.2677	3913272714	96.2665	50000	0.0012	194553	0.0048	48638.1	0.0012	0
153751	fd27decddf7ba9e363c96ea528e57b77dbcc8e175c5cc76228a84d3b7a7c9c58	2011-11-17 23:45:25	225	900	1	0	0	0	1	1	2000000000	49.2	1999500000	49.1877	500000	0.0123	2222220	0.0547	555556	0.0137	0
153751	cb4c0fb890a752dc433828491d61de0585e35c1d6a0b9e2cec334740a907d2e5	2011-11-17 23:45:25	439	1756	1	0	0	0	2	2	3199950000	78.7188	3199900000	78.7175	50000	0.0012	113895	0.0028	28473.8	0.0007	0
153751	a25168bdd64cd000cad81e0225dbf5e9012a1200ff25fd37c12260bbc334b683	2011-11-17 23:45:25	799	3196	1	0	0	0	4	2	401401692	9.8745	401351692	9.8733	50000	0.0012	62578.2	0.0015	15644.6	0.0004	1.5576824841032
153751	0bf0a2a35b9460b9e9a3c95119eca92bec4558d1eb62cca90c55852fe3105db8	2011-11-17 23:45:25	1156	4624	1	0	0	0	6	2	5009230830	123.2271	5009130830	123.2246	100000	0.0025	86505.2	0.0021	21626.3	0.0005	0
153751	415c8d2d7594d392edbacbc6d1545affc33dd49d59d1b53500e26048c36ba79c	2011-11-17 23:45:25	1698	6792	1	0	0	0	9	2	281174553	6.9169	281074553	6.9144	100000	0.0025	58892.8	0.0014	14723.2	0.0004	2.7623253252974997
153751	093c5a06622febe22ca14f6f52877cb66ce40995bdaf64c6ee44854e076c1292	2011-11-17 23:45:25	257	1028	1	0	0	0	1	2	2698160000	66.3747	2697160000	66.3501	1000000	0.0246	3891050	0.0957	972763	0.0239	0
153751	85916f4cb8434c9f722cb54cdd4448ffd69d5dec2fe74809db519b75f9c61365	2011-11-17 23:45:25	258	1032	1	0	0	0	1	2	1711091709	42.0929	1711041709	42.0916	50000	0.0012	193798	0.0048	48449.6	0.0012	0
153751	e4fe5fb6f7b7dd355fe2e08210f2c9244461a207e6e847a73a75a4f5844f7f75	2011-11-17 23:45:25	258	1032	1	0	0	0	1	2	550000000	13.53	549950000	13.5288	50000	0.0012	193798	0.0048	48449.6	0.0012	0
153751	d774fadcecd85ea5528c1e3a64d812a8839883e3319e84c00c633e793869c879	2011-11-17 23:45:25	258	1032	1	0	0	0	1	2	1056793000	25.9971	1056743000	25.9959	50000	0.0012	193798	0.0048	48449.6	0.0012	0
153751	7d5f3d8c6d0f8725a2cb35070e96a17cb0c02548c11e1b30ba95e985ea2d5a98	2011-11-17 23:45:25	293	1172	1	0	0	0	1	3	3838850000	94.4357	3838800000	94.4345	50000	0.0012	170648	0.0042	42662.1	0.001	0
153751	01a52ab3e5d0797a233d743eea5d8765e5daf6e51d5254e9e6cc3a78002eec22	2011-11-17 23:45:25	259	1036	1	0	0	0	1	2	587900000	14.4623	587850000	14.4611	50000	0.0012	193050	0.0047	48262.5	0.0012	0
153751	28e38dd7e4431ec37fe4593b3442116490ea77ae01546b567f32a6dbfe865c60	2011-11-17 23:45:25	259	1036	1	0	0	0	1	2	2340223000	57.5695	2340173000	57.5683	50000	0.0012	193050	0.0047	48262.5	0.0012	0
153751	8abd3017d74f9e6c9095f7f4f96b4cac3558baff4c0dd35a622e05a647de1aea	2011-11-17 23:45:25	618	2472	1	0	0	0	3	2	9450000	0.2325	9400000	0.2312	50000	0.0012	80906.1	0.002	20226.5	0.0005	0.30668549189815
153751	2e13d89f0fa08db66a50534777c6635de91252f4445b6152c5913dbae372c4ea	2011-11-17 23:45:25	257	1028	1	0	0	0	1	2	553147878	13.6074	553097878	13.6062	50000	0.0012	194553	0.0048	48638.1	0.0012	0
153751	661599c373bd34773d5a405ed62718c860a48be06500228f98dff63eaf8306d2	2011-11-17 23:45:25	258	1032	1	0	0	0	1	2	843121692	20.7408	843071692	20.7396	50000	0.0012	193798	0.0048	48449.6	0.0012	0
153751	aca75e5b9f29e12890ee891fea93d7981ae7c91eaa4c13147e4df1bc32d7e6a5	2011-11-17 23:45:25	258	1032	1	0	0	0	1	2	100000000	2.46	99950000	2.4588	50000	0.0012	193798	0.0048	48449.6	0.0012	0
153751	fad78727534770fbf104d4d988c5ef07c30621a8bc687f80ea0c1f01b4668ae2	2011-11-17 23:45:25	799	3196	1	0	0	0	4	2	299061269	7.3569	299011269	7.3557	50000	0.0012	62578.2	0.0015	15644.6	0.0004	0
153751	d6d1c6ae525d9ce0a07611f6aedd6ccaa669447c326587a2e2723d77c3f2bc5b	2011-11-17 23:45:25	259	1036	1	0	0	0	1	2	166656900	4.0998	166606900	4.0985	50000	0.0012	193050	0.0047	48262.5	0.0012	0
153751	5edc9937f4edbceae232ec67f93b7c22dce0408162521f05197653bb91fa970b	2011-11-17 23:45:25	258	1032	1	0	0	0	1	2	216329424	5.3217	216279424	5.3205	50000	0.0012	193798	0.0048	48449.6	0.0012	0
153751	928ab0d796474062e5b5cf9f87f493a07dd5cdf76346d7cbb916164283187879	2011-11-17 23:45:25	258	1032	1	0	0	0	1	2	100000000	2.46	99950000	2.4588	50000	0.0012	193798	0.0048	48449.6	0.0012	0
153751	f2f7b82bd46afbee3591e8d0c504db553350416db67dfa1b1244897dc6ce0f44	2011-11-17 23:45:25	619	2476	1	0	0	0	3	2	19850000	0.4883	19800000	0.4871	50000	0.0012	80775.4	0.002	20193.9	0.0005	0
153751	56b1aef784b89e9fb954f13ff5f51bfc68592956d5198cf3b5a29e3fee9ed643	2011-11-17 23:45:25	618	2472	1	0	0	0	3	2	31929156	0.7855	31879156	0.7842	50000	0.0012	80906.1	0.002	20226.5	0.0005	0
153751	6d7f35498f5f02c1e08a95cb6ed81acb50899e679d41971ec58f08597cc4076c	2011-11-17 23:45:25	762	3048	1	0	0	0	4	1	750000	0.0184	700000	0.0172	50000	0.0012	65616.8	0.0016	16404.2	0.0004	0.0016457465277778
153751	0aec20bbfa2b8ca902f309dc3ad172fb9d9447991b546b13e5bef2ca58b2a8d5	2011-11-17 23:45:25	225	900	1	0	0	0	1	1	3071984	0.0756	3021984	0.0743	50000	0.0012	222222	0.0055	55555.6	0.0014	0
153751	20f34e4fe2c8c49325b58ed7dde6975565613dd82a8e132d4d027f6bf0c9f8fc	2011-11-17 23:45:25	259	1036	1	0	0	0	1	2	4575500000	112.5573	4575450000	112.5561	50000	0.0012	193050	0.0047	48262.5	0.0012	0
153751	c03049a9a94f24508d53ec79b93e6cc0a24211a0c8ba8ade3bd9592e4f4c6636	2011-11-17 23:45:25	258	1032	1	0	0	0	1	2	3837800000	94.4099	3837750000	94.4087	50000	0.0012	193798	0.0048	48449.6	0.0012	0
153751	03d55ebef9d6a48e17ff355a17ac241822221f072d338f580921232e51ee56de	2011-11-17 23:45:25	258	1032	1	0	0	0	1	2	2289675930	56.326	2289625930	56.3248	50000	0.0012	193798	0.0048	48449.6	0.0012	0
153751	5bad888ed0828d407d6e41eed696cfa14eb0440f2b7ad28d8a2083fda0086ff3	2011-11-17 23:45:25	258	1032	1	0	0	0	1	2	2228567530	54.8228	2228517530	54.8215	50000	0.0012	193798	0.0048	48449.6	0.0012	0