bc1qrzx9k472lr3nsdwv0favx9e60zm6yejlkkak6z	2343
16ChDbggi48DP7shYXCinKjVLAdFAW7qks	2343
18U8dcKQ3GxWPnk7khL7omqsHz1fJECAzF	2343
bc1qjp6mu0kuhd49uddzvmx3nxzel8faqhmry9m0vd	2343
bc1ql374ql3ug7w25zlrkrg89w6nte70nqzffuqhmp	2343
12hmo8wgm1foJy7eibPN94wsvAEfpcgh2y	2343
18hfKZtqxx9iUTLPXdcUyyppTmR4xzbuCb	2343
39fHfZyScg6dhQE2EpzLw7TnZ8p6xdjjzg	2343
1U7LfYNHR7xoZMyt3bm344GbrPE5851rU	2343
17TwvqTT3JUvzRrfuoVkfNMovdq2m8ygxd	2343
39wEXkkUop9ge3Eu48NdDpCjW3kdSyz7Fd	2343
14WYiKT3mX4f9N4WE8mqkJJzWaGwTudiVf	2343
bc1qkrvntvaq666cncch4g8fmes42da0t6ht2hvfes	2343
bc1qtuvdq4dr53qrtqg99zh46k5kfgyaa0kxhj4ukw	2343
18QdTTpCTqARUMh91NZezuKY381vFawWwf	2343
3DdqeKSzhE7uHVdvfzWEDLiqmCdVGTQc15	2343
1HX8svdNskpyE21zUaQtHgJZQhdqesfzhi	2343
33KPpSH4HNtvPibWBBr1BuXVQpLEVokc1k	2343
bc1quwzfjdc96pve8rmcvk6jkxry5e50pel7xnpwj3	2343
127EBPss6H6Snqh43MXchW3r4rJbQFTvPh	2343
137RycfuSZPdxb6fqVM4WAvtkBGF2hWLC8	2343
1Ds7WhH1Pp46QKQV2BuHMZ3oWAevgGPx4U	2343
1PX55KDiapybmuE8JeF7FtxqPBzt6yZyrQ	2343
3MKGJHzo1SWP7kHRSFKtQorkzF2rkiCjTK	2343
15sAQtCkWbzHg7TBRFWhMMceGrzPGa5SpV	2343
3L7k8MNTFz8SAMUBBBsk7uo7fa6muDvDc3	2343
14jKBFf87uQe1iPKSBw1JnfFXqxqABZG2e	2343
13vGALk9s2QC59abi4RKmWpRDExS6YAGyM	2343
bc1q4ajec58sc76v9pxfu6ka4ar3k00w5y8uwspnyy	2343
bc1qt4d2t8cz85mhfx2amqm4nk96pvrvzxzm466p4x	2343
1Gsw2Eyfgyv1FDgZxWKobp6LNL8amomJtm	2343
1EQMxghirYK8URZLidQJ9w11pLQowdumcZ	2343
1PYHNzY1mHk6fgSF7gxVW37bBC37bBJuhn	2343
bc1quq0m6x7kyw3jqldatfwaqjexmfv9z0rktc0v84	2343
12aRiJ5ueQAWxhHmKhNSvNoSreTRWANobB	2343
1btjQmDo2xJUANnHAfPh27A7ZHxntK3Tn	2343
bc1qj9a9sc7cjwz2x2d8zcgrfe8ras38g7f0vyk7fy	2343
bc1qhn98gyp0rttt6ev6jv4kh9heqypl2yjzq28wfq	2343
1L7qi5bV9c4uL2jYoe47ZcejxeZPsXB4a6	2343
bc1qq0d3rqgzkm0u0uugqkseuqt4ycy6jx8a4l0mxk	2343
1JzY4cxq5ahdb88mG1okKGtdmL2etD5ysE	2343
17gCfbxsnxSMriwJ7DKJLV9DdZgvbgjvnm	2343
3AZ6HjMk44hPvHmhGwuJfTm5kYXDXK8TAg	2343
1LTTb6KCTufuDVQP4wMoSQTV3dv6wnhsFA	2343
3Aee9H6UkVFYJkxRDwmNBXEk933HRprJSf	2343
bc1qrq4yyk2lfed24tar5amn3w9tp9nq6dup4vn60m	2343
3JHisoP1zEYmtXTg9BtxJMVB9iV3CncjXJ	2343
1Ldoq4o8SyiwzxSUPfoDXbWH9R3GuDTm16	2343
bc1qrmd4gfe7a83lvlpm2sh7hz8v9qusep5phv2xz6	2343
3ACiM6dBAXwVBM4yPgS1KuWMkyWtyFrZzb	2343
bc1qrn9ryhfyjs9wmtrau8pch89s5wnhmrd3g0rd08	2343
bc1q2c248sce9gvknnca8vl9pmprvv3gngmge3alr3	2343
3JTzYuSUYRBmANGtaQqzcpf4poBMWYYU6x	2343
1HWRh8dEhT9yrCyRoVrL7DZ2r1Bfxcvsak	2343
3BcVpuTWuGEXWxMrGGfqq2fZmBhx8x9ew5	2343
1Jd9MaDQTVpXEBcko6DMR3rDvYDBgkNuuN	2343
1PP76zor4e1SqpPmEJzR5cj5iLFqkntdZd	2343
1MXoPceNqFP9Xm2Ugqm1J87X9GDus1yDdg	2343
17yunNVoY6WJpkEtTDz9s828UsYF3ZQFy2	2343
bc1qane4c99t35l3xrgc7hds73stt63gcau6cvn46k	2343
bc1pdc47rlwcva609xx43crc2rhuylru8h5y2l69t9ds8996vc6vrfkq7hq2p3	2343
1EhNSnLYBexWthEjhezQjkf5pvN9ybRPsS	2343
1MTviuKokiH9HbDYVh6ziky5w5zV4sf6m	2343
19MUxLQcS38kQu97s9r1VmBBgBhbjQwviz	2343
bc1q8yekyj0x9napx32cje0nh0g0ncphhsmhkqvqm5	2343
1M2rW6qYWdeU86jv3sRyrQttYNVbtbeo3o	2343
1CqGxkJf4VizrAXjHg1TpCp6vrHnFdh3pe	2343
18kA5KSgehimEyBC3LyokL9Ud2bLATJwva	2343
3L1uPM7rCPgDcDLWA6pwZT6i8C7DiFFNw6	2343
bc1q6nkx9vggl265mp5xjj734700xq48cd59da39sy	2343
1KxrLyxE49GGHCi9sDM652jv3RuQxHPHJQ	2343
bc1q47xraexj7dsjkht3mm3h029hf4gmavrh88g7j9	2343
bc1q3umtaexu2px75ul3kju4n42l58scjmha5tjmlm	2343
15HPJDfyE2v57Ceqj4FjmNHVm2T3Mv8nUC	2343
1Fj1bxcXuRSTjQioUeb1eRTYbqJsDAeK2z	2343
1PLg5AAmkmDFQ2qoY82Jn3Bd926k92ET8N	2343
bc1qwcxd0u7lt64c5seaxap66fe0uu5juvw90y2wuv	2343
18HRFZLKq2MhcHcm5igtcZpjNv2kv5W47x	2343
3QxxjH2vHPHwXxHe5sRkfDKkhYPtwvWk4W	2343
bc1q4cc75g6tjhxjul5qlalyn49m3y8gnykkvzcjf9	2343
1LzpGCSGUMwYxdkVXb5RcN5KXQ99YBB4DS	2343
1Pd6gbS3vWGXQj72b6ozwRYHDFRLqM5LyF	2343
15iYuyZQuQ7fDpTYjP9SLZYJs8CtdLof2u	2343
1222caMf3QA9HVbebtb4HC4YDZQnFa5b6y	2343
1CcG5q11YCjgX1PDY1HcXTFjaQcVQV9Re8	2343
bc1qsjh55t6rw8cwyfuv0n2vtc4zzrn66ct5xpx96d	2343
1KTQTPsyn2UHxbM1TbwQqcZ3AjPWoxSzyA	2343
18tBX3mZWRwkPfe5ZeQNE2RqodGwxMnLdZ	2343
17Lq91wHsY8n4iXmK8kvvmUYQo4BGda3s3	2343
bc1qawy2aag3h033hczmqphr82jnzfx8sc4ra9mmfe	2343
1M5bHQC98ce8fhqS9qbY8jrTWaEeoGyxwB	2343
bc1qdc7ln8lcvzwntrgxmfqt4le9gpdfkl6lpp5w7f	2343
16tkz4BMxxc8Usbao5ZwXjnUWUBj58mqG2	2343
1BpSFhZzo9GidBZAFQYMGt7tiUCeKuTYnq	2343
3HUNcP2MsBqtk7ADwKRMiN2iw1bYJgFCEx	2343
1Le2zuewR6wo9yafrFmHMk5W6xqVS9E9aG	2343
38jThKS6TsnLeidTZRBRgWTpzPSbLt1DeP	2343
12F3K6PRLRQ9Xb86XFEZ22editAEPHUbyQ	2343
bc1q2r6su47hu5vtpccrpka3nlzregxk7dszel3drc	2343
1GYm9ykV2qZoSi5zY1yrSW3M4vTHmAYF7B	2343
19Q81f6xB176bCBY8Gb54RCQnqm1FLKRfU	2343
bc1qzcv3nnkjwq699agmuaxwusz2wknsq9w35nxsza	2343
1GD1Tm27u52ugFdQcdYD1eKP64LtMNbwh6	2343
3NyXpbfDkRpE7oz9VxjKLoHUPm3TD7i35z	2343
1LiySZMgUaMZzph8MqktvcSRbPRzvtPod6	2343
13MnGcGVTfHwbZvUpsDw35ssTRMoHdCVdq	2343
1Hn9tuamj34iJ8KpjFptzkvxfsjzhoM8qe	2343
bc1qnr4cq85grcfrk8r38c6ufye4kv92g4hk0gxwpc	2343
1GeApKdCDZHd5xGAQ39tvUUo2xBqyDB17H	2343
1DMRaCsk6ToTRotsuHBTfDD7vPbBvXH4So	2343
17efwkJX67SzjVde9esSYpJu1ygjQ65MuB	2343
1GHTq6h5BpL1xM4uFVf6aCKB7xZz5huhuQ	2343
bc1qae9lwkpnzk2d5vmw8y5e643wjd7yhcqvzuqxz8	2343
bc1qyqhyjwe7k0q98hq9sn4svn8s4s9d6fexs5tvvl	2343
1379av2zQeZyj4DCaovrsgSZ35jjoP7Sex	2343
1PFHYPkLbvpR3MsLw3BhH2YvH8ovZUaYmA	2343
bc1qeqdyex09tyekjs0juemhjjz0rhthm8259g8j80	2343
1NcePkMx86wnSGKA3gdbbvZxPsL2ZSXwRt	2343
1Ptim3x3JhWkXHs4NiK3SLU8Zg7xZBrgoi	2343
12su1ZzMSXxyZK5nWCk2iahmqWq8rCe2ih	2343
bc1qfh9ulfgefqsfr5vz637tgwl29wvcwljf2rup8n	2343
bc1qqwhql0gn9yq94x5e52ml8087yetanjrunsvr5k	2343
1Q3AoFrSmtaxzFBkHZphZrU4TnBnAAqkun	2343
bc1q2dj60hppv6ce7eyg5sflkadnchsgz7px6zpfpt	2343
1AWvcUXpb6T5UvEFoj5T8WiDjaAmGZQZzD	2343
bc1qvyyt4f7ax3qzh3efr3m9t39y9re3pw0x92cts9rsjrdy59zjmvasudljh9	2343
bc1qms7rznhx3st65zl9czu0pnpzk4qedn96u5vz9s	2343
bc1qlp3pkf80ngelwuk0j0rfu53p74dd872wzjttlm	2343
bc1q3qlrghgqy6z5emn0dycd6780h77se58xfqw6mm	2343
1HQAzpzPPaYJ8KABKteRJvs5tdaqAyXw3r	2343
12Jq5PC1CXGooCws1pDDsbwKgQzb96BUKg	2343
1E5YJKtTswWXkc6xWw33BmnNAUH53Mnpur	2343
bc1qt5ugj2czz2v8q0q7s3s07vkjn6309z0cckcjty	2343
18Di9x8iiPPiMnnhYB7YjdcSbYEQYUutBn	2343
16umXjJSmC8so932VM9cftq26E1kFjHTDS	2343
3E6QVNcy3L9Le3GSSKm31Q5AZBcSp4P4tx	2343
1J6h6pFrVh8TbgTrQRvtEnHCtymkE5BVxQ	2343
bc1q035q5jtudhtn8x2kqmwk0uh2cfsv75r5kcvxmh	2343
bc1qy23we5y6uy567z6uyl7kflkfkfujry734dlftp	2342
bc1q92fsalq7ch76efwpnzyq86d88nh8dcwkyh3myg	2342
1HvrzDbYnGkmQ2NZgR24r7pD5GAm3inczP	2342
bc1qgsjcexaku8nzts53g9jjr3pqz6w84n6w8yldms	2342
1PQiXkXijumYVpRNVXKXZWBc1RF66fWkiF	2342
bc1qc92jd4qeznktftsyts9mct95jpn0spe5kdwa3q	2342
1AC8yJvWomSwGZPJPLeMJP9Y6N5f9Tsm5b	2342
1DttK7saxwAdCSaeooCveLYdYkW6EySZ6n	2342
bc1qyk9c428wy6df7n8kq73rjaqtp9dlzuys9nctnt	2342
39fH2vbZaL7rRNK5GR4TCL6A8dU2tv3wWD	2342
bc1q00qculnzfnar84hfz8sn4359gtx4rafltkrag4	2342
bc1qvx5d5j5ka8s47s0yqx3m9r52c6w9axs7nfnysr	2342
1LLBv6uc9efyG2k7wygQ8e5TDaMM9Xmcy6	2342
bc1qjne0s07g98ear66nsa5ms32tspqjqg2fjzlpyp	2342
1PLtVFemZphekhz5qVdXN1iiGQXKdwQNqu	2342
18JypwbKhxn24HWW68RtFtmnoBYR3bWGHz	2342
bc1qvjy2d4qhjkddmjt6k90p4rqrhseqqhh2u6263h	2342
1Ltg5EGdvMxs7hFobpn7nKkrpL2nBVrRhf	2342
14ko3PdiBz68LDo6pdHXEBHLGfPajcXSaH	2342
3BHabgKUR1TJ9ySGnbyQLFhjNFu3RdBGSW	2342
3QkDpXFkoB6duRfXo9iD5oYgsJ1q1v44BG	2342
3QV8MFzMAZrEyBfJNH1PLk4GzGofmiTdxU	2342
bc1qcekgsf0g6kcscgqd0dyf2lhwjrzzer7lqhaqzk	2342
1SKZzbSYok9PzexRCR52qDDd4U9WoUZZP	2342
1Entdd5S2oZyDM8PwtKHSKpbwDPRbG95ne	2342
113781MiTVZbK3abzR2N7utYHzjSnxAEy8	2342
1EJvstTUVqUDduuXXSga6tZLYBcRcfWgw6	2342
bc1qn5yprkw0f7alc5spfj6klds9wt3qqdrnkvfqvd	2342
bc1qxn6n42uncyg4hmyt682zep4jnnwjhmpu54usmk	2342
1MzsDchHftMju3pFovTHThWwMm3LadcSMQ	2342
bc1qp6jraxl9j56kgnl2z4fwqce30u6dpjz78pekyx	2342
12iUwTBH8ZKxRzLfcqSPqYg8cPDJofYC16	2342
bc1qw7zgwp0gqxkwscwk34m7yrrn8ldlkhvu6c5jt8	2342
1Q2UmNYR5qsTZMxaQ7hE9BahMtQUwpNqnP	2342
37gEND23unLB9LErb6KLAU7a7QQW2vfpc3	2342
3LF9aGCNVZwTDxoYjRBbTGKNj4ZDEvuuui	2342
3FHUp8sLcJQFZo24ZQoMnfFEHpJtKYBBbE	2342
bc1qz6qcjk4q4qjzl0ads59ad30cunqq33kkesk4qs	2342
1LycLtE5oVStsKt3eUDEAamqf4PwSBaaVu	2342
14zfe3hRibCcnFD6ATpzbGKYdrb2xgNVUF	2342
1KFa8zsFbEmZowQHzDkVkwuC5b5cmxkD3Y	2342
1F4rPsr8SJHkoPZRbx2YZtHF76VAhspkVz	2342
bc1qgddcyaavr2fyvz967vh9w09kw50f339n4vhyje	2342
16o6PpThHsbmGFyosU9HRWwqvM3qvtoBqR	2342
1H3mRagaFpGBPzQR6Es7wSkCeYEWd5Yu2M	2342
1AjeMqbr1JyiXmVqGAhhLk2eSqnpLGStwv	2342
15wQQC9aLwQ2BoXTRwGTJn5vR5J5bBypf9	2342
3JambkF6pnXDtdiFmBJMFhMitjCB7hbkQL	2342
1NchgRoDwRyzssvZVRHJyuM2NkAhHEDvSW	2342
3LBwdmL9jMpaPM5hYJjUbM3ZaY3rZcxLgY	2342
1DBCW4seHXFpDMJSg4JtgUe9Wqf4MLZofB	2342
1HFKsjPL5aMR7tgzCHR9KuGxyiU6CXrQ88	2342
35otSZpQY7bjTvkXdVxYiJFm7dWVzDy5Tm	2342
1hr2EPx4Vwzy2WHyap5CxKbWVrJi9i81T	2342
18da2EWgY5TnohRnj2uqbYSMswJUKSS32Y	2342
bc1qskrxrkx79x2wkwe3jkan338q48asfcglpxtmwh	2342
1Dqdog4BXtZr18kTn6qk7MyzNSooqWwsyB	2342
1DnaAWrGTTfDx8AUEuqWV5SFdirsQqx2wM	2342
bc1qgyqeg987twpsnv7t5ze5rg4r4qtv74n2r3ggjw	2342
18WrsBzHxmwF9po7AwQsHTNoYGLgzvHPSk	2342
1LpXNKYnMZzWgz7PJsarfCaMxYvTFejtvw	2342
bc1q6rylp55un2dkfp0t300e8tn7ujah7v3s3jxqhn	2342
bc1qguw7lw0va8aev9yglqf8vxvaz5r0czcswjpymz	2342
1NikDXV32NMJ7RSn3g8QXh2QUcN8hisLgY	2342
1FuTPiEnJjrz9tN2gC8hRp6ZpnbhzXRHzQ	2342
bc1q5gskk20pv9xavaz4zjspmxhm4afls3j8h8nyy3	2342
33Wzd9WJhD61CdGnHbGGZJrKGfmyPCzjwQ	2342
3Qmk6UZbsp5hWoojbEfoHY2ee13u8EVPpc	2342
bc1qxk55f7tlhuu64nws2vzf4hjpjxl7fkpxllp4klp8xrfvetxhxwwswme4m7	2342
1rKHj2kCPn7u9AzYNJR8g7wWamBYg37ix	2342
1GrYffqatuGT1FJM6T7q9JXY4Q9qkpWHQh	2342
3CXpiwXa6A8jnYb2iquBoje4DbFFdiYyJX	2342
1HJtqgLpSzsK32uLQX98dcNdhhSLSmoVGa	2342
14svtJeAXdveKfKky199ukwpogPXdzq8cF	2342
1AKVALjPb2x5MjM1afrSpE373Jyn3tKgzR	2342
3K7fPKXRD2613EkX4NTjhbidN6F6GkwPwn	2342
15TqX58gtqC45s1Bhmavwhsr7QdDNotsTo	2342
3JWopFBjaS5Ge7GKY81HJBwNP2fi6rAn7G	2342
bc1q7me4c9jyhgyzhmckvwfycaldyhxhk4p0xx2fuk	2342
bc1qpelz4rx87pkuu5wd8nxsdh8zhw5mqra38rcgrm	2342
1HgzopLhs3iw8o3LkasEWs1aDthe9nBybJ	2342
1PywhYWfQTtLoctgrAMQwxEpCLXBU2kqSZ	2342
32dQMex32uA8HyMCxhpeaaKJQVqYJ1Da8J	2342
1Q9wqtJTY3LZgzJayxgoGkWWi6Yrmtoc9T	2342
bc1qw76r44r86qm99m0vdq05dg3q0fl3mkrkjanhes	2342
1JqMvNMANYyYCLXRcDP1F3C9jrkxL9JCy6	2342
19CbqF2GpWwVrT3qLNhfdBeDx9Nfk9png6	2342
1E7shZQR7Kkxpg9NSLov88vY1jYLPafyaC	2342
bc1qqagszdvthq7daxla734h972xx2zzenetzgx74s	2342
1CEDvSe52vBL6og3zDyNt1vp2rTFKhyw7r	2342
1Abgds8TxQ5mb33h5V4JBorfq9dFPJQ7mF	2342
bc1qeueq6drs6nf8vkt5xsp7d5h4hlg5wuzswnru7p	2342
12k5MRBF3skjtYGQq6GmTmYANfY9YV5hqP	2342
16Q53TkBw2d61L1FwhASByQ3Hxuu1huU5K	2342
bc1qh053jycel7hsd38l2qn06drkwxw55443965cnh	2342
bc1qeyqtj5yx0tnhqyddqp4av2wj7n42d0yx8jkktg	2342
bc1q0cunjjls9u875ttst9rxuh824hk56tjartxvfv	2342
1Fus52rzMDDtVhaGVC2VgAyZHA941Aqwym	2342
1Eiwhb7ZB65ep41qFJYHFT5FxRAxn8u8PK	2342
bc1qt6gnpm4wgwya3hpf8das79ak6x9za6f7c6s77d	2342
1H6tUJ2cPccrgqZsGVRpnGxNH5MP9rVfrB	2342
19AJVFQcNE8XVu3wLtMM7mSJKZRV4D9Tz7	2342
bc1q506ndmml746hh0u7c8vsxemmeyvcs6lmvh2nmw	2342
bc1q2gjnyfu59905f6ytd3cakx8zuhsgwld3shr9tr	2342
1BiFcp7JKZLpyMWNrq1agiueXVt2jEU9yp	2342
13jsR7nAcTcgenVkPFHQYb7vekYDGDK6Lr	2342
1NADeSXK7iHrW89NCd2E7URt4js8X6bANo	2342
bc1qfllrsf3yagnr6rz59un87c99z7zc8ykpevgv4v	2342
1369pK6sr8SnmnAqe9ngonKvDEbxySkTwS	2342
1BWoChMiMPof9FcEJuDWJ1EQrrAJDctAb2	2342
bc1qw9l5adx04vkpsn3tsw5d3gj20nv798gmuvc4y0	2342
17akFm8UvaoB4wa16waeK1PHzzCE2VGJqq	2342
16msbf537boQ4RykF2xL5skjdYTh6XvBzi	2342
14v6n3zNkanNRAhEZ5zLTtijp1KkpfGWwz	2342
bc1qdeddvz59gghz56vz48jf56wxqa0l3ykggk93mz	2342
1GmqpXUM5M35DTX4VnLBDkwMcsTrTG2PWV	2342
37gRvqv5M1EFkPnwqgBSgzfwHrw29PHLUn	2342
bc1qvakk6g342juervd0y4v4tp9utk2llewsls2hlv	2342
1Jq8vmgQJ38bsyim4aK9Yo4A5brDN63ib4	2342
bc1qlvz6rghuxglnmp45293ctsu4j0jvsukz7ssstg	2342
1F9gEGXxfuE6Z7ZsE4JsuJ2dzafu8zFLZt	2342
1Jx9j2Xx6xFRihxjA51X3q3eRNR9aRmJ57	2342
178JwhYq4cYKfwyGjzJV7qRxFe2vjZLUk4	2342
1CN7QmutvonaxYQkVoUGri99frZjPhMfkf	2342
16XwVp5XMS6J5vzy4wYzCDAR8XLbkvNGSx	2342
3AXrFNSms3hgm5AmrvWQ8bDEnSCawEQuCg	2342
bc1q5e56n6kgppw0ax6rg9ph24gaj07cx0yuh6sj7r	2342
bc1q8y05xmnpnjzuyntdlglke5pq3tt2xnrn9d5khg	2342
13tbe3KrZCN9aUoEt6w3d47tkQuunLh1VX	2342
1BRXoKV7UwY6NXXxTSg6S9BbEKQbqCmoU7	2342
bc1q2pq9m7s2tkfj5c47q4s9spmjf7wuu4lpp4ah6z	2342
1Kpyx2zm19ZvJT1MJ3Jt2taqHcQjBaY795	2342
3ExqZDFqqVNEhFXsyL7zrDX4HC2T1azz5Z	2342
1Ktm2mHymFqMAe1Y5JdrQaxvj4tpRM3rGf	2342
177cjrWjPaLVojDpqdMAcXDTPqSoTZkzs5	2342
1GVm63RVYsqSJ5e7fCHEbRz9Gd45w6Ssta	2342
1PPKnY3FmvCnydjY3HDL97HtVy9PNuQbU2	2342
3PGwDwsgg29veUw9Lpjwrg4h2vnG5sxu42	2342
bc1q8ws97rw9sh7dam8zuy8rtqqsd50azps5lay0l0	2342
1LrWfcJjqWD5beWZqZ7EFUCaau4uxyB7Fy	2342
bc1qsa0swd69e4yjdrrwwjws34s5g999ajsth86v0s	2342
1KVGjpEtwxqTkKmaVneeLc3SZCskMkiHP3	2342
bc1q94hut0hrh4xewk2eqz9vjw5kanv2qeysg7n4mx	2342
3Gbt5rHHwzf7wVgopawGa56i1NCjJxNmcG	2342
38LuA6inoZ5RhRHVRjP2UiY7a7kwMrtxmb	2342
1CPof1FKMeeZcKQTd4RVP8Jfrq4r5DLDKR	2342
14xhSocMh1vUy5U8LtugXr21cbAhfHvj8X	2342
13qiwrLMVmCcV73zR9xjD1pPiCrqx99paF	2342
bc1qulc005w9rt6z5yc4l0s0txz3lr38k3qw8zd6mk	2342
37w5WM1Kv7hSiuwZuPDTkqvHy5539eFrHi	2342
1PFAM7kCaQXeacUaur79ehdp9AVMFgbrNk	2342
1KDj38c4W8qthx4NU6bJHDAz1SzxLmSAkG	2342
bc1qrm9gwpgrg4ttqge60apnejpmr0eq799c9lnj4j	2342
1rbP9f8E4XwvoGk2d7cm4LkpaqLEBshd3	2342
bc1q6tzct74cq9ap387j9hddus9rxy302ammmgccn8	2342
1GSDk8k23irgAoiaQok3uvU65jLDrAQwiy	2342
1DEKUcpkMhQSwFB9YzA8ZURr2NqX6UkN3w	2342
bc1qd4lndktdjd3nyxxl6tzg455m7v7xrgkkwcp5psn2w5p5kjs642vqc2cgtn	2342
bc1q62anzszet8axf49my9feadpsjqt3kuw62r258c	2342
1KnZ43eRdmkwFzHusbizBUm2Sto9NsbPSS	2342
12HM4pHaiVTtVSSYvKabJDAHyepHn3zT1f	2342
18oNCLUFzJDh8TqVo1d9NyZDhokHSZAyw1	2342
3PSYwBFJBK1jY3Ste3obeeqPrA5A57SaUz	2342
1AUtaWmBGQfA17qEzo7kBpFpeffihWUP9E	2342
1EpyDRCG5N8nZwamWrXeXPZgeZKVghAn12	2342
126HaBVRMEeuyPFthsKXREvidc24XQh578	2342
bc1quev3fff4hmujdllc547d3wls46ufhxussc378u	2342
bc1qt8gqxeq6ygxvupppyf546tqssgvzx0lf3un04m	2342
16K5o5J7eD6KT4qAo496g1EmNXJY9M9rd1	2342
bc1qrvd72qds6tqdlz23ju9rrqc0l7p9hhc5npx9je	2342
17i2ioKZcGiPjaUfzfQK19BKMj3bgcJ9it	2342
1MkUXVd8bS9mQcja7xr6QkFfLFvgHKgD1f	2342
bc1qhttcvnds40qrzly0es6yukayp9p867h0jjx8vg	2342
bc1qwfdvaczdngyu4qctzxtymvm47nt2nzlnqn7xja	2342
15zayMBYhypmA9CMV3RMYQAhMjRsVoQpD8	2342
3NxyRqjHLcP9uFQykv4dewkPgNjqb8ra3x	2342
18ycBLzgNPXCzv63HZhDF84NEottUsQsS9	2342
18JV5rZd4sNxTAZKDpx5XvVphTNikDGJV6	2342
1N4XUb7UmHVYiDudyv5mXSLkXERuLiXA4p	2342
bc1q2ecug0yggs9gqr4v3g8xzpsgkcfaeqtjftpffztxtlmpaud8flpqq9xvlw	2342
bc1qng2xlzc83l4xdtdxtp098c4hfg3xaul4wd5ms8	2342
16HbyoyAdMAmrfcjeLJBBwHXHr6H7C5LLY	2342
1LqifAuYxzDwjbeKn7H79ENzBbESMcSdjE	2342
bc1qm4wn9t6r6fzaqaerm7kpu93j2kj5plpuhxlp6z	2342
1EksSSNeCRHCkMB7xdforSDSGVPN1vsoAH	2342
188NWN4tGVKwnu3tpqRyB55fCjt73451np	2342
17HJpHqVmRYWQic4724YexYRy1cjfopqb5	2342
1JhM7jSZSfG9DMATgeMCP7GDKbw3xPyjbG	2342
3JSMVsGYrPTKm37mBMsTtuXw12ton1Q1b1	2342
16iPKXqHWSPeS611JCC1711SkFybMD5gfv	2342
1GZXdyQoQoUYjy7bpK3P9n4qkk5fGozsQP	2342
1LZHXWd14sKWWtz7tHDFLba7V77U5pJ5Mm	2342
bc1q8frm54hk9nxz486t82au4cf0cpld23dv2hq4kp	2342
1EqnzZRpJZJ3DWF2SjAWhpGCm2f727bu3r	2342
bc1qvd79hz6vuz7s9ju05vr9h8tpk4nsqdzq668sy0	2342
16xoKmC13HhLUU8bwCwjm2SGSLFA7HnbeE	2342
18aQKZZpibGbgeofJrNhrkwMQqe6xgTotR	2342
bc1qycwtl2dprj9kekhpkd2dpuyc6hgup9dlsrkjq2	2342
1LdmA9vBKbJ1mjk7kiGacXRZnMHzKTJ3mf	2342
1CoCq3HZANeiaeokPJQ1JBtkG6Ae9aocdK	2342
139pX7KMTMq8dRYDG9MM8iXiSPaTbdd5ZK	2342
bc1qmnpgqvjf6qahlpdmz7s3v5m85qqlrrkh4wugaf	2342
1CwaLESaNyer73MMjUuKdD2UicqSNAsfTp	2342
33ShGSjz94SpFvd8FDMiWwKPq7tegamvbj	2342
bc1qjgtullhh93smnffgp92x9y0ddkrfmpxhcasqdw	2342
bc1qzvmp9llkewgp9ytwm9g78wuww8agj6vfcnmxsk	2342
351Cwgq3CebSkJTSw3rfS99CGYAuoLZ8He	2342
bc1qgew42xt8rh8lyu5ldc0z4at9mfc64zlvgzketr	2342
1LtkkthMZLNma4H31XJpHfbwCZDUNusR8y	2342
3M6Qd9rtvN8n4EbdRHNQosNCYZNSp2RXBi	2342
bc1q0sz537lfpg50e8frr5t95nfc2h43kv6ffxjlwj	2342
1D66urgBEKdxSe3fXbDLWkNQS4wP7BKDwX	2342
12EanWMQqgaL7wtKq6TNJsd6eWZJNBfLgS	2342
1BuxnYuxXeAqNHZHtzoFWRqmhWkMCBLRUz	2342
17VFb3XSpF2pvYrLCkLnQrdmyg1qBcYhk	2342
1PrPpvbsSKqEEWQtPgUVKthcE6zKW7ZNUJ	2342
1AAWs34h3QobdzixPqjGvnLnnrrHWnhkuh	2342
1LhXSBBgq1RLUGB12k3hCxYdfMkDPMBLos	2342
1FpS8CJGFjRgERcqtpLYyF9BudD1PMc6Np	2342
12HxMqZjHMWu434hJfeSGxcUSh2dfq32Lo	2342
1J1B6qh1Eoux5in5AxELJHpe1aTgGmWV6n	2342
15XSP1YG4xBVepuuetuUrTcJ4ifWbiowYm	2342
bc1q8uhth3y82he4sycajdjx8esevz6clf9yln2c7r	2342
1N48MFE6m3KYvWXSB9xCeyUxNEzxyiwRPW	2342
bc1qkh0gfa6fgqwqqj40f6s957g07e2z4pc497zpxx	2342
1FPfSyPUH3B4z2tf9TexnPvw9kE4nKuNH6	2342
1AVAaZ7py7DYNBRzLsj9tnt1bMKXsWUwkh	2342
1F7WnsYuYVaCVbypsfvnGkmENqWX6xwMNU	2342
1HT7tQwH7UyLwK6J5rvRBbU3RwFLYq9aN6	2342
1BCGAJJy78LKJ2RgjSK95mNZiBZ6gQfZU6	2342
bc1qlc9fevcqcajlv8mk5u3xcjdhw7zlaq7rujnka4	2342
1QCnXb8a7kLSzn2gN44NgytJaA7br8hJR2	2342
16j11z7uqx76btAdiRvxj3ZnNnDU51tiVq	2342
1CjHqph6ddprZqLu9C9vXAbWkR2geXKdR3	2342
11B2V7t8mt4o2KtQSR88hg87wEb5AzJm6	2342
1JkTcgNYsqUEUTstmWx5tSygyHy9bYNhwg	2342
bc1qsus3meqxa08zf7sdqg0nasuaxvdg70kelceu9a	2342
1JsZzpeKAZcYhhDFwVZrNYGpVucNT1ChmR	2342
bc1qe092hykqvalllq3t9j2tcq38qkey2jvu23y3wj	2342
bc1q6yy7jhdxfjxjugr0yy7vsdcxlyhqyww9efytd3lnktq463z003vqkqjr6p	2342
1FRWvtarHt5nTGt5GTJvwJ6C1BL5rm5zmf	2342
14vZheszXjjyFG6BVNGSwXBUCCR2di9dGF	2342
3JpTD9MQ2qHBRzzajqexTkbHmxPyizWPpE	2342
bc1qel85vq507625vxgfev87rztm0exrp35wzzr06x	2342
bc1qzhd8qpuk28wyzmt0adlw58g2ff0d0w4s7effjv	2342
1K9DTTBTGEbKZc4MQbEgbTyPXESa3QUeaZ	2342
13g9rPJK1xr23vfSBo44BEYoNALZiFERSA	2342
14jENDX68CDN7JQAoPHsgeN1zh6To23rEE	2342
bc1q3h758shm62zp9caqw3fvlkgzhga9dtn6cqev05	2342
3KypDy6PPqwQmXLqfWSQekdRJ1nrD4ot97	2342
3NxYwF72wmvpsb78PG1bZ7FboQnEkAzkCM	2342
18YbdCAnHWmzXFcQn7KQt5xBQmQeLQEWRg	2342
1H8Cxqix6Uh8LC1yhb4T7CxxjCx2HFXozV	2342
1BvWQLNXxtFnG3so949h92F3FaG1adDCht	2342
1DvRx5jKU1Fzetr7kLHNhC8UQnr9gQ8cmT	2342
1BmefVwPKikvVPtsktFrP9a3XPsbvf4cKk	2342
33RpMW74TN9KwS71zciCULbUQQAuYdBtoP	2342
1FCTxmLEk9PQzh3md24F3TM9ViPi9WMYaV	2342
12cdVx5FLNBtbsiYGvVVvdnT2HSNGoWzRN	2342
bc1q5vtv45jex3ktq2f7wzpfydft2fcy6jfpfzdq2k	2342
bc1q5lxnjfzsf8d2hk8u2zlyg7w5ykf8xcdsp8nrah	2342
bc1quk2eevc8vwwcrqrdw2kxa7gn09rrdk4fn3rqm4	2342
18HzxxuiAszkvhrFAQkBz1fmtHgQVsEyPa	2342
18D3bhz2yqqb8NK5UcTogdBdkbTVTmmZp3	2342
1GfWz7grvUea3FDq851C9GAnEt7xNB2kJ3	2342
1EiBCDx2E5u3xofkRw7ewSi1ozbikAr6Uu	2342
bc1qesx0mh9yddpdk8v9txwzfs6qr20p589m42ahff	2342
bc1pkwxw63qcrm7dtj0hp0nagc2xdmmrhqk9854t0nc72j9rgua83cqsd8tepc	2342
bc1qjwd96v824e03wvhs9sc48xhgth3j320wxcm2mdesjstd9fq02luq3jc6jl	2342
35H41S63KHArCVQugMhChF1JzmQfVeex8q	2342
bc1q3pcmrg26yqmwxxmqhfxu78tuqzv4uu928c7gy8	2342
1MNP1kJdCv8CRh7oSjW11kXRBScSuVUJuV	2342
1hDGx2RW4Trf7ocr8hicoaM5mR7gSCxDT	2342
bc1qt0lhhkn2stqqp635zgrnh2wn5ur2t0hh4rshaa	2342
1CmAoVYcUnsknU1qnxM8Fa9sHy12P2CNc3	2342
3MjxkHQYmCwVMmDcpSRcz5Du5sPLD72ARr	2342
1BzNZtkHQyScmEwu3JEZJPxPrxBujcxLgn	2342
bc1qrzr5rdtf7ssduzgayuykad7renkhwdj8vj59jx	2342
12euWTWjt4NFp1opjucSQKk8qkkvrTkuxe	2342
bc1qhvzs2zz3fmgpl778gh6s2cmrnxg6rcrsv8yt5n	2342
32XhUK9MzSpW8ZdaYWV97qo6VLs6a5QppG	2342
1FG7ToAJhnKBXhSB76He7m9iG18USyySkz	2342
38VL7TTo9bQiKJg2u5ZeATEUT146b5XdZB	2342
13dEWdbphGvxVm2dzLByq68puaY6ZnxeXd	2342
32JMsa3Eye59DtGtD8CxKychM33VwXZArb	2342
327r4Nf2BbGsetQYj6Wj7qxrAiFSHHyzqG	2342
1ETAPN3JZhS775bW7YBHVS8X3bztTCVZaH	2342
bc1qhklxpvm0jjm3sg6kwus4n8a6n9xajtfkk0c5pz	2342
bc1qtcpj30elv34ynz5hhlu65vfvewsdu6aunrwzsw	2342
bc1qhpmfmj06ewx0rymkt6xsj3tct43unxn6egrfr6	2342
1JQhrUNZPxKN5kJbfTEBPPf1PbkyeQAAuQ	2342
1A6CYEbvjftT93fQBKS8oL828xsJu6Vos3	2342
bc1q4cjgh66y4sr994gwm82t8phxqenka5t2dn4na4	2342
1JXc4euYH4xehrUfJsXQsMzwsHPiTTsLyr	2342
1LEhcLzBfjoZ84YRKgqpwG1QQpUjnLBV6x	2342
1mtCRuTgbZiFtvioDgu1Nwot3pEApnZQK	2342
1E6merfsREWo4RupeouWHg7MUUzu1EesAe	2342
bc1q2a29yc836akk79ps7v8w8t4krnrrzsrrk0umwk	2342
3CNeuhwDgMU1PbmwhuJnsF37jUvGuHWjvT	2342
1DJ58iPc8Gn6zwua1gcrDG38E9WLwficTY	2342
1Dz2Eb7owsgvPGbfHMJVG195pCygcMxsHJ	2342
bc1quew7p63u5ewapq4phnna57r0usyx44zedyt7gn	2342
bc1q786cnwzq9k3apcnkr6zkj0wfwl7qfhmlux38n7	2342
bc1qhnfet8xtuygjv0xx9znclx4vq06vyewdhpcsvq	2342
193tWgjjP5VNAAbBfBMDRZ3uDTQzZLaisJ	2342
3LEZWKEYGMhD2iAy6FyXFBKdLsd76uZZAp	2342
1BrqQEjZ5vxE2qT7HmdPdN3D5LPsBTjGVH	2342
16t8nvHCuxY6HiDWkW8mRJavJEjGWeq6fw	2342
1PrjkFTkX5aAqAjgqGypuk2qDQPty7CXwd	2342
1NPwAfmxVU8gYYuGJV377jMoZTG92LJqoY	2342
12GwBuYgSvX6m7ZkSsvPsc9XU4FwUmz9DN	2342
16MFVzcNSuX4de3T2knkB4eod23wq3auFw	2342
31mpfGENrzDHs88PpP7gAC6Hg3pZQ7Gm6Q	2342
1E96pGzKCgaqHhxCEH4zWXzLQnHFMMH5Ka	2342
bc1qvc4d4ze2d9af2jgzt6m3t6s4h0uku5uzqll5th	2342
bc1qjm649ak89wf896sk236050x6q39ee8uplxer54	2342
1HFhBt53aEBjgP8qXuNqjScxxFe43vu139	2342
15GodeBDd8c7v7mt4Emwb3C3TcBeLppooa	2342
1CLZ7R3Cq56eb6deLbDUr4Vu3mTgk2oKE3	2342
bc1qcjq8e23yrre7qhuw2vr70psup79s37jp70vm36	2342
1KS9rg9yr5cpdjeXJPxHKaTY2thS1EsqKp	2342
bc1q5xugxte7p8zgqq0xhqghdnm093p26pgc0qyvv8	2342
1H2zmdxabpzasTc2qKmDqjZXeEKuxZSEs1	2342
bc1qe36ehftcdv983tzld8flhepzk8quvdsasztzk6	2342
1ESfKuqcMjCtLNQB6MLiPSZxpfy6zpspWh	2342
1mEKUCs6CwzsTgm16Epua1nkpdXe1ZrDF	2342
155z99uYboknt9rttsyNKK6MAhdN8mQyLt	2342
32oujNUXNFKuTXtNo1i9FbuDez2JEzSWTa	2342
12vqyan8Xkd3ok481chHtKFhLTFEXJkQPJ	2342
162EmZP4eGceFh9JZcby5m5CMNtXU5ccwm	2342
bc1q4vrxkg0jku9c483c9uvtgjen0f8mtcqdsuwqw7	2342
bc1qgpeqmytxsnkmtkatxj3wtr0gmrtpllmm7vkc5k	2342
1CbmSKWec7X7rTi4i8Nw9QCb7tDZADYvJL	2342
1Qdn3f7iTrjGLLWmFHvdPB4kiPHm1wWT9	2342
1AgfXfNTeRWzSw5HVXCEp9itRByJiSdsmH	2342
14Fqmd7Vfgq4pLv1ssJnTgrb4FwthJoGKX	2342
161NpJNrUcAiud7yH28NrNQJ6CcVJpwkrH	2342
bc1qy2cufmnjkrkjvrck6cut0dfnpyq4p5kdf56qt4	2342
bc1qx7hkystc8rdpw8dm5fytjshy44jvut5fgwfd5j	2342
bc1qz26aczsm52nfa84rr2ucrwe67xr4a8jyyhvvge	2342
bc1qca9lpejx72y6xcp0x44xfux6c5fuufdhawkln2	2342
bc1qukm4kn7aylxkpecc2v3wvwhq7z6xgstyqcxfk7	2342
bc1qnma3k7c880dvs90mcq8dgnwx7l5285kcudahnxwtgh6vmhllg8xs8tcucj	2342
bc1q0hdtqthl6lmtcfx953yhaljqzral9gw0fm07uw	2342
bc1qlyzj6p0lukfpvz29rm6f6yfdkqg5n5u4653vas	2342
17UyAEYmmBCwKVJmj4Wk1soevDxkM2vZsQ	2342
15SwSdoMFUVzNQk4d4Y2WoG1PQY1CdrEsr	2342
bc1qh2cz0rk6sfpamknycv5rrr39wtyrjjjk6q6d22	2342
1HDgPzd7VJtMatwvSipLdCGM3sTNCRYvLB	2342
bc1qe37t2nh5a2tjsqntxxxsz98e6usx62dtfrq45r	2342
1KPm4WxF2jsH3NHQR714JszWS3oPnsWUYv	2342
bc1qyjup66u527m2mhgxugjqhj3n90vvl967p95yyz	2342
1BdnUSGuD3Kxaybo3RNk2fc7jEuNmxqCru	2342
17njj4aWHdLiaSrQeJesvzRqsb2JxnnAMS	2342
1JpZAMpDBHeJH9c2oXuj9LpjXjCKKrjLcL	2342
1LFGuYsbnN7BiVnboPxccfwukGPrTR3qCP	2342
186PZDRVUi6PwTE9HreQka972t355xuPuz	2342
1GcRKxuKbJ7dtLRrQVde2MPc4WLddtzF6Y	2342
18VHJaRguJr4CUcbcmotY5AgVoJNii2UBd	2342
1g6iRgFrBoKwJ1HQrawuYfJHCCJtEjw2J	2342
17Xhve1Mjxb8P66MyVNxayimzfU36tHvjv	2342
1LStdZZRLpAAF63CV45mry1WWxhFMtJmGK	2342
3BYHVM6ZNT6xfKiXuLvnoUnHVyicx55y2Z	2342
1JcFZfyD6yd7UyDvHHFqzouA4YSSQFmgah	2342
1DjBY6iW4PgFDCy4ePqUr6Axo1wMqsType	2342
bc1qtwdxmf9ng8kl6rdzd0w6jmk3mfu8zcw33q4kz2	2342
bc1qzvaywy59a0wdte4qqns37a08lhh2cy2trdhkaz	2342
33aYgnmN6pVUfwHJG5UCackemGxKcuUK78	2342
1AYD2Tw5jkSawBFv9BiwKAssuEkQ7Z7mxR	2342
1AHRW8q1eU1fHHfgw6MCmAuhrBGpg8SWvQ	2342
1Jjpo66rCeexn2quLBjcDmsTHGmfK5UArW	2342
1M2G2Qi6MeUHxHtL5EdweuizmtbW5RSSRt	2342
1DtuJmBYWSCHm7n2xeL3jzRVp96Q5hkiL4	2342
bc1qylqent8qn2ct6pusmsmg0v0w2mm9s8myg8da7t	2342
bc1ql5wqxsjlmxxdfs4qkwmr4kve6wwe4gh8de2409	2342
bc1q4mjrc233edzdw0ma8kue3jx6hhkmjjzyfcqq5e	2342
bc1qehc0h6w3avgsu5zan679dahd3h9c9ddefatkkp	2342
16dCYCGgj5iq1zsTT9BpcvMpyXMcGCsLEd	2342
18rWgrrJg4VNJcKiijALbiRYwF2TxPWgTg	2342
bc1qmzrl240909mk929q04kqwakdvkr2q3m7vc9uv3	2342
1KFimAF3gBfSLbCNCYp3ZDVeLQcRVFpVvw	2342
bc1qjf50r6h89j885xu9rtq3dcxpyp3mx0lvtny9p9	2342
1Di2j58f9mJ81MKyH3BpuK7PkrhHSxg1UA	2342
bc1qkjhkvd70zpun2et7hx32fkhzdfwl0mysfqegxw	2342
1A8oXPzkmA3CDTsErqUDNnpPAFHDSSUt6w	2342
12AmLdQ7xfYprbYownKnT8j13m7hvoXFUe	2342
bc1qgnzk6l40vu5ksuxqsrwxxm7megcqy2qu3q8rdf	2342
18YoMtJjB5fipL1ruG5dXv7iknkJDYKwVU	2342
37269Rr2h3PH6Cjxb4oadaxRAds17T9w6D	2342
16ENYKSkGYoGeWFmczBz6nCzXB3ccJ9va7	2342
bc1qhduh39pae968vdn055hcxrn5w4wkfkqklj43vz	2342
1K1vY5MA6jNivaVZi7YfZ6t9hcv2wJBCia	2342
bc1qngy8nd464ex2fgf4f9guent6jej0cmprz7778t	2342
1Pu837yPDKsLwo2uWgx53yXQjKn8ykCph6	2342
12YCbCVVs5jUmC7r5PpMb4mnAiVtK65x5E	2342
bc1q7t49r8fv96u8dl2q09jq5gcccm6kv4fhx9u5pd	2342
bc1q9v0gk42uqyru0xkkc8pgytn3qetwzyw4jqvlry	2342
bc1qhuhr8j3ewxpatjtmlq5tn6tp6matgcvaf3jqe2	2342
1Jmm5T7psKCT7AfkuTqm8rznR2q71RnKin	2342
bc1qara8mtwxxm5fw06wprzu3q3ukuawvsrqz3nvxm	2342
1NC1DE3YdYKWYty2itJKfUvLHRR6jkcMkb	2342
bc1qqyjlury4c4hjzuxzhaxnf0025fwjn7wrts60kl	2342
bc1qwacm06uvtt4vvmrk0x6dgpy06ttx3230rl78pj	2342
1LFSoH1KeyY2CuRdYCsrTsC7xQbLohzR8x	2342
12hSRzPc5bP54ZK4TTMPaWhtJ2ceG4N3Wg	2342
19ARacyvHrmFp9ariLBV94od6GsLpZp8BJ	2342
1PKv8y8e3VFEhP5PpPFvRmB1RYx7jN2MRg	2342
14sA4oi7D9ePargWr8mZXDhq8Njbaokekt	2342
19sk6PHzMGNofyGGbyQZeJNe5CjFbaeehD	2342
1JDXNQsEJCfePq5U9dxSb5JniXyjGxoWxK	2342
1FC4UFmy2PQ6ekgiVtoLDsHmTuVUhyg13k	2342
1FmvjpDoVBeJa2vw9Af43pQ357kULE2crF	2342
bc1qu00jnqscrsqk5hydewc9kf903xaxdym7uv25z44dj5guekvc0xesuywjde	2342
1EUhPtdBkZauXwG7iMhX5NbQ64Mra4YmWr	2342
17Fo2jLGdiXWdenDxJtb6BZQKTKEEPaEgs	2342
17op5MUVmQDBXXv4P4Tit7qymrbZ7nFfAU	2342
1JFK5VS1DsvGYHKLtmwyexXnCXH896Sapm	2342
1HEvF5JvyZUcLj8bxF6E8Gao3rniBRd14E	2342
bc1q3tev6fjnt642s2cm0mzwtc3nanyjpvj03rrwkm	2342
1AhLT5sVWH6YZccTe6tSZFcdTqs55HCBNP	2342
15MiKtK5StwHxy5gmzPSVzvkv7TpZJXTo2	2342
bc1q5ecxju43u5ed8zgq4halax4yxscnxvy7f68qag	2342
bc1qeluxxxufqsvme252yjl7wk8dgh8fjnfxt5qau7	2342
1EVqLfMZusi5f59yW9Kt7QUgGyhbMHDHgq	2342
bc1q4s9jun4kyxf9v98h7u3zsjqwuk9lrvrqsa8evy	2342
13HqEiUYNiieYL8LZwXoRLCQDhpVGqqzEP	2342
1AMRchQCqBRQEQhQW6Hgh8f5U6dGc3osiD	2342
12i5dPtJgVGajwUGdriqUTQ7o1JzDJvPtf	2342
3Lodra3Ftn78iizNXKZVqwhn9ehP5rVWeX	2342
1KbJpNbPGMWLcPuWwVsizd3aAP481airRE	2342
15Thy9EecRMVHQWRLEbivR84ddzNGRtAoy	2342
bc1qxnn2xeru9m695h274gk6drhc9qqavhs7ccy25y	2342
1JzqTngzWeeWVh7iNMXcwQM52JKbgYv3HC	2342
17HhtrPEokk1r7mzVmkAEZdY7tKGSVFnZw	2342
1LdZqXYMXEV8DoyzgRgNHPrXq4pp48LGuE	2342
1GmYJieM93QV6e9AFWmvt2ujihcEcT91sz	2342
17Ddqw7ZmWmKDij2vQWYDUYKPoocUKs4wF	2342
1Ht6mujESqoYsk2EUXtMSdqmoX3R2PABDH	2342
16bfQG89guz7Thu1vL1woN7PTGU6fY2Aky	2342
19CqiR2boJyvpYmNi1MWjufudKdpTQseo8	2342
13GkWftMTnerkcPHg3MBPwBNDtQtEvwPp9	2342
1Fe1mDaCeetdwEQupVLxWXFHZSdqHiPyqQ	2342
1F8sPZmK9GH1dNTgojy9qdXLxKRVbUaaAL	2342
bc1qee2qx9duxcdvhhxelu3s7uhahftzw0fy83rh8k	2342
1CcNHaVC5W5E1JfVXvCEjU5oUrUgNnETWP	2342
1Abgv5yEVKvoPHNRmUAsnHCPFddeYnEYnK	2342
bc1q7u4xs90vpjm83mg0zd8c6v8amcwame8j2xnlek	2342
1KB7aN4NcZro617LA4Xp63kf7JqvBvgmuB	2342
1JtgKtprbLunBWqDsBgwpXJVqKyv3zzSpB	2342
182uLYybWtC8G67ZRU6xnYuTcJUnKwmVnJ	2342
bc1q2mvv5zn5mj67rkhdfrq7a2rdvhm8pn9arcnu54	2342
bc1qsru0znv7fuqc480uxukuq6ag02hx58ec47w57a	2342
bc1qxg4w0xa99pvru8lh7qu364npyd5t62w6syh9wt	2342
bc1qemxvhsexyhta9x82lw9vmu2l9gcge2amqeq6pe	2342
18Ghyud4LpPG46DLdB6PEXrBnNdf7GdWN2	2342
bc1qxhfus5350z0q99q7wfnesn85ydecgj3hl6fj9q	2342
bc1q3v08yjg33khf6m9qp2ee6j9hv4z5t3m2fapea6	2342
bc1qqxqy32awcp6hdsrqjpfprgpndh923n4gedxllx	2342
bc1qpk93gwd5e7hn3yu2ctdwvx8phvckjz3guvjwqu	2342
bc1q3tdqwrhjmm3t8xal5s84m9d8rstpnu44m4z4km	2342
12kVoYY4KCc943JiZu34QohXFUvXAyvkDL	2342
1Ea9iGBQH2bRjWCQxKPM22J6NkzwHdjsCf	2342
3BsjRdxVypScpZsAbZyach9NuqBaVqVE79	2342
bc1qcdf7ga0nl7yj609tcfprlnpk6s4wa9ttvlpy6c	2342
19mpj4wGrFpHnqrriohU9JviP4nzmHSdNB	2342
1Npy6yNxpG9tJn2Fz6VKM5EF8ViTJhnTsj	2342
1Q9Y4wdYaFA4toydxvXAwLgPUgQoVSyA2x	2342
1LJxaLxyNwFeuVCwFjxrFq6a774XQXxJhx	2342
19cLhdUb9Rrvp2GcXg9U9pcRB15abMZ8GV	2342
1Pg3N9t3vtVEWVUjFk4vVej2jE1Udv3JkZ	2342
1wYBhLXo9gpGnt8eo5z7rEUNMpbF8sm5w	2342
1P1fqyi5yzL14FxSzTKeYDfCdT8iaKA264	2342
3FfYkoVUyYGSYAqEuVedos92zghrMwUPyW	2342
1F3xqW2MvtiE6Xekqa1zf5krSGWApGQmNM	2342
38rky4qgsYNULxgd2ToYtQEgEb95CeSDuN	2342
bc1qz9u5lh04h4lgn8ny32qgdmkc5qmplys5uh7spw	2342
1BSXGyzs9ZxQyAA5f3Uk61gnyiuphXtXv4	2342
bc1quagkhsrwyqgrzh24vmmzxsmh6gdldykft84sks	2342
bc1qs50xvmgltac0uuwp7jf6vq7a99cskhc2kvmwhg	2342
1Bo65QcaiCqgs2CWQBApJoap8u1cMUWR5a	2342
1JRiS4ctDtvej3L8iX8PXYL9qs7H89Rq4n	2342
16uKTeweY3awfHCiyeBtcaCZi9EbED1sSH	2342
15YkVrHSWJsM4uWR9LoQeqfUrQDdBZNPnt	2342
1HPWWmWYmHLcZurw3Qw1PhrWB4ZuvX4z2X	2342
1LqZJPVPGYUFoFWpBJEXkYZJ461tpJchsC	2342
bc1q5dvygskgas6y67z54mp9t004ws9nkay3vgnwv6	2342
1Ncwa2F25kDeFLo4b57J2NJz2KoXDZwoD3	2342
bc1q9njewtgeacyqh3eylynn0fgpjffwyrf8q3tnj7	2342
1H2X2QQK3rYZ8daSc9Vwb1XmrUrDiDKa8j	2342
bc1q9e3nnaec34wjxveknkqm3gadn0cqujpqqj6zsjs0lek2ph26npcqzpy9xk	2342
1CHp8FAbqdHVXkXyzGQmy7h7bKw7AHZvya	2342
1Ji4yLdDy4VsVCqDgEPWyWzVedjkizdnot	2342
1PgWoP1JLzWNcq9ibqGkcJN9BGhk568QqW	2342
18adeEggXTZmrkFFEje4fsPFVbV63pYBWt	2342
1A6XL2svwM83wEXx6NX2Hoki7RsmKXb6be	2342
1DVaNBjGpWVBDYAbe2XBKWSkuPLMxQQq8s	2342
1CubJNyi9b6kbVHvXvGopT4eM2xcrAmEk2	2342
bc1qa54dcck9jf7jdp7vfrpdcukfca4uhd8dhx5gk8	2342
1AYGMqA6MmqrVKQxtpEZQJgUPtKsGJvfhR	2342
1EZCSyWwFHMKYvQotUPjQEoNG4A8JgfKfw	2342
19QfGBbSTUicH4Tsgsw5faPDHVVFmkok6e	2342
bc1qm9dqy3wpw9ec3auz7qhsxydhgzjtg4rlq8aev6	2342
1qtM24s6HcyD4RDNHuDdUr5CbSq1mVWks	2342
14MEphdk8oczHVEcUr2V9dq35hnX8L5eby	2342
1EKBY8LNJZ5P6bFgqZyrbeBxkVJYfRmA37	2342
1QKVB9TnYudoix28k4Zzacp8Sfb7dD66FQ	2342
bc1qd2vky0nm6pj4kuth0e7w5lxztshlshwsannqme	2342
39M7qz5NkF4vfDGeGP2Ess3LAZ87KkrEvH	2342
1BqyEyb6t2vHrPEcWQ3h3Wqy6oEtvcZ7iT	2342
bc1q6pu0sfwvnqlfhcxmta06gwwxcx7zj8vf80y7fs	2342
16S9eUTuzZrvC89Sd5y9XjQZ7JmrSr4mka	2342
bc1q68pyv06ka8fy9rvupk5dmtywpse6ykx354pwmj	2342
1389fzxP55LhgKFESvGAtU5fH1rznXoSBA	2342
1ADs8g6iHie6Gfut9PWeuNqHAtCmRvp4h	2342
bc1qk2zpnnk9v9jg8ytmthk7tjsgf2xd3rx5e68593	2342
13muXbATJbHeCHVxycvJkrmjnFRF6L42vz	2342
bc1qg8t3fj7aens9l887qtr3xa5hmpvkut8d6z3ksl	2342
1NxzprjjQ7vok9i9XdEAd579x54e2rLazF	2342
1JKnrqC5pHXyTx76HjKwj7Kvia9Kswfdfn	2342
bc1qwap84j75mmlvemvqj08djslxzu5qtjg4p8v5vk	2342
13LXMbfjvnfSFm69BkFqT8B3Zj3bCRFG5B	2342
bc1qc6p4utxsgghkf5pf3q36r9a0quyllurewxl354	2342
bc1qrx0tlfkku7d258x96w8wxpek2rdw4kva3lwlsh	2342
bc1qnn69qk32qpqm0k4ra4q7cdh3j8jrh8j5qaftu8	2342
bc1qcc8g8eej33gh5860xm9wkpuyvwrj38k9rl2dkn	2342
1ChxsfBFUiw27WDAx7tbHkJe54pmMLRERm	2342
bc1qdy2ll834zkvxymvdmn9f94tgf092nv4s8hqf7w	2342
1Fq1uHvB7b9W3xwwUXyND1QhMUBrQXjT12	2342
1mqJ879Cezm5GNoDY9KKg4zXahhGLnCcx	2342
bc1q3zc3fulcd6vkqgsnur8w82cd93jwyyv9455kln	2342
bc1qam3g02nhd5fgke92ahgyr76zdj3wqa6ngtm8mx	2342
bc1qkpxskl3xq80jhq3g7f3nlnmgmr809xphqmnfvd	2342
1PLqFNr91KRP4peJgWKjdC66BuMgzykT8W	2342
1Mr8ibee2EJDieAq1NrtG2svhRHHVe7Bv	2342
bc1qwn0fxduk4gss2a3gxwllspd72e0z740dm6anh7	2342
1AXZMQKgLZA7PtsoqTsjb9qTfi7dQcmLAv	2342
35ACYjejZ5EBLxQnBb1M7zEjUNvP9rCZcq	2342
bc1q36huaxfkcgehyjk600rpj22kz5m55z6rr3q65s	2342
13qsqmvtCiy4y4JzZzzRtCt6eFjp9qR5ZU	2342
bc1quu6d2xngzqehqrrvatdga2ewf0f6grjfmrh886	2342
1NT1SM5WSyrTHfwKtsBZnXCQEaaNJPpEYR	2342
bc1q622qs9gk3ernyx3a704jkt9fjxdx0aczmtq37v	2342
bc1qj4sfgujqur5wekkmklwcrfk8ecys9qewtzfnt9	2342
1MHXQ7YpCVDxUFsS7fT9e111272DzMYVuA	2342
bc1q6599qq07wgclqf3uqhjj8v5nvmlzl9r32fslj7	2342
bc1qgderp07k3737nwllk0mw8yqdup8khwqfwr80f4	2342
18E8e4ySDXBts6Z9fx7DHH6jGuNmKC1U6n	2342
1Cmp6agAwckVxfd15pgGsBRu7YLZVszoTf	2342
bc1qv3tjeehmjup5uw0yrj9gg963g8szwdfl7pc6u6	2342
37XsDDPChVF7VTnfYrG5Er2BiTfBLgvbAd	2342
bc1qxgp05rlr9phwx304splte6g732hrh8n44xmmyp	2342
1PmBvnYSiWnN1Nkp7BCq3Ngboe2pmtv41H	2342
bc1qw4smq9yu36azj3xy5h33np07d4aja64t9e5v9t	2342
192Vvm8HreFmNcReYzEb7VMTddzgtSHGvr	2342
18wTsaCVjZUfbR3JdfrWkMrtatgXKGdr3Y	2342
137UfXtgrisLDxB7fZY2qnfhBXzYyywnvB	2342
bc1qcp8y3sqe9cz690j769ale477hvzjntqkaseyf7	2342
bc1q59dl0jaw6tw7rd0smjct4atps6zwrsusakvr37	2342
1BGJw3Dit1mz17tJ9T4x19MSPaupnmYfek	2342
bc1q4qf8utc32geth0m3y226nsfjfphdd8ygh2e79p	2342
1JhCQyh2jnrDU8dCGG7grRiZuDifGeaiB	2342
1PkPRt3FvcygVhoY1DiYjBqQYsBBPLCwYu	2342
189riarTYSCz6Qo36h6gUKYBWhDhb9FyNn	2342
1EanEDyajCzuVzkeCpCNU61ZXBN8vSxoyy	2342
12wAKmbfamSP57zPSHTJ8kGg7JGV9CNorj	2342
bc1qv0e5twjcz75zezmh7ma3zezxrs9w8vvx8ap28j	2342
1NKuC9NUmVcFVwnUnc1M6qi6VeAQ71v5ee	2342
bc1qkmc2qlmr07xryrtmlxp75enx6tsxdz95tr25kv	2342
1HYALLMorTmArqjqXETueEp13NtoiSBjY4	2342
1ArEdG3LBQY7NCYKcYYfRQUkgBsvoah3Qq	2342
199BjM5xhKEKbzahusWb7BpMBDRKXku5Ka	2342
39vw4cdo22QXszUHoX2JYjiEgs3jGi8CvY	2342
32LGt8WsYqBe1MxAma4oqhpmAeBu3ABHSQ	2342
bc1qtln9m0ug2wvhv6vzlq2f5jjhgyx7dv4p0qexj6	2342
bc1q9tevcfn8fkx840mfmjauvg7yf3urfc4s8n6nem	2342
32x2tYU2LVwnJiWto1sbdh1NZLEqwAyAFs	2342
18naVHr7P8dD6CaoZj6hVyMq3XgMUnEMu8	2342
bc1q9ulgc2uex0nsru08rdmscuhrccy4lxtrak7fgm	2342
1KEbyX6mosEZ1Cpa7txQz9TaQVVjYpTDUU	2342
bc1qau20uzfxkhks3xs67rktukg334kdwt06wxhzye	2342
bc1qxepj573d8rg3nnyc96nt66ye4fkclqee2ar96v	2342
bc1qdya2kg7chha5a3zr3w27qjyeqaq60t3nqv2vj2	2342
bc1qrk7wz58se3der3arvy49ekrvqzqu0tukrjevq2	2342
1HQkDDFE9TXe1K8eR6UUhhxFsnxbQXnrjL	2342
bc1q2hj5w9tt8e5h272tqlyx0z4xa6mthu2fqfsqsq	2342
3Ba7DQWTRpUQ9m5enw9cxyrqbtaYKGSs6c	2342
1KBNM9jR96qqxBYH8sPZgRjSFXJEo7kYeM	2342
bc1qys2ka7mfe6a3cguxtsp08tepg7pfnvh56ssdxs	2342
17V6HYHD6BBoDRkmYJP3WKWcvbwjhgkDJV	2342
1HqZAUWLa9SPfhGg3AB1izWKaVtDexMSF7	2342
198kQ2VFRZPbbFGqj4py184WYh9KtWvTP	2342
1NsTuEFBGP7hnCkLvCzzQjUmTpmnAuPAC7	2342
12TeX2W5iUbSsiLe9ZfAKjLPtMKm2GWaPF	2342
165w8k3oHUBCqJdmCxjdHXjyfrYsf2oTCE	2342
1FjRHNjTEyvkEGGMRha3TKPz8xx3DYcet9	2342
15cMurNsgZZgDfXKMprMSyFn24AdU2P9mq	2342
bc1qlk44r9j4xjqzu84s7ntvglasy542dyuwvmr34k	2342
169Rh8VxKQBA2ja3U6qJArGFmsEp9AsdJa	2342
15Mmf41v8Y1vcLRiEKKh3r63A5YBBGVdyH	2342
1G55qiStq4hBTjszUdnjGnS5P8np99HbcG	2342
13k8VedD7Qup4vKfDpwK7r3UsAah3ZCEnE	2342
1PwseEYWe5QMuXuegFRR7LLc7ZfToNMdy	2342
1CwaJVrVjwyxBufAfakkTapGUm5Xdj8Vmb	2342
1CP2n9w6B8x2DmvQh72npFrBN3L3RUkr1S	2342
bc1qwer8qzujht0rzdwm6ycgwunq95uar70aydvdf3	2342
16qL6b3WzqmALE8MKJSBCq8PALVLQ6nBPK	2342
bc1qk7y5l0ydlj6cywnzulqc9rzhuf58z0x5dmdn32	2342
16nZsrP5CjBW4TxDNgYMV3ZAAzt19CnfWi	2342
bc1qnqq8est47d4ftptwt4q7es49tlpar73agjxds7	2342
bc1qjmsjm6vxrp3acw2mm4us3jdy2u92pqqmr6yqsa	2342
19u1hxjPJxbasoEJ8nfmsPUXD5uipUGKK9	2342
1KrBCvioXMqRP8aHezJi5V76FW6tKNPG8U	2342
bc1q7zkr8hmc4myr4uwuy9zjzhhlq0ver589h62f44	2342
13fXXSFzYdyFBmxM5uYY8MRVCy7PucLK6X	2342
bc1qfxuc2f0pjkq0p68jrhexzqva43t8gcm6z6vsvq	2342
bc1qpyyyccfh6rezd2prc7huquyg3zp3j6uah95jfj	2342
bc1qf8zztdfzu7aceehs905khnkcxx5vlc2htwj6fc	2342
3LFC5JvCVUt2GRkS3GEitLcFGJkjAheace	2342
bc1qn9fwxtgds8at5yr4z7ncglkrhl5jzxxxtqjtzs	2342
19KFwpuwE8Ckyzq4f9xUxSzmtkmjC9z1dm	2342
1HH32RFrHdDb7ZE8ghTLWsuan5MASEHN9X	2342
1HU66G2qzxi4upQUHHfTzm7myo4G3Y1LVZ	2342
bc1qtr675p63ggdmv3gqhtqs3p6cn2k5fylq3d3m3m	2342
bc1qhwh8zfeg7t20mtax5sjace076hxex6qyqfpl5n	2342
129CvghqWWuzYoeYcAuSEDkT4eh9zxbCfK	2342
1FyqF3XzC9kPik2u4Rh4kqvdoSwCCmCHNG	2342
bc1qgzy7qjh8w7pn5hzk9nq394xnncy806hw4wp9ex	2342
1BrJMmMjygFM1Wpn9yqTvLXjQ9d1wNE5gk	2342
1MbcuvNThXHVSXwgHHw5zFKLAet8uf5cLH	2342
1C2h5EV6Qb87yd4btG7h2t357RxfhbBdPm	2342
bc1qsz5520ggfgk2c3u3lwzc4qqamzjerux0r006mw	2342
1GymFDPumLCftDQzT31Q4Kv2S8hSYgAjiT	2342
bc1qp49ptsq6r4ecfuu7aytyex976zwv96qwmvrexz	2342
13DikvohAioYpfbbCTsqLVLBzpNyYeik1C	2342
1LyZw7fjn16TBiNbqCZ8DQHRZDQrtd31At	2342
bc1q67pwmaumd686vanat9am2xyhc5fpgayaqy08ff	2342
17rokze25ruWBUbSTeHJxaC61i2V2dtnPu	2342
1JLrxRJWsNV3qVH1LH8MYK1ydUdpomDcRm	2342
19yfKSY4QEgW2WC5eDYXcJPNfBqmx1mNRM	2342
3DXBuapiwhrSToZTew72LyX28QdApNMUf1	2342
bc1qw7xy8uy3d7wjglqq3vxvjc0zgy5suv4nhjq7e5	2342
1H9mvvqpVQiBC4hddYmUYvy5bPAohc7ofA	2342
bc1qsy4vfgpfz9e9zxy5jyxdua3hjuxdgu0deapn9p	2342
37L8LHe1SVzjdwx7JXkNuGothFMCHFwnqV	2342
18funNzFhiLXgEQzuPwYrMYPSZWmq3erC1	2342
32AfX9C2qAZdad4Hjf7ZZn4AENtE67WKpX	2342
3N5ZMLQEByJJ35LtAaaFGMcfShzAih2ZuU	2342
3LZdZZoyd7xsGqmcoaT7d6zYNz6NNaEooK	2342
12kttygNbWq2LWVbsDNPnTxCkVkS2s8icZ	2342
112eu4Q7Lp7oH1FbaYJKfiZ6r1srPJ6pAa	2342
bc1qzq92gl3j0rd8spjpxxzkdk4fv7jqvk2ueyxfq4	2342
1KdjfnNyYQdLbdebAmL6AvZUtTqdUL1HHQ	2342
3KJRYbmAE6th7UdY6pae4GPHBzMvnoGzNM	2342
15n6SaJb8DkzEJEABMKF7xJdvNTjDdMiJY	2342
1EEz4bysYuegYhfqgavxYMZqqUPi22Rh7f	2342
1PRCWUttyttUHy29PGZVprAx5DEvgYAY5U	2342
bc1q640egnv290ssddxcdkp6gsxfx2x4ur3pe06fdm	2342
1DAiNsgVDvtsiHQPydxV7CjzJJzgeiJVwQ	2342
1HBmFz83gg7yuATTuwyjobbbvCVL8wfEjN	2342
1DfuMJQhfho7dfyj4AsGPKuCXK6WZ6QYBS	2342
bc1q2u65k7pe4qhaarlld4elxgrnffsvnz9gwz9sg0	2342
12nKVuyra1N4G1MGCcDkhuESA2ji85rac4	2342
bc1qmfw9m8xg3eq8ru6d9uva76juss838t9mh3ynvp9x0ulvw3vug5lqdsc3ft	2342
1FXffW2Z4V5VXPBuS9rE18MCrq4bQaRPVe	2342
1FYocKbSiSJRtcRz1VNUur3G87eJeCdm8k	2342
bc1qr2avsyk5h4tvacfg86mywkqd4fyqkzp3pv222y	2342
3KaFrXWzKLp5XzaLU5nXtP3Z9XJ5CLMbLs	2342
15aYnN3xoo8W2jVCG9L91CFncBPb8CdJq8	2342
1HntMXujjxKUbX3KyeAt7dXfxMFFdUJeYd	2342
bc1qy9vwmk5qfva82xcxn4gfmr0n76saz9ecx8zuth	2342
bc1q6j747sqqp772uqkvsk8yg3gnkqpz2qpew0pk60	2342
1CNRjnq3qNaCMbxutgRL5JmrkRmeyWxCwW	2342
17fR2kdUuNa7fRkMmpjjQtEbj3qfS1EP8a	2342
17gpN63jzsczAFzY8XUeLQi45pARJYBBjY	2342
bc1qnxqju3vespxvh648k0luu50djc0f6r2y6qwcg3	2342
1F3J4er72icAVdAF1d78WiwVdJYRThqCj	2342
bc1q5frgm5dsqqz8w2c06596uycx85uqaerz6enj2q	2342
15Pxq1xecBemZhyrWiuET5PDGXkUPhrhb1	2342
1ezpZybLVBYoTBJ7BM3wJkUeFfgdM2jbo	2342
1A3cJk9iYk5CyYzRhkJPWcqSPcEAHdR3Ts	2342
1EMs9QdeYhtVWW4CtTb8n6MBsh34yDspyJ	2342
33Nh5Zqm6gKj6rBC3re2e4K8X5UtxU7GKh	2342
bc1qvl89qufz3vf62teyqunvfhptyyw4tcu2evfhyj	2342
1MBDaz4bWoFsYDMaFWpvpRqWqg5pzAi7KB	2342
19yMRUkJu25NZQAiHmiMXB4ufusLkGi4pc	2342
1494EWYhNvEKjDWBYdyNwS58amTqNMVw4G	2342
bc1q0wqnhfgn9r42tsslxffr5vf7mj56dek2au0jljq7vv08j0tseuls05vuvy	2342
1NqB9orYoqqbWUrRdb6H7nTAQGqkmVrzDs	2342
1Dy1pBP9pC7EMiY3Dvnb4QD7g1A69AJ2Gm	2342
36cYjfPSur1Dd8ECvP8EnToeRLtkFtRqtN	2342
12t9EpqTrF7sKfvwLFEKXw7VZ38n5jC24o	2342
15iXYX8xG8wrtTBqrb5RxWhdtihtdKUSB7	2342
bc1qnn5wczqmxsp0r9jv50jzhhldvkpjg9s66cfh8g	2342
36st6WXF8uTLa5UUAiUDXbaYk9ajspp9yt	2342
1LzmxtfMGpaHYkVvUZJuufBr4tYohbQk8d	2342
1JgEUzHwc26CggygmTtJg8xhX6N1Goeqyc	2342
bc1qu79qam6scufmfx5zftvemd8uw55vxpvew2x0e9	2342
bc1qdp78qlzwey868pte4snwzygu2uxzd9n8mzsr6g	2342
3Ekif52CTYbMs2vy5k9PC9YsQGRhLGFBKD	2342
bc1qwfxr970w5c5x9f2qkhxwkj8aesj2hv8daa62n0	2342
bc1qpecsa9gdalvxe00aednjfdr0j7fct7q7ejyhae	2342
13rXne1LinjD7rVpfN51DRhugVRVp1KZpj	2342
1HFsaYzRdt2iR2aK7N3Mrhs9mkyuUrs9M9	2342
19WxXnbgDZTVAa9dgCMMaKywG6aLJFHgJz	2342
1GqzRTuXF4wpJGC9P1HT23PckdTfcKXLw2	2342
1Lrs9343r8qhRp5GCbUUunzxhbvhU5mWFi	2342
14c9GjzQmB1QHPKBHth9pv3R2hAP1HbNgH	2342
1Ah7bRi4ELaFpTPZvQ4h8pHkoPcLnFPEEb	2342
38dnssRv1qwrTM4WrV3SUhPcDJAGaKpqNK	2342
3L42iGrNydKxWUWeAgcvkkdAHya6maNkCn	2342
14BiyZ2U2EPHUjLUNwTEJukj7aRYJhzcZG	2342
bc1qtv6g8a7rpsgckf9kfd6rhma32veadwk3pstjne	2342
bc1q90nwwfmsklfm8wrpe880lw89xa6sfxcz2h0j07krh6jymzw5l3wqpa62lr	2342
15SvEAqc4TsZwrJzJVF74181XTXoRrQxsz	2342
1NWc7RoAnhUSCzK35TJWx5RQXmXDuAvYJx	2342
1FQZXuX1s39zP4WjYU7x7jz9p8NR6MzWeR	2342
bc1qm9qmx4aced8u0qrcw83m089v33x6vefx9nv7zh	2342
1NvPPs1Ya6Eb32QLahsZScEP15aWVqyupz	2342
1LWdFX3uWVbBBTV5PA11td7ViWxmKNVDJC	2342
bc1qqpq00y59q0z849pyf2k5sl00axzj7pn3wm540j	2342
17e4S5VhZ9TaVsDF5zFL1qWWFTKzK7L1qn	2342
183zSyZuzSkXU7ty5SudCoMkuoq5W6b8sH	2342
bc1qgpmcc5kzaednf8p0znprzvwnp0a7gqavyaljtg	2342
3KpQBx7vcG3DMxcMaU5FSzskinJnrugVHS	2342
3MJ6fEssdw8RGnpykq713zQQnr1YtfaKGY	2342
bc1qjy4fggy3ahf6j6klnpnhnusds5spy7323tujj5	2342
1PMyHTeogSLp7HoL2SbQPj3BHRjBqotMKA	2342
17VynfRU6CJTjs2axSP6sVAVNdeXjADeZP	2342
15jwcM3ywaDUj9mBU3hQvsfox9NsWs2wCs	2342
1JuqfZBRRK8eSrwByzHC4VSyd3rSnRZL7S	2342
1EUtqZb5c9tWqV9DvBnmJfEPPVpX7UfHcm	2342
14he6WDit7eReZqGXMTF1U2RrMFwcMrt3w	2342
1MqNYVfxwUEewJx5qT5EfqFqgxF1ccwYkN	2342
3BU8NCAChYhK7gkUG7igrUU7JtdWZdW1Vq	2342
13rNddt7sXEZxiLXGxTFPDyeTh2VUq4yhM	2342
bc1q8r99ca2ckr0k8thma5mnhg9p6pzwqpeg7g4pt7	2342
12DDQdxHtM2NCkuRPUFiBh154PevDUKTaP	2342
bc1qg0xg0t0jce59wmuhnf2adkwuzmkhvwgefqsh2j	2342
1ATjqqwGkZU8KpUHAQAZymefZo2RAfE5wQ	2342
31y6znaR4T86bU6Mnu7nvve94AMaanEVtJ	2342
1HM7ovHRkV56yX3nyRcZUGL36T1HcZTu4r	2342
1Bpvu5MHDGAtijpXQfr9vTt5icDKH1G6X6	2342
bc1q2nuqjf923a222gr2jke4wvlk54yzvmlgyyf0dy	2342
1MPbXaSVxGtqRifJEkPWaKhMeSnpukscAo	2342
12f8JxhyvPSPpmqyEx6vZquxi18QU3Ffgi	2342
bc1q774cr04zev36fc4qh3p2uaf598vaut78vkycqf	2342
1H4PbhuEj3XL2nKq1rRWK3CfYnBTuibLFh	2342
37nMADKLQiSjL8xtYFiCGeBAPkpGrznd46	2342
1GRJQtWXuGL8QNFJkQYPvwZQNVdCTTZbvN	2342
3NX6odXTQ8UejNvMGgDmcPMJHbdEcU9znm	2342
1CAMCu4KPNG7xMz3UzbRuwx6W9hy1dYck	2342
15sgYT4nswcLMVab63TTQTEf7dHN3gQCjD	2342
1BCacS3HacpV4oboTKrsu5BcE2ivK8vatY	2342
1AB3xUdDxjjkZarxwTtH9Lc2au85JdHyhj	2342
bc1qfza0skrhxlgjzywr7th8lqvx7dzxnhlcl2mdzq	2342
345fRvXN8vzuS4cSoHA5tbGxHZbzfzYmva	2342
bc1qkwsl9rz0ch7vfegpxup7qzncfpm2x04axst5gh	2342
1HS8L2BWKcSZGBNsPYNdJv642SceR3nyL2	2342
bc1q2z26tyzcg9fwxpsj057dxkrjx0a20c3vmpgp68	2342
1KyBNux11UCX815gQPnKrCLxH6MKNU7NoW	2342
1EFCx6bmAzEhJi24TmdhrYqNankedkh6ve	2342
165bY7sntQ7F6qx72Ut6V65SAukdYaVNuP	2342
3C6pbmWBTiYz42trVcDjUE4ddbrkprybeV	2342
3MtzZqvCER58Je5WySReHwg9pX7ugNgRyt	2342
18BCaAFaS76o24mrmfaiRCKWeCTdfxzLXT	2342
12FmBrHHUfeD4hkv6FgxJDFTA77ZT4M7fh	2342
1K9vK9EAe2YzuJz3oWaKkz16yipth3x27h	2342
12sngXLtmysTHKhD7Vo79ZcBPwtCw9KV4v	2342
bc1qseg2shdzu2qlydpfyeqalhk6tlevw6ud9lghtg	2342
1MdW62ZQi5xRaFmtypAyHLk7qrYuu1w2V4	2342
bc1qr9mqvtc8al4s9jzsxavn0h90ndh56d6l3nswjl	2342
bc1q3gzrs2z4vxs2k07uh0u9yk8gnmpks3chk3su3t	2342
3MhuSNHoTgVyHnMEmDTGbiC1UHWZAPQ8cs	2342
bc1qru2kdc8klvwzzz36zgq5kmx6j4rt67kcvuhstw	2342
1skR3oAvo2bLK2maG8AbVKp9azn4uSGCK	2342
185Uqk4Nb4nddkKFYKPtKN1HWwKBS6a2YM	2342
bc1qmunujzqrgpuvhz7gvf9f6gsggnrulg56yy9d9t	2342
bc1qnppa0ywwpmk9w6d7rrql68v8t9jtlvspz66qwc	2341
bc1qv3h44xkjfq6tcguhyk0nz4c8va6eulqjrxrk9h	2341
16CNYbMVfTKdnt9qp3QwxeYkWWSRhsRyzS	2341
1HunBMKXt3qM4NtktGqXeA9E1VVjgq5Mib	2341
1KZEAi1AehWrnEPZhdxqmC6cUau93HEnyP	2341
1BmwNcCDhBU7XxUV5Q1FUQ4gMvFnjGYB5g	2341
bc1qsytlp8y2p2d29qaued2usegl4fz804ng7ma8xn	2341
36L5nm5t1c4hjcDkBWaDNif6jf7cTbCxmS	2341
1GGjh65mXQEuRWd4wkAcvukXziPmDNNcN	2341
17NHPTjiAFvCChtvCoe3MWKbHupnAiDz9S	2341
bc1qhv7726uza9tgfgq3sanx0rm8gvnvxss587nsnw	2341
bc1qwamngl48f2y3nfd8hzjrt3gv6tl3j34qjachcr	2341
1Adz7g8VSrixFt6DUonSaYSNcBtzJfigZA	2341
3McHF6A2QuWEVc4WU8S3Hhe5DwiMD9TX1s	2341
1NvPxDXikgxSSzji9WnGHKRXGXtFnLuHYe	2341
1DYyE4Q71oMGxKbm15xWixXgcvRArpQPZj	2341
15rieUDf3wGFQsio7rYoEi8J87iUar7gef	2341
18huxsLYbnW3tAQkLt2RXPX8QsTfY4DvhL	2341
1AuHEVTwCMvzhAoRWTVFDQSmVb1DzhaSWx	2341
18pR71TuZiMwKEqwKEc6PQRtBrchp7d7Gy	2341
1FTv98ze8cJqJbBLXzeq828A6drrdnnNs5	2341
bc1q0eruy8e8lvz7wlahwyulcp28lw4kssj9hy9926	2341
bc1qz7qw78v00mdzl7s7zqtgwfnhw9e087j3amjtxx	2341
3GhzZPRgyEczqf31XRwT8Uo9CXME1tcz67	2341
12mpQp81qkf22vwnKujMDbvxHE9G2y2Jsg	2341
1CASBnH9QPWafnGj4RxmzEyj6eH3vuTE4D	2341
15aUR2DM18tkZAzfjCisPcMmQX5FGiXdmn	2341
bc1qr3e5t6wen755t0zqp8m3v2c5y96u8mfalclw75	2341
1BmaJpPFqR6ixa3hY26QBvPNWmxCVbq4qB	2341
bc1q6sgrzd0y9c023qr956l6re0pmrw0y6nsffa7s8	2341
bc1q60r523nqp6y0xj3nr285yssamgx9qzy4kg5c2e	2341
bc1q4pm7xash3lgj5z4ulq3897hmlye68fp8anku69	2341
12WuVZfzXAJwR1Mp1UVWDhyBTrgLkAcpUz	2341
bc1q54jtdhqk9kyjxapvcepettaahemz00jalke77k	2341
19Avz7yDi41mqg6YQBzpUxA8grEAGtbYcj	2341
bc1q6x64udzxqfqj8mafg9knmzd2ad50y6ddpf6ly2	2341
bc1q2xv4k8y2zszc5fpekqlscjqurk8z2ra8y687zn	2341
bc1qpllugcq8y9uhw878x8vatf3p9t4mq2xdqyc98a	2341
bc1qez7t0dhch4pxwghlt4cppnjcmdpqrvfwsyrg2j	2341
bc1qnnld8uwzv2zppr333jps0zz9s9mjmmq2j6yktm	2341
1EtUrJqhR4wgJMRhrKkZzU8wSBWY9m5cV9	2341
17sTupUnYZKZmVLNp1jCNFP7ffYYmaEf86	2341
18iiauMn8ht6nFpz6Hr7K9NyVdQefbyFDH	2341
18SCAgZnpJuojxuH69tn9v8MCMgFvB9VpL	2341
bc1qpp5dnrtjff48jm3qd2yluvhhw0d4ez8fxj09gw	2341
152Z7HUzsv8L9GpFW2tnWmdLq49JPWudNU	2341
1RpcGfntgmnDPQuBv891W3Zsf4onBW144	2341
bc1q3cl5njnvuawkujcaxjddj6npylhmj5afvlgaup	2341
19zF5jSBKbpQatXPCT14ajqjK4quACg8X1	2341
bc1q2hz9arsgm0xsjukjlw8j4twnu0pvxywu0puvxx	2341
bc1qthgs9eee4ywx6024pxuwc5xhptq6n7ar6lxgd2	2341
bc1qh5eqe0cg3zq5ely3fj23zz0mfwca8330pv07wf	2341
bc1quz6t4p2n8q8ldppns5vv5kgz62xwpktfy87phg	2341
13XnGwwdYmPdbdyQuwnSvATGnAtkoParri	2341
1JBX7doWNC67PvaLJZScZ5TGAejHdzTdcY	2341
bc1q0knwuulqzydx4vw7matx3un8wn2zmjhuuhjklt	2341
bc1qdjvkmndd5ttcdfme92jyza7ax0axp5965ewt6q	2341
1BGkkuku33aMn8GefJyEXPWMrrD5CQEdXv	2341
bc1qpuq4cxe4hfay25gpx8kvx7jqeyhnaq3w4g69k3	2341
1MXuJWB9gtkLSF787HrTVvVFDZdF7cZPaW	2341
1CRB8dyh3xmK6VUPyYuPRdeo462yryYRE4	2341
14w9h2kvu1DZHDppxeiHYe2iZMN9gaLPFf	2341
1GXMxKZusoKguv6R3Rnwu5KXjwoWXkZQZa	2341
1Bme8taQk4C4doqo2pCzVEHPyu5k2ZbySX	2341
bc1q5vghps2n7q9vryz20n7f4cktxd3sw8adxxftwu	2341
bc1qvw6pglezquu7jlcw27mrr2fhdvxdarct5uu6x4	2341
bc1qstpdzv8su3s6vkmcu9u0v4r55ngvrmwsgvppkk	2341
bc1qq30t8w8awney5jwrtw9pyqfx9vz3dycypgl5km	2341
bc1q7e04rxsaa20qrquj9sus9tgm224ems6jm6swtq	2341
bc1qdzsdudcwk0456dcpau050yftxf3zxc4y9agatz	2341
3FwQ66zwXMkegEyNEaTcgXwoLYNBevCFcf	2341
1KUX3g4jN3uMWx7ipDcuNKYAu8MxcQVqjK	2341
34XnVtWx1GSjfNaac72c1G6ojcXwDusR7K	2341
3H9mRFvhj1ZzKSRhwNz6pyivuSjNiH5yzU	2341
1Laa9M6tSvXfK1SP1fbXkEDZLmRCvLx1g4	2341
bc1qzxcat5yzk4j77q3x708qguyad4jm4ren38e2yr	2341
1AXNxL9wgPJUNMfqPeFss8WWuGkBN1pAS	2341
bc1q5ahrwhd669qclum09uvxv4uagrzupzfm5kt5ucrgvntfjgyx7c5svejz9z	2341
bc1qlpl5zhxllcd8wzcla0nk0wetafksr7ge33tlnd	2341
18ScvakvnKJ7L2pvs3U8Pki31bHrGiL4Zf	2341
bc1qu6trlxz7ke63kg677w3qdnzhavap76swzz5uaj	2341
1BocNmKkajAhGW7YWvNRRAWd6FehqCVRZJ	2341
bc1qftngfg0z25ds7g83cmnh68qnjsuxaw70h2u2n9	2341
39eHHGQLf46K79664Scrn2QASWLiCc5pDo	2341
1EwD6itQwbsW5rwXFXFzrkifLT1RgkABop	2341
1PPN7vijMn5Sb2iDmdur515sSirGxKKySW	2341
3FGjkvudrYjNrqkNjqQD4eVn7QC7s25Ygk	2341
1EPXDLWLwz5QyDxx1SavuR7v1kqa9HAmJQ	2341
165CnW6buShzVKZ8T5XvjzZdBDBne4cKmJ	2341
1MkMTqFt38DbgQFU4AZBUhTWFize3CkMtg	2341
15hYEKuc9f9t4TNTQnrThp42xktqrUuszi	2341
13bS2D4Mbr8zzFMdu14d3ddmjMy8eM6ccu	2341
127xUQWJV78aNDAvQqFXHXr8z52mhi8BNj	2341
1K9k69umG2MJVYURdqn3VjDUDptt5Zb55N	2341
bc1qu2ft2zpskfdazjjzk9gmtfuw4zvdu3k6tt7436	2341
15BtbVD7E6xHPz62g9tSaiNG9kVKfdBFRX	2341
1g8UwqpmCQdQ5Li1VBXEh817JM8fBts9S	2341
1mAeYaxs43az15buvNxC7vc8UzKXD94C5	2341
1MeKhpuHGtpdg8Ry23SfJmLkYd6oJfNQXa	2341
14ZyL8c5rbHe3wL1EbJT8HsbGFLBtDEdjR	2341
15kX8hNvdU2PqirwjHXCAQHCUAEMSug9W5	2341
3HF2A7vPkJkH2CN2BybJqqDW37TYJVgqSF	2341
1bLnsurTA9pkMi8J8bGsK1fLGYbYeH2tS	2341
16dXh6Yyyhze2uW6Yco65GZSKSkkHvUMzP	2341
1FicZCmf7ygLy9bvWqiCFte6GWy8ZXLkM3	2341
bc1quvkj27gmnttja65pr9ej999atsqlez5t6elwcs	2341
bc1qq0rnza666sku6tpvf3f3l78sjr3hun35f2waa9	2341
bc1qafal55c8ck3cvdr8nxm8trehj799fkffkfjdys	2341
1F8q2NeyHHueyoHkctRLEVLkkqXGvVntL2	2341
3EWWW2uoGN3PinvXYsqSqxSYM6xc5KVEeV	2341
bc1qn3s6rtsyu9679f6q7nh83x2w7hwhxpvaddju4v	2341
bc1q6jp7t8u8srvcgg253s6mk6rvy78xf52j8yrwyl	2341
1PYNcmWweejAyymEqtJpnf6Fr7tEiqqjXU	2341
14KdRLa6wjP7H3FWdQepzNmEZ35b8cUFSg	2341
1441yRLkwpqRQ5Fa6KuEDMZKGQz6zWnkQL	2341
1GBwjVdb92RqNBXrHspGjcnNCEwv4rwNXm	2341
1PPzF1Pb93sCQH2QKyYSL4DkXY9X2YZ282	2341
bc1q262x5eemuxusu37xtyy8dtpm33dpx653f943z9	2341
bc1qsw9vgd0cvhupp3zw4c2xmn9wxwry0t9hpkphpf	2341
bc1q5lwclq85nfaclpceg4sw88fsc5sltze3s4zakn	2341
13ToEkoNGaHcbku2F6kTgV2DNgY5KuKt3x	2341
1A5ZKL2MsxJGgWp2wFofg2vuaLJtpmoFs9	2341
bc1qzlr3ddqn7p94lt7sfnhysts6wrvvtmummghq7k	2341
bc1qnhlpx60zxjq8zp0p5xrzcrpmem5xpevepay998	2341
12RWZ4cpGEhxuqDn6EFYCZ9nbzpuKeDahc	2341
1NLTBaRM357saUHYiB9HXB2asc342nPbLx	2341
bc1qlec5d60ujvd7x8vr6k3fveps38j0ly53u7wjxv	2341
1DUnT7StRW5E8iZR32SgCzdSQgyD4fKVic	2341
1MFtE4ipnEhGggE8L5gf5asE6QUy96xzwW	2341
14XtE23HsRuvyzm1MNqiVmmUrcVetZtpn6	2341
1AcMrh4Rqu7fAyv6mMqqW7WvQWtv9q5maN	2341
bc1q8wem30q4fn7dhggzn8mxuehvflfttfnvxq9m3s	2341
15VDtxz3D23dQ4uc3gW8YYmYea1WmRYjx6	2341
bc1qnhvrj7tss6yr576wmatws04ape0q09yuayg0y7	2341
bc1q4h69ga3ltxq85hwljp077rhepl9pqxdypltgksfq5a6vj0a9m2mspmdsgw	2341
3LwvFs7xFUDhea6yV4qz2wu3nbAPcakVHC	2341
1H5KKBM33rkVoqmxLpLz53hxSD2cTrjb7A	2341
bc1q5rc42j4h3d6ruqcld6kzrp0nx2p2y9uned5vd4	2341
bc1q4t56r6z2rywpsdc2q4eztpd2dga3kdfr0hzdc0	2341
1JFiJQcY3uZExZhSKGYfMGL3fdhD8apQf5	2341
1AM8Q4pfBkKv952VswGg9KFSSa4KUKaPad	2341
15vEMeTxaRxdqRVBVnR3wKeAbY1u877CKe	2341
1GY738j3XLZkmD63AjNkBUBSbPgdduUWqa	2341
13LdGbo8bUBCYMAFpZphm4qX7ZNiuBTqDz	2341
35UHE1NExkEBTcUXmTmxnex3p6oawK9kLC	2341
bc1qyv2z9690d3jyty5k2anxlmts554pkwnnp8a9c8	2341
1FttvjfWqzE6HpivxTvGkhbW65NwhaZUdy	2341
bc1q853840gvg0vc7np9z8jzp95fqw0xfupzedz6dh	2341
175X9qGviZX8bkBavfju6tJkM8UnZXvH9W	2341
1JVHEx7KmerhLTsynZMsrHsYqzMJdEeUHR	2341
bc1qt0dmh00daz588awrjeyvcs5vljj4xfwq0ud6m7	2341
3EzyX454ksoWY54UgsEUviuLYiprBvW6AV	2341
bc1qz75m57uy3x3azja9r72v3pfwws6ct75ne9cc94	2341
1Ho5BZBdcAe211ryJEjt9mjLEJYGULYjH	2341
1Dvsa6cppSmmF586SgBtGkkJBSToyQg8vM	2341
1Cg1a7LqujHVAupWpVKhmkV3nLUXWZ5DkD	2341
1F6p1N9DYNSSVGtagyDNuAY8LnK11T7KTz	2341
18zGfbweFaTaCCmZ1g7nr9myoJ6w29zfQM	2341
1MM8xqGup4VPdhWdts4Tm9xJie1Qu2dZZ5	2341
bc1q8lpfdj5vqgrv3txkus6ql09p94ry5hyef6kpe3	2341
37JC8Hign1b67WADMCN4CB6b8caWPpdxe2	2341
bc1qyzjlrj63ky8e6sxrtk7h3mvjzrhxnm77ny52vj	2341
1KYYmBvHr2ciCJb2wxA9Tk5XCdaaB5sxY7	2341
1FAEg7PxH27mgkK3crExZeSn1csJQ9o9Gi	2341
18fS1jM3mRx8uvtymLKjej2hJLNcZSzMPF	2341
bc1qsp67pj87y26cnk8vw4cl56c0rw9efjnmm79vq2	2341
1K9SBNHTfHhbz5fmuG5i2S5BJs29whJYDv	2341
3GuXjBXHNBEtMEgnvaYS8kvLyPPJUTyynN	2341
1PVcpwaQu2mpu8J9LFpKvV2r5LWenokppi	2341
bc1qhawm8h8f3p45ttepmrt6tazf9ec0y5l8d36h8m	2341
1LvXqj2v5Ld1D3KWxxjrMW7Y888DPxm7L7	2341
1AU8tJaK2LNktBRedt8Nvt7gSTJn6QvqQo	2341
1KHXZR9ods97yMJvcdwWRzxwdHonjMyRfA	2341
bc1qpcshdk2wg920wcct84ym74kqgdq4wv27sqcker	2341
13Dt4DFsJD4o2SCtrqfaCk2v7rXTBFHxN4	2341
1checkifm9uhetDdaKGRDakhU8ZvMhAzH	2341
35UeSvxVVaDgj8SWgmsY1TiRMqjwTvs5wG	2341
1NoFDr5XgrLGAjtm6vdcinNxTYMoCpFyS3	2341
13gUGJJoSPEqKCYDXCN5M1wJ5Zx2Yw7L4a	2341
bc1q6ql08cjd794y7lpussa0q7r3kclwdn5q37fzhh	2341
1A9Q23rtfKPWowNbtgZ1TDwK4HNntUieEo	2341
bc1qumv8zz64spud9el6cuud7a89ddlejutc6lelpl	2341
12N8rj8gN8UJKiw5mqE3M56nyznpqQcyQj	2341
15o7U1f7cMo2uAb3FaG6qHpGjuCLbyQ1fM	2341
bc1qmz89hzfuqahluhh7j7y4gn0kvazale0may0k79	2341
16yFNkGHioqxbVXSt4m8H18jR9qsB4W9eD	2341
bc1q7m3uw5mqz8xs6hc2uq6wpvrspmptqtz0950mls	2341
139GVMTVJbbwaqcGnzAaaaxTqNTSWytrcT	2341
bc1peezzscnqs2t2j2x7pgsr2z8rv8dayjnkugxsqthhw6vete6lts6qymxlla	2341
13BtSd7YA9w2miEKxqMxJYhyoWSUkxQAr1	2341
bc1qyuhey43w7xs7h7wpwtfuevm5x9kwmr9hufyhpj	2341
1CPH7o9xU6BGjayh1XbYDHTcQrFx94R6gq	2341
bc1qj77s9pu220zqr9n5gn5suuhtt57nmjwvdu07mk	2341
bc1qv476rs9zn5dh8ck6fnfkpxpf559rnlqq5ep4uf	2341
bc1q3uehpzrq6y9pflxjy3n29rn9n8939qwd0gvew4	2341
1AH8m1zWMdFZyakYAzwhhRguWuy44chcd2	2341
bc1q9czdlk2zdlsd0kek2nm4gy3l66dqj2jz6vjhgl	2341
bc1q7yrcxcp40rre4df8cpuw8h9nvtx3r554scp9lq	2341
1NTwH1viBWwDhsdBfL7NGjQjgSR2RWWZjK	2341
1L7nHE7qewnFmM6tT7mTsQjuaa6ZY5Vmsq	2341
bc1qms4pxfj0adajfpkamx4gp2kg6gqfce5x8ywq36	2341
bc1qfzg4a37qvmru56d2gc5lw0w8dgdzlggss6s52f	2341
1CLXQ6K83rdDmNuWXSqCSbAD2wzfeqFY8d	2341
1CdeZpxoCqPvRHWZza29kHUqDG1k1j88M3	2341
19DSkGKM6qoUjEKVEAhPiM7Z5D43H51sHc	2341
1Hr13xG7s1TJSF4JQdJEaR3WFgqfFDArCk	2341
1D5TBNiV8rKtdzMpZzrTbWM9nzQtU1hgzR	2341
1N3nKkHLngnBKoa6X8U2x2SqRkgm1FFDYM	2341
1ApafRQxUPwVPXrZueeuLLr6nGk7Mvyh4k	2341
bc1q0gwy2e4srczkguv58pgy74y92j03uj9e7kq0q6	2341
38GuJVT53nRZGkBjBYDzwFuYYRjssFtvhc	2341
12TF6WnnwCQepCkd2o9hdEd9PyzkhL5ueX	2341
bc1qmy7yp8523u0v2yupfszkg8aqq398uwjl09n6rd	2341
157B1fYnBp6nGPReLe8zC2dLGubqpp5uJ2	2341
1Q7fbprzRteXAKbw96f4HwAkn4jv57Q2qP	2341
1QFE1SBEMDZ5FnP13faQ3FzME43qcpgj7r	2341
1FZkKQMcjaFXmTZEmdcBJPrbws6Hzp67jv	2341
1B25Jmi6tn1cDMoMkvkVs4aX4aEPebPRCw	2341
1J8qkwJwGZFUDdTsMXtJYS1d3vaw9JuzRs	2341
1Kh3xYsYBaboK8WbCq1tkpSrT1i9XFtVtF	2341
3EXeytRgxCB8xmQWN2dpzMMZyMJqpmJc5e	2341
14n4XmeZyaG75dpqg4xaoB4L7B3LGBzDXz	2341
bc1qxxj62zwlksjufkkmaq8uc7fh8gj6adg6mgjjau	2341
13qLXRKTW7dCN7Uo94VJ94hAYqcE3kWNhf	2341
bc1qm4z7es8vmj8wmgkfm5zk90kssmpxyzvymx7eas	2341
1Bo6VG5kur3YMCS35cRK6pZq7tQnRG6kY6	2341
3DPmnFcjr9RWF8a5cBeRy8nRz7Yr2MwB7b	2341
1zezqe7mBirCgKoTFfyi3NJ8JuhHroBnc	2341
12Vj8cp6LViYTTXyBJUUbUi15NkC6V3qBs	2341
15vCJbAaGLhpJYbGdwRaZUHPGTEhQVQdqa	2341
1FCVzr26T9aiDeVvBh2MKStFdrvRKpdBAV	2341
1LY9VovCWazrmdi6nAxopgN5VZTzY3kHpA	2341
135MuNVpvLFGCk9p4hzCw9dNYVErqWf8KG	2341
bc1qwcx93j7dvwzn2c069h2zwpnadkv0dl793g367g	2341
3CJyDYmjxw7mW5gX4qnoybQNeV5KexZazR	2341
1JcB3VCprLxydQG7PLJ9VCryfrFm2Vsdpt	2341
3HJFDWfhxZ49mXLWdHipfxq2VKzjaNE2Ua	2341
19oBVh4AsCAaxzjGAuf2KABDQReBw5Tvk1	2341
3723VABCwCatuUpMRznYoBfRwEFrHDqB5G	2341
1NpmJtCc5WYei6gbJSoVoTDTY85Wc2fwvw	2341
bc1q920awat7aml3hjnm28zn30dn57z5656ega60hf	2341
bc1qufmp84paqg4sfrvwyntz57s3e85egy5l6ktuq4	2341
1LuYMYL2sDdrKbpFauouPZNFQYfkib7b1j	2341
3QcijC3mm94U7YkFS83oKKRFcA4fYRBgvU	2341
1DnaULmvnynousyNvy59dezDgZCF1uDhKm	2341
1FQmnxASCYQhxYVsm4ccYwAqZT7G6msKwX	2341
bc1qjjx6xeh7w3lw9dmzh4pz2zn9fujfhrusnl4uet	2341
1JSrMVu231Dejb45U1tpACmWYVxt34RyCE	2341
1DpsTEMUBReQPiRtieeikgBa9VAhtrT5vs	2341
1GmABjQjCiMN83hniu5vjp9VA8VQypWBqz	2341
1E2zXhAJLL8CHx3GbQc5SZjvhj9Hg7efAT	2341
154SRJdiK3PXv5BFH18hpvkpPTg5aN9bTq	2341
1AF2zmnqhfrKDAfD1xEAHDJc9fonpPiAMj	2341
bc1q6jtjy6ktzecpr7agemkh97u3rmd87m0yu3ce24d67gnzc3wj3ttq4y8ll7	2341
1Q8u8dPYdH1gJvLFd7SjrWzN2Gxn6SV5tB	2341
3DRVJu1qAyBnMu4H7mqN1xiTuMSNjX1u4r	2341
1GRm8thNVuGAmEUjB5M7A5bYicQhu4CXar	2341
19teQ4qVm1Q1gjEpkQLn6rnBLa5DizsmAK	2341
bc1q0mzm288swhhv6he75cep58ex80epskj2zwr5e2	2341
1DTxG73gWXnJZsiRr5db2x8VGx3svAehtW	2341
1NBgYvafLL1x6arZ1AhzkdTdm3szqctrnS	2341
3C5NXEc81T5zu1aLcnDNupfM6Lf2QFc1ut	2341
3J9ePqaQiDctUJ7Z2wZ84gJcNURmhEAw2h	2341
1HALe1o7CtECnUR6ow6LiwjaXP9E9ZRbDQ	2341
17vtDLXijXrf6UNpUXQdnJMqUguf4M6vts	2341
1KtJ6gEaDc9BcuZzsAWdntQ6empgRBMdms	2341
bc1qfp37sjuvgr4rasvnk9zquyufgvw08ndmllw0ay	2341
3FcAKgC5RbBf54QstwR5h8PYbeu8XhTwRy	2341
19TMpr9KW4PCDP5hZvF8c6bVA78XJhVSva	2341
bc1q2yz4tpk9gk9jg3ngkwek2jgd9zkrntztmptw44	2341
bc1q87a8ltyd2celf006mph6v7gcdw88e65eamq9rr	2341
17LJPnPHTU751tMYJShE11th1FKYWeCFRM	2341
19GPYz42kwxjiMvFYmT3LxptHmY59QMZyA	2341
bc1q7em9d349zvnns9veywne879z24cyypnnxvv75t	2341
1FR2sR6vDwRxXKw5sHk9nmG6c6xyE2aexd	2341
m-c319c09e67a46e5eb3da8be766236b98	2341
3JRAciH8rEH7P4xEzand1ni7hzvZMJGA9s	2341
3EQ4at1kHJ67kE75AdRav4AKH7ir3DW5oJ	2341
18oPCzeioTEQWDeFyJYshFTDLn1zifswju	2341
1JfUCwsnR1TTNR2BfT6RqpVVErdC7R4kS3	2341
1KnjCLFJC3EmNbFKnM6rrAqJqE59oyrGCo	2341
3Eyv9VGB9EBspx6eoZqyWtXuMfhUNWKFtc	2341
bc1qlhqwz7nwvarxn6g73zfkxxvl2pv680grnk7nmr	2341
1JzxF7GF8BUJcPnrW3r89eKr6AzgNj92GU	2341
bc1qfc8cgcknny0g0ydpxd049uxjyxma925wgtl8d7	2341
32CwpEQza2RXwjjiRWMoyKPbJRUKxmYcsc	2341
1FLPo6gS1zRJxWyBUuUxfuGAovEqJM5jXN	2341
bc1qe9xpe6l0zszp9wn5e60c7rtjgkdnhe3tqpf8r4	2341
3GckzPyBfbxXmpVHMH1BWaU3m63Jm64uGe	2341
19s39652kkwo6gobkq3T6S8tNYMy73CU6C	2341
1GF6CGksjDKFWZgEe12AUV67PwbepqffSq	2341
1Eh7ucyoXKV3hV3U8t7cd2qDQnHh89fde6	2341
3Jd24zF4Fy86PcauULjzuer8xKdRMQ6sHt	2341
12LUSwjR6fxaPrf9KaTZ8j45Y3v7vzVHRJ	2341
1NJxkxLJMUWE3io1RtNzgbeYUhucRsMxSm	2341
bc1qy8t3sehst9ltqhw5qpa5hnwutzdvg4ge4g6q38	2341
3ECyZwCXArUF1QFAKsrFzyMYXGpsfeaD18	2341
1M8VWuQ6nqTe18ARjCkLbLYY5BK5VPwvPt	2341
1QFNRjD6Tbsddy8NAHacYjz73U2xPGma95	2341
1HDy1cVCWSz5ujhJDhxyubiYjjFfoSjQ5k	2341
1H67sgHcCBjcttAC3cKHQ5Qvz4nbtPEWvr	2341
1AAEKNSiosaumPZjAZj26xuA3HDeyduSea	2341
37grAba6QyUPnpL3N4R1xQiCgMcs9Zkf69	2341
bc1qeyhpum5j8g76uayvq2jmn5wrd0jamffndf9a9w	2341
3551SNt2C93nWD3nfuRYQWYkg9UTtvfZnE	2341
bc1qk5njfcy47hr7xqqcg6l32yqjvkqjwfgd5l76ad	2341
bc1qglqcrlm24twl3hn7a29nslrkr6zrmzn5mvgp6x	2341
bc1qw9cmhd2qz95juswevwlgk3th2vealgjv73semz	2341
14uypYnn1TWHtxVWWg9c2DcAK9p44uskVB	2341
bc1qs6h2kh8wdpagvls8tf8ynrysesmplr6x8g2jw5	2341
1G3asmovkhW8uuHxARVBqTcuGcY7qCiVcW	2341
3JbmL9RKAXnnb3Y6MwRHjWm4UXZSXg64tB	2341
1BjWG1D28ABd7WXrmGbYxSzTM6wzkBFmaX	2341
15jZX5cfJuTrQt2mwYySoZP9tGSbEt58qZ	2341
17JFDTM1WSUWEPJXnNSZ3HF4npRau5iG8e	2341
3JkVUA6zWRfEAgxLhhDBajYZY3ZMv3GxVH	2341
bc1qykppasfzte6gl3vtk04ay6zspymgh8422pcz2c	2341
bc1qx2ypru5ej3qrqnc6thft4mweq0e4j6xgkm37nv	2341
1NqeQvCwvS9aVz3w2f7y8XH7FJiuqG8wih	2341
16eaoEezbAkdiA7UGHJEaxt266tez4mWEE	2341
112sm73M77XKSLtjo3fPEQtEMy6eimRpaN	2341
bc1qhsx57lmrzh6jyz5y2q5zx5k33mc0d253yd9zln	2341
1Dif3rsyS88yoKEgy7g68WPToeJLGcxsm6	2341
bc1qx2v6u6qj0hu20sjghqs0f7q5g56yt8yztxvd9g	2341
1A2GHaiCSVTwRWAKDKskbgbpqbrqooRiVf	2341
1CssKePKskq5HwjswjppyRTabPuJsBoHQ5	2341
bc1q90xspwhhhx7s3mussxv0h4078m2rwfwvx4kqr7	2341
bc1q0jyg0mkx53m5nctyca032tak3mwkx0v5f6vm8r	2341
1Q7cHwpVBgb1qtz3pr8fs9fng1UQG3AWPN	2341
bc1q96nrz5jmgluumcl72hx3k3zprh23kgm6t4z8zk	2341
bc1q3k3nzhgm5t54ew7m4jlvnu3my029epkz3keda4	2341
1ArGYNjczjWqj7w2VujYUUowEWrBbwyeN4	2341
1CWDhcBg1ZqnLwWsiQy8iRjeZFK6GvGN4V	2341
bc1qy8ue27snqh6k9nap2y5dkp3xu8mmjv2akfpsty	2341
1B6m2nLj34xbnGMPSU8jB6XU6B4aDTYB1o	2341
1JrXTTFmNGdmuCSuZsA2nbFcMBTJ4XT6En	2341
1Byv9PjP8ozEKYC2EECQ7kezcEXA2X7Yhe	2341
bc1q50nw98ma3l5rt6p63eyj7fd2ewvx6f8y9q0al5	2341
1Ktv3P6P8hT5zzAKfn1MxrEgTnrNApDHeQ	2341
bc1qyalf3efh2q48vrcp2dje4q7ctuaf5f9r7y9h6n	2341
19iV92jbuCdgqr7h5oAT7bGUbKuWRuzDPv	2341
1AHTBA7GvXzjRoyEPRNnMmE5prNfmmXHm6	2341
3QEKKF7cLpTLxBTrfkMiBhxd3BtymwpUw9	2341
bc1qsml3jc3xm9cjxdkfclt0mwcaje8p3l539zgkjx	2341
15vesinPaLUAPLHu2n6jFneki5tw5Z9i8H	2341
13qSsYZvmvSLxr1Wsnki55WPFshnVg36Z1	2341
1HYkHUr2rUK68J5AzfzEZFv4mas1jNCssG	2341
bc1qctd3zg70vzz92h33njypdyu53ycnr0pf3ygra9	2341
18j4X3fwa55UvAqyHjdNiXuZoBstNKmVtk	2341
1vajLPANYpPoN92aimsbJMVkiohPqdxZr	2341
1CX4VBsVbQSDrTvJPaARzRAvciLpvcST6y	2341
3QvZGaCLLCVj2REitPHsg9MR6eG9S3kfo3	2341
1DHn2uspVKbma2fDCcLj3gEJ5UYZ6jkW8D	2341
19t5VzG4FmPmXJWDGxsjbs4z9GxQ8T8TUi	2341
1KA12UzdAYMBfVgkMwF1fXvWdfqFL1q6gw	2341
174dyBesoBSYmdtjfk8sonNQmaXKat3vCZ	2341
bc1qahseh97ev7gnuf8m59jz55cve8yv9cd5s0juzd	2341
bc1qqqpjgr4acyw8tj2t8gekttzyzetfgwre3w742k	2341
1PDWypogr5oPLtvGijqg2txCfBwpqiu2GP	2341
bc1q0zd9qlgnqfk8vr29ydm8yjcz56spncj26e3nv6	2341
337e71RwzWXfNgybFwqw68caRw6HAFB7Nq	2341
1JQsjLfRt3bbiWsuySir5CkDWTg62cKucF	2341
bc1qq9gvew54nss6u6fsc9rpzv3w9ywylf62qlnrlnahlesjwrq8apxsafmg4u	2341
bc1q72td08pmy2nkmar89z4drvgaqs740tpa2s8huh	2341
1LRjrDDVm6m6VhXnDkwgP3J8dUxi8o5ZZA	2341
1E3Jj8SR6dMs3ME7ohfxXFvCPXTjheg3Ks	2341
18KQLLRyxNDaGrF3iuYWeT3cQRUb4ZJbNq	2341
bc1qhal5mztqaecsjglppkwrpkcx0680pd6hl93gh4	2341
13Ls6Qfb6QQqwzmQLhZ72mgQsTJG6PZF55	2341
1N4Tr4nMgeWYfKyVLRNMPxX8MucP18yqqv	2341
bc1q99rcg3l9mvnfplrzg4x9sl9fhjt758sxycuuyv	2341
15N3Fx6b9c6N9gENpq4GoaXdfDzQ6jhKSZ	2341
1KbGqxGai4VSeJyxFuXivbjRape7WcvQKM	2341
1DTKfPEjNPL2zReySc6wXsyTv8wi5bTxG9	2341
1nr1Hq9C8fANxwsHF5F1UuqPytgU91L3o	2341
18Mc3XxsyfR5vEcGsKa3ZQn3Xc9zakhR18	2341
bc1qj929zhjqeh5um7m0upgfdxqsq8jspv2v9wtvgd	2341
1MKJKSo2LCDjWURJwj8dTfrAwreMYN58PA	2341
19x35ZqRcD2jV8rPqsUDQfUvu6ccpGiYWz	2341
1LHwnL4GGFkorp2qNhzZzcuFT4CSYUMGam	2341
bc1qantfypycmrv4he72tglx89zpdnymly4y53yntf	2341
1Hsmm7nVWs5jncUZxM5xpDSDiq9PS7Kdm8	2341
1skrqUqF4PYgojtyd44qsvVwG56rp13Q7	2341
bc1qfjjapkegpavqry9stxzkd8hswfe09zsgv62cq7	2341
bc1q76uknvwe96vmdxqsqtqag0e4c6sh5sp54pttz8	2341
1Lyw79DVx9XtiuYkV8JJGPK9SKvFCP75W2	2341
bc1q8h46zf0upacszpajvjvzyeq00nrjwm9heh7p4h	2341
bc1qxvahpxlgv5n9cfs8hul96zj60hxmghqgs772k4	2341
1HHXPmAuiW5Cp7Tij9xyPtXfkJsSZXkoxa	2341
1MwoLWZWJvQMNBXRWJc1JMmdsfDNXRNGrs	2341
3Gyokxygj7zq2BsHuGhnyX4raaUDcTZyFR	2341
1BwJwaV1y8TbQKRcqNSzaQPdHN5d1Bqd5a	2341
3KfFtzpFLjKnu8PogTHGBZoNvFoTgbRTxR	2341
1B6MZbNHqZ8LCff2YZNmKBDTCfgb3M3jM5	2341
bc1qgkrq3k0g4s5ll49gkzxq4zlfsvhu5rldpel33q	2341
bc1qptq4y7wgr2fgp275p2z66pfzeynwqw5a6p6r8m	2341
184hKstRiSCZjeJcPE9VEQtEMVZHuEKZhY	2341
17bwd94mZLrXyfy9WovisTgQSTZXwr2wts	2341
3NysyLPyzZxYH3ug5iEKuDHPLDPv11ksoR	2341
3Hwiure1VXcKFQWAeKDhjxMCwJMTm7y82v	2341
13y7wEaarztUGq9eHSdtopQd9ga6nhoJtV	2341
1CdsrR3UR9DZnPa9Rqk8iRef3oBjbFDjXE	2341
1Mtk3UVRqseRC1oTeH2GUPWE1cYjDKxymB	2341
bc1q9wvs4htxm93kk8z62ettnhd4x5e7dx5p83hrc5	2341
bc1qhp73c2pxwzp67f48wvvqf2ygc0rmaqqlrl2vj8	2341
1MkRsfpoFiCZ9jfaf3WvYR6sUU4Wwyvz67	2341
bc1pvfseh8fq65wdt672m8j4vnc8rw0w9c6ty3ej3a4j5tgdmkfh5sysue3ya9	2341
1D8Zkabhx2FUtjm6YMFPFFbwB9B85wBDJi	2341
1LNuP4HidFjSKZ4Em7iz1koSDr8Jk7USgY	2341
18sGHeZ8fKQcyn4neXZw1tjVdRtXxg826m	2341
1FB7DxtNeeMAuVaLwvKXZ1KNyFUBvTy2m7	2341
14zreagNVWzTpnxZM8DyjRy92sGayocnj1	2341
1J8Y1ivG3q19uCom2PLJmEhk9XgjMARBrm	2341
bc1qf5p4wzpykmxnt4cqej75l6j2h53a0mvcyy6y85	2341
362kEpHqoQND1k3L5ND1JQWJC5iFNfjSpp	2341
bc1qsk4qj6k26f9uenv8na5xtxyxy9f5phld27688d	2341
bc1qw8zw5t6hxs97a4n6q048tr5t8jfsdnpq0l77qj	2341
bc1qt87wxyag8k8nuytrc4k26ep84ng69c567ggmej	2341
1EH65hhTF4WiScV4qv6obemBY8ab5kkapK	2341
12TdnGtT4ypBaYBS6pC9DNM1zZ1Shfe7PM	2341
bc1qedmn0wuxe7hre6cf0wk9t3h99gunakx4jx0qtz	2341
1LVkxTFPfitCAim1HtvTZD8f3pBijtXHEq	2341
1V1H5BLECzKRhi3jFuLYAdopZ9UgYkJ9M	2341
1zK3RRhnxSkKQAPvncddn9VwEkVyL5HYt	2341
14JXhEt7ZhHx9JGDyb4RFNPaP6FWa4G3LW	2341
1AGRquCZ1A68F8YSuKPwC5DoDRcCJMYvMy	2341
bc1q0yjpk323ekvydj2quxf83yn0fg5p58uw6d0p9l	2341
bc1q228ckeu58vkavk7yua3xlrsmjx0p3p4l89ktxn	2341
1K9ecJtbQrhwA7dWNEWmoLYpKGDv3ZGNNa	2341
1NUQ5hsxfkggzWTFtBeeCE1fbvbqceZG25	2341
37Z51ak6WhEartwy4hu2EHEu3amZ7GZz2F	2341
bc1qxx6s9sllz3ce5jtm9lxdxdxun54m2rr6jw0hjq	2341
16gEeM9CL2hp4WP7rPC4SunqntfxojmN7A	2341
16wGD7G6B6eM1maQUPCVkuMHAMALUjS28W	2341
1Ph7k5EmatGj32VQ9CBPKawgR9yPuDh5oy	2341
bc1qtddlz6y09rhxdapvgjmzlljru7gvj7fcdadwkv	2341
bc1q4xdhu87dluc4tghsgn5d7mqya9haam3e3u7m7v	2341
13DqX9f49b1YNhg2B1EZdhHLfXwx4roMaw	2341
bc1qrhmwlu9xq4z9w05t3njq2azj6hwkvyu0mlw4hc	2341
1FdPJaL4ZiEXQWWEUy8SyV6wxVpkCng6RT	2341
17NG7NnYvGcQMu4MzXbn8oxd8kMb418dun	2341
1MjnZCzK7hoUWqVNQsLFdrW3erbfTsVkea	2341
12HG4N1K6nadKekVauiWmfwoFjNVKQ1w6N	2341
bc1q2z7x6dqgujm3f3n9pegp5537g25k0qyychlpmz	2341
bc1q2kzxycjmfgj3k834hvelp07jwx66ankep0n99q	2341
32FGw9Gnrw2ZzZsjsrk3jq3HMUpGj9YWs9	2341
bc1qllklwm44zjzn0vcjvq8ygh9wjd68w3h9dj5zrr	2341
1FdLS8juKXoiZ3bUSPkzCgTFEzLh57iquG	2341
1H6FefZaXwmLDpxa3S1reG9kUMLWj1Pdu5	2341
bc1q9ufr8hammvshnwulf48c445xgrrl6zvdun8e7z	2341
bc1q5rh4s0kcqkzjn65uh89fmvuyc8hc0z2av6wye4	2341
1EyrWnQWXidT7JnBcPz8moBEz4EwQruKek	2341
13L8KtK8wfLzEszeRgLs1PgEqE9rQXM7i1	2341
1sEWR1HYw2Kj9sgUu4M2hoopEnZSHsHRe	2341
1BuLVD4cSZG4mdG2TuttQZYZC8McS5JDgV	2341
bc1qr40fmh3t0ygmkv36pp8ewntyl4ky5zfgzlzl8f	2341
1BoAEaHv9pdShSn7WXKL5N9dsR1ZQvLbiU	2341
1AEH8pUEoSNkvZZX5MUeyc9zo9SADCiSgr	2341
1DWUcpJqrjULh4BLFCqk8DR7Z3T2aSjLAq	2341
bc1q8fjc4p8ge8w4jpcj02fs5vcvmsvds2kzlue9cn	2341
13qHHMVKL5oPfVBhe7uFWriCzHMwMJrVU5	2341
1MbZdp3Sx5MUCyGP1oHXTzMqaL3BAbvR4s	2341
1FP7EYAWWzxTJRUKvPhr3TKGUxyC8mpdXZ	2341
17g5RcDXS1CfQ74w6MC7MdkMeSTaPvrNh	2341
bc1qwjhgtstqhexe494s4cdvqfc9vz5elmvsw6g7m3	2341
35sTBEccaHwi3eDRNNP7pDfiT26JVJGPZK	2341
bc1q68c4gx9w2tuetgevmkmkw2pnczymzqezn34ts6	2341
1Cd73RgBom8fvJN45cAYgqTQVaDWyUzcy4	2341
19g3Knqo6j99644SFEX5icfNx7APT2EZak	2341
34cGsKEnqotYoPhgEa2rruacvRy5rfpp8X	2341
bc1q6xcslacgwaa4fl702e6kyc5yg448kqq4ny37ze	2341
bc1q5usv72qc22dw5lnx7z9g40p0yga86t4m9ml3fc	2341
bc1qkz99s5frl0hnam5933anrn0t4wfnduqvgd4d2u	2341
bc1qshxzpcptg53de47gjze3940f822hr45gtqwt80	2341
1GoHLnMeJGEki21rYE8GJMXKAJEJuDtEGs	2341
1BybnBEXchmcKf8VAqnk8Aa4drPaXYPPXo	2341
bc1qjlm584q930gl93p6d2wwcnztxvr27txkc67045	2341
15DTpBELDfyYvJUdxZkHM4gTbKhhKS4sip	2341
16DxpYJ81SiQotRjomaB3wJ1LDz5ZKfdrv	2341
1D8MerToECN5cqWAvcdbmofYvcEZYfUDyq	2341
1GigcKBKioV5GxhDXdorqT9YCYczVCgvFh	2341
1CqEJzZZG17Vm9fCJTv77WqCcYQdyHvGpm	2341
1AhbBD4HmrgqPcAPuVSWidb12QgjNXKNZb	2341
17c5AQymuXrfyv1cfxgForR4Q5wKt68nuq	2341
1AReWT5UPD9jjtaiY59GgBGxX57HssYbn4	2341
bc1qu3apgkglh60l9mn0nxjwel4akuka3gtempxg6h	2341
1Fk6LhbdezkiXxRwJ6AtA5bLv5kk68hwZB	2341
1MGM32eiUzMLwq1Sp2kgT7sjtnUzxXjQ8s	2341
13bbR5vosefMABAxrAkGrhRUUZUEc1nCYz	2341
bc1qh8e2g4xksc8qeqak627qn44vjacv3c0tlfjy2q	2341
1Gi4LLo4WQVKshMrpzNFUXvgp9HEzpHdCu	2341
bc1q4w2w53ujls5r58fffpljn8v8h2uvgu2wqkkksh	2341
13pKWrk8uoUz7oPsLP8arpkDyrbcrVLHuL	2341
1LwNYaxFeXezW3HAxPJHRU3nWB53rPhi3Y	2341
1E9F8Q5UWJWMNSMnXWNsEDB9k9FvHmDAC3	2341
bc1q6wsqydxu5wmc8au6z6vl2qu0savtlsarg0exr9	2341
135kFPrb6QBvDhKQ38LjMfAxjWuyhYbSu2	2341
1HtN4rLBNtQNN1YoK5BMUYrdoj7DmxCQR4	2341
19QVmjYToM43DQWmEUw8sJ64a2C5SWAGKD	2341
bc1qg4msehcswz9eula65u64yka5fzlxf5npezvp7s	2341
14Np7JqrmV7R759StG3Cew3gwWaN3du9xT	2341
1NKYF5hNuKbHFBRbaVAyRkowN4zATHiVeT	2341
1KkPdgmkdK9HGTTjbE6UBojynT7WWtcKsp	2341
19o61tua7EUsvjCRgFqs5RtgD3B9zxJAa8	2341
bc1qp62fu3cqny0rzxan25cvuzr26p4jddu6vkv0r3	2341
13LFwvmofV7NPPPNSojGtVrBc8xBZUDiLd	2341
14MD95YXvbBuRoNCmNU7YaAbmNEVnhUg4R	2341
bc1qsvzkzs2uac0h84dngec6ek2uwursp2ltr4y3rk	2341
1Edy65Lg8HTLKTCc4cMAs5HxTZEPu8HT7p	2341
1HHX4ADwbVfzGoTkyriwY7umM1rn6tJM3C	2341
1LJwajrhHAhKcgGUBfLoWvXftf3M1w8cwf	2341
bc1q6fc4g936mjrcawsdmfdwa6davd9sqdxp6fzt24	2341
1FytxySpdDUCT2SmAnfygHMR2HwjEG1pM8	2341
bc1qfnxzw8xp9etuuu33rl28walp0uqdqmg6xapz9p	2341
38ndrquMCDa55p7qXfzQrCZuc4LrPSpruG	2341
bc1qt5z8hq5fq64wc22czrkt74nw6upq0duqndvh6c	2341
3Pa85vRVNKz2JtpQhaAF46kEMVx2Lerwdi	2341
3CW13ygT1MUCMp3sQyUfujHDZr61bMxdda	2341
1RYQK8uqpS2oDfJiRLDQoxU16Ge6Nm2jg	2341
1KyaZqPcB4pqVLMjhJpXiPUwemLRNBk2Fp	2341
bc1qzuvelnw4nve90mdf9ytqlx4kh86lj8sp7hy4n6	2341
1FWhEHy8yX1CarpBEW8mkdNEXJw5vCyzhm	2341
1FwDnmaZvLfy6BDcbwCCmkQnUZyQr1WNHW	2341
3EFNXuGBxb5JUHXeutbazWDtMoUdSHihXr	2341
1Dx5tuDtR2h5oZKA5wxktXv9bF8StPdc5T	2341
bc1qplzkpj4s394snahgjn32uhmefv3yszrs6dmjve	2341
3DwFZ3Y4MC43bhdCzchpfxgKiSAaSVYCnr	2341
15ErYZpCqBKN4oQDWmo6iRRDSnmHetzsvn	2341
12mLXWjGgdotEfatzvURpN6cG5XrmjCiJs	2341
bc1qmy5q547wknqkrdrl4k22unyg25mzqjwpq6cmsz	2341
bc1qr3zgx5493vgzws5fjy48aq6hslcca78twx2ref	2341
1FkyygtaPPxgDesPcMEZmjKmHZm9gSvzKC	2341
bc1qm6v3uk59mnkd63dk938aa9v9t2grexmdur0u0a	2341
1JKuJLego6S86b5YZNuT4u6Adijxy8SZD1	2341
1HaAuorFSpGJ5uic3VX8onsQwSnLU6iejX	2341
36i4n7kNLGvTixxBTvNytPnTKvpmAYy8er	2341
bc1qlpy4fsm565lxfx03kuaa2g3ceqg8k50chhem7z	2341
bc1qk0h89s93xc5n7v3w0xy785hs5yxk28nvur9dlmzphpejj8s0fefsd2xu4s	2341
bc1qe35adpu5vst92xqq9a3a2d95zy9mmj2sycwwjl	2341
1GfrmnwcPW1jSkXENw6qDFoJ9uvJJS9TLz	2341
1EJmAFJEcVxZ5SYNLb9Ke9RhU8VzwT4y8M	2341
15osE9ZBnxgvgDH3UPEDUumoR2Z4HGCqtw	2341
15piGNScqLzzPf96MkSUbzsymuaBcwzkhq	2341
185tXYKEPXWVMYo9w57BnLMZd4jNkFcD2S	2341
bc1qj8l0xnlnupdpafefvetkel6gstw3smjre4fh3t	2341
3DywfCa8nFmmdBbvPBrgmgQgQbb2zPq4FL	2341
1GVEeSWSf85YmbJGqmWpN47mRAySW39Ff3	2341
1EKztEdGQLr8Buqh4UpLEAQ7PAQWfBhcTS	2341
16EiXxmjocHHepjvrFB1HSbzSgXiWSzDpk	2341
bc1q0z86y6dz7m68420lvmsf987uhcafazllxvjn65	2341
bc1qu4tdpxl2haas0mnw7ky0527lgcagj5lf22u7gm	2341
bc1qvduwdq00z0khkvxp46tfy6cl6s26yjc8xuu7lv	2341
1Kg82qqzoYJ3Ye1oLKFkWpN6zY15VzjNXV	2341
38SvtpzycEZXpZKrFnM6rg75geKFqpitHE	2341
bc1qlfcwasu50hrkn09kmhasrz5a2uu96yhwq0j5w5	2341
19PN5eycyrWnwHdprz6fYHwxT4xcy9twEa	2341
bc1qcdfsezx5cfve75dmu4rj8qfr7na68n2qvey8ta	2341
bc1qa7pktzdjgu5h8n7t6shlnuz6yw9c285cm7633v	2341
12fhkEiWXa19Cj312DNAZLmPAmJ93i2Vhn	2341
bc1qyr5hgf32wxh0cgwsugu9z0hlak3f563n6u8z503l9gx4r5xm5wwqzm79yp	2341
1JjhzhoZJUrR6A1FGGPPbjoXPMCtcuwEsx	2341
bc1qvc0uwq8w0rr4hflg23kw65ng2qjnck7z0kz04r	2341
1KmmZctpSzSMdtgcCQYcJVTss6TpQcLkR2	2341
1B7xokqzKmijvCzF44jVwkdkrsHfcZTC9C	2341
17tYp14Z6wLe6kCBYrJ23CDBSoM6dxY762	2341
1QCwzYF13DxfaYhuN9xR7bXcDHh1rpyYJb	2341
12dyV6FryhNk5qrorPQENBgKQe6SFBdGdC	2341
38q8gT14Jd6rT7qM2jbP49rFjGKw3AVc7T	2341
1JWtR5cbo38BKTm73aGfiN4MvCM8mEydpq	2341
bc1qwmnvwv3mngwl6yv52cd8yh2hpkdv85pwccmtkq	2341
17hQb7gEZGCCKSR5X2TnzX9Ko5GAGXGchg	2341
19gNbXawJud9Jhx4pzDxvM7FqooajvNrvQ	2341
bc1qmkd60v3vs3rsmg0sa2ddks8az3jear2cmv9ld7	2341
1AQNubj6WYEFChCu4KDT1nbxHYSEhH4KdY	2341
1LgF3M2fpF3FjQLejtLZikytm1wvQfUdu1	2341
bc1qvjndkw6xmrjkz7k88fwm4d0uv8datrhktgxudl	2341
bc1qwpwkjzystgvttqak0ctm83jj2fgskhlfu3l90j	2341
bc1q3rs62spljka7dlh5eakf62fmj9ev9hq4y87qvf	2341
1CjA2bL8RYMn5By5a4cKyjZTGkCNqYMC7	2341
1Nipzh2SxJXwoy4mLsWSLpwPhMjbytZMSd	2341
1H4nVNm2DCrk6oWczTUVoeGXbsxb1qzXh5	2341
145GNGo9YHNJsmhTa3JEVqwarhGzQiDLLt	2341
3CCx49yzdLG54Uww4TeuEpAeW8jdGg2USz	2341
15a4PxEwsuzTqWSJCb26xE2mCcvYd9Lj1k	2341
bc1qk09e6h6x6gp6d6sv4ed6xk7shm6d80ksk3sm8u	2341
bc1qj5rjpdrxtj0naupyg8rjrumdk7gj6kus8k36cp	2341
1EjrthQKTPBaCBv2dqLPQVLsK5iHLdfyA2	2341
1FcNaeBy6Ygxf7X5PyEpyUyPSAg8U3Ju5e	2341
1FXgXecrGBjfLear5pXuTXkcvuXsUn7BYd	2341
bc1qru9y3l0tgqxukmayh6qh4ukx7nhj07l3qxq0hx	2341
1AdZhBZuXnUTxWXjdjztyRxEFfSkTS7Kw1	2341
1CqBHcD3va1hsJ7ZXzyUVphjvBcKscYRHk	2341
1MV3Z9PtjeR5cSUs7CRwZTWHULqtsBGRUY	2341
14gcGm7W8rKkSihHbZX5ybAFvRNWDdcYfD	2341
bc1q2dtzfyhf2jqwex72l3ejz6wy9x2twdpatru4yy2a2a8xt476csrqmqpfyj	2341
1KPXjzzTJeqZZE9eeQDsxpDLGjUdchrVF7	2341
1EGBm8GvbuSzhHGBc1t2nUcjPfvZaVSr3L	2341
bc1qkmraw3rnvwwrzqpslqdjuzsrmrw0jcw5r2wn6j	2341
bc1q9ttnuc47gxj78myy8t7pmu4tu9nqju0y22dazt	2341
bc1q369l8zzn3mwyr7gym8nsfpussf423ux8nyhszn	2341
1NesPNCsHkdjbckeutpDt4kLeDDHpvnve4	2341
bc1q9hxth932sgtq9jaqku7hjaa8nzktj2l2zk3g89	2341
bc1q3njd8kldenjex9jkx5vn8rgr6sc337nnlmfeswurgsf88fkcf0xqtnt707	2341
bc1qtpvz6vcftze292k8xffwmhgtg63kr3ke797xv5	2341
bc1qh6kfcr6vw8va5smx2rummjjmd97j28djetx87g	2341
18x4xHf7D5C9WvZ75N4Wxo1RSVRAiNqxR8	2341
17PcfJtzGWh9jKz6M8M8t1hUj8uwPKoxyi	2341
1NW9VumMugm77DFMMnvpbFe3jYmPoSjvh1	2341
1AkTC95Cy2bbEv822Nvshczz17XhG1aD2g	2341
bc1qtupmlpncwmxu7cdt4kv76j72xcryu5xycz45c9	2341
113vqyasLmoe9SyrAA5KWsfBfeaHCvmGLU	2341
bc1qhqxc7pue0zr6cetgt4u49amna3w9ern3dyfc03	2341
bc1qh0aqt63ufq48fyu2fahd6f2mghlskhw6rr3qlm	2341
16yDrzhZB7GjVzJWcbR6yN8jhsruSGT9Na	2341
bc1qszavk2vg46ygf0nzfn94x9jq6x4t95nllrukna	2341
17cBNB41ftRzZCAWURXeS3qmV39kkKEYBA	2341
1He7mXEXLmzGn3VMX8bnzTAKbgoJngnwKt	2341
1FyPF4EV2u2XEPH5RuAnKskJcWuHy7Pz8Y	2341
1NHeKAPAphQ5vHq8feno8LZ1gGWLmArBnM	2341
1NmiciHMyTomkijr25UT1xmtskX9Hgg6yx	2341
3MqGHy4SnWPVoAzBMdH1hbRbdyQwhppZH1	2341
bc1qlqt5je3strwq5e4l4ylwzelaprus4kffa44n02	2341
bc1q74lrthwkkx53nhfs8gkjafgm6tamgxvwltxwan	2341
bc1qr9yle2wm8j3hmfhtp72tu7w22zyxnvq5yp0k2s	2341
12F8zffXcLNb3r5F1xqU9gK3CAtLytSGag	2341
15GsrRN9HaCFbhNG1oMsyxA2EgiBFQCbdA	2341
1EE3FRPSHRRTq9zZV561hpCiYHnrUZaFUZ	2341
1BeW7PxEvbNTWnFPo3E6TnAoZRUB7LxvHH	2341
38QGA78xcR3Mx5YTWc5W4zh5zSh6g1T72A	2341
bc1q48fj4v9ep0kz50yxcf6u7rnqu57es334rqf6ec	2341
1DXiJozGRixTSmJL98Kyznb2S5YZqHFJce	2341
bc1qhpruct44lklemtflk4sjn0ru8y63g7v2p5n0t6	2341
1NK88uDTok18gphmiMkgaFDkeFqKEPHtfd	2341
18sPoo4usLhW2sp6kVhn313ZAf7J2ChdLe	2341
bc1qrxxregh0gtprphldrll64jep405xhlmfgxv75y	2341
bc1qpe4fq2dzf23phqfvzy62cza7p4vsasazld7yps	2341
bc1q6hkdgzmt5rrgu9r5xejmfkcqj9ps4kreuhpgrq	2341
14briMir7tGHXCZMMQCWJCkbuJE6QeiGRK	2341
bc1q45pyssrdv5weg96szjxg24u86p9t236cakywn8	2341
32QjXxb2WwDme5KjktWDYEKvtsBk2Se68Y	2341
bc1qr8nn3t24zhnw999fj9euwwrmcm7nqxj9yquvlg	2341
1Mas3tqnwd27q2xyzjiqQqbstBCZT5nJof	2341
1PefHBSmufgEbUWehRY22h4eAuqVZgj5X2	2341
1NVshzBT9ZNX8uFm6Y7MpaNPUK57bkydV	2341
3NYHKM3b1BmqhTD3ohXQtzxs8gVi5vYQn5	2341
bc1qylf0rtjwqs7g05he4cf4pxa6sfkthxd8chjyvj	2341
1EjaToyJn7RukiAxjBUtoigdJcQfCZzrmg	2341
1CYS3n9gyKbncv47rKBQumLofBtnybkp4H	2341
bc1q4p9pyr3qnfeg6xnhg52y8kuk4qrc0qqtegg794	2341
1CzECf49DJHAxj9mS2menBgTRT1KXwFHiD	2341
3FHWKLZygoBKTyMHUrdsewKyycavBx4ny1	2341
19hrgmi7TRr9quCQuxB6tAWKoVTxkSBPU9	2341
1AWm94nb86FqBM3J7Y84HaZvFsfE4PkCno	2341
bc1q5m60vxy4x3vdpcc6r0uq2cl4h9gwzs89exkk4r	2341
bc1qusdjauhyzmzwgpnhylgs80x8g5w2u2yzftmwzf	2341
bc1qapve76tjgpmmn6rudseccyzzjzwx4e54vegvgy	2341
18aUojgAixoWzxfBCRj94vC8DPYPpGrqAj	2341
bc1qwra8kznjjecnwd56gr3enk3yj7yr5xunmrhu54	2341
14km21rTc2JqMQh3RkbYN65jpNyQmea6g6	2341
1MSC6KiqT9tffbexfFh1hakRYzii1zaBdC	2341
bc1qhhc4sy36m07fapjr3nax8a6fymlmvraxvrqpwv	2341
1dbAnM8NwxKKn2sZTKrE2L48ozJafGaQs	2341
1Ntcu9q5bocE8LzCEf3vGnsiUggki5LpBj	2341
1LoADhk9MrbPE2cHgo4Zd1nT5xPu2hyESZ	2341
1BwYC6w2jRTm8VEV7G3QvhWJRcGttRyHFT	2341
15c5pJ5pw3PoYdP6FvBBCxN97TE5P6fJQY	2341
1BKeobgDdmwGBdWSvGw34XvxU4Yxio56Ru	2341
1JPBvxvtiysnmxYJPc1gqahrFMjSY9aWPM	2341
1N75n7qfRZB7Zfq7EsQE25EsLhHxHCEmt2	2341
bc1qup46mxky7xusssj7ad5dl8vj35f7zul7shavzy	2341
1BowsTxWjkDbwFQF1trb5oCGHmuSUkU86b	2341
1E4Suq5CpJ5XoRPnPLob1oddMGcGH8pU8D	2341
1GqXGPmfUHyD75cJBaoL2ZMxrLwJ5r7Ywd	2341
1H77xaKeMXJ5vcp4URoW34bL8E7vm41wjp	2341
1CSH9ZpTyKuNrGP6kKfn2tJHBm65YyecRe	2341
1DqES3vWs7dshS9tpiVuKZv6Z789zSX3Rk	2341
bc1qlr095g942kvrudfm82axf7r0jk3yt8fqr9lzce	2341
3N8tj12esmhJdPAcFgRjJgTxrK7LB7u5Xd	2341
155MWSxBgvrKhWmtyv2wWU3csRuGu2YwfH	2341
bc1qptsdeh7wf35dw4uu80hdktsv444mcc2tvhxyyt	2341
384YpxSorDf89XKkhLzQUMhxSi3xf4ejq5	2341
19zsH9mrx7nENwQ5Qhdoik4B8vKw2bT1CW	2341
15q1fXHpCDqGKTHimNsXPJfzeCnz9QYdkq	2341
bc1qaq8800dmpu7xsfj0rrhg6axpuhpeehhx80ah0j	2341
bc1qjuh65vtcx2u8q5akccnztwkctkywq5fsgs8nt8	2341
1KB4qdseCBgva7SiW78x8xq1Cs9cuisbMW	2341
1HfTbeCR5BGV5kMge9q6Bv3ugkCSFpxyaX	2341
1MNmDMvCCheD5NzMeeAxzoo2Bb4KpPxS7k	2341
15hyZkUE4SmS9wvxuRXywvc2PLdWNQczLt	2341
1EeZ5j8Urg7E88qdx2trYwHkCqHqegvxKF	2341
1B3z9pW8eA3xGzmQbpaWopbPZR1YAMUSV2	2341
16F93fLW1LkXz3qeL9pK5tuGgHywbJ791E	2341
1E5rmo9LvhqJwNhctcNG33U3DHWMtrtfdy	2341
16qJXJWt8xBoad8xzvMbzeUhCQEQY9w4LV	2341
1JuYGwLrQZNLK1g6XKrLD5CBn1eKNCZTn1	2341
1HtNEFhgsLxhnBNKnzgvs4qCU5LpKkxNSR	2341
bc1qlajgkmyp4e9fwnuf70dt9s8x7xjsemr5lpdakp	2341
bc1qtrmu5lem333cxgzcn0j6p7ndtjn9skkhlthrhs	2341
bc1qdqf9qykae2zlgpzzdwn26ssgkx4h3nnj4yqdufu9y00fzqx5aqysa56gdk	2341
196VVjzHqXV1p6s3ZPX8w47Z3qBhpopJpG	2341
1C7kMDV5htxnWne4VMAR93F8aVEHdBL7M3	2341
bc1qpnd2dguxntagtwqyh0lvy54tjyrpph6lws5fqe	2341
bc1qe57vkhsqjcu8pjfzdwyyca8lq4hpsgckqmfurd	2341
1G7EAVh1L8RMmm9svrWLJ9SKfbKdd47Ndw	2341
1FUkeoJncRuhe1WDYG32f5TNB5pb7cxvJ9	2341
1CevsnrF15r56sgJZXSbAzShMhLAwxuP3v	2341
1D1nhZT1w97MQ5X88CPzbih7B2rp9z3yFX	2341
bc1qszm7dnan2sw32elede5xnn2nqxl0qmsyvh6wdl	2341
1AoCEExuBtrGpJC9BHoTQb6Sz7kyHr8dJz	2341
bc1qmyse2nuk8tlev4pn4fuvflvmjjarlhq9yqdhal	2341
1KUfvg845vj3cz3CEvL7n6pNZWxTEfw8Tc	2341
1LyF1dfT2BuxD5hczM1UThtp2M5qiQSefQ	2341
1NqoxS9UcFfHrSM1Upq7Bx6421UyhMQDjc	2341
1J5tePPoKTcrtkTa2D68pX3GcK72t2J83t	2341
bc1qgk2jsfxssmdm0y64vvfe8dc4c0egzk2h443lnw	2341
bc1qmv0xe2ajzz8pvnkzrduq6dfd56pnehphxz22we	2341
3AojH3C3Nd1wVeHXhtcpMkuneYUJuxbgmU	2341
bc1q7707xvq6jw879830awfm7kzhsmtrk92zuwywm5	2341
1HGT9LWoxMZYUp8qSqYsfnZwtgefZxZbii	2341
bc1q8m0re58ezy6l2z8zqhyd74e9v0g3s7mag0z90k	2341
1Jh7CnZEEdPZ1crCvE7EKojt5mu7kW9Qpc	2341
bc1q4z8s6xwaq8h8vh3ue3wj4lnqk869uundsf23jq	2341
1He3UqipZuXKefUoopqPXkxiSaaP2iY9Uo	2341
bc1qy54xf0uygw97tqwwn5jacs39jv7hxnpd0g35l8	2341
bc1qlt2233p38uewm4jz8gdwvzjavfrg2efgkg55mg	2341
bc1qa6qtu47zc5tuuuham7s5qu0y0v6jhzs074wu4a	2341
1CuBwgYsNAqe7MR4FFqiZCMCaPibmi9Nf6	2341
bc1quaxma7ractnmxrrye34kpvtxlmgjcx946w7cz5	2341
1ASeVcMqDsXjYHUG7Zpvppkoets1DGdYH5	2341
bc1qy455cm77a9rt0x4g88vjxxasursppxx6tulps6	2341
1Jn3AKzm8N6z6m7nbt9pWdtcR6CFW3bQ74	2341
1Ngov6x6Zjo2vMgzRAgfcLEwNweofGi47e	2341
bc1qpxmgxuz65clftvqqyytkn0wadkxd608f8cp79t	2341
35wMK2zgQ1SMFsFvduZW2PN3iBaQwYyKmj	2341
bc1qer73pvvjjzrksg77eggy9z7yl8g3kqrc7h7q5v	2341
1CKiCV4tLCPtJLWGzAhj75y2v9h7h1EWra	2341
15frLJAhJPYyQuoCtnKXkuFnyXUw4Dse5w	2341
36UYw1mh1s382EUSZUWqsGncsN8u7Pn1xK	2341
3PyhFcTwgYZP7WojZcsfiUUKft3ev6RRbt	2341
1fbV9iLdYYaURYHHhofd1nXs65MFCfKx9	2341
1MWEqcmutLXjnmWj9Az77zN2TjkCkYvC3U	2341
1GuR6igpr8YpBJd7mv2s4nWnJVhff422rg	2341
bc1qmjf7q0h4t025lpujpqqhvy6lh3q38l5lz4l5ph	2341
1BjBR6PzLfwJkAXsGv9pQzxzN9Hc26RP22	2341
12GbujoPSKMUZiGHP98qpx1WRvkbRWkQVi	2341
14t9GZyjboKjpQ8WZopE12zbYoe3UuF7ck	2341
bc1qzztcrl0qpnmd9ssnfn9xgxw059y9l86qwlkpap	2341
1EA7Wn1iE5BsR5FufU1RXhbVz9d8KDBXWN	2341
17Fme5a6oxTqvnHcxdYe6zSRgqm2zak5Ts	2341
bc1qjf985za44u7nrzazav70xcys63jq3hfhq0ap8y	2341
bc1qwjkspzux0x6pgd7ecjmz86fu2h423a6p502757	2341
bc1qhz0qq3avkyks6gz9r9e9phckzjvwrvzwm6alln	2341
bc1qpyp0phutqc056lmwqx2mc6wt75cljfagv6heu5	2341
bc1qu6lhmp0p8awv9lk7pxqzq7pr3vr53wtlyv40hq	2341
1KNvNLXNawJvjHhL8r9Gi47BTBVvN8H7bN	2341
bc1qnzenutukus772xkyavvvaz8eh6hntsnqdfhtc9	2341
bc1q0djnwckm32z2mfz9mjzgw04c2xgv65suug5ezx	2341
15wXQvCFhwcPe12bTGSU6EApwUsGdBkMTu	2341
bc1qq3qpp8zj6pw459yfmv64qlxq5fu2qmy20dtqm2	2341
bc1qgpkpmmgt97xy6tdpja9ec8v6qrfaw5m5g35v5n	2341
bc1qvhlek56997n2xk0uuvq4ng8rg7t9rugzq3zhmh	2341
199riHumxZfxPTbkQFwXGjQp4Tcm6eqf6Y	2341
353qZjD4VQDUfnFt2M6oKHvDUUxwEDJKWw	2341
bc1q2x6pg2q34snd3t7havdg0rmkrxv7m5n677gtwl	2341
bc1qxc77dmh5w6s60pqsss0puaqp3u27s50e8pw8v0	2341
bc1qgfzhrqg0zncqrkl252lwg9qt8fu2zn2ecdd4js	2341
bc1qa8atlja0h3swep34cyyhnsfsw9qcf6p2m87v6r	2341
3FNFUC4Y6SeVWfTAbeAmNdjddoKt3WmEB5	2341
14iwk8Ypj3GFuBWtfr2WaN7sWpUxcJokTf	2341
1ED3rAWK9CFvxbBsYN4c6Y36EPAKTJEPbo	2341
1D3vWaTCm6byd54g7PTtUAwGHzPKWfj2ew	2341
12vEuLy3bhJd186YX2uYhMpjJtmE9co753	2341
bc1q5epr7tunqszl7jj06wkp5t3eqyzynhtrh745rf	2341
181K3UGFcyn7UM7UBrzLMvhKsseiooQm9s	2341
1PWGRL2Px7uwKormw1bzuMUwMgjDYCaRyC	2341
bc1qr8an2hjqfjhdlejaf4lqezawfq42djpefupzvc	2341
bc1qxpttmuq0937xpktgekd4y6980ezh5w3plerul7	2341
bc1q3zxksru5ls5z5ne2j0e05gl4u4wlex9datpnf3	2341
3GCp6mvvQAWJqExsbPPrbqeUAthECkP4Qc	2341
17rNgLYQswBfDXJ6igz1FreazWrZ3GyKvX	2341
bc1q2keq6ag3ayk4n5d9nur4ex48zqf4c9k8tapcxh	2341
bc1qh4ckpen34lr83w7wwwmxms3a9r0ztzfv037sj5	2341
1DXvmqjFci5e86TszbN3hE7dGFPkLpMYin	2341
372kFPnFSAZZ54ahErvp2FccJC4yj9gnfu	2341
bc1q7x6gxv2z37df4n9raued6vlch4a44uv7e24sue	2341
1MUBKMhjdhHqrxqc9yQTfWAHRuQoY185Sh	2341
1GrXTctqpwmaWkihGE1AdoWpiom3EhiK4B	2341
1C7kPEnQPD753pJpkgdCrKVXXFDf4rubex	2341
1B8ZXDyCkVWiXyt6pea1mpL1f7ZDS5qSSJ	2341
16FdynaRHQTqL7rRyBgcTC9Tjarf9xHpi3	2341
bc1qw87kxkjrnppnmwvcky6nk4ukhraeyyh89wu0uk	2341
3QMv8kf2Yv7TAuRubZRmxvJ8FFjtUD34k3	2341
1Li6dzQhUu112mH5jjRzug6pDdLMdcdg2U	2341
1QBjaUwsTaJYBstxwzAU22TQaMVmGhtSyj	2340
3KyX8zyBKjTGKKPeWbu9krEG1ogDvPRKDq	2340
12gzWzxibeaQ3UDgd2Ni1QCmwe8tqJZgAJ	2340
1AfbDwiWqybccXNqJ1T8QSW3yHZUqnNbqK	2340
bc1quwlyvxcu75h2m836u40645254efdmmg96rmuwd	2340
1PwQJcAAEzTACFKvt9rHe2fvxvVQJzSZa	2340
18TsazATRrsT4J5fCyrzCWgUgKGYHQxMkR	2340
1BLczQiyECzsxrWB1zHyMTqT3sPz8NS7Vi	2340
13TnEEaoFKYf9mHR1VTmV6FZkbw1za4mCf	2340
1G4em2LxeZgFyjMmpeSgsCiFBVLzJoUwsK	2340
1DKZi65xqDhhf9rc4eVCgg5B2ssNG9U3js	2340
1L4SUtBFHunKLsjN3BFnUjbNsJgGYWVz2U	2340
3DNskHRk4iwqXm2XxCtQqaMRBCzQDFjtJv	2340
1FEVHYYZLpCvW2QPqkx4DTPcuixXoiMWJa	2340
1U2WNnjkk1xSQz7cE3u85dTomRRFq66NH	2340
bc1qzw7cm4macdhxq7hltft8sn6nd0u8hlk2304xxm	2340
1HEJL2mijehkNYzZQJ8MWXXyEDVDhhAZXB	2340
3KXpEg4gJHUC2HJ2Uea2prfyNCZsRC4Lfe	2340
1QA15bEY4C4FhdwcFkbiV9QKfDyMCLCRE1	2340
15wLjw76N9eEFDqCBC42eAcBRaUp4BF3Gw	2340
1B4UYhE4Y8LApY43fj9Whj2if3NPJmQ7dG	2340
15FRafy3v6jg28unQMjE7r3YtkMxTQwhto	2340
1Jb7xg7JuaXjE3JUoBdT4AYtA3q5fKpkx5	2340
1AJ1u9eXs1LNPErPHqgXz8fgCnPccYZKxs	2340
1G6dbqJVRa3aqvvMpMbBoPjwCT6AqjVhZb	2340
s-38c87ca544548c8fe1d1459e82f817fb	2340
136Mod1dx72euvDohRY4xWSyDfY5WyMPDU	2340
18bnPYue9fGvSCmj6hJC7g5Pifr6Xiy2mm	2340
bc1qr0m6guhg3hsqnn0kc8nuxqhpchtup2y58uvtv0	2340
1BwSqRxsiLFVFRuJHws9s2ZLkD67FDkizp	2340
394gCLw11uapGo1fcCtj9ELA9kSRG2pu4f	2340
14vRRL7qdDn4Q5x4SGDm4Vnd7XgLCMrHKp	2340
18tNbXz3eDXSwFVVTT4UpLyvL225PQp89M	2340
1EMmFcvoHCDM14FUqaxoAibkSjWBGksBwe	2340
bc1q0nf92gnzdahz48k7qv3jwjsy3spkpej2uesdkh	2340
3BJirBAXn8hUcJBJnQ3dXQe6V6TKCnzJpF	2340
168NFbdcbArwn2nXRuETqToWvqDnruUh9R	2340
3H6TvuYGmYL5PDzTPMU3Z2ZoGTPirDpfzd	2340
159CZNb7p6Zq7DjaKfqRrsdAYqVapDHvNV	2340
1HdxRRvcEeX8Vz81xDe1yRv2aCdUeW9cYh	2340
bc1q8qp3lslvmx029w4vwr6ggt8uunux72z4r9ktrczhxh8fya86rcusjyunxe	2340
1MF5hhvA4a8R8UTZK2uD7iXZt2rwZzJXjZ	2340
17aPmipa2ALKwApgKr1qEnBBpL2JYBrW4E	2340
1B3dMLpnrik9xpjqjosJbkm3GQDg3fDEFc	2340
1NQ9rexoxduocRKao1smF61nT8qRg164V6	2340
1qstQenitUaaktg9ZoGQmFDkqwmkpxHxB	2340
bc1quvttftd8s3fpr7mu54tr7f7f32w564c5k9ja56	2340
1AR2oiH4b1LjJxttzP1bHXCbQjHtyDJV1v	2340
bc1qsj938kl43z652qe88t0hxcymdykmldsmh3tf3a	2340
bc1qf4mu75jg8lffq5keeu073qkts4algfz5ywffcd	2340
3BcYgXBE2MTgMBh9qznPAvDhtFWGRbBBM9	2340
1CbdJysZG6Xj9CiEsSUzTXtxcxd7NMj1Lq	2340
1F2mFXoVnjSSGx7vetjAofVSnWDCKVoxtD	2340
169ccxNc5KVuMZvgrBfF4mMmpku4usAiAo	2340
1MzwncvBLcY4MjvpdVmm9SS6JBx6V2s2R	2340
12vk1iSoQXAzaESZYrVy3ic4brjba3adiw	2340
bc1qtra4gzv0x4f9vls0c7kr9qf5x6e0cqmegae446	2340
38TCr4g7F9kTsUFNQ8WCjtaN8ppbpjFYUd	2340
14eX5LZBhKoDU59V1VpfAx32NniafgGWJC	2340
1FU4EZcheyY4nDdMNo4GbX61dGQ8Xd8oRh	2340
13BNVmMkmNn6fAkEYXsooF1h4vwTmSvdnA	2340
15QsdRrBNzt4XuTdGwwVULpUUQ3RXA3sc8	2340
bc1q0ygh33xhvd5l7l4mgvkcv0tpk05az7zna58fme	2340
1HENfZBjPpKLop4gDU5sRAALGRLoKai2up	2340
bc1qs65fl8nn6d8xhlvfnsnkcywk9qqf0cw23qsplx	2340
bc1q29qxn39h25r7radk03ktzzc05p6leugwfyvl2j	2340
1FVKcAD6WDvKsMmtyu7pR9qafX4pZ5j3PJ	2340
1Pdka9QRL6GDJCP4jhA4nq3mBMJWoFMvfh	2340
bc1q2xkp9fc6qn3x3ejad2ulw3r5a89qh9tjjstg2d	2340
bc1ql47sltj0020jsveq9tlgpujn6n0cwdddgj9rn7	2340
bc1qtj3evt5es2y33dzymtkmtwszdhxtvfyau03zdp	2340
16YBLBGZL6UbcdYPkmJRPm3DqrnkwVyJbJ	2340
1ANzzGcDqFX8nLrqpo257GTQUspVZG4ZDD	2340
172nL4CA4r8Uqz26UWXCpFy5Tx5N5thkWF	2340
1NJ6SceTQbZkAqdLKxSuXuJrUDG6BG8Uy2	2340
1PjmB1Udx8YSPrD2379QeQGR8b2iRVaa3C	2340
bc1qkge6hft7y62p9rc0nktu06l2syq3q884p4aceg	2340
34QEG6gLE2nVVxskG6FM4tMywQ7RsKfwhg	2340
bc1q5n7w3ksdda9ntklrw39m9k2pwjxwswsl76y5y5	2340
1GNXwkfJFynfDsN7ZpnZ5am3iueb9j3G2t	2340
145GoYFPVG7n8Fc7mbN6ex1z2GJmTWYcTA	2340
1QJfbJ8Zq2XYK8ztXRkg9TN7t5vmfnJeRn	2340
1MdZJ7SwPP2PocELi2s1wvSUWG89CBEhnA	2340
3DFavK5uqMFSgBTRNADgZFreZxHBs23TbX	2340
bc1qj65g4st0zp9rvf7t3k9a65nwac4cvyc4wskwz6	2340
bc1qlnnvzwkz4nu4phur4eudnxsxsvx4rst03c8vag	2340
bc1qsl0r2pw95tvkeyd07g57phsvhxcwy6uc63qclz	2340
1C4NyMePwmtCvbbtGiF8aWPQjW2JfX3bWG	2340
3DxXDyhVosYBWQZ4nu22JxRFLamtbnJjwL	2340
1BQehenXePrMywqy3s9QmWsNJCLoqW24ff	2340
37R7UX65BuhhnBUVz6FrM5e9aD4CKstaxB	2340
bc1qh4ph04hzrcdnkr2nvyw40l8cy0qp3kcjldcrre	2340
13LDSEYepUSo6jvuF7iJqkFuS9ekoYfFPG	2340
1CM3hAGGkbr4Zuo49HycvZtQbycsqCAFQv	2340
1Pmo2a6LBnuLmacgREnPbaHvoQvvyPtx3b	2340
1H5uZLaNsLLEtsamDd2FC3PrVkd1EW6pVG	2340
bc1q05adl7mpef9pc29cs7swmpeakmr8q25868vcqu	2340
35FdXCmAsAxs1ntMbQks3ouV2LomKuogFt	2340
bc1qnyh2tg8q6s6v89g0tds64km8pc3e8y3lq34098	2340
3QuRwXEh2Yp4wDAEBm2ogqtp5MrsPKcdM5	2340
1EjBmom1uyR4JKzo6WnMms5zR2pQkFw7Db	2340
19JJ9bbWoxodHXMUW4CxzfYnmVyriCzpbd	2340
bc1qlym3drw8yvl76ugdxz4sm9sr6lvky5zgd4lgru	2340
1MZhnsUo9isFWcKW4PBoP22VXhCJNEio2L	2340
bc1q6ecapsdytzkfr8506wa84g9ya5h02qlx7duj05	2340
1KvwvPcTxEdUWsJbRZb95G8hXSREhJknw1	2340
122dz5bWniRUvi1F8131KjEAmSHXBwcoRQ	2340
1GqQ67xnSZKTFRmPWsKsm7FCNXZVQe1Cgu	2340
1ATUqSxEmqW3XhSKZ9cgn4mE7P3RzZmtim	2340
bc1qpd5cpdr9v2n87wp97ud9wcp7tc9aer85qpn5d9	2340
1JSJUBdb9TAHaP5RbrUoUM4bFY1cobcQJp	2340
18vfB1nsakssE8FQ9gHbvB9Liku6dC64Y2	2340
1AKgEMG6ixfhNZHJ9t1Sq4ktNj7UgWViht	2340
3BzB6WjUaoddUcpvmkMQ69ARZLQbzzKvC4	2340
179T2oaAsaiznRNfFunqrbFodGKaVm2ya2	2340
15Z4A8RVztXmehnhT8VBTTCGfMGnords8t	2340
14R5TMN3C3zNeJimGkFyTsGTRvBTX8JXPx	2340
1MGHa5jsfMefU3GXcbwVApZZmAeBYkwzHw	2340
3Hy9Vq1qqgQPTRmhzaKoP9q4SoRrF4rdEb	2340
3KdVaXjsaxajkNWa7dL8CpNDn4qHbMh2Du	2340
15tAv4fuUSPC8YUMEJWNGGWhHJHXFcAuXW	2340
bc1ql3dpq7zvv80c64p3gv3s20mdx6mrlp493v8e7h	2340
1A4TE7J1agaZ64iWZ8WX88zptn19XN7QAt	2340
bc1qme7vxnmvkjsru3w0ghl3e4lrksw3m2dn0r9u25	2340
bc1qundj69t9dycn6vhtmr7253stc96r8493ufeq7c	2340
1NxF5ubntDv65FwaM9HEsLesBG3xARuFrY	2340
1GgHrMXTybk4wVX739vY8TEJHA2ZaHirF7	2340
1P3b8BioEzLR2AAGuHM3G6eyRftmbBpNyU	2340
bc1q2r54mj7w9l2ndr0xhu5lcn97sxq664km7rhe88	2340
1DwJmnpVLtXkago9LF9TF4qpB4t6f2X22d	2340
1GGXtN2HjeXZU8H9YczN5axWi4S2egJm9L	2340
15Wj1px3RT94y3nCbXwYfJsPfXvAM5Qwxr	2340
1GXJP7H7edkpvqDgmsNvt6LDgakdtc3GBS	2340
18YQhbsuK9U1TH5uJ8B2MKWuvKebHjeBfS	2340
12KEdmHNpLcoqwzp5peJHAKanZmxJcTDAi	2340
bc1qumk44dd273t7y3k3dug4j0m0aq59p20uhesy2p	2340
bc1qc42xr5f6qt40pdq05ytrq59u0puwd2f54wwangknn34vz84vw5gsdddd8l	2340
15scg9mzcH4E48cGim6fSZqzyPhjgjSRmM	2340
1JjC5eTbWNkauJFLiKgjLnqN629JtYsd3E	2340
1B71DEncjQgNKndDLULLwrq3knHxKSB3Ua	2340
3A8SgQpATDeaRqe2XjCqnyXxbHfExUwBk3	2340
11aRvMnLPnNVT8XGgQtAg6pLGiorSYeXY	2340
1NvqjcQP3n2DuFZ4jRmiaMxzYeCWX2Lvgg	2340
3JuCbUMUsACQh6vW8VHjdd3nuHyFu8Cb3u	2340
13V8K1gc2YiqwS7jx4katiLaxp7UAd4cCH	2340
1EBpnP9t1wNnvgzTinzniU2LXMad1yZLYw	2340
1BY2FyH8JkcuFaWuoQhjeD6ZGZBiDsAta6	2340
bc1qufpcf30gy3er37kpjqxc2cwm0gx9v3qggp024y	2340
bc1qzl5gkx5nuzhfnpdf7yl3prwpzq9xjv34demu4n	2340
19xZzZdzsNBv5z3k2dwokFodSrcrXJvHP4	2340
bc1qfdc5ysfy75fh83x9v4k4letrhwjzrcsznsqhlmee2sz0778qcpjq5at6el	2340
bc1qs6kwmtufvzlqr99lcpnx5g00rg2h2q5kuvwvf4	2340
bc1q5l4pz3409slxtkhpl0g9trxt8jnepp30jtjqeq	2340
1DXLJYS8nb1ArEwrcCSrJbwxc3hwtCAp6B	2340
16r4jPvxVavkVGSRvQ3Maf5onW6SXYmvPD	2340
18CSVfnYci6d6whd1bHCinESyS4EXc2Up1	2340
bc1quq5llqvaxzjv7ug0yvt3pm0nv26xptp4c3tf46	2340
bc1q9cmmdp689s7lqlz6g8drsfgskgy7xn5zl6yq2x	2340
bc1qpsfx3kdgrgllmj272tvs8dda250kw3a2xzm7av	2340
1CWkDnWGq2q2QFXWc63f3uqFK5PTgcAmoy	2340
1Le61SDrhe9Jw2GQtR4vv84UVkj4uZxbni	2340
1AaZAPyMa2DaX6UQAJGQxZvxF6BAiqAaSC	2340
17Vb9ow7dXVdPoXJscucMoi7i2e6dyiQAK	2340
16UhDrL8U5bUcsrUgWusi4fTDxHTkWdiGo	2340
14LGBRrdj4imQdFwKtvxFzh9FbwqdxQTo2	2340
13DPxt8enq3mZx5R35XZvMSZk7DzvJFmx7	2340
1JC1imuRKsWFqSUX1wFGAtQkDmy11Qm2aN	2340
1BxkJStoYCKpk5Fh34rS7r3YE6UwsGViuL	2340
bc1qautjm0mqwawguj82aqr03yf2yaeedpjafqg9d2	2340
1ECUCYXRjxsJak2WeJ7DLg4H1agxn6giX3	2340
bc1q820lwmhlrjs9mg9n3acszsqjll7j6t5ukfj9sg	2340
14ibdQ4jwfNfeU6nTSEUEw8wRbKe42PFh7	2340
143acbnvf1xZpCgeGNYnAGC47Ze5fobRXR	2340
1MuMkrm27CsUELZYEGBp4YuR9jia6gUdQS	2340
19TJkK9QydGwXFwLL3Un3WJcjCyZSkqeeU	2340
1Bzf56JcdZoAMCtSM3roj27ti4VHkCGjHr	2340
bc1qmfw0sxn2n7hkyza9ap8vt4w963e84ukgvhn9s7	2340
1N229pnMxv4nV76WkoW23cgjbdpQ4xTa9Y	2340
15c9kEyyZBjzwhQ6ouurZ89RPNSAEjYDFe	2340
1EERKsbnicTihLcgj2yEMGHSiWk72cQpUA	2340
3NHEavtYa6rzN13WxmdBNcHnjSvkmRf3eT	2340
1AqwP1A3L7fSrNfYzeaecPm1F8x1EpxxLG	2340
1BoVd5iyubmkDqv7xTyE3h9oWoanWPBGb9	2340
19g8svLoiccqfnSrHNvKwvm9iELaDSBx3w	2340
3LxmZg34wiyyM3CbkHMgFRuhPFo7tSv8h2	2340
bc1qr7t9jj9m29nfls55k2dkymc5cahnfzv458sgsm	2340
bc1qrnjfteep28uzvxuccsgh89vqe93x0u9x8ga7tz	2340
18aykPEDCoU9RmC4THJyymenizxWHWoKwf	2340
19UwGAhF8HhweefEFnSqmz7aCwgdq24WkK	2340
1JFAEamMBwBhLwVXx72C8v3crMbZkLsstw	2340
bc1qdllrqgegx038wxygplvmskun6nz832a43ng4j3exl42z8hkx8wcq8q9eum	2340
1uTTxRB4nvE45dgLkovrvdpVXvxnXCeji	2340
14izMJ41XvTTDaHP5vp15VnqKsCyR47o24	2340
bc1qm73u06v90c0ypnpjmwqdffwllqv8q3tv4w2chc	2340
1LoxqecaygMenosjfMPzm7nRERRgb6zrJD	2340
bc1q3j3w2xsmnw043xkktcettctsga8fymnzxh9eul	2340
1AWQFqAd18YZQcKL8vDRG11mxU3Bw7EP3f	2340
13aZTgvp2aVSBLaSJd1EfxREXHG8wJBrFm	2340
bc1q3hlvu4se33jsp4mt980pghcx2jvnz2p0gxnsds	2340
1Fz8PxkCMiDdLrdmky6hZSabAzhFa5Jgnt	2340
1Mhq3GUzuro16bu6z5XCoumyx1tKFrHj8i	2340
165pLhz71pXkZqJB1d1zAwf853SUNwDihC	2340
1JDRMDqq5TDpoDsMbyiXEMvzVezvRrXtve	2340
134LwyEW7E9GWMuonN6ZJVsUzCv4drS9VB	2340
1CkXUNLhSHyyMDCtCxxtx7SMmAWJpuMqws	2340
1KmVg7YpoqWaZTDg7ZkapeUHAcuSLYtc74	2340
bc1qk4xy6sg98u3vtxgkuxjdt4e9llqhn3mhdxr65q	2340
1PuxG6kNWoAezcPAEb8Hx6CmAMqys6MiMH	2340
1HF7Exp4rQg9PUYhLF1CVAHHwhxJvHPcJ5	2340
bc1qy58w43v00nrlkzc8cp9dt5gaj8n0rpstyc32uv	2340
1HhF5oNmteXZfT2Mp4odZBaK7AznnDmP1V	2340
bc1q9jdvtc2x0dxp7rww8m6kvpcmml9cpj9444860n	2340
bc1p0p89rx6k9tduzjcnff7fw7p38d8dfkpt3su3uq3quyxfc5cxr9mqaa4cc8	2340
bc1qg5zvhjrw7trxhhs7yggyu3ncydvln7l2k54q7t	2340
114mFrNXeX2T8ZqCMuvHGL8BaibNd4srH	2340
1NFde8zKMYJ7AFoGuNacNy81CettK4k6Dn	2340
3CkrXuzoFcB74dAVLzNjdur6axaqF4GNaF	2340
bc1qezkw4c96vatgphkd283puzgar5vl4grezkyd9x	2340
35VJsxepzjzkNW2zNYahxnYjNvWb5PFd6m	2340
3HK8cnueioxNddLNyhj9meBcEvYFD9TF2t	2340
1Bd53q1nejSxzLQpLtgFAB3h1TdTioaH5C	2340
1KDNBhZHwvFBmyMZGJqsytcXWACgLKFQ2B	2340
164Fn4GTCD8gp5Ms4nw4yAtFxUnmhaC4oG	2340
bc1ql8rjvsjp073zualtqjzmwpnnw7kgjlzljvvk0f	2340
bc1qkwtd5ff6ws6r6cl9mpqrrvl9pc2w5k5g6e5zwl	2340
1EsBNkcSu3vKeCYYvf29QmVoXZkkCsjEuj	2340
13XCJARUWTguXibiLMLRNHbJ4FELGyf8og	2340
bc1q8zt5atqx5xqp273cxdrzt2g7ycphut03e78emc	2340
bc1qc4j8q9xgx44m3nap65vtv00fz6pljp7qdtfj0x	2340
115zcLp2h6DEArwaP6BQdUCFSxA2KSiAea	2340
357xGiLKergsfdi2AN4VtybPZMYn4qAmqs	2340
3E9kKqnyAWzmkprvQWUKSMwZoHkQvvoDvn	2340
12mwJ1BSMvKewDkfbmbLWytudxxhVAbV1x	2340
bc1qmek7jnscgvpjrnwauwexeakr2xazxnccanlnvd	2340
18ob3VAZsiyZt5YLjB28fHdXLbu5GEMai8	2340
bc1qmw70s2w44c7n0huvrgu30mssk6exmsejm3c6ut	2340
1GpVTT69aiYyTMaus46Db7dKS4jBnrCpAy	2340
148XnB23qMbj7auAz1we9BeMdGZYPbpgtx	2340
1FQUKwvAed97uj8v6ZV3RmEZniJvVFogtZ	2340
1F5L8Z4GQeFJ9Fpqjo6jPEEHMcP9ZBKTtN	2340
bc1q3mykc4r8r0y7dalsd9fnul6dwz0jvw2vd9d7h0	2340
1A9tt1BwtX5uneiG3cMp95v5cQbNDAM8Xf	2340
1wg8SU8oss25xZY6z5pC6crgTKfhpEPuV	2340
1GMuqwAUYVoMEgsUedy2YPHEvXWRBwDfBh	2340
bc1q527x6qcs6me27lxh7djn37w0kwhx7eytwqyhe9	2340
34BZsU2efyovpmSXqT45GMvw4yYqXzVJ5C	2340
1461jXzf4k34k3SiARxNw7ebTU2C1XjqaH	2340
375rTpH59Wok72pQxfoGUWMiToYkKLP2Bp	2340
bc1qcpe8emwjsvntn6ds8pwaca0zspknz2y6d6djxu	2340
15XHPXV8wTopBPrCN6NqiGQpnFewBXpuwh	2340
1EyVF7VQUzJZVHnUkTNUmNCugnVhXXdLgc	2340
355R4SGmVoTnpx9MtdPBCP5sL4ZEaErxQz	2340
167qgK3YcL5G1JiY5Y9J2CQJJkGc4a7ZdE	2340
bc1qqzruffpksf5zxz4tne5m0x6dxcpnfmpfek4s22	2340
bc1qnca8lhkwxtznud0end8sqznzhczev96e2elgdf	2340
1H5yhhkoS6ksVLSWmQJVXeYrqNmCTwGJW7	2340
1G2v1m4mjp6Sp85TuV3ZguJFLxiUv7HjfT	2340
19QNKJvNNsUjCgnzpAwZrCp3W7zRbUpJop	2340
1HCxe5Gfqry2otCZrBSVvP12j7LqVwgXUn	2340
1QBNQdmaxBuCutjDetUsFVLzQrhxzMvYUQ	2340
1FTUZfDUurQXfqf2dM2qBpPnAcua6XFMZ1	2340
1BLDuWYrWFJG51FEYEUZCx25YAzk24Vg4h	2340
bc1qgcql393l0q487svt3lqe46mrd7hgccxeu0wxf0	2340
1Kvq6vWTcd7L3wBrYK1bYCED3Sm4wp5joV	2340
bc1qck9vtlesk7raxm6wwh5y5un6rujffdwtrwvvv2	2340
bc1qf87yrw96mkvqvkvjhc3ml6qs35zu3sgp00qyru	2340
19xpFSSLo7mXc83ttxyxuEtXMApGu7WNks	2340
1HAJ6jX4kQFrcEhdxn8K84rrGhPMLcFH9t	2340
1MmsuiXtfZtgdMBxyYHNwjh6yVkzHaZTFR	2340
1BUErAhWX77NzQyvFW9hu79FvyHWbymJgX	2340
1Mv7qdHtomGzUBdfsGpuBN1pQCP51evyyu	2340
1Nq4YE9RVLXaLcqcfRf19LfD4jtaSVJtsE	2340
bc1q9v8ed9fnq7f2c5s2x8rq5dmzwuuyz47t9vt3c4	2340
1FzWg2ENDL31GzKfkGzJpSptaXwUDV7WrT	2340
bc1qfy3saeem94874e879p4z27c4pnn5n3nh9a744j	2340
1Axm5jWFweqrP5yyiDTCUJm2LUdhMoGd7k	2340
1AoC5eT6mBYGiDXcFFiNBoSEDNKbk9DhUf	2340
1HVDJDSP2TfCPsu3qqwv3jGqWGioCK7UB8	2340
bc1q3fs9uklpn3taenpgaukuppjsff6fczhdz7av6e	2340
129ZhDkj3r4sQZoYRKZbi75dfg6H1fFhvs	2340
15a1jzyJRFR2J6jf4NZhzhz2wYpYDtXG1A	2340
1Ge9FTPdG3xFKWNLCTom637dWQgeMqyxyV	2340
1Q9X5UDze3N1invHDcH7DBGXWENj6eZ7iQ	2340
bc1qs4aqkdqerq3q9hmer2a2fhferarl8k83yaer3x	2340
33kRZooUqwT5dMxNUgFg8SpiXSXbDVNM3C	2340
bc1qsxvku4js9lt97ycrty8tv5qm459ut4nnk33wv4	2340
1AxCvCPitVvghUu1tDseevsTxEvSgvMXj	2340
1KhevWCD9FhCBijHKjmKuJzo6MHEb821td	2340
14wUeGy73535xi24wDTWK5vhKXaSZUNzgS	2340
1FZaGg2YpCABXNRxfrqtyRSTPmVAtB3E75	2340
bc1qy7dnyex2dc6my206jj64r8fykvgv42j2w9utxq	2340
1BMYDjwJ7fyTztQszCVrsUAWc4xW4g4hbP	2340
bc1qnn27ztu345swjsvt75yaghyujy0lyqv9j6pylx	2340
1PXbsNXru6ZbzTmMZLnk9aBuCFTGnd7CE8	2340
3A4VamFPVdwSfhEtwcvkkwcyX8vygNfWVS	2340
1EexVvcxDK6BCWcRh9oGbkzwEKS9bFvZFi	2340
bc1qadnjzpva42996v8ukrxzhjwnxwf7datjdv3ll9ps2n92nedw6f3szgsc0n	2340
189koZjnHvdDRi9hVJ1A2eeFvwcgXyWTg5	2340
17s7bFmt1qAyvvENrXny21fPr44aDZTkb	2340
bc1quecdwgfel9ft4caxfzgzld4j2k0hvm94xf7qpd	2340
1Mx3rUaobEkRRcaS2MyZgRatWEb4nbZ7J8	2340
18baSorjW61966VLnQiV3dPtTWujo7U8Tn	2340
34jJ9jCoGqnHXHDbKyKHtj58TF2EXFAzjj	2340
1NzAf7xLVcfYSbbqYnZyeGD4vDWyjAvqQ3	2340
126deCTGRZZRUER1nZS4hWN8H9Dd1ffz4h	2340
1BwhSxHFn2N7eAZAADx9fQnqLyn3ZVTN8G	2340
1479m6cBUL49yucWD8akFWRfJDw5ooy6bs	2340
bc1ql8p0rad6rw7scslka0038z0wnesxhrjmhyxs22	2340
1Ed1bPp3GrY6PkB8DXpUXgdmxqS82eXwbU	2340
13QguntLx2Ex6xUK71shfFoNBnEd1XrLkz	2340
s-0e68ed2e513f7927f1d02b1e611990db	2340
bc1ql7gjdmne0rm6h0h9xehlsjtrnscg9nhz4v20gv	2340
34jm57agcaWBHWN7faoGNGZaq27VTzZDNv	2340
1JTNooNgoEtigP994p4KnFo8bPCxKw1o5E	2340
1Kwy79UWyiD57d5Xs76LwmQFmLJgNqF8MN	2340
16xyu33o2TFMRm3D7243Gj7L7yo7t5Fajb	2340
1Giapx4s8LfUmHUan41CVxxnMTRMutHGVd	2340
3Lafgnm5fq7ZPsVUweah9UreN9RemHJZq9	2340
19qvoinbG7VvbScvzTvYJZQuZdQA6L1QaB	2340
1CKPzjy8EbYUxXhFjhbCZkhvJ4PjCF4dXg	2340
1W7gDBHG3V37rTFEjgADKha31KG3R8VQA	2340
1QJXTfTKJEu1512uY9JCxJ9PMgFSWK3WMo	2340
1NepFCdi2xY8zG5b9E1Ae4pCNdhRU3eaAz	2340
3NFf3cGSpGFBEPr39h5FTCDbDf9cT77CvX	2340
bc1q9v7rmmdn3yktgan7x4lyy0zddy892kf274jva8	2340
bc1q4mgp934tn2ae0wjtmhzhrs04eee858l04nxs2t	2340
17PdenPaVpTeADcQd7M2Nk1FtgjRotDQ2j	2340
1FUTJgBZt4iwrs4xmbhpygFQAMop5y4Y8w	2340
bc1qrw7ppmnjwy505eqy24zstj74htquy3zkw5ynda	2340
bc1q8c0wq22pwpdsg70u3gj25ahf0pl4hn8ct9rlgu	2340
bc1qpf90pvlr08tm5stycsvmlqh2n0rpt7wl0gsv2h	2340
1BYCZ5FGRFi51JuNbKbEinxy4PB8tCXTp3	2340
1KN24mvcDujDcBByKxH1zN2xDvmF7rpvhB	2340
1LQfQ8cmDoJPoqrSi3kjp8ZTyTjoCf8oJF	2340
s-88a2dbb7875fe62de5b4862ba816e327	2340
bc1qyamnq7y6vprgf5xajzmjacyvzjcah237m9rgsp	2340
1ERun6WbmLJfYfa7CkfttA6vFyubiiYc8g	2340
bc1qyjzs8nzgutv5t9xyjndl0wk3zxe0nqrcckmdd9	2340
bc1qf3gqmd7hxtenlmf9clkgls24u0fm05e99n0sna	2340
168LpTaFChxuMEMBjKSeLLnF8kuY44XP6v	2340
14xXunddmGgFuuZjYtTaCU7JSCuc4j2JNm	2340
1DQiAhxUCfWD7mKYMm9dYEcq8V8jQYweM3	2340
18m74WopR3n3ECqq43ifkmA7ZU1Ka8XzbS	2340
1PrcCmoViQPeCi6VmwnCAD4n8SiT7AS9xz	2340
15gxKT6kKDcXXC3L4RREKkvQqVtQ71mhSL	2340
bc1qvzyengel7rc8xjndn2qrgum725pfjn90wg8gt5	2340
bc1q0ask5dvr873a99wjnf02qazlmxfnjatvpd97jt	2340
19bAaVr5BpRAqMQknCoVcR4SmiGDJJppQq	2340
3DxuvXWNvQX4L7e14H2Ag8P94C1sHmrhgi	2340
14R4d1ooET5jj9jaLnoJNUF94fUjXMVHEU	2340
bc1qqx0curqmnc7hyasx6dgfcfjcrx8ac8wc4va4vm	2340
1NpbjqpoxVzc3bYXbqdY2qTgwUkZZQXuxQ	2340
1H8uNQ1NmVkbLhKLL4DkY5MvagPVkpfUpC	2340
1D9iLYyoykdQ2fPA3TFU3Nir7Cw3jjECjM	2340
3FtCSULcrR85hdDPxuYm5bydAUPBgCPmQT	2340
bc1q6fkf80z8j8fnw8s3rknu3ears4p824xwkt9mrv	2340
1C2VBeAzPLBJAikcqzFN6hvi1nvmyHd22x	2340
bc1qxtqz459a42f7qsvh50thc75cxr924062ldsaaf	2340
1Gu48Gdkyas2agjn6jt7RTPYx8AdzR3djP	2340
1MaSYxhtkmoAHCET2v7uGvcD5Q1BvtiFNP	2340
3QvwsZ2pnUWmkbvG4YbMLvdUX6zQDgLwre	2340
bc1q2le33g9smdl80h6gukagrh0s884knsvutgc28q	2340
1JZYZ7ed3YRwe1Ap7iJVwMi2jFjyn4sUfz	2340
bc1qal9k93ltw0lwt4aslaz25mn0txcey0l9ceu0dw	2340
18Fk4VsgzCuDDCnJH6RT6yDEPbhaWGrxNr	2340
bc1qqxu6vagfaluct58wl9apl2cdxtx7a6d6w62gwx	2340
1GK6ZyzqudeP3cZbekYvPGPftcpU7qwZ4h	2340
1JF7MmQ8m1J3JigiCejj1FE5XZBE3mdn3X	2340
13dNCXRai6KKEZPihMpEVPX7RnAUzEzZw1	2340
1HAgg1RpemNLrikkA7aNbWVxhLHmiyyZ44	2340
158UK9TkBv7yrQtZtuKTyfjZ4wTJmdbrBY	2340
1NCrj6Ju8VRBsAX71eRv92ymgfK66Y1oNL	2340
1JEYfR3oSS8vZHgVK2v7ujFZ79M9qHCCU2	2340
bc1qzu0l4r35mzyzqvkvne8a03hl9r67zzvp9qmez3	2340
17LXh8uMiqoNGMAUjpJtZyKvPMh7eVHDXc	2340
1PBHUFLx5ywqYAdkmeR2EuLfJwWpcPeWSD	2340
37ZejJy6AFFd4oXTNREm81egpjYeEn9tE1	2340
15SZnzV9YP5k4TBMvx833AxiEwjvwxT8FF	2340
1LhHcjcZmGEj35uXCifw9H7HLhdJTf4PWB	2340
bc1qdgsfa0793ft2xpkh78mv58w2jn6hg802kah3h5	2340
bc1q9rreppwdx0czhxfzqn02qzujq6hrjh3fg7vecv	2340
14c2UqoEqh24mdakEpfEuq8q2CgjgpLiPv	2340
1QDQpDVEiKfiNT53HefpZNyYMSqBBc3RCu	2340
bc1q6f9g56gea9kvj3w9udyg5dhkyvwhcnd9zqs2t9	2340
1E2mq6iEyq1nN747LkX1FdA5rLAxxS6iM8	2340
1BsN4aG4CajVoLmvMxaRRhoEuv1J1SD2Mo	2340
bc1qtaeyp3884c4zp2a8lyn9s5wmg6g6vfn9u59z4w	2340
bc1q0hcfnk8qysw6ld6z35clsa67lysch5u3wz3599	2340
bc1qn2n87ptkfca6e9p5h2ll8k3z67x2u9aj5t9dgh	2340
m-77a56c76d26a3fc3babe2ed5281f0d7e	2340
1NJXUZsoDHEFCqhjDaFRFG4Aku755nDmF8	2340
1ERnsz8cAj3wsmMvYFy4EWFqmQLu1VoQbi	2340
bc1qdkc70hcfs09pmcgpdr2l9n4dz7u2ug4xe5n2sw	2340
1B54s7gL2rBByFFdjNc454nGWjahZHARUc	2340
1Be1S5TXExNZsjaU39W1bEpHPfcjSn7J8o	2340
1Ksmm3VhrNUNLBQBn59WfVf4LDN7ERc3tx	2340
bc1qt0lf8vrfp5qppl6tu2lj2ahc5d39jlgt947cr6	2340
1NXgCBmKgh8Hm6mPg315wReZWoPD9ZpXgy	2340
1JotvpUCG2JMQVhUYum3cr4SD3xHZoX6hk	2340
1L241aEW4JxTzYFnQBAr1761ju1x8nP2No	2340
13zQyzpzqBhabXL5qmWj93TBniEt1eNyTn	2340
37C9PrgsQAL8ketBr16SK3USTU8wvz6Te7	2340
1AWMemnqx3vzPtZLpUAA5zU5Jqbipv9Tk4	2340
1FzSvUbQVvEkC7HgaK6UVeUs46NCbH27dw	2340
1GaBq6pwmB8tpkiwbVnfFL68ut4HvnKsLA	2340
1QAR45i2fbJoHjYUB1bJWvk3aS7padGsLY	2340
19XAPwq4YEjuYtZoR1ncjKLxBUcPvnGZL8	2340
1DcAc1Jw6728j38f1AV66CnW8vFs1foo4g	2340
1Mu7oyJkszJRWBMAeopJpoHMJqAUrQXtjX	2340
1Q6yo2uGPXno9HskUZJZCfVWrAXjBgbChR	2340
1JLyEmCRBtpEANdJ6Zxq8LoBYpPCbAhVju	2340
3NvH2b6c2pCKWhFWCgcuGazWEnykqbjfH4	2340
bc1py9h53f4qgsgn6rj95kev44cdz6cpx3jw8davprcalrg8d4zrj2aq66lc3z	2340
16pHfY2WoxbugjuCtC3CmWHui9druzpEoK	2340
bc1q9pgyxmk867zt6nmsqq7zavwfmym6ujjckheqcg	2340
1NZGKsizkMVZfULQ5xc3ZEviRJfxvBfHMH	2340
1DqWQwY4DMnYzrWzP1yWj96FnZe3SeMd9y	2340
1GZ1veVbzKpJvQMNAgD5LnihhHgHYfxqQv	2340
16B3TL7HmZ1TMoU1JGVdL65iqkr19oxN2w	2340
1PhtbHjCF2ATWJyogSuRHNqKYy3odVb5JT	2340
bc1qx85jvf6v9mrezsqe6fawlpmcmzdk8dxhh7nen37m3gkn4pw9de3s0tlear	2340
1L14W4VF5n2zgHqkms8STWyX7nzSeDZxMi	2340
1E1vtRQFxv7xY6CVfAPPwtzuzQL4jJWdHP	2340
1DC9oESNsULyzkmSyzTN3WGamjPrQ4QroT	2340
bc1q5uc9pla9zypvexe7chkt90m8dmzkv9cmwm06v4	2340
1Q99kUFqC47kMZt1FqVz2eCXk99Ffjmrwf	2340
1FaDduv9RKnHWc2fUsNUT7GMraZ3JJ5aNN	2340
35SC9Ybb4bK1jnP7sDyVgaTQE7RGmymgrs	2340
1DwkaydH2UsdcpBCdwJa4ry9nSr1iAwKQM	2340
18tqRSowTgycpEtGn5pc1SzKvmg7usV9rV	2340
17kuHxXQ24hwaDegN1hsaF9WdXcJNGiunA	2340
1BWCvu6UaW89USxdcNqcRR79dM8QrU6HVG	2340
1FdHpQYVttHM9YR4mhSffLkGb4F8EZPKyL	2340
1KwFtM4xvsnQknsT81EZqYKViyceXzTKDf	2340
bc1qgqnl8kn23glz7h9kcce3s46kuypzapl96exucj	2340
bc1qs5zwm6wjps03e965j5f3cn6090egmjt8hazcmu	2340
13KEjM3c2nnXK1bsTJgJSrHxtYTmheP569	2340
bc1qd7nh5zuzhnu5zvp3z028gwuv980zyy7pv59enu	2340
bc1qq6wjz4wg3x95tvt9t5xm34z2pyvxewcvz8r9hf	2340
bc1q20yjap8tkxv8k8f7933pmx2jr3eldyc5xxrfg4	2340
1Kcm7ZEJ87gZ8kPHmM1mL7Pow1DBctWb4F	2340
bc1qe8v403xhrmzkjmmw6mv6q3r84yjyc2l2nryhkf	2340
13PtHBJY21QutasGgY6Lp3mz7o8GafUy79	2340
3PqrCEMxNtabvXGs2r6uxHM2nNRvBbg7xE	2340
16qszdHo7LUeC755vvHa2zanKbNSqhfTkM	2340
1DRtJmfmPpGS2AfHYjUX6KBg1pWcrZKTAG	2340
1CkSR7JTLwZdhY1SgN4SqxKvYcVDaSGPTz	2340
bc1qy8u85t3u8j4ztd90z3z6zq33z5ds894h3ml727	2340
1PF2p2TQMsjuVMiDX2Ng9peAUQKK3gQbYA	2340
1A7R9Te6DqbqDpguBc4wj2S9Yt1LjSkLwL	2340
17JkBeMHmwizBZYBNnw6QLdkzC5HUvKwoQ	2340
1Kyx2VWT9k4gM2EtigshDiJRnXrYDdnESC	2340
1Z8dVxP9jhmvC1AfiomTmqP7dSepE1KZH	2340
1ACUGmSKV7Dy2TNvwPpGqJZuBwrzF2YXEZ	2340
bc1qntdg5fkhc7m6qq5wa97zrnq8utfwft5wvczqn5	2340
121f43NEzjgKnF5TYcGTTVbiGYkow5C9Sb	2340
1Dz9LGyMEYvGpJeasUac8CNKtDJ2mNx8NP	2340
bc1q6nqsc23lrzmduhnc3sfh9wank6ggu4s3ejlquy	2340
14x6A8FPe7BtzZdWoyRhCDcHd6mEi3ostg	2340
1EDP1NeGC5zLLKc5efJECDZMfcynKWfXML	2340
bc1q2vu0379kyls3vul29nx8uxhfus89kvfjmt0kc3	2340
1LcujArd9f3PVnSMPqTqU1QYoA395mo17E	2340
1LcsQjhwu4S5nTFk9KZpvBnQzRec6SVS4c	2340
12DM9nRfXJSKnFLFd4cofyrnrxQvH9mGXy	2340
17Znr7wsndwn7dtUm31tTy3Jpu1yWkrysH	2340
1Q9DyGniTNRBrqSizBL6fXDcPdyBJsTpcy	2340
16DqFqLSw17SFTwKWRefwknMCMFwEh5UzG	2340
19v9dR8Qo6sNcRmN4v9hgK9dKru2i9oe57	2340
18J97uaLTqJu3vuMV6fFftGqxGKJigGarw	2340
bc1qcasj7h28mcrxwwztkruwejlvepxd09mp2ywgr4	2340
1Mrj6ZfbR3NbZNb489ZsMtaL3jnQkJVBPD	2340
3LnTi7ch9L74tpzdDqfJo2ZYmL91b4ywsz	2340
147Z4WVWkMXSKbUSWB2UCwVftCxux8X2Cj	2340
1BMJ8LMW4iVzWpBbHTtAAhMz2beupVvXtF	2340
3CDJcjrMYf8Eue5fJZ9B6NYcyj1mLGrxcU	2340
1MnLcdysWVciiigZL49rsfuht1C6tZ5aQh	2340
bc1q48n05227vaknw8lhm56arsqm2nj4ysw9tc86pw	2340
bc1qae37yetpvz2y0q6t0qmxx04e4jtpjzm8ttaftm	2340
bc1qh3mlwzmz9url773mm66203zap766qhfa78dp7t	2340
3EmQwfAiav9pxsWCx2mpCQdYeyWqCGf2gw	2340
1LfkpzWRgy8x9QcGvtKZybComumULb4B7j	2340
bc1qezgp5es3wqc5daxs4svyjhvsetr9jx92d8khch	2340
1Pj8rubh6iqeW2ACYyMXR9zMr3XLaZs25N	2340
bc1qauxe9z5e6hmt3lz0q7qfacg4a5307zu9ynw6qp	2340
1MrBrWPqdJRkSmUCc7LsgNASwxYWZQES9u	2340
1KS7CQ6ijkMP93QTwvGktnS4aNtFUfYgRQ	2340
bc1q9ka84tts2m802dt9ruuz0qqakdvrce6p9l4aus	2340
bc1qz4xch053gquu0p7hxtg2wuup6vqkqqtfznkpnx	2340
bc1qv3ghj2vdjnht234jzgmra32k9fxqq7t6qxvc8j	2340
1CanXb8H4GkEeZsezRxsHTKTDmmvU85PyK	2340
bc1qsxtngpegwcf8lpw4jevcpnt75wsj95yhez276n	2340
bc1qs6ct30x4he6set8gfvtlrl5sq8pf90j0ulhaq2	2340
1DgozD3UvCadrAAszW48C4YekZ5WchQVXW	2340
bc1qk9cm8zfsdmprd8j8tec5ncm8sxnxzsglw3lt2x	2340
3LVNjB1k8vsD75yT16jqMiakcMjzuUNbTa	2340
bc1qaaxldwa2xvpfe07hvdgw0an5djkm6jfed94juq	2340
1FnUDDGU59T4va9uMyL9oeKtF9wWwgd3a3	2340
1B84EQtSs3jKjgugb3zUehCL3a8L4HGzUQ	2340
s-ca34547b1190cf27f676586c503ee4f6	2340
bc1qwk6j4u5xvs3adhcm90uwqtep3j6uvwmq48junn	2340
173jotEv7nzbKhSR1hwaC1ak95chy9Sjdk	2340
1LL7JXuEA6UqVJ75iEEWeaKpwfdQbeDdj3	2340
1LZimMU9UbGkjiKKoBmVRw7JGSUL6zMiYj	2340
1BFynXZzkumXCVigFteZUv5qGxf2qRMQi3	2340
bc1quhlx8xp3fkrvanezkg4pjv0at9dyy3t9kxh9q4	2340
bc1q5l5tfugxrljvmynrcsfstcud4d76rag8q9jqkc	2340
bc1qrh3ryyqc3ktjuc8dtfu3pc5ph624zjhqu8yymr	2340
142bPT4kDZpn4WRu8ZRcrmjdxK8Ab4x3CY	2340
17Fm5ZBQjWghkAfnPttFyen1M8bAW7gavp	2340
1KvzEUuwcZgYpWjgT3ELKFwL7qatHcuzHz	2340
14Gv7PwCfnTiC4SNmftyDAoDd34vSDPYuY	2340
18nrkEbUxDMbQjwk6P6L3DhjArLYxMpmC7	2340
37LzSyH21FN43ZDb5WpiH6MbTiSct8HfCJ	2340
1BuxA8ro1rDansLSU4hzVrWCMW2AYxT6mC	2340
19owvdsKusS5vFPq6sJKUwzrjhEsatrA8a	2340
39zyogLYNcktNaxU1XtQuNo1hRn5WzHS7X	2340
1B7x2HsDGGWW4nQ9prgQ9UQaFKpbFAGJed	2340
35cMPQgbFUJw5BtHCKcNB31oNZvnnAVa9G	2340
1BwMsV5qgXcNe6y7Z7itt1FWjvvrWEgs7i	2340
19bfoYTjuqRFo4zCrE3AE8Bagpu2ijdfCZ	2340
1HyTYtKXibvCQpZPEXnnXkQTfQev616o8H	2340
14wLnqzQLdjiYFVmZ3wbyyFSmKvArm8eaR	2340
1AGgBxhQBjsdz35NqmMLMc2Jo78KVZ2Ym6	2340
bc1qvxfquhsh6zwdspgll9th6pj9hg72cuvz98wzeg	2340
bc1qcded9wcnasxmesht6w0u0ul6kyvceaqq6xc02a	2340
bc1qdtul7dd4suv3pv49gn82pd9k6mc384hdk74ucc	2340
3LKa3ucq8no3MFRuuY5cSNKvk6Wy8YE4cV	2340
1G7s2WUYP6fwP6GqjjyyjKbWDCcuQUyvm5	2340
bc1q60k04vxq4k7fzf6uzx884et0nkfl46qrpwpq89qrtld8tdle32tqn2glgc	2340
1PU3ckFmrMUHmDpN4pfy9Ft4VEpxhQwTAH	2340
bc1q5ucvrvr40efyn3e4gekz5r9ympyy8ys9x59skr	2340
1GoT4h6MAhAmAHRq3RqxYSNEX3mXnpXy9j	2340
1FHPthPY6b9P6T3CZYnhauCEZX6BJ1aGp	2340
3CgEJg2EbLVEKseYsNhvNRx43CLKPaqw1F	2340
1NQXdYp64sRvVcncgNSEXq4mL3PpPLZNK4	2340
1Di69ekpSWfscHtsMTD25f3rAKXcZFHSu1	2340
bc1qzwd6qt4agpemkxtqjtm7wfc3n2wzlm46lrjxht	2340
13DwayS62cf4itKVSxTKNPudDpnMvAWpLs	2340
1ExuX7B9hBfhAcxXdrynw9hzGkPoH5wPnG	2340
17i1RGGQksTjbQokTkZn9y2mLjST5Logq7	2340
14g66F5aEecV7U3neXAGebpChrUMyYFA71	2340
3QythUJku2jYTeiL6sf5Q3iDas5Z2oyxiv	2340
1JYvu2AzcP4tPcNcsq6uh5Gd9UNWSQVtfy	2340
bc1q74970gyf6ewrrgqhgzrafva70a05c2n7rq04r9	2340
bc1qn9zc6n0sdmhu5x50tqxjdrt23jsck4ehvcvpzu	2340
bc1qduxvtvxuhylzpkgag6wtv4f5cmmpqcm624aanxkeqkkmzqe97rpqkvk4r0	2340
17XiEYZJkRhFV6MEK49knbtsRGATj1Zxij	2340
3H7t5YXZUX8Mi5Wr5zAZvqErPTHKDAFDZT	2340
bc1qsp05hk2d566d2nqcgej98rpsfptlvlavdpkd40	2340
3371F6Dm64BK1vhJAjCUHqiSXtCZHzEfxX	2340
1Feat6KdvHbyQBdjmd9zizQNdiXFHkyuPu	2340
bc1q52a58d9s3qp9rcw2nrpgal3myqkf8zmwu07ntr	2340
1MTCsVL5bKcm7B3ErvpPunjdvcfzvzFa9E	2340
1Q1baJL5guna1SnQMV4TerZb8pfQVDmr8b	2340
3MoEW1xC6HP68LAVNXSN4K3WCD1oaQtBby	2340
1DZFNTmfber6b1y5YxYYLXnrzhAkCh7q1Q	2340
1AvLw7doiY19jiSFUzhYQ3zexV3wtwzbnW	2340
1QRA6dctAi99R6Vr8aMzhpuUhfv1RvBfd	2340
bc1qsr6ptwguteuv53nnzg03yshtya97mamuk5j82a	2340
bc1qvn3p02ylgxz0cta9f7asf28mhwzmd0yyz35ed6	2340
1E6MnHmPhaTPEuF4LLMk3234zqARvXqorY	2340
134JtMccp8XvpfsjkeL7QcW8sGMoea26yt	2340
1D4uFmT7pZ64cfiy5aWGzVPhXbVEaXffRA	2340
1FhMZKgfaEhGjtahGPE1M8sAfT7PnuxKJM	2340
bc1q4xpy4n0u095nq426uqfnsezj67jmtfj99rp6q3	2340
bc1que4xl6g2sv5zg03rzm38sa2gsl7g6e9nv4d5ar	2340
1KLoPRh8uuX3RDg8MJ7abVbPhjqLJv9nAB	2340
1EdYrQExgpZFyKdQRwrCW7iXWzxV5sotbf	2340
3EmRzEXtXGWXVcjXqbNF24XV85uQMY7REt	2340
1KdAjssNVX5pLN2Zx7CMHP6HxCpJDQYref	2340
13k2uNyDdFNKrNrG1v7iLaVBbSGfYxA9vF	2340
1K6buKC86BgiBuy37CULnd9PmANNAgxy7X	2340
176D1v8TaYcV5vEEfgzRzHW1TXnkut5eFw	2340
16VnfqtZwaf23gYLjyA47xp85CRtzFV4zn	2340
bc1q75yzutaee38a73ja37dg2gzxynz9l0fymupe6s	2340
bc1qt6kwgp8nwsvl4whp0lznqgq8t9cec557vhtdys	2340
1FB5CWFTUyU6UUs1izfLXyqikjQe6nk6CC	2340
1BXDm2i4Ut82zJC9zq1DnbXGkkfa8iKeZf	2340
1CCwzTCiPwhbA2vaMJKZQsLyRiJqzjYTM7	2340
3AKPuWec15ECZwAdm4JxurbXuDfNcWSTzJ	2340
169CVXFLCVVghe6RFnM7amCp5r8HdPahpK	2340
1B4KqwrSrZzKAZGQ7vyTPK8xGeH7kzJJ8F	2340
1Mz55MEKAjweFu4qMoh6hYfKqrMVBaccoN	2340
12oJqWRaTKe2AR8CHYsnMbwzQAUJFabtSo	2340
17wHVx7EeuvWeukxexX7jkvAVyZhnokmtV	2340
1D5b91QtuwDgUyuYhtdwL3zugLAsSD8fek	2340
1CjR3eekQWEoyZPpvRLV4YvNxfuX2zx5Hq	2340
bc1q6x58y4mjlrf0nhhhgezqck4um9zdhx58362mug	2340
13mp4negTYdXnu4PCzbUt3rWQ9AbU4Efqr	2340
1KmztCBMRDCSJctx9EDsRgw78C15ZScRTH	2340
1BKZU6hBhzqBFdBCamf6TPhmpbr24BKUeD	2340
1Gxhz1kH1DkwUbASKTVWLMd6KUUkdum8eB	2340
1Dq1dQy7f72QdNxDXXJAua7V6TyLynHWFo	2340
3F8FBuwx6PgKRGFGV4RXSr1Ej1CiDq9Twk	2340
14LU6SzaAuqhF5RxmfRf27DsNociN2mkXh	2340
bc1qkqlmele2vdsdtws2uqd3zwcq5du82l09uhdz98	2340
1JToztTLYVN2CGmFD4XHK2CGQt1M8w2BMC	2340
bc1qwla00tx0exm6rmrx2xeczls8dkw966ad38v3z9	2340
18JNQzSKspon4gMtVXZu76hTvAHSSXRhQL	2340
1EmRYnQPE2Ngwrnk5ZqZzvJ9QZhsvj8xmB	2340
38GEvZ9aKdNuwi4EZdvYFgrrjQzpG5bKH8	2340
bc1qcdzdf82ca9hvkargj9hmc9xw37w2t5cnmu38s2	2340
1KyZy6LwziN9t6SbhKwHh6HNCk7cDrZQjT	2340
31uDNDTVnZJVsP1pcX9wnCrCQCdzy3vjNf	2340
bc1qpqj2pch5kjf5v7xvx0hvqw49sah5j2w9fef0gm	2340
1LD1C6NGooNu88oUJ2VxouTe7SFTLt6r63	2340
bc1qrlay9cze3prfwzc5q8wvzqzfnng0f224lylg0w	2340
18oM5KKAy9rQm82VnpJzt21QrDvKpRgcLb	2340
1Jq86SUCgYmCWg3SDtfab1LNGnk71mAbV1	2340
123nzaSoHpDvrsitU6gTZFsA84j7MxmrAS	2340
1Kv5YFP66uJh4sLVK89WiiDt452Y2uu7qd	2340
1y4AhDAEsTEL4xnAx1j4GvEp5ix1zAuPx	2340
1Mo6sQAWCLMWjy4RTLuXtwSq9gd1qari5M	2340
bc1q58rmjyh0hsee73c4y0adtcyaj94jt9x447spns	2340
bc1q35h749ysjkq8dcxnnfpn29dql7u4cqc9uclsw6	2340
1762Y6XFXYaTftjHbL6q2yE2WqM9yvjWMT	2340
17gFWepaxz9SozBibGnJSPPhueYn9gwrjY	2340
1Pup2mAgBQxnciN2t3Mcpz1gRxTT5fC8pH	2340
3Q3MjirpPVugj14uxMRv1Uxe2u9pysvNt2	2340
3Q3C9xx2GpgWZMtBCUnjNrBqNDCgF8VJAG	2340
12hskS14haJbgyuyhs9n86rmB3oxyW17Hq	2340
1CbbpjPKcagKTyRto7y8QsNb2VthCTPXM	2340
1F5CGUW58jhrs9uqFJVPrDCKYiTs2Y1CPN	2340
193FeTTbBv3PXdboJez49L8bex7aJt7eFH	2340
bc1q75cnzpxyzn7jx7jnlhd66tkk3j8uvm25mezwes	2340
bc1qc3sq9u7pflmsjj3qxah023lz5tdqv42m3m3vsz	2340
3R16NY47SfXjGBhJ4uSZrM5jkhZqT5kZ1D	2340
bc1qhwjdepavs4qr6ajwjalns4pn4l3e6wdcaja7cv	2340
bc1q4h0hz6zd2v49j7gvtc674e7k34nvp2gs0fat4u	2340
14wTHJZDZ2Z7GTJTamrpbCizqxhpQfb23A	2340
16tgYts9isftTueKeZs2655NRDF9i3Rg3p	2340
16zGKtazGAEdASfvVoAk7koxpZ4PSktXT4	2340
1KtNdR62WGGivSGa9xsvrSR8nWuJ3uzHUT	2340
1872in2xxNFaLyVKBbvx7m9pNg8eLtdyxB	2340
1xfFxEfgaNyk8RvAJdwdd5T8MUX3Ns2KE	2340
12jh1ZFYH6RE8jcDrzKcrsZcv7Jh7knYZ1	2340
1MUEUH69Rz89bihHWgXVrVvBvC9sJ4STmU	2340
bc1qndljyyfl7s5h8707px33mu6zrp8rh76vf8k6z0n8wh8fp9lwqnuqx7ef5d	2340
1Pwqw82yhULWpvxJ3iRX5ELCHWcWWiTWb5	2340
1AtQRLPZ1YH3vUybyQzVTAeSiYCo67uEPY	2340
1K7Ffmm41WpXCXPEZ8WzhrkBcXj6YBA1rH	2340
1EvMNQ1P4WsLCFRkQ4bxchN8SgSsdhqfpk	2340
1DsvUZtApnu1wuz91ZQS8pNaExjhRkhAqD	2340
1NjJqHrEV3vwAAHwh55KH9V6ic2oTofyFr	2340
bc1qs83wnqj07zkfjrqq0l3f25lnkvhfkzyk804fsg	2340
14GeZPJQ2fQc4g4L8wh9oSbiA8ZxFbTgxB	2340
13Qnwv9vvidatmYhMD6Am8owN8wdWumriV	2340
17N3QeiE1eyuCJLP4iFqPEfrVGW9dWfebt	2340
34SDXCHS2S26dSxUWPHx4LaShGW49vj9kZ	2340
1Q9LLUcazPxosCZiMsrTsUkLJNCSSJF5z8	2340
1BhggjHFh1DBpGJHuxkh2MjboSD1VqAuB6	2340
17HUtrCzn8FXFLubhSBYfkqfUdQv2QuQPk	2340
1GQCcg2LXp5H1VvocNkxsSgYXArH9kyJip	2340
1GgFNXSYpXsDGzUq2pS933iLHbWLkgirqw	2340
bc1qh3aucyju7cf8qyfwla2rka5ydmqdf5nxxd2vml	2340
19AnufG8PCLM6jp4WjtKhEViJ64sVT6LvG	2340
14MiFtxbici6LDjiHpk5ciT13mrQaAfeNi	2340
1Po9H14C4xXvDcY7LF7Jvf9rihs4iLbjtH	2340
1E5qdZSMqABSEeHxzESXoduHZ5ARieypX7	2340
bc1qrwxhfysqrmkd50juc0rdd0c8v7weu0xqejfa27	2340
1FAWVjhS5gWUu5Mu5cta5TAiNkDua7bn1A	2340
bc1qd6zk4vr9ru0zljxyrmuu0ts42hmy80lj57qedx	2340
14LoxKf2eJGrG21U2FWSay1VGq4UPqHef8	2340
1Pe5qCZNzfQJwMi7e4JuPEuTqjHQcRE4bw	2340
1LqfGrcJmyHpHVxwvoJRGqokYRuxKchNwu	2340
bc1qev87dzprvj5elxm3u6p8j8k7029e7mj9fjasx8	2340
1CJ3ETeFnKq4bUGYAd2667TwQUhzN19sKy	2340
bc1q4s725fsyz57f4u03qzhta77keaxk5a056d0ps0	2340
18HR1EKpJLstac28LWzxFD6UdKygW6oZzn	2340
19WXscXRsQLM2eQbrcZchJsvVwu5wbuxLh	2340
15cZd6P5VyaS2U2D3SdHYVn97NE3TvLCDn	2340
1L5Wmijttv1rGxB3RsV9Rr7srvYsegYZHb	2340
bc1q8zdfc9cau2fg4xd4xel3gt5dst78a79h5dmpsl	2340
1EbKjCThASH1oG5yfT5o8DkmDAvifoWjDh	2340
bc1qsjqh4m7thy7l6lu6pxhtfhpclnuuaqmgxnd239	2340
1XByN7ivoqSk55Fh7uSKZHtr9gXDMvZaG	2340
bc1qdgda5xq9y8s2ex5r46eswr5cadqcch0e7vw4j6	2340
bc1qu9g595gq37qvh2vau50q8d8r02rdmjrl02ksu7mjg85gn2sf5uuskhzrcz	2340
19ANHszG2ufQ4NttMdWpmMaCWWA2x5QjiW	2340
bc1qak9zglwhfjte6qw3gw5vqshzcxagvgjpxwt30m	2340
17uLDUssdaqaDXWCKFRjW26xzX9gHiFiaM	2340
1CRfJXnFhM285QzPYKisquv6MdtW4yp8BF	2340
17esf52ARQE6idBG6MRLbapHqXBf9fnsPQ	2340
16eLeCfEKBCVXhuKYfWCHwZNwF4X8NtxNV	2340
1AvknjKfQ4mvciLjBVpqv1dL7Av4xFzA86	2340
12JZgTt9yqnep5VyaY497R1iJzP2jKAEx7	2340
1DgXye48Vt3SNSr7qLuZEGdGs8Sjw54x2r	2340
1HWt7G29ZZzprbT3vxgzrWxsXhm2unhuAa	2340
1LFtUpcu99x5Ea33zuY89XnnttbTmPnUBP	2340
3Puv43KRW2BsYj5j3SGHTu76W2iTCNje1i	2340
17vGfGpwVfUxXmBz22gw33M6sbLYc5BDKF	2340
1Bf8eeyE92xC847PF3YVEo2MWGjJ8J62Kg	2340
1BcnxM5o4nx8gj3j18EbpXqRMZeWdZkXP6	2340
148b1hWe1o8kEPaW1Xp7mHm7kpgbhMrW1W	2340
bc1q5smnuq6qjfcff9fmy5emeqxpf3qy9j0auppaga	2340
1BXDAnkDBfrWzYUwyMoNYUpAm9JqCBxrQn	2340
bc1qsg43xqkasmjahq0l5hudwfmulacv4tnlj77gt5	2340
18s9xESCz4WHakg6MULvgW8hCTvEtWSEjm	2340
bc1q6nhn8ygau7xetr460rdncxy9yp4uh46984dcv9	2340
1Pqg7Z8wYszBnXKRErdq5HaVFbh55miEtQ	2340
1MzbJKypH4D8UM7yQJQ5Wa5R16JKp5Pme4	2340
bc1qwnu5dfgty69sn5wzrnfck83k2fd5wpmd245qsq	2340
bc1qte0fu2esnpajnlfz6m56wjwlvsuncd7vprs6ke	2340
1un2tb8gP4UrBqNVqb7DBknTWzVJtEHyN	2340
1DN1Y7v3aVkygeY7kghoPgRuM1tGiCqRVe	2340
bc1qm43u80spyvt8tdwaclhxgwy9ukhna8d5ns3h0d	2340
1MqTV3tqEiMUFMBipwXfFoo1BBhnL3N8zk	2340
17r9k45kF2eH3ayEWsxPRHZ9JXFnkEBk85	2340
bc1q3clze2lam86q49fwcxfg7tcm67wn3e797y3e2g	2340
3Hqz5PhPBEHXJeQugYynhS3UmPfUVeeWCf	2340
1PfyccjVRy6gn6mB8BV7LfQQmrjYzLcE3S	2340
1FMfpgqkdd3Dx1Pj7wUYMYqVkfpSjMXn2s	2340
1M1RRE61pakaYqv3dSyasuFYGAsgMjLm4k	2340
1ACTPMaZ5cNQTGHNj1XgngvMxEFppPysSe	2340
1KpqzXwQvuDQftQgZMKN15CTb8tDArVrGh	2340
3QuPnbEbPJn6DEtqQo1FfZtGa2peWsPcSM	2340
1KL4g5kvV1hgC1jPBKJ2HeZr8jgTzLLqaE	2340
bc1q4lvd38e2vjfjv2ws42jpatpud8hse3yn44s2c0	2340
bc1q7au2hys2klfvmfzzc0cxdgc4gevxmmp3yqssqg	2340
1J5TnYhrkVDpe4v9HCyY7pjfqro7bLCWk1	2340
bc1qw79ej2k4jy783kx95xj7wmjkaks05rx7j8zlr7	2340
bc1q7dd26r0rfcdncxdchfmppu7j43ahlwwqwgwdqd	2340
17MGK9YjKfb58ehPHnyiSJavGcytF6f5og	2340
3P6hwieqGchaLkaY9uodsrT7QV81o18jPw	2340
m-e95aac310c0546a4a82db715651252dd	2340
bc1q2npjvuntl6cy5ry7pchwaxx2lua0md52j9kdfv	2340
1BkoNtK31BfpFV7PtJc4KQcKuXmbTHKN8y	2340
1DDuarnKEC2B5KDYiA1fYedK9DQY3fcWbZ	2340
bc1q2ft5njjfyeh4s7u6ymtp5sht3j6cur8fze9yw4	2340
bc1qyggquhlx0338dxstmze76yxunuuug0sk3r273y	2340
1JJG9EuGL7DFPJyBX6F5hnVEtTfGisV6Cp	2340
16RvxiS8KhDax2sF2vSxus7Uz4z2i4n2X5	2340
1G4Q76Ue7zPhBrw2svUgeiPkzu3HVz7Wan	2340
bc1qlzwrlsnp3cjgesw5zr6ds4ewn55wu5hhr59hfa	2340
1MWzbzFKnY3JqubdseWccqybyQ9p9bBtCM	2340
18Q2wW9ZHAzKWFTq9XTCt1TSYUfcXoCNe3	2340
177jvJbU9L6o2rMn9u3sofhUirALcP11uF	2340
3MohkKno2fnBrE5GCVh2mQBVZ1JATxhKrD	2340
3FdduQzvMTQGEjxzvrDRAHBXhcBNXrnJEv	2340
1K5rbALWY6RjPy3zpTWH84cToGVwdiwivp	2340
185nit15PpLzjLy6iSPuvvrWGMknPfj62t	2340
38zLugX5QsKFBCXxVybURoCd6NCyxzfUe3	2340
1LVouj3mxgzDKjrhv7JyZVFsydxoesczNb	2340
bc1qmh4rr6trql90s95zd7dzm7u3upaeen63w7784h	2340
bc1qr6lpw42ysykmqrwqq02w24e2xxj94d8cc6su77	2340
bc1q6jrtr73urvxuyrwqu4a7rg2d5hf4lqjzzkqg3z	2340
bc1qq2fswm6vy85q2lrmtlunfq4eywa9c4jeyknkyq	2340
1GCUxwuG6GT12E9Lzi56BsD3m8Sm234gkD	2340
12XCFCup2bMQB48tUpFg1RyK7HeaxPcNVA	2340
1KEeXR1oy6RAgoAdqdnvwhMPGbwyZiXX8L	2340
1Cq8XSLN5mB78tVgUVk2NkkMFgtaBtvnHC	2340
bc1qg3wthqjcszs0lcw33k0d5quqxj7jdkj3kyg7s3	2340
1Cp8HZVQpT9zfu4V1HJNrfqDTUGJ2ZxwUc	2340
13urJEaHvbw55SPgXnBpdL51xwkUoEkZui	2340
1NDogPKRghgxpzgSqgQHwC4kEBT5z2AZbW	2340
1L47oTLcS6gn1vXAtQR6D8tQiPnH8ZGcSU	2340
bc1qwrcjtu0z2lhf85f0cv8ej2ewamg0u0sxzmdey4	2340
19ieRRXVVVGSqpePDiCPgQte39juBVHy2s	2340
1Cnh9HKXPqdVnx2H3JhZwyQjSaCFxd5fhE	2340
3PFBAsZFVDJUrvUraBrF54ZR8r4QHgMSCM	2340
1M5RNWwFxrkrYKMupKGbfmdQ2kBiDZe6Mb	2340
1CUNcHbDbXtwKKntkBY2d6YWHvfqjXQuU	2340
bc1qq0gdq07fnshpswteay8davfax92yfe74puap40	2340
13168YjXzBrs44KFqre1tkETpDhrwQSCoF	2340
12STAmPU95p9XUymkQuYXqpoRBt9daFKGF	2340
1ApXp3fzyQV3shyRX956Ry2DjCrpF2yzXm	2340
3HSHzvuDRP8WcaRzATPu4jqdK4PvjMvoq5	2340
bc1qztt8w2aq9yty6kjn5j3x4tt5fd677xva775ncq	2340
3NRjDf3FWJyxcsgVxdmGgPbDACASPXwdRn	2340
12H5hDKRg3HqDkkH31ewy6XQtvWzyWMcoH	2340
bc1qdtpxun099yhsxlzm0t5hk3my66yr7stwlev9ea	2340
1EdcEeoErqo8AgAt4wB6Pod4BchSrm1B3e	2340
3QFLNBM4iye8mBc5KjF6g9Lz9w1eBP5Pxq	2340
bc1q4p8pu5yzqmm4y5xvfx9m8650f6q4chcajru63p	2340
3L8pcNthqRuMvcaqFhfGK85TTUR9vEeNWB	2340
1FvmVFTvfYHUpJGUc46FoWjAYbuxTDijpx	2340
1LHCYTVybcjAQCrYTcU94qckzjx5KEzi97	2340
1HtgnX74Sjq5GBhcGuCphASBMiJxQM8Umv	2340
1CnKPP5UdkwTuiZrq56TE8YCz16sKRiQN3	2340
bc1q42nxgyu28mp0p3frqc46dfrhd3sfgw3qgymgkj	2340
19pz1xnP6ZStqSSzkbBVvPMNCwhUncyT33	2340
3LGbaDxakvzje5Bw2JdMgqyf2AoZBYcdaj	2340
bc1qly7tm9pw4v2jadk78rxjjcxqfa6jua6qsmm40t	2340
12Pd1zBbZnXkp1cMKdX5Uhwmwg9xfKF1di	2340
1KcCL4pCj7aYbvDoPnWerUe1PswZAmPiLV	2340
1DhMXZNWNaVW2KuUnMxWT9W19gtf1HnbMw	2340
1LddowU2NhZJp4S8uYS2kYMU77FZd4F43t	2340
bc1qktr8wgh8cnas2l87tgruez5jx7lh9uxvaptczh	2340
14giYF5HRW1hKFbyMBrttLfatMbJjhps9y	2340
3CdN5351yPooUCovYg4CSUaZ6pQBJRcqoC	2340
1GQtkHTsgk3XtRLF1BHjsqbtnJvBMxqrVb	2340
bc1qxlyy5zfx48wp5vzw4q4793q0hund9sqfmy5dz9	2340
bc1q0laez5u3l7s09tqnnkd2283jvjwkln6qwr0r5f	2340
bc1qe7mf3eec5s5m43e5gng0sjaqfll4a3m2xdkujk	2340
bc1qducwmvndws7yr728thm3q94quwnkdqs36xse8a	2340
1BhPNWysJdAp9qa6eP8d2vn3VAWusPHUFm	2340
16DnzxzfQyTByQFn6owiE8TNUSYVspKMS1	2340
1EDeTwT29RbJyeq4SoENMfvMMTV38UKjTR	2340
1Hdd5AoyHPtHMKwLksQQKZhX3f8cfnpmdA	2340
1B7bUMbJ4ZABvKN17z5sohPfdrCcFKUx1S	2340
1CAukXawUhYK62f7YX8avKyjKnjisQCJZr	2340
1FNb7NNDR8es9hTH4KCdyrg4GbvyVZjoB9	2340
1ESnX8rezz7e7FePom9e1CWxJn5kRVJAKt	2340
19QHYceyYhBYJffQvdCrNZ96oVBrvRnotY	2340
1Gmn49tPsFDyM2fKeiurFqZ2RiexJEHias	2340
16uTXx2F1kY7iRsg9hcmSfJj3qCvCj5XF8	2340
bc1qptuep0x20jws8q7jlltvnzytrzvp8x68fdf8sv	2340
1CK5MDVHf6xAbMyXrFr4YjAfMmkMcptCeA	2340
bc1qgsr8zfw7rfgt64eqh320aluhutqxvjhf234pez	2340
1NeqSYHniCnNz5eN7eb2zvimXmprNizhF4	2340
1CGQEhzqYefKoQCQUGJAtcwJahH1tHqQdf	2340
1FCZ7F4mBqHp5PViMfg9EXCCX4WcrXLKBu	2340
1ArwijxQzK52SMF2qpYahT85BJCf6Vi2AU	2340
19ToCM5F8e4VgqDhCeX7actUdT5J711KtK	2340
1FY4BuhvsNDrCkVzxZ2kneSJjUHwT6ayk3	2340
19WindoSnUjLMGeR8y6YEqi75e5eoX1qxX	2340
bc1qvzp5qn72gd385fel0df9flxh2lmaqvj9n6mys2	2340
16LR4VTWsq1DyRsWbEcgVJhzyrPPvssTHC	2340
bc1qyzmwe7sxnnrueqkch6d5hykkv8wq2crq2mm4ek	2340
1Pu7dephLifHCFg7FQVZGfVKEkrTUPiNTk	2340
bc1qy6z8ncmvft3zahct8d0r4cwzl7wtdh7e7q62g9	2340
3QPwPcsoKEwHKyr72v9s5ikzcVaV2eTEwo	2340
1De9FngfvqKQS6HFH3cNc9KxfP8r2QxEK6	2340
3MzcSZgbcPKjtRShD5UHeX3eAVZFvrf6tw	2340
1EKeyFydgpb7zJfVMjBWT5Rraomymp77k2	2340
3GbUAK9d4aKtafSTdg7uPzcHQZADu6VJnm	2340
1PjBoNvngoJjh6NCp6VELECvqV12wViDn1	2340
bc1qgvs2rwyfs982205xy5jegjczr4pu9jrrdz2cxk	2340
bc1qme5k6hhcmfe030pgf2m2l7nnl4gxc53py02ujzfpcyyn2ffcexjsm52fj9	2340
3615U1HZUU2KCQYXrFWpmmGVuNY29DS54T	2340
bc1q0qj4hh3hgmjg6fqrcz726gu475kua7w9d60cyt	2340
1MfkG3XjAJuipDoQfY4o53MjWs5VRHnxBu	2340
1NdRkRJg1AS4xCSbCtvrW9Jfnh5msygGWb	2340
1Lgs9MTvU6Yrnuji1ZaPkUJE9pJbfFSvie	2340
1GBodWa1hMoiDMYUP4HWfiEUj3YLvsQgNj	2340
1BiMj6QBgQKMvDySnfCaoL3Un2Sh54gN6M	2340
1FjqXsBxHx1BRzNEwyUTamZYvpXWhE346e	2340
1HzUbKyT7jP6HNRDVshTGRKbMhsG6dq8e3	2340
1GieDXD7ztLWsJHcpgbLWx8wDZZr23d49o	2340
bc1qpg0xv4zv0t6nuhwae4d45rhklkk3qlzn2wwmlj	2340
1HTuvHyLpj36DoxJyb86Uyn7PZ8AkmJhqq	2340
1DrCmoo72wpmbBmdw3Jajp3kWBoQ1AvJi1	2340
1Cd9boMYs1NLWss7XawEFHJjuLcTYqAqrV	2340
bc1q92e3wmlwljdqhr72gkdtz52zg5cutj3u5q9naq	2340
16SRE1QnFRzUmnKa3QGQTzx2qoBEUZuQox	2340
1H42QZuexH7AzD5VRpjLbDpsZT7VgkFhFg	2340
bc1qv43x8rsqcs75zneev29sh229d2v6tm35m0vamk	2340
1FosdsAWMdHg7ReztgJ1qm5MqAQZos68qw	2340
1FP9uFUdYLcsv727XQwDW3zXgL963Wiarv	2340
19crCQFyXnVa4bxbeoMUfFTqNQNLeDQBmG	2340
1SUn3omnxavbp94eNxPfsoYAr4fovwtYy	2340
bc1qxuvkhht97gj4e8xna3scw0khphxw5tqnv934pl	2340
19K4FXakd8u3XQhZSJyhYVa4USTzkaqE54	2340
18UhGB8VC6dvF3mZu5GzcA6xuNHd96vU7D	2340
bc1qz3955v9nqea4ykfghch0sh6z6j0ypflu438kdp	2340
1AZuReGP4Um5H7fMKM29otm2qVX3Ab25dw	2340
39HWXYuvFXoos6LAXrrkVw2cTBMrdV6oeT	2340
35fgiH64KGX1WLTBwZ5FeTDK45nokS7qiH	2340
bc1qkdlt42w6cnyxp5xa06r07ufp3udtavp57a4tus	2340
bc1qyxg9ee20d45c0w65pxuwaw38p9cvsvm496z0m72yru97vapxvnhsz807p6	2340
3Dd9hWhiRU5HvgYmJXCrcDEwCYwP49N34X	2340
15toZarvEG8Mfkaney1b8cfpooDncLsuSX	2340
38RNssLQuGyBCoQhuU7EbF7BqicGmM8DQv	2340
18WEVyRmu9PtFZXbGLaW9Ga8JRb7k7hLGD	2340
1K2aLXSd5pZamz97K8kfrPqbmZcEbC61Ab	2340
1KBTixvQY8dXgHWfF4gUzvH812k3xG4f7L	2340
18tCUu6WruAjzuxhcN13ZH5Uzwv4doZZJf	2340
1Goqe3g7MroSqdTDSsXfjpWPKjoB9ohZS9	2340
16Nwg5CEq6ZwxDsZbbhB9oCt3sctVUAQ1M	2340
1CMFZBLRPrVEkyUozu1nSjxoL9ghLnmggL	2340
16UufdbH1baVsbwpS12EkatQJZqcRv5Pu6	2340
1PfP7YTthABL3Q1CoaSAwiUGFS74Q2CN1D	2340
15DcGq4VxEkwEKhFjC2BfQse1VgmhvACaG	2340
3HjyvyWVtfdb9zU8btFS4p5drUdBcVixhf	2340
1CfAya5M5pfkNSqP8f6saJWPhDRELh4d11	2340
1Az3biLwPsK71Gs4zxmk9HAZ82uyFc9rtY	2340
m-5a8705375c6fcdadcbc2dfa75c4130df	2340
1EF8f3mYbgyS7cG4XYfRGpZPBA5wU9pk1B	2340
1Fhkduqy5pxpsrWY1c32MqQzKFPUUtL9hm	2340
1Pb9VktAbBzJ8EkVQoFNLGnJBVg92e7rJb	2340
19obAuoLhmnEUCpkhx2pxTLTQYvNKMFS9e	2340
bc1qknrqhzae56slqpyaahc4grq5j37uv2mzkzrf5y	2340
35MNUGYQr5mh5zdKRdWBauqYP5fv4tQuEd	2340
bc1qgmvmh9y2jm7ewea7u840r4f23g2cphpkg842rc	2340
16VHtgrQ5swsz8TnocqUJJN442XegfT6ec	2340
3NzxR4KG2NMqMuxbZH75Ph7fnA3sem8WK6	2340
bc1qczygplg84zexc2wwx7k7w7czqxdt8jl784ga0s	2340
1F5AN7oAyyuFBocehJufeSc9qxxLdAHQdk	2340
bc1qg5h2g435suuguumcm78075ycsrm9vavx6un7e6	2340
1AcZdfRJ3YC3PLyyMjoP8ucLMVHzZy17Yb	2340
14tXcySxFxy2Fa2FH7FPtt3fmPYEfGuVRe	2340
bc1qv5chda0sk4jh5znwgrqndswlvrraqzvk8vahnj	2340
bc1q5rqg0xqmpkmh2j6m02uz6qmn445d2l0t5fdry7	2340
bc1qhk7pem0ghcmvvayn6eqzheszt0uqvz6030kcpg	2340
bc1qfmeetyyys03k62qe7059e5m63ljyq3ua9f6m9w	2340
33L296544CDwicbqo5paJR9x55CKUZx99y	2340
125Dvw8BZynekGg9PwnZ8Qe7sauJyWfV1C	2340
3EW9bSp7AkG6AqangCdqdtCyYE7AbhLEJa	2340
bc1q0hxtp9uaardq9xraxz67plgcfe9ezk4jx47e85	2340
1C8MaSvqfasVWMaFr3NGzyAAM9G6kWcYW7	2340
1CDSgh8dii2xWg3Dt5eFssccEqxmzXv821	2340
1JQTJz4gPtQb5AEWsjrt5gVdqaDtJ2bTLr	2340
m-963a3ebea85872378d0a114a2ae1051f	2340
1HFnkoRt1XD1etshKSRARy9kYeiaXJv8Jj	2340
1Fn68JrYmSWnRDfcS6qduoGfDHum6g8ovV	2340
17i2bjxTr9niqfSW3yZXqmLoQHpVeXCoG1	2340
3HS88A9gJ6MCJrrQKatFpRsVzSRhBTfLak	2340
1FMJZs8KHrUFesAXUhDV4WP2G3aYVvue77	2340
19a22GDzyQW4qbHB9ifKZnHYRiCKorE7Lm	2340
bc1qwuu6h6tcqmrd77kshlgxht50dsns0s3662r7kxncxu632erd62pqywn68e	2340
15KMLpkF4ekR41tt7Ht6X4M8XF6wwJwdMz	2340
3C9fC6AQJha1NLXJDdDrpH1CFMNLjNWLSC	2340
39WeBsXnW3DtjatgsfSfP3cffiYF9bNhae	2340
1P1kzw953ooAH82F7XsG43qFpK1E5Gjjep	2340
1NCgLPTeVTMMARgpo2ZxZPY4V1T8kRMvft	2340
bc1qhvfpflmd0vkflts5hfuq5ssm0zzmks9qwr2ejj	2340
1XrQX5VnAiutg7f717ur9pzeDKuCyE8zv	2340
1CnqHtF3Xs9FMoXfJ5J3Tq9334A1uxrBLy	2340
15S3M29vVZ7Fi4cXk642fZsxLYMovjHCcT	2340
1NEx1Y6Zr272QAAiUGeuGGQLV97P3CqYoC	2340
1C8mWqB5HQByFdsHKYzoCzhrHmaa3UirZB	2340
12RwvFSbMNYbc6Z9YkEwXrs8LsY2ti3qTx	2340
3DhUi374gdsNDSkrf1XTSBHY2FuNm8LHh8	2340
143EiK6qm6JaPeCXYhGq1d4KU8UYtK6Ymy	2340
1F8wLrNuGsGpHJrJsnTbZD7aPwtYsMT6i6	2340
1GBnTXALPUFLXdoVPiTL4Lwaw51KQWkK8y	2340
1EFaayoxHZPWwkH3UFzZrjquPzUooV3WPq	2340
38DtxBi4PiFiRrRu7vH7bkbx6DkLmn7C9a	2340
332LCKhWBGwHksGgUg3SPpT47d2p8LmZ7r	2340
1HEBSgXSFA2Gz7bT1AzG1H2SnK2WEqFCwf	2340
1JKk5XgqKrMfnaQG8U52Qo7jnCw1XnArAy	2340
1A6XaPo3pvt3CuBuZ8UetmvFBw94CzCnwJ	2340
bc1p6eclgs3uacgsxtguu4f8w4tud2zs28zu4ahl9gfh6dnd8d3dlhwq886ajr	2340
16Q7PficmivFaRypwBzrQ4sP3nAQ8VRbm2	2340
1Pmhwca4SC1vFZqEzMbB4RUszMovmaB88y	2340
1AGbFzRkjaYYp81aKaXSCZBGnSYtRHdjmp	2340
bc1q0vs6elgqr5nvcfajwzcaxcff2g4m9lpnhxddfu	2340
1ETDpPoErwch4jHSFYeLERBtLopHFn2QK9	2340
17JZPJcX11BDFEDi68LS7W3U7im6ZER2JS	2340
1EoVPSGg6axwoYcLcqE77T9kQWuyvZWGnd	2340
bc1q7kv0wv0l8cmzspdxr494f60x7vvskvqxw806ew	2340
1KyCP8SnvFZD93ypJKpX7H2xtBpYitCXeN	2340
1GaSeRpX93c3MVnqZoTssSPKzNiWdtsSrp	2340
1G2DpkELRAehVVb4rX8QMKJ41cSMEJB8L2	2340
35jaa7uuF138jV864jeAr5iCZ7Nr2vK3vP	2340
1QBebYfqLV174hNpPT2gNyxCny5WNJZNvh	2340
bc1qdaqethkygnem7d80l90zwphrnc7jlu6ndh46yx	2340
1BWykRq3UmUYx7APLGxiRHyV7ShSodLGF4	2340
bc1q2vjackcjggqr5ltkxqszluyd3dryy57k2rd6ty	2340
1BpKaDrvvAMmCLkeAvQov3KS5UwkA1ncs9	2340
bc1qajhyh0hq3q3u09fcl3fxfclc83u9xlpqjgd94t	2340
bc1qjttc637hvejh3af00ymtul5cqv0qya67u8pkvm	2340
1PyMNUsgQX9umhhfdttyBRv4S6zioke32n	2340
1Nb2wpZM8E3k7kBD3FjAgUmpEVwqQbKFH8	2340
1NEB7ruMAKVh6MLXEXW2av8dzGAJZD1UG3	2340
1CEAsp7dEnSdGpBpfgkritWp73epi1P4Gk	2340
bc1qkyw0es9n53yj3xkeew3zn8uashwzzpjx0atu9a	2340
bc1q0r4aajrff6k3hq8yqsn8dgnnktzq93pyfacntt	2340
1PteCZVQBYapngYkfAfM3CUHdKovN8JybN	2340
1H839ZfsGzfznH99cHPqLMWHRDNwM9NuEy	2340
3ARJBnpwkocxkoT8AGFvKEzyx9mtYXGZUe	2340
17e96mTAjvXECHSsQSECH5wwtztX5WpDyW	2340
1F6f8ZgB4zzkmfbZjoRP5nzCGqYoXnAJRM	2340
1ADn7ZqTsEQL3kjZF5PvGkpGXYNYM4hu8U	2340
13s2m7RUKdLUyqu55sdXaX3Q86PzQwMAXL	2340
3JjrL6sdQ9yzQzxFD8ZNMzNSD2tnRk6j1k	2340
1AgdoRDLa7EiYWQpyxWzBVDp2M5Hj9Y6Sx	2340
bc1q5damjqx459kcvxmjrqnazmgp24x9jte67xl9ru	2340
1PWek8AhPpi8njz4M6RAXZLRfsRrDY773b	2340
1C854bXC1jcukgE8jiFpyRmYn4MU87Zukt	2340
12r3SRa7p6KPzzk6EGUgS31HtKxfQcU22Z	2340
19LtB4138sKCFQzrzkdgyRTgxe1YKPsJBj	2340
bc1qx24w2eygwvvsrwl8jcl72098j7mq9adn50tldp	2340
bc1q3lf0tfhfpplssrpsdnaktmunecrtecus2qgg6d	2340
bc1qw6mcc5zvkxx7du23mygmpstanmsumrpjsgdzjh	2340
1FLqaAvW2X6fT3hFgWyihvFs777cf8cE8f	2340
1QEuWf1pNy3gx3UCMi5Wbzkk3Yq3USpYYt	2340
12tTmqES88wDTrAg1HgLmqcGpkstjtWuCD	2340
1G3fvaDBx7euSQGmTqn6HLfJt6da29LEGA	2340
bc1qcq3w4gydw3s7ae8j2ll3djts73eykjfgsc5ry6	2340
1MGLk7QDjf3HJtQQ9dttxVcrAfHZxXbebB	2340
1HeUF7NeQPCraWrEaCSm8zicdX8fuMvnLH	2340
15uPumEFeeTxCoQssjsjFT6ipVsxWnektY	2340
18TJBkVdoTEvgi8UaLuJnWQ5CmvKMLuvTA	2340
1BpamNLUwptYD9XbCE5fKWJtwJffTZ78r7	2340
1MYRQHcBfLgsp3f64ZHp4ZJYSLQimEmVvE	2340
1PQPhEeEQc8K2aC4TZboyGHoo4bLNoiDwL	2340
19DKExi7NCzRdDdVMMvffBTL7HX2o7aL2T	2340
18KeGqXVKcxAF7kxSaaN2Xd9UDf9H8JmaK	2340
1KV6248Vm7af9ZMgeKEbSEvEEZ49aZnDkM	2340
1CS25JtZnSe73qA7Jniq5PUv5ukApYuPHj	2340
17QGuTq39cprHcxQJUTZSvjh18386dLBGg	2340
1G6t8ATakqqJrFVwMCNG7o4xFCRvTD17Dw	2340
1EHSYssGA8vD5hRyZkm71tcb25bz8FReLc	2340
18sbcA9F3cRDvNpMwgZrN5FcdeD4AgCrH9	2340
3LregLaPAm1umgxkETTWzHLZcrt3o5Eh6m	2340
bc1qyz3qm3fy8xpz4mw005xqk6q0z2tmhypzjfpayg	2340
18Vnjuxoan6ZUu3pmkbTXj3WwuursuPmhQ	2340
1DSRBbTCu3ZbjMhqpVkYVXhRETfKCczZdp	2340
1G4KSbcWJoJHqtJ4s6HJznqDJQbaDvmQLE	2340
188nc94Go2BzBwpV38hcdtUM64AoF9M8MT	2340
1KzqTg4DyDdyf5gqb2BfoRDC8wQqcjcmAp	2340
bc1q7qw9z0pnlydcqs7d80wn8rm4uyqrarzp6egwmz	2340
1NpzwsS1haYSwfoD9tGs5oWPxWnz3zZiqp	2340
bc1qrsxalevdw70ut25haumq4gkdfv55suzmstaxp3	2340
bc1qyn76348r5tlvj460rvzftg8fl9rqqt29vlc024	2340
1Gd2SZ1L92gu5jXAMnEetQgXy1BZDr9xos	2340
18QZLC57sS6yAtB8pdo3rHrTDtErQwcwtk	2340
3BL6zKpmczqqBCwJyoB9sCGFj7eoNuvhoj	2340
1PL9n2v9QhZn2eHDf9wc8DPA7tPvXi2M3V	2340
bc1qr8m3qvusk3tpsm7nsamlds72skjsuggxx0rr8n	2340
1LP1oRipSUkiy3Wq3zgzuPty7H7wVq9tpi	2340
1GBCzPK7zGz8B5cxk8xRz7BK7rQSEEKD6V	2340
1CQfj4wWRMuDaXv5XvYhcQN3HfLqWdMNpK	2340
13jXt4HbBUtVyWcbyntpW7ddn9pdCmKhzv	2340
1txpqD2kCp1HEAv9MiYRvx42X5KWKbwZb	2340
bc1qvvuxwmdsmu09p9mwsjdzj6jsrgvdv8qxzt9dp4	2340
3JqtVmfS22B3qBUy7KTyqWGZz5CR7MZQDL	2340
178ncurB3Nu4bXWLW1voPW11DN6fVQQ1Ma	2340
3E1YattV2qWCrywvDANJ3v4883ZeUjBSUG	2340
bc1qu92gf8yr8ttvaqnvupafsny0wckh6welgdy6u7	2340
bc1qrwzt6cswfdcuz9069smwak2k5a4p9jnnkarxwe	2340
1DL6kG4sMH87NCmEYhLXg7gTrkQpftaapC	2340
1Euhji4aXZ1vhfGRzzQNezP6R2T8t2Ctax	2340
s-d47bf7dd8d51884ba450574c9fc40455	2340
bc1qmmgm8ld9ca368r9jgetk0ejlp4u9t9m6nj8jvt	2340
14BD68BAeQ4o1814haM2z3KBfwyuC665Uk	2340
12Lxw6znWULxQjKzCvegKRAXJjThYiG2Do	2340
bc1qyrusrsz8zkyqhy226en8k07wu8rmkrguur9qsj	2340
1NrAHhnPicn58kNP2MQUgQ6n2QHgFJbt5A	2340
1MLo7iKUHh778QZ22CgttU3tQmiijyLfn6	2340
1BDtpCvCkno9V6dTCmuVjUEesH6gNxBQoZ	2340
16oLmc5baq2Z7LKwGxSK41P45AuYxnmK2T	2340
36LCvLqX2KSQ3uNqk6XejzCTLZqcrEVg9t	2340
bc1qwqlpfc97t6r9q8em7vernd9p4u9gaa9v7z3e68	2340
bc1qgtxegtftj8d0x76l0hcg938hxhegtm57uhpnxx	2340
bc1quap40dumu747r6lzhqts05aave8r7fmq50mwnc	2340
1JBj7ebgFzD1gyeGBwdeVSiLnH146ZdJJf	2340
16THYv2UTFe894e2JjtA5nSWnrNuDUoESt	2340
13piWy2rmJ9KmyZ1EhtjDDTLoH4QmU2bCh	2340
19sxDadnF8biFgwuQykFXXYBAgaa1VtDCF	2340
1Lpium1ZELXPcvX8gmP1WmRDA22yTQsadP	2340
12y4MPXNUZUiQR9VrxXAb6pxKmrHrN5fNk	2340
bc1qdhk8jtmgux2ux8vjqxx5xqyjzaxekd4rqqd9cn	2340
3EdovikdfjKrDH4WZUayTy5Le1suMEiw7a	2340
bc1qdwsdh80urs2287frq2pwtcm8ptsp2e4yhwvq8u	2340
bc1q203f4pzk66e0mm55r7ulydemmmj8pfvwgvkg6p	2340
bc1qfj54x9wg3lrj2uh0dk9duy5j3hlcctwausxrjk	2340
15AkVifATf8Bd2RJvqJafDktzhLuaeDF2q	2340
bc1qc6ex72efkdzcf3xay2gt6une96kt4vmk826duh	2340
1EDz7Wzajc7XmgUCNqEQXPK3dfzF7njAjS	2340
bc1pqg2pe8qlfr8ezmjeg0yn0egwu498wxsc9r547u0whcxh685tkghs5cwxk3	2340
3B9kswqGqU7xC1mReu8rkcVJ589ZX2ebXc	2340
3Cbu4KBLdak2Xgqvgww1Cv35JyMzXLm42f	2340
15PSJfo2D79u4Xoxqp7ayng4UBu3zT2MoG	2340
1MhTNvU9HJmfrTig6tKWd3LpiPWV5SwxEu	2340
bc1qv0c42ntplpc0spvdwlwu33ynecq64h7zhppv3d	2340
14fyBMhu1PwN2U8wagKsqyD7tKxnyAXbmn	2340
3KmntZKDemduN3FqsDBaRaa89KLyQCUQpH	2340
16tcxZgWfbN6zvenoy6qsj8tDEqMG1YAnT	2340
1MkmTwRZpqgpnECsjqVSLhPHAGG6osA2vP	2340
15kbFfP7fy3hdn5bzLVCfBFax7DbJvsgmo	2340
1PFXZVvUVb28i28a5D4acbTyKazNatwZdj	2340
1GHvoUQo3gzhECUy35Rqk1FE115M3iVUCp	2340
1TEujTSjBjB6CMNrNewwk3z8dtTNhBG9W	2340
1HiApa8GiDZWmceTe6WV5sBYXKYh1XqbiX	2340
1Jj81cyTrjai7esQgBppiG1MLtzSFcVJsh	2340
bc1qp9j70e5ac50djhv9030vjv0yr5flnmcayfc6vv	2340
19G6FPyMWApQgHgjgnSN4JJggAsUJX7G9m	2340
bc1qe2fjxld8wvtzkyxpkuj853q8skzpkau54yv4mp	2340
1GN1HLKTLMKL1LRcERw8TbhekM7p9nH6UR	2340
18NUDLJFyYvpCiE8NhLkfGzg1Zkr34vFfW	2340
1JgGNuESK8kQ6wwEYubCzPSppaKA8TpUhB	2340
bc1qn4t7ec2jxcm3wsm3qzccm2ydv2nvajmh96whvl	2340
bc1qq9ukc7cd8tf9t2hgxttzhv7t2dfewp7matezgg	2340
bc1qgcgjryvqse9z46z5ceaal3kr23ys454md7ewjh	2340
1KKazYSXxa4ffz9NgZoSkBGo6GyE3VqrZf	2340
1BqWEo6MC2WVT74AmRYW3WsNBBnbFWUDL3	2339
bc1qn2dqu6m2kenzn4c0zh2aatelchgml8xh2s0yrg	2339
1ErS74rdHQndfQ1RcxFk26MStkaScTgTAY	2339
bc1q7t734xptf0gtvkzzsh5tyyl46dmjw4gpw2mpfk	2339
1HsFE6H8DSDU5np8TghqC1G4Ai96N7HcCx	2339
1J4DkfzTeKdubHyTJg6py8nErm6dKqVz8Q	2339
1LhZ62bxvsnuF9RFQTgz9ht5fNYDjsvdAx	2339
bc1qk2c9hypst35p0eyxpqqxjcrfmzd695l7lyjuer	2339
bc1qy3e43y3gfhl730v3y8mefa5sdjey2hhnkyfxt8	2339
16VnaSZ4LztCAfa42Pp45escnkRGRcfFj7	2339
1EMtf5K9Xk3s2DLNkUbHQF9CG94zoxYLrS	2339
37KCL5XRaMCPRfyELyfRL9kFn7iNdT5gSt	2339
1KHmmeMT2vAgHfuhA2FdZgbLiEBeu4ghEz	2339
bc1q5z0pgnslvtma82tv6cn5zj24gqfvv0j30zdn5a	2339
bc1q0d6d7wgh0rrvpyx9ems0wffaqqwj878kqr4t4e	2339
3GVateQJghifySqqJALQEzif85uxJkYuQ2	2339
1Fo2TaXJRa1kUbj5ZLWWuZPBo6k645pb35	2339
1GFDa62veFyBkicyXsMtQqZahZgHfpuPbT	2339
bc1qcv302k0tylspv8zsdr78p2kxc082zeu74z8vde	2339
3KQomoiXxwv9b35FxyGZmcAYk4gAKD1j5i	2339
1N8zNwhpxbUwFYZr4f2aca7AgzmVUqgtoj	2339
3LtvPPJz4JFB2MDBSBV3ynqmCKd9FTbMvJ	2339
1Pq2zMR3d96PX44s7WhoKVqh6UtobGBXZF	2339
1L2nUBYwYf8s8Uo41ZSEkT75H8eoxCkZvm	2339
bc1q8chn47nt7v5pguaglgs399gfhkh29vyr2htytv	2339
1DUNQrZwKu2u4PG4SxnRHmydbK3pJoya4	2339
3CcLTxxGJRQQADNciaHaqPZFY9yDfm91rx	2339
bc1qc7vl7d8a0g8x20dxtnzke9qnrv3ddnxc3g8jjw	2339
1xEsZHTnfpMfL59Hby1hmcW2cbk1FXDSp	2339
bc1qtf5q0pk2js68pl85fdqc3utd9lyajr0knfye96	2339
17L8KYmj66Sj7d9GkXyKLa9oKgB3QW2VUo	2339
12LmHei7knTQraj58TX15NoogNNHBGpajY	2339
16uEzZhQxAqYbrSv4qwwPXD3BcfFxx1Fwm	2339
bc1qd7nm2c9zv7pmm5ty7kkdhf4d8cdccn5zmmdjpq	2339
1HC6C2UeEhQD1EbQvGk3oW3Tge3naYnoQ4	2339
32ZxAbsCDmfLC7EnrMafMRDH2vstepd1yx	2339
15P5y5aGoyPSxDhoQKuRBYdDp6HAVCgsKC	2339
1NbJnAeS1G8cnhhiLS49oGdowra877U115	2339
1JAkeW7KTWsUSBMkWQ1pcMJiZX9RHDn6zR	2339
bc1qklyarqpxv033dzfz46m5ugk9uk26rdhl57rcyy	2339
bc1q0j7gf8k9zumcs0ynm3839nemm9lqkp9y0edux7	2339
3QMt2H18PtWKKXNfLPeP2XvC5x7nyXJLEK	2339
1k1uhLoR8db89mV8xkQoN6MPyEQf6gYoT	2339
bc1qae0n8m4a98ugh3vuap8sjk22yaxm6w5h0s862k	2339
bc1qhaepyxjh58yccrysz8swm8hpcfvuuscvm08xu0	2339
bc1qxf28xd8erfn00gwzxacfr3d7pkm2hygp3a5e94	2339
1MJgfFt4ioKNuSVVTiK7it9QsYVieuuHxj	2339
15HggD96YENZWisL3akatJWS3KPHBYHD1D	2339
bc1qj73pznf8xmetu7q8qvkc0slymfdglqhf5aqxjk5xjgnnqle34fvslxxw4e	2339
1Lxp3njb4JsZ6fttXiVZdoVpTW5aGYU1nh	2339
1Pb3HvQNV8T6VH4oTh1tdAQ7ee7NsdnL7H	2339
bc1q2nalg7u92ppcvnazc5edjxea6pmy5hujwdy2dx	2339
1CjzLcBRQ7z78pb9jAfg2ViGbXxFuMVvUs	2339
bc1qdhzcpecmsu6sl2pks3g2ta40nvq83u35c69gk2	2339
bc1qhnkda93y3c46r828nc88gunf7gufnata3pkpmf	2339
172u5iFEUSQSSKhtajQf8qij3VzJPw2Xyt	2339
1RFrev28Ukj9Zw1aEFeeWWpwVThmEyVuh	2339
bc1qshmsysjmkjgux5zlvamtsam3gzyq890fdek0me	2339
bc1q7nn8xht0sw6tush2nzsyx5fa94lxpv39xykncn	2339
1JdkyreTQ8B3AuYCkjgRXEbuQuCbtEmmNJ	2339
16tU5jV4QYrhDWJxXrX672uTeSZjcf3wrq	2339
bc1qayv3dg6lpf4rs3kd24c0tyvaqrjyudpfzuluan	2339
bc1qw35lh03sfnxaxd04evyu5r8ur75ch0wcwa3409	2339
153phKEfGGP1BHHpxLai16Yw2B5vMhEBqu	2339
1H1dT4P3Twks3ZkZidBjEXNjMhJ9wp3aJn	2339
163e1kq5D36ppL2pBF3jJZkvDZQfYmgxUo	2339
bc1qvn3jz2jasjmsvmqdupatw8mctrjk8ugjpk6unj	2339
18wwhp2CvKs4YDMY2vKQ5PE6Wz8E1CCUFk	2339
bc1qm8mzwf3xrq8nj64wp3mpp94dg9730j9syg0lnv	2339
18Nv2oQgBsEYsghXw7Z4DXCKYS2JpnyroU	2339
bc1qyk48uzx6j877rr04nfmq6lx9z0jz6k4vwh866s	2339
1HNadnxBiV9CxFWrXgg7LeXNbVsDdppAw1	2339
1HRygrPYkdg4TmcZ6ERe6JSquwk9FMELWd	2339
1LbLdQ2ie62mmoMBaFGFUNbQG7ejaZu6XD	2339
1N8G1UeTjZHaoB7H5PF82to9E5ndVcwxyU	2339
16Y5aDwFtFaeTG43NdK2fg6Pbt5bxHxmp6	2339
179NmrpMm1bFkuS7Lmo5R7NjZxXtJ8AWSn	2339
1NBURFyZyVokEJD49emiQ7vz2mdZKLYuyK	2339
3GtN7q1gAFCWkstertEoqXUviNdvGiVQWa	2339
16uy8uw7yT4GCP6D1i5DiwWv3y9MDWS6BJ	2339
bc1qlm29t7rpkf3rs2l5l0m4ajunn3chseus7r3al5	2339
19NZ8PwXVtPiMR8bGJ2VrVp6fnRojmF95J	2339
37EyVbXxBoXJ5iaXPWHPxqQmQVvztqEWpM	2339
1BpF1qjJ2zZoEM5owTwqjmrYeA8ZJE4F2d	2339
bc1qypljn3zcrhmlhm4tegnkrvmvk4xamv6qvgkx2c	2339
15xN8JkLaX2NEiEsDdFVGmmUxnsfjmGfij	2339
1Bk93qjYDG36uCdfiGgFAu77gdUVeYSELU	2339
3JftEAofqAgYZ28BNmDjeeodksYK69JJRZ	2339
bc1qysg2nk4yr8jlyjr0wjdn67fumsdwfjp9mggy5h	2339
19hJhRSmkaeWbbay9uAHdjsmkd1KavjRFM	2339
bc1q0qhrkc5zzjgjjdm98a4tds0rq6er03y5h7kj2t	2339
bc1qmzelxdwzneyf0m06jfga7sl4mnvm00h6ggp83e	2339
1PvtW1ZQpgj5fz76tgx1X1wFN3FKcoNY1Z	2339
bc1qygj58l6gt8jt72rmf4l6p6k39cu4fpy9ramhmv	2339
bc1qfsf5uaxm2k5uw3026k8u684y8g7s2avgdq0p43	2339
1Ek3CDf9TkJ56DYpvhhYcEoL2UMwFs19Se	2339
bc1qtglcntqmu233679sx9h7g3hzrcaagzpyk7f0w9	2339
18zgzLz1A9WVUUaGgG9vMGzJg4resF9Y9C	2339
19xfEFcUVRPxiPpbSUpmMtVKxgbULQtvtd	2339
bc1q497jrr2je05m3f36jrqeflewgvykuut9d9ky6t	2339
18niuWCSuANnvzkkYeizXgCcnXgYoG1TEL	2339
1HbYSxH4fFwSfXRg73a91jsAbbT3ddUJVV	2339
bc1q3ts4363xjtwsysx9gvxad8az2jwxjlnnk3m7yd	2339
19nPHPct9VyqiQPCdJdakyYYjZQJDN58gG	2339
bc1qqzp0xdutse86e2nfvku32npdlwdvt6uc44gf3z	2339
12yzkQ1FBLAXAWF2ZJJB9XrYBdnMTDs2st	2339
1Q5F3KLJPBiMAXB3jadrZxfwGHxaTpgEQ5	2339
1BLFy1EkZuBRMMeB657NpGxGkUQdnUV4jM	2339
14EQKLpH4zki7m4bsMJudV6ZpNdmzwsC3M	2339
1MHCxHY6ATAkGVimSaxcBra4dKEPegdQHF	2339
1GEGnjxFEgoQsU8QBxSiW8fR4sXXaDG5tj	2339
1AFf5PEtYvAqTLn745Uih7AoJUEpdC1vjz	2339
1AJAwNQnmvWFccxokow2zffj6DYhSRuhnM	2339
bc1qmpmy3wj5m8spmnz2r5c9qtr3an9dzcr5h9swga	2339
1Jy8pWkyu1kf3S2ypH21E7xQcoUaTMY2qR	2339
bc1qexrvkxwvvn0atlp7nsvvyvx5n6p0l9e93907c8	2339
1MQx6kjUScigTUmE4tv4HJPuHAQKWs4xJe	2339
1JkvN7Wn9GMJZ8Z9FwpbrPJyRj5oLCCRZ1	2339
bc1qw6c2wdwwafd6vnjs56zn83eytqr0rddg98d03p	2339
bc1qjng9ngaav4nceeapmwn7w8qcm22k0euarl2252	2339
1LTaq3VWpyf9rVADEz4UCcQrtuk7bQWjj6	2339
12EURCNnhV8UiiYsRj2gyot8nXaLbMUwbw	2339
bc1ql4z2ya2pyhdvsdyceh25dvjmrn6xspuqfafuvr	2339
1EkqQ22AtqvM26Mww9LsAnVQAb8xih94it	2339
3DaTkdnMGEQznNRLEvzzxunA8qrZhUBgh9	2339
1JEZQ2Yn8yff25Ch8UHLzvmPzXZd7U2tNr	2339
1EJMQZhCSeXffXYDsDKEDEGN6tWDjsz8cy	2339
1CHEb9rQH4QLkMRvMVosAJF1iSXxdRfYTn	2339
1AoD43tCzouc79YXStrYYVwcFfkNyQ9Hqu	2339
bc1qlr6aulj2a5ydn0wmau5uxfp7gzhutrhyy2p0ul	2339
13559nKVzsN55mYYbBxskoCuGAb3yULaMh	2339
1AAcs3VvJZjXwou139KYPiw8RGku8zG5MR	2339
16JQbworxSFL8YGYjsoUBzDeABALR9rwgj	2339
19UViQwRetXybYrWqUaR2h5t6VZ3SUFCxk	2339
1MzGKVfc8TM9s5nyK5m47x4TUxzXXpk2Qo	2339
14AtJgWVhwzmtV8Mpwotf34YMu9KFk5Ss9	2339
bc1q5k6yexkyjdn5fse8gyw2zq8k03fshl5sfzw5fg	2339
1yyC4FLqe1XJUUvDHtomDCoEXsrTyAxo4	2339
1CnP6k8nNxixu2JqNuCDQvRGYnKLEbNRnR	2339
38xdssqna6cDhgSE1jUwH1xYmfCRGDqaRF	2339
19hqYTngktjB8kpbdhrKkaspugqDoqa1ng	2339
3BLsRSjr3RBUB9ETj8cvNPtZvBMLUgEVrS	2339
1KrET1DyzRZfazmAeVTwsFyh5Fixikec7i	2339
1MSkHtAmBCS9Qq9NGfRpRLkgAc4NdKyd6b	2339
bc1qls5grcvwna005tgn6nct3qusegsw2kyau3gml4	2339
1L7rsKnRtvB3S9jbHFzfrF5NFg8ALo64Z3	2339
bc1q9z55z6syrqwk8twk5jxrxm64guauafy8hgq0u3	2339
bc1qhdc2vk3tneajk8hrdq4rrka9he2ggq6xse46tm	2339
bc1qevz59xdhcuk40gfgvjqvgjup6vxn5akd85erk9	2339
33w9fiahKtVYmJpGk3q66Zi11bsRX5PCwb	2339
18mtwo1GTCGngZYhoSPw2LMEGaxDxdkZck	2339
bc1qg7lw38mft9zq36mddve4uu9llydvwsdqmpdaxy	2339
bc1qpckqg2gm09fmsreal5lwh5esxcgd2d2xfw2n8s	2339
1HH9pzq4dfHUVBxy5WfsXxHZAgG8yr7zmA	2339
12ZwB2ndSSBA47VaYaLq6ZvbgUz4zTNJQW	2339
1C9s2ygUNCMt5pfAHv4qjeD3HV59FbeMf3	2339
14AkwmMMrg55uGLc4mrpMp7q3mr1UCFE5A	2339
15furnZeXVmERn2yMDx85HLTjSCmVzE8bj	2339
1L2rvY5cuJ83CFzFFkxeejUq1dZ65y64DR	2339
bc1q5xvs9n68des9xpypduaa2lts8ahuxgtz8dcgzr	2339
1ENwhqv68h2tyep4PayhfZwNt5UWLzRvQB	2339
1DWb3ZTkH8j1pQvXPEUgtbkApXcBVhw1TP	2339
3PXdFxhVReHJu1S5pR327NXF5XXcLvsHYV	2339
115Xub2ANHopumvMqbq3JR29PvsDvgEHYT	2339
3K3KdUrzbi56WNUhTxo7zBZJr2Qi1DMCzt	2339
19PeQ8zLxwRtn1GU7M5umWNL7pNPzAY62y	2339
17VVwtNWhqFcqQ9Z1Ro8aa86ErZBxKyHdE	2339
bc1q77zgu0wcs0yzf95jcqx0qc3vzaavrug46n45mv	2339
bc1qn70jzdz6ex2zj0yyeyxegw8avsmmu9jggx3mtd	2339
3KXhBcfhhmLF9aKB5dMww1y8AKqr8UA7JX	2339
37nHJnr3vhj9zzUs855m2pg2bdycRps5eg	2339
19rLzf6zLLSZuWWXdxmxQj5tQzWTAEEpPS	2339
bc1qf6yy75lzmxt93wqg87lckxz8t7lh2d67e2kqdk	2339
bc1qyzv9jvseja0v5q4c3uq2w3kn707lrxr457a5rz	2339
bc1qheggz094pma08sjvezlk77u90umqs8lxupu8qm	2339
1NHkZhUQ1EB9mJt21N4qet15CHsq7xUzRN	2339
1Nk9VDusutTarr4XvxdyxsB1ap6Qa8XLrF	2339
bc1qh309ehze25pfdk9tvqtt5qlj6gth5zu2k8tjfk	2339
bc1qn9d4cx49qwagcg8ypjzw4073q6dwhfggwxuj3q	2339
1BnsTiDTatmcFc3DrS9azcz2R89qcYNFqP	2339
bc1qyfxu07wfc0aju9ahl7fkv0l8d33trvel0fhlac	2339
1KpBYxEYwmvza98dmhtNcQ98Zn5Vvy2SyH	2339
16cgNRhTTWz5dpVEBqpCfxdZL1zqAqksBD	2339
13TAFebkufVnnZ2nSF2ZaVxkWDU9tUfCad	2339
1N3RQokFRPx82SsM6k9rzsMreYoz3Th8d7	2339
bc1q2vm5dplwv9yshlrej7pecwds7qndsygelwhgwt	2339
bc1qy68j6tgpeu8hlrldqyn833ya96ms23s9u750lt	2339
3KNNnMWCK24m5jDN4qNavg7ZexL9orQ9Ld	2339
3FZhQYHKjGNwfNevkXoabVbyr75EbtiMPu	2339
1Q26ghMUtNmCQNLDoH4PuN9cNz6BHVUsLy	2339
bc1q3qec9gqgz85reysxftgwqvn6ak8nx82kjqfvy2	2339
35o228Kw4V52pcK25vBEre31YXXZmmY6HX	2339
bc1qdq85fmpeejxnvulrgwwkmq53w0t7wqe9kaft93	2339
1CjzJSw1iFgwmBe5RbSEq1fCPwcKQAktA5	2339
1Ak4Tmotej4iUvH91hLdB2UomsvqLqCbYq	2339
35RX3e8fbSJ5JgzWFsv9fjXrfnLPkJDLhF	2339
13Ao34DVbkRTWjGwM2gCNfkyy5oNKBPgjx	2339
bc1qdxzl8h4mqu6zzwhcsuv8v0uwhgd523qmen4k76	2339
1Krmi95JYX2W4JLTZDaXwYTntHPjtMtkLc	2339
1EY9jQDEb6ce5z78kWba8sozcgzDY75Lui	2339
bc1q4j28dk02jkwf4klfw3dwfhmcspkd0aj73rkxyl	2339
bc1qv7zkapl0m77vq7rk7v54r3xaj5m7l54vjau2gt	2339
bc1qmt9ufzxdz9rd6t80l7sjs9j5v6llc7zcah2yqv	2339
bc1qmj24dcselak7ntzj9xq8g229rqa5crm3ll3nl6	2339
1HLLpgwqwrRAX9bH1N7R6dVGqR2QHsYJ3T	2339
3E51tcyfWVUKm7bSeDFx7r1hU4StpaT7u2	2339
1VRhWGTHP4h2WwcXcFfU4s88iNhTQrVuK	2339
34e1ZjTxUaRXMhvfScgRMwKcsaJohWebiQ	2339
135f9qLp3gw1Y27d6hyMDf9WTCaGjUSedU	2339
15JHmvRK7L9UKjQZMrPhpC94v6XDHiftb4	2339
3G2MUyU9EqUgMZsukKpZMXaLjEHMkzL8nf	2339
1FENv9Sp3xG6nrs1CbUSr97DwTA74r6tDi	2339
1CkRciFxix6vJYQWp4DtF8F7snix76BLLW	2339
bc1qwfgv7zgy4adzw3u4ex48fkacekywfh3p2dkygn	2339
1JvrpfrkZt1Psi6Y71JSAzZSdERVJvRKjB	2339
1Ptu9FyKkkHSe8Rd23euZhcx4NhLi8q9CS	2339
1E8twi8Y7Nvs2uYddxC4majeUVJNUZzWat	2339
16zHqS7Pxn912yzkEEBbXFUCHf2wuzH1Cw	2339
14UCRrEsf1HG7X47txkzBM54kyjgjCotrL	2339
3FddDxM884rH2z4omcZ23JDd5ucJKrksDe	2339
3AfcFUfQYRnuH7CwSa6bEaipCULq78iNP1	2339
1JjhAcq8Db4Hni4AudXATAW5u6p2k1xDyo	2339
1EE32FTXuW4c7uK2XZFc9zGaT2iFZb7Zin	2339
bc1qh6pa8twyyej6yhr8yapzr6l9eu3qe0fvt7gpdc	2339
1NKxtJuoEev5DhiBKdFRwx5WuctPhaYru7	2339
bc1qju0pcamvr3kuusyxephn2hl4vqfhldl47vyatg	2339
1JqQyduVca1RY6VjdMjJ97KnoJw9xcfYL4	2339
34E2JHpQ4dcMrc77D6KnJErDhufiD3cCwo	2339
13A47XZ9uERNgJthN71SbFmozR8TQ9uXrz	2339
1Fn5Hh4J22dqDWRDp1qMinvjgzV9QBAsM1	2339
bc1qtvpcc0leyj3570wnweh8umhup0ja8lmnzhwzm5	2339
1Fdj3PGSJCpJTK61vfELFRaiX7AzWFqMxD	2339
1GV7JwkYoKHeXeKDsrir66bKwN6YxPWctt	2339
bc1qtc8hf9ggmhgcz5cmt7jkpm2u3ksu3sa578h7gv	2339
1Mf75mG99RxXSJhBenT4heWMnTeoz676Xh	2339
1EYSAxkELRMQy3HqLe2GTGKaTPiiQ74YcS	2339
17PXYwnNQnVD4X93Ms25THs6MMcKSk2sb5	2339
12TeSWMLVNc3Z3vMS8PhN5otXH9Y3oMfSR	2339
1NAKEKB44ANXFpEBkF62S5qRKgRtWudF9K	2339
1J5GXWCT4MPCVLKuE71jDFZxpQqmumGQXG	2339
1FLBurpN1YPvtEDvUjQMEY6NojnpVo9Ui5	2339
bc1q3w4kjpsesy33k3d4hl3dsj2d8j9pjssvyevn4f	2339
1ENYgmHriKpuXZ2pdGipff91odgjygnUYD	2339
1EyvyTjBP9KuVkzCkq8bUwYSpoA27DuGxc	2339
3GVA2gZnhHwmn4U1JD71eQNyi1XAKWHmHD	2339
3JtCadWr8hdvLgrcPt2YbKzpBexJXNLUVg	2339
bc1qvqdpx8ltuv44kmkqn9rqyhkjjhdq443877hehftkd998uf4s7lnq6040jc	2339
1427YmseQmqzbvEVS2nqETwg123J15hMBD	2339
1BB9Vgyg3sXLGfh5uxUnfuBDkwGx1oEWiR	2339
1NpaEMCHNYwyYoVRdgUCatqEygCvjkCJwv	2339
3Q64MbEAJ8oJy4GEtzmGUsGjcEjKzrtAu3	2339
1JZMFj16nh3QUZh3QVTfT5sCxrKpY5Fesx	2339
1GRvtnM7ZAQjzk7VLS7p1n6n7hfB9nVWP1	2339
bc1q8vr7drku8qgpknd4q63crnzpm62f77fw2zuh7j	2339
bc1qrdwd5dw2wyym63n9ymlvttfekn3fgjs9k3za98	2339
1DQFvJCRFYoc7SJAbgtnYNd27kBMKsLAmU	2339
39NirtzTCHne8xvSoDqync4sVYQz9kyEU9	2339
bc1qceux3njl4rufw9mr9kvq8z3e75nq4ajvg3wfay	2339
16mrWf8cSYJhmadFXZBXr62Zm9zZaWKsMQ	2339
bc1qz78lzmue5k89p9207tl0c08ux3lhvye7kdw2ea	2339
1J3YN4kVLS3Xvzccf6DQ7uaSyicYGnZ7gT	2339
bc1qqkpteg7tfw87q7gz4802medhaah9jsw3zl3raq	2339
18mHgDUpt3VGWb7D4aFKqXscUyGWJTwU6J	2339
1Fx8gnvGqb6p9T9SQd4hZsyVfscjeikhYX	2339
bc1qv9936qu86uenyhk78pnvgdd25j0r0ss5fq8hf3	2339
1AwKkYzNfeo6P1WnzBWiSBLR6vnd7x9PKr	2339
bc1qmfz8vtnkl7gr2s83s4v0e52t9lv7guez9kmkwv	2339
36kKaUGUyiuBtJmYzo9q7CzBhns12Wux54	2339
bc1qhtvgxjxzza7ufrh0f09hv4rmpyjsht0h7gfmrh	2339
3ArvaZzyRmyVATWFt85WXmCj3QAGiDwLuR	2339
bc1q6cznluhm9kx59d6frrpe52ysrcvsf47z2mxrsj	2339
1315fWTP8o6Cr95Z3zZdShoQ9wuD6fAh83	2339
1MbMXv5k4dcpbSEp5oYGKaKs3rdmuaAkpi	2339
bc1qxn0v4p3agufppy42gxgs2pf2eqr43e8vvnxw6n	2339
1PiLdhNYMiAsVq1EnFZEbHmBrAyuE6zGCB	2339
19JBz2TDseQAHbhxj4rN2QXWYCWZyQUxiY	2339
1HiVa4V1DAKUjYjhRh4FRE3fYkXSn2acFX	2339
1FLRyioedc5HF7cDVuGqeb1h479v5tSZuz	2339
bc1qtp3dmumj5gypdc2xjdmcchdare790w3p85y0ly	2339
1KhA3wWk7QJwmXLcVhX4xqaijNnM9ZKu6v	2339
19aYCvx7Mb2S4t7Df31581NAE4rXt6TqPh	2339
14TzYikNcpeuUHh6ZRNTFwxSBhYkW2grLa	2339
19jHYKeWPVDxSm7xCRwgyFkfwafRJ7QXHH	2339
bc1qcv6dk9rp7x3wp088s7gr9cayv8n5cddsw69ged	2339
bc1qkt0tw35hjyd6ctcqy6l6gj0sh89jk5qd3g0lek	2339
bc1qc9rudzmvkt2f3neyf8u7cfklw2gcjqngdjgk4q	2339
19uM84AcGGicnz7cGsPS58rHmadBi581Ck	2339
bc1qz6msnd4rtfu8zqrrz25xj8jjkt9mrfw2ypm2jq	2339
1DweY38Ywr3v1kAFL6NmMEgUnzSbzfsQKf	2339
3N1D61Deyfpetu2akumbU9cvNioN5tdF1v	2339
1Avw6g85zAWkv2yRJANegAv9SapssvQqno	2339
bc1qm7mze4an0rv5yjuuh5kadxj9qf79a9fwtpeckh	2339
14iiRspaqruQ3DkTyoYAos5CLgzB2825fN	2339
176GKzNEoGcqeiGANjMbr69HqKtmLGGwSc	2339
bc1q50wn8rp0hvfejzr8wwq87kr75573l0e7w9zr4c	2339
1CqY2whReqbDp7RS1y5UZv2VAR2uYjoKsR	2339
bc1q4dcphxf0applhe5pdxmn8nf5srp5z0vnd7uzs0	2339
1EzdVFCU7b1AC2pdg1u7z6knuT5c3P2JW9	2339
bc1qr8m383w20jr8tfdhs06vfy94aa85rsvcjqpc6g	2339
bc1qjcugsvph0czf6p0p48sz9gs739h3zknnnxk4nl	2339
18vT7uLvmb155WMS2thkyxYkWyPjgV7NiS	2339
1Q8vW7dnEqFSe5tB3QVDPtyEivhHbftfc4	2339
1MuYp8RDbMG2YgRfiDwcfrGtBku5Z9QqLU	2339
16zA6gPTGTWPpNRA8LwS6JKNT4fapL7D8p	2339
1G15D6Fva5j7gxn47AMKXzRWWy4Z2mLSDR	2339
39awJVbDGx1y89hFCb8ocMeJff2bgb3uV5	2339
1QCvQQYZtjcT7jZ9LEvvKiFM7jH6HXYfGX	2339
bc1qpw6xc4qqvk7kw3s53nr8lgm2xypgxc7q79u3z0	2339
bc1qa9x5e5n896nurt6cha08d7cx67ygk8w9ry92av	2339
1NoYuK5X7BepGSs9JWneY5ua3Gykn2Sbmv	2339
bc1q37p8y6c7p8qzy4d9smeumet44mg0jlcd7xx6qjapcsxj2pfc780sh2mhvd	2339
bc1qg2f2djr0ae6njmh6n860c3p3g3hmmu4q0gsa5e	2339
17jPbFkVSH2gQe8UgW4bB3UFLiujHa1Cay	2339
1B8TCGHTWmSyGKWjqU3cQNuyPQyBKZcDZv	2339
1x8Hv9eArj1X5qgeX37Ph6T2vGPukksVN	2339
18ru1L7y3GVhubeZT2nPoXjUDN4bc9bRRG	2339
1HH9Pa6v71A7ugKoaVR1TkVqRMUdiokdvB	2339
19Gn4QZuWCKtrqAUPozuny9Dn7VweYWT4c	2339
3KXWvNstFmjdTo1ALV6fR9jh4nWoKtN42z	2339
1A1vGoW19ZAnWSb9ZdMcEatsZM2R8GkuUE	2339
16ATMcbZSUHNUi6To93LeJYvw2D94MvAMG	2339
bc1qn8qxu6m9rpmexl3dlvcu4qy2py9v8srpcdykt3	2339
bc1q6nawquhvlvm93j5d5p5qaqxq0j9ns525c5cpaz	2339
38P5T9fKzhE5Q6qQToiuynM9Gq6qy2im1y	2339
19LRPnzq6WZTYqVuMBYpVgsrqHrwR5sCF9	2339
1JjKNg8FzxEZK2tLPpyGuWDer62FudJcim	2339
bc1qlensj3h6fcc50hqdhxunqgaru24f3wxmy8m4c2	2339
1AvMHzVfMX5C7tSER9ZEN8WBFiqFff9Mfv	2339
18xN524CHW7bJ33AobSDFkbPeLKHW6pfJA	2339
1MYGprcWW1uxRhstCqfhpuUaUdVRLpF1Bj	2339
18zrqapkSTu7osB1Sp94fLdWYGZeQHjNGB	2339
bc1qsg2ajec2fmw8am6d8amjx44n05nn3ua9nrhr4hlu740xle52ra6s5n2xvw	2339
bc1qfph5y005ltwh7lpz368rthdcu50ygep9gnvp5q	2339
39QL7af7u7L5KbK2YNJjH71q9rkqP6H8bo	2339
189HKVnyhKW4sjCNXDqGngcReTTPfb4W6g	2339
1E42isQSFbSvq31uvGRha6XcsQtrrjK5e2	2339
31qkjLeAzpMRUzg5dJKMG6G7xqjfiumtcU	2339
1KMy7LXRQL7n3PSGjSKFi7KqPPuutVKh9s	2339
183P9HfpD2Zhwb4CCyDGfw582iDpZQwL54	2339
1FiXjCb4SF1JZrB4KQmZf4RfBFkuzjVBih	2339
1NKuNh5m5AgGZ7jHfbXLZmxjw2wLjFCdua	2339
138kMKFS8YgDtwfGQu1PxDooaEbuECVBwp	2339
1NS7FFjYDo1oBgaHCp1cGHFsWznBria1gs	2339
bc1qzk3ss9xlran33jt6xl7aajlpttpw6tp7zgzrvn	2339
1CymyyFWqY6B5Tr2o79eSiVe2re63X7eBi	2339
121cY6EWrgojQVFFW6xFZAbkMfBWwqEo5D	2339
19MRj5fWNkYj9C8YWqbhf93iQMJYy4Eczp	2339
1LbqEFskjmZYed2631sX1mNTAuNU6edoeF	2339
1Q4EU3pLSbsggy2cNfNAoSZeEpMVp2DN45	2339
14YfShgb4j4ndMGf4r5Kif1k2AR9n9SqCX	2339
13DCuwY6gW7UDmPuwswnzMtrTfD4nTYQTy	2339
18fgRP49qpFxkNW2Bo6aXFQg4xU51wADiv	2339
bc1q2rpug9897yd55xq9tf0p76f3zrg75ufmdzww5r	2339
bc1qmwz7y8hfu6867gjyrq8m0js0ltt8jadn2r8kxg	2339
bc1qd4twegsdx6yty2qf6zeftamsalsv6373qj36mx	2339
bc1q494gs5sqe48usta3fwydq0y82d5337rad62plc	2339
1FDDUg5pRsgXhGm7TrZwwCRifREofZtBtV	2339
3QZowAvQPUBPFoWLKHqb8oLFiN4nmdq4UZ	2339
bc1qlwxrxmgtr0sx2tqrqxandrpafevnu8je93cgu6frr6u4l3rx9rqsgy53ug	2339
1A4eU7kWf8ffJ7ZGcY1nms2Rwbot1cMx5h	2339
bc1q26xusjgu5r7eq56d7thwryl3cg6hpvwzdg7jxn	2339
1Btb1nfjPGAyriHEPRfk7cyXfJWqAQivuP	2339
1Gqy4csatWreA7XLMZA9w1qqtz2b5g7DQJ	2339
18icVUofeypi1i738ENj9Xs5WmomgJomjw	2339
bc1qmuxdphskx3netj8hccft694yhve3yzlh03tfhq	2339
1PxVmrCc8sohfubb9asXyFSBwngXHdsJ8u	2339
1A2f6NZuWuBHwnGye6zMtmkKGpkCokH5u	2339
1FJeMXJZmruT6RCGpdJquxbDqCTEkB2DWx	2339
1P1tc5Y1hKVqEtLTBdyZexqccvB35PFKA9	2339
1ApRgXMxDQ53km7PZPko2fUzKuJ7b3Dzmy	2339
1EQHcP6yVEZKrKe4Pg3iJKP3XFVoLceDqe	2339
bc1q7spt0z7fqlq5d7qpx5zk9pett8lahnhcfxu85k	2339
1L7goYMFgg4CQUMoBDtCzwnCDhKm7j42Y4	2339
1CeJVvCurTxHJbnMUz87MRdqhh7qUTA4Tj	2339
1PFqSqcxhi3znWuJ7jfGV7SQ9c7hVEDwwc	2339
1BmuAPQpRqYkuR7GVuypRcxC9wHDYCnP5Z	2339
1PmXUYtCvtj95qZt9gYN7XnFxputMmimEA	2339
15CXUKVER4cYpPLdGMJbK4dh4qUiTqB5WH	2339
bc1q4wkpdz3qftj5329um7ca4l3nnp8d6fp9fdpd52	2339
bc1qz8vls4npwz0g2ng9d6w438d0aqcnzvu70wra4s	2339
1PfLJcP3ptoQ89tVTKdJioXszcjApXcVih	2339
1M4ksgYv4uUrJMTPaWt8wP6t3vubThkG9e	2339
3MqKKLPut5PN6bykj3bUw9ke9mgmZ2amQB	2339
1kdPewnAXJ3vFG2aQFiaTV38b1mDK5dQy	2339
14BYfAxL3zdFMTTKpWjLqBiJAmdeBHRk3h	2339
14rsy7fNr6coaPcgfHDyCPWh9woq56AZxp	2339
16TyaYpiKxS4N8EuE5VLn1qZ7ftFof8tUw	2339
1Gf9UhopwmX87efL22rCdAB6QW87dFuEfN	2339
bc1qznhf8jvcr5n75eauwszqyhxrtgm5chk8peqtca	2339
3QPQoBeCsbZugDrt5sFqNh43dw7D8phaae	2339
bc1qc00jszsumgnnge8h7jrv5w94nhr8qr84kj8yjf	2339
12xhvRqSCxHt2RNb5Ez2rSNQ3KZ5zkyGwy	2339
bc1q8wkqnegrx73lfsynrfwu0cy35gl3ums4mn9dst3hmn9mhrdgg8vsvzcud2	2339
bc1q2s0733mv0e7phytvhuxjcnufql9d0vwht7py5j	2339
1F2WyADFWVDYsWUHct5CfAYK9UAD6EW3dX	2339
bc1q2y7w0esnvtgagd8krten69qwl0esdg63sg42wy	2339
16KAFrBTsfw17THAR7qhVhYUKGpZEUosks	2339
1Bv2RvGGGd4VoHhFF5ztJf3wcEB14d7gcx	2339
3QnaRxaYootdDwUxHebaNNr4UfsZmaaUwV	2339
bc1qmdlxk3a4gkha5z9n6rw2mavnyy2z39rnnd7qw7	2339
18ixd4skLX8YTMEYtMRnATJ5d8Doofjra7	2339
1DFKy6J8BrGudYB8LUNyr1arUjbZnfSGY2	2339
1DguwHe3ky4nnNxGo6tJsJhtmD19cqog8N	2339
1H8BNdKdFfEdawsZ73PjNJ6M5XTUyjjyE7	2339
3HemhYXy7eB9TuK6F53AK9KkXcEeLtYdf9	2339
1KrTPRQshiQxKzZoxEnxs3mSRW8rWk93FM	2339
3LmY7y7a2su9JNENshWaghTgBvB1rNSZid	2339
14BKS6aT8nbemSpHzPPUwQcypkd7qnUHpB	2339
1AMvjFXL5tWRU3GzhhME5bNBbPUQ8hdPTQ	2339
bc1q99us5ppjjuj66d5a69fwlduhtqstlscxgjshl9	2339
bc1qnn57fdeer7yupdhe9jdc5qcafutj4fgn88h0ay	2339
32Lh6Fjy1HD5hTby4UTNn4hX24cYVFJqUz	2339
16oy5F94gbAvttZJQy1y9Nd1SsiyMwURXk	2339
bc1q6w5dvq2r9v2txz7qnaxa4ujm5yvdhr62lrkn5e	2339
1GfTg7wnt3h9G6iZTX6stJVJbTRTLkPuRH	2339
1CV2pSrTgGhCL9hjvg4np13a3Ffkw9LYxc	2339
bc1qn97mzmrwr67klf53lq4u8xc38ruhxahs7xz7zr	2339
bc1q8del9u48ds02za8yca89ns3puqwdls5g9kgsw7	2339
1FBdRXzSMeW82CdhewBK8iAaDWF9417HdB	2339
bc1qqjf4vu092kyueuhtkrcanh6gn9sagxdt0ha9xa	2339
3EdcZdXLEew8dQpNV2R4ZSkisbwRNk6RVS	2339
1Ei5X3N6c5Aq7vHdm8tU8PauJConTWmx7T	2339
13rkUiqzAu7b19BmsU3rbvFA5BxD8gL9fk	2339
1MdskFsZoqGksyjSR9ZdhmYZ9kzZgNN3bV	2339
1MnM32rKbrwaUF3Wa81v1TfBbkv4bt48Gp	2339
bc1q5w5876zgz2pf3h0l6cgt7xgmg2lslcun55xsjl	2339
1Q67iRoLYZTkkNrGrNBjUoLxyyAs3nfhV4	2339
1GGbBWt4iek8UxGvQUiUDH4jWdxouFVLPQ	2339
1JhnphvtCwNMjNP6vRjct6qWbqgZn2YLAR	2339
17xG8CarfuqYNSBz8DbPe4L41xQ7YJk1xz	2339
1Goaydbv3TqW35CAq9SUmW5TEPgekoT1bA	2339
1CkMdUkrHU1oLKmy125L7A59yZtwB8ksXs	2339
1Hwc4DPiwf2Lve2nTqswk5to1ijPqbZQsw	2339
32pj7f6AEVfuJF7M3d1mEtemh1B11icDYJ	2339
bc1qxnx6cm74h0ynuxqjh7sldj20z5f6u8m5a429r0	2339
bc1qmrk7m6fsp7nhdk7sgquvh3gg59v4vqjkqlcmws	2339
12z3U516g7PQzQeGWs1cREzymRFyb8KatH	2339
13oUtxqSYbSbrhx39zynnT8vwZeufsGnc4	2339
bc1qytjn02znxvfuwchfg2zxp3f70jpe6v6wa3wj4g	2339
18rYid5f8bjY7pimsZTEWT8Te3x6tEzj57	2339
bc1qsmpzzq7u45rcntdqq09ngzasgspty0f7kjzq3w	2339
3QbiMxxd7cnSCeUrzyeMSDUBfi9hGw1Yu4	2339
13GCMZJVRdztBBsg4GFsT2tS7aea3ZSUbZ	2339
1Jtr4WXVPnDnSr2W8Q9cd6Z52XMM4Fh6Cz	2339
bc1qzry904dwaqskvt90m74tgzpawu05pncgu2maun	2339
16PxpLjTwAEbWs9neP1Aidq1qo52CZfZKa	2339
1H48nFNi9gkeswR4G926zhmbe38KEZ1wrA	2339
bc1q7f9rlad6mhracm8h0hl66gzezxu35m0xsv4gs2	2339
13WrBzmMHfmTFDZxkLxHya9eLW7FKWcjDw	2339
3CdFYPswvE1kqWecpDjkMtfL2wdsUJFFtX	2339
19mFaDnWJ9aLYGtwprBnYJNCfBZzkXmbSY	2339
bc1quhmdu4h5glakj3u64ty9gufyrunxane90l69gt	2339
bc1q25yea42s4j272zngwqnerllzeywjwxvh5ww547	2339
1Lh7PHoRYpW3Drea7vuougCJbbKPESZsBH	2339
bc1qnlj7qnhsele4z0q7r96upcfcl5jgehrmwm7jr3	2339
1Hk7zMhJqC2yUJycVArsrAJZAJwFuL6eEw	2339
bc1qqx0gk5yvhu408v4uts06xx28auje0qmykjylrx	2339
16EoDxTE8BZTAE8cncHRqmS9gG8jRxm4CX	2339
bc1qr0mhvk30qugnrzmhwwt8k45pxrmaspzuwzvq5k	2339
15YiMU4ahSdVMZ9y8PF8apYhtmhpBXfu7z	2339
1ErbPLwsUKMfoGNYtHJCxjpsE5x3Yd33Jf	2339
17ED1YQRE5fM2ZZ8JZY1pKL52VKRfbuxPR	2339
1KZmFmQd95HEq3VVb1zaQL9XakZt9EkP5a	2339
bc1qgqafnsmzwjzhhe9lvelma3krxqh757d8685dn8	2339
1AsjcCGdW1wNqaMLnMAPgJnH7hzEHtZpWY	2339
1138wGCWxAP47SQqG2zp9cTWjCncEYoue7	2339
12sP2k7CcfJZjJNgvGSqxjgcUdawdREmMz	2339
1GgGFSwKhLQRNCbeTMnb9YE7MRCtQ13DYS	2339
bc1qwevyfc5np8swlrxs8fx9jwkhmssz46y3fdasak	2339
1Ps1W6mQCfqxhVkm1SHy5MthGSzvXdLrmP	2339
14ctn8KZXUdHXd4ZVXySRxHx7d2a2VEKB3	2339
17VUVNRntMHmYnspGRbRVULkNMMrcsm3ME	2339
bc1qeq39g5xxedg9easx77m6j4zfn0fpv6x4v89edn	2339
15nhtL3fmmY4ashr8VTUwsnBmQ2y8ajpPZ	2339
1DtATNXSXAVknDvJHyAdVZEvdXNi1zdMhx	2339
1JmdUvw2wuf8CPs3XP8dFEmBN3DvqFUP61	2339
bc1q8k0l5a7dma2s6m22eec4n60ev4mlf0eueuzlr3	2339
bc1qqkdh6teal7nuzad879v47u9qrqdgxktuxzlr4p	2339
15cxTHFhWWptnsBzS6zw5d3YoB5p4ZBg41	2339
3KPMbtAUH1Dm4HYu56SGr7kpyomgNDy2MB	2339
bc1qcpm02qr2hyuawn5gsw4ne2hw3ya0w6celn5g5l	2339
19wUCzwgUvMZYZmKDpTbp51JQa48UTwgkR	2339
1FxWBeqBVvHNhf7C16WdQULiMzW2FSNHyj	2339
1HG93VKtWn2T6gsDUoC15t87RX64jK5Q2S	2339
1Q4uMFoikF2TN4fHV44gammKageasT9fkk	2339
159ya8e8tp19nYfNWYYgfkbQQLAZCXWUcM	2339
1JSB1DLwFbEmcZCdNhRSPvCGDiKbHZMZVL	2339
13uczUE2dqGM1ZSzyXjhkJswNNQCohzqyn	2339
1FD7U21AfksbKKa5gEo9em1PRSPQhs886k	2339
1PNBsq9dPMgrStkyk4kE8EQSpxGZftcFCZ	2339
123ba3BeWfhfArCuw7kxKU3KkwzeEaY69a	2339
1P6jN9CH8EuvwHLaUKaqwCqUkZuC9o3suf	2339
1Z9qpMRWxqj1Rw5fe91vDkbaHw1GrEKdQ	2339
bc1qakrrwm2h0qdkm86j0vwtnrerrjgd07csmwufhg	2339
1KC8jNCi8bqEp8Sp2BLQE7Ly4HgeFaACR7	2339
1BYjYjnGZ9Mez6YQDjL5DPTRNsysQUB6Up	2339
19F95BrYaHCFQU8MFxwTLYw7dqkb3b7DKi	2339
1N5goSuFLfyqD1RjjbeASPoJJBkSnXt5Za	2339
1JKsHVKFsbaH8hc7dZ8xrgD1wptkc6jPsv	2339
1ErG32odC8HsLkc2BpXhMEN8UAZazZ1S7S	2339
1LdmqNsfaTrETpDHimRzyoBrCFEkfnZLjU	2339
1CispeG1Tw5Zh2ABGpJ83sZ7rKZwoV22Eq	2339
bc1qnx6rk9m2y5qfnym3zxmz2ckj4rm28lhdzksvkv	2339
1PW87azRj4ggGQa9V8oq9aafqdymxKmwH6	2339
bc1qfg93tnv0yur6qzct7y7wu2ynjhqnt2sr7njxm9	2339
bc1qd3wdpkljg98svhd225mhje4lz37lfswujszuen	2339
14u5AGqGLfN9HEK3hntftRSPnncMrkvEpS	2339
bc1qewhxpyfdc6rl0eywlvjjc0gknx8at8qu57wk87	2339
bc1q4v9flskectzgya6w3t9wrdjdsdsf40c6fhedyf	2339
1MiGiu4Yuas8NAEGA9giDgwxr46U3rsSbr	2339
1825JHo9myguyezUfDEgHtj5qdF5NobD1W	2339
33zxbpEHYHTfsJVuubrqS9k62pNHP1dNDN	2339
19QQ7B4JGPds5v41TjdvJ15vVQ9TaXVaYp	2339
1KxQTh1CKXTj9NA7z84Pp86rXrRjds5f1t	2339
1JXKuPrHmrMViPVYxSFdw8ycS2AqPcNPse	2339
31s3APqPZunXnpJ2itBbygaZo6bgp5XMrg	2339
1NT2gsMTqTQbS6LRXo2x3yGXGk2DVXi6Tr	2339
1AzHifZyA8dEDVmHSgLUdMtqZKiUvKBQKL	2339
bc1qcyddukmz7vh04v83u2hz06a529epnwwxc0478g	2339
19UJXyKmTTSWS5p64snzBgNENhNCWcTJTg	2339
13NKjRncrfDuTa1i1enNCFw6czenmsjYE9	2339
1BRVEMub4twEjuHmx7CQovzX5r9s495i26	2339
32JDmSHxdJUFXVsPgURNkFGdKq1ubYiTsb	2339
15SWZUyaSkRZY4MW1vQKuMjM7xmcL5HpSq	2339
34b68Hjhea54yTkZiRTBBUWfT6dLY3hmZB	2339
35NDm2n2YycqW94X3txLHC6wEbQkY3Euqy	2339
19tP36FvzSJ73BbRH6bSdthxxzRUNehykR	2339
1Pxgy4PVpqXmTTArggS8DBuacvmC6iGy4w	2339
36Vobujfwmb7b5PCffbbLUgExUxrjXce9w	2339
bc1q39enp8h9flf7zd06c8umjhuhm2j9wa2ux3lww0	2339
143M1BHgUCqJk8fnda4vomAztJEjvp3cSi	2339
1Kgbe75M97HxLT1BezUrPXYoF7MMGZpmEv	2339
1433UpyV56AMPeXwDrMEWvhD1y4zSdBqb7	2339
1Mc7M3PSLYLQLXNdRomH43fnskATTZSytd	2339
bc1ql390jq6jhvk2aw9genzn8yt9rtyuj74rf68nrj	2339
bc1qtly60ljqn255hjpv3m55vjj5x4g9ylffw7w9c2	2339
bc1qtxswuxxf4xfwr5vchwstpj60vs3aefvhxnhr6u	2339
bc1qjjycqestpw3gl48yxf4rmkee2lz764ttmv8dzl	2339
bc1qgjz7uejercrhwlchsnmedf8remumenkf2nnkvd	2339
12raDDrcSY4a6i5zEZUm5DmSpk7MQr6DXA	2339
1Lns58EEZ9oNThJ9c7JyJpkcF7HusacSqY	2339
1G8BESdoGHu6G71q6PfKEaExD7H8i8ChdB	2339
bc1qr3txgxhnfqng3nqakd3f6rpyvavcjz7qtzzyzj	2339
1CAQ9yoztu7PZpHX6wrwz4tPYvgVzMCGE1	2339
34iU4DPEY2z7EHmEX3MMoWFTaEnsAxMQkK	2339
1NrKVeQQmpL9BTLyu5p7aoN9VuTGh1fBCS	2339
1AxPZqrJmwkPURqzE1242MRq8mm96i19U9	2339
bc1qjd0wrx2ku2utqzuv7mvmc7mkc8h4s39jtwvume	2339
1C7mqWQ4Poh4v36h4inQV7Av2XhNPCRkHk	2339
bc1qzd30nwphrn6l6ajjj3hk0r0y909udqm64af5se	2339
bc1q76wzea95pk8h6yk7xxgd3fvm2mtys7n8un2fh6	2339
bc1qfkcjqq777tw2fp0rkt3j8whvpwnwqe057ellsm	2339
bc1q2mg5sl3dgp7mp0vkt9vu6tz5spfrlfyagc45f0	2339
bc1qzy6wmglssq05d3hnyvmtzj69grmzcklh2wfq5d	2339
1K7gi2garoxBPbbrgKdEMeE99VhL5Fn8bG	2339
12LbFbrG9cjLhre4ZumrUN9swQFiaViq13	2339
bc1qfum8e82pejdsfrtuxc4zme47wkpvh2hjlqqyd7	2339
bc1qsdd04nvezhufkqkm36cr0uy3n55w62d6slhx3v	2339
1KgbZCiZqK51gX65mbpshhnxccShLz8hp	2339
bc1qzfu69nw79lwrf9xsces9prwzh6rw3w7dhvye25	2339
15twwoaAY359TnvYxMyo6oiQY3vreqUNuL	2339
bc1qhuz582pp7zlvkfcd7m4jpczhyjg42hkg3wq554	2339
bc1qy78aulxslrnafzke2w0nxezslxal5cm059f88f	2339
3QR7fwQqKzmspKD85D2JFFXT4FsKbfjCFf	2339
bc1q9jwkrh2fskah0gp3x98e43u83q6yf5add4wvmh	2339
15vdkjQfyrTrn17H6kDDiCALEGLn2atDmN	2339
12bc7qQ79LJCjXRrhXnRLMc4WF5MNbzKgB	2339
1NE6SkMrtsCyBfCa2icxKdGRohXkeMaC2X	2339
1EdanaThHAmphHpP2JqfBm6ZmrrnCeLLQp	2339
1Ji6y36KgSj3XfMwDxmDkNWySJ9YspdyH3	2339
bc1qj0qhxxaujvjlcpj763qv0nr8nkn75k0744n7yz	2339
1B4zkXSeNVR5mh4ZGhei6xEY4W1g9v4E6x	2339
bc1quqjyhfakvn7xmkwuysdzeyq2rl9vgjjsmcatdw	2339
1KNNU8YJYajqkRWT7sbhiQewQepQ6K9av6	2339
bc1q5dkupykppnt7xw4vfwp6fznq7d820ca7k7x0sc	2339
1J7agRFA8UDYsRo1sRJ8ugRoYLe6MGdsxY	2339
1EkVPygB6ZzNJhXjFeiHXeNizH4isqK99F	2339
1CWrtyTHMR14A3Ww12R3PvmUVZHUgES9Ty	2339
1CaZjrxou7ahCL3SwmJquqpZsXU4sE198b	2339
3CYtg3WeU2KZdBzLav7RUHdmqEWx6i6pGL	2339
3P53V6rhygioR8m4HWZFeKdpc1uXvALNKc	2339
3PM3HCS1TAM8uB7bvjJ63Dn13MoCkEEGZn	2339
189M64bN7ubKPLJT7Yn7hNRSuM5C6bea7j	2339
1M6DEqnKwPVEf7fbNFoTsCxLsGnRd4JXy5	2339
18dBRJv9nESuxaLAbWrTJy4ddq2PRpVB8M	2339
bc1qqfkvh6gr5d80snfqutnez955q6cqs9d9h2smpx	2339
bc1qkuxu625hw4z97kjen8hcwje3rcpthw4hxs3vs9	2339
35siL7DuziWbrsEnc9WWrhE7566so1mw1s	2339
1EiSMGHfJ2imiQr3BLezR2hs4kfZTFTzix	2339
14VRzdz5YANY6HFNkyhz2XT8Si9F7ZmrD9	2339
14KiiQNzRmh26gpzcsiV1ERd1sMXCHNPXi	2339
bc1quhld8ud0kerk8a6nynnva6chrwdyers9r922u7	2339
1Gf8JQ2RCBgfegiWDGED6gFVf3sixxV7vr	2339
1NeWXvuNoA2sz7Q1wA1QADNVSnkpQz6sS7	2339
16rXgXgtBEwkefoMqryCmN3156vSLuwaBu	2339
bc1q20jww95nrpenk4yaghlzdq7rtx3m9mz7m667xu	2339
12qKEcQCXcdaSxfG5siZnVUgWrh8FajZnG	2339
bc1qclz5x9yhxyca9j5d8al8ua8sxd5s80kkd38s7u	2339
14jXUtz1FAEqMBsiUb8718CvNt7y6R3viL	2339
1HtTgHRsKQRsf5WMYH1ik9h9UMh4AihcnG	2339
bc1qxz04dmlhuzk5kfk65p66lvlk6wx0enrcv9ht3h	2339
1GDBAQ9RFSk8NyXepKhpJ7qiTgRB3cUSou	2339
bc1q4vq5duvvd9l68qcwqtneshr0k2x39650sn56xxllaspeuwah8erq858sgg	2339
15SZKwNBfVyQPJhh1j2RjF1URYGEr8ZCnc	2339
3BKnC1D9S4wqLr1LEBDUbqbyTEVK1Dv6od	2339
18mh3gE1X3vJcxTxAauMDYsvuajugU45ui	2339
1HnbvmwZ5M3XkX7VXfp7c7fPyq7jAWDqD8	2339
38bthRrqYKdAesPvrxZPjZKwRWBPmrcMNg	2339
bc1qcp8pjujg0h2pujly7lljqp7hzp2dksfkndxq5t	2339
12iVoXokVu3tyetAoDo6pR9zabaGRis8ZE	2339
bc1qywlfg302nzys4553y2ccks87qyma4rzgtmra24	2339
17xRSZKemrBbtxBSKFQbgKMoGcX5NexuZu	2339
19oEeL6auPmE8LEshoaHRYdSGZYWJKjj29	2339
bc1q4n4cnenl5q9m2yfqw4xyzvvwy8lf5xcs2n3grl	2339
1NDKaXcqnN2y3MppfTxo5zAxWG36UnSX31	2339
1EV1Qa4R3tjHPvNR2JPYGiUoA3xdnhBB6L	2339
14XfUf4BrZ3LVwMSgCKcYC614R3oyoTFR5	2339
1DtBHNKKi5ENjBvc2eeSqf7VunirMpuua2	2339
1D37QSRia25byCGcdgVjnW1REcTNXKpioW	2339
19YE4VVYK5tE3VfcjZCRWBiBTpGRDzMFRy	2339
bc1q3hwl37xqce597xmrw80chwgrdg63ajfk4rpjtw	2339
bc1qwmct0tu7pffy862z9muelcnmqfxds9r3gdvmcj	2339
36wW9B8kGPz8SxcHJNSWtUWWtvREKpx9n1	2339
1PerwjA1DxNe2J8HGYHMfjG8B5UPfsWDsu	2339
17K9rvjLfEGMEYfdwoibRfRHz1s9Ux7YdS	2339
1AwRvDvW4irFGsgUAQzxCaAoisMyQKA71t	2339
1J4wKnuSAkEmyVPAHpKcyE5wopkb6BnWNt	2339
1FyVWBfHWcw8UNWsb6fk6c2TmN87JbZZoG	2339
138XuhLx49Tsc3abiw5bzpgMrMGSGPodhx	2339
bc1qr37uyxvdz3jww6re8e4trlhn5a6q0qvpjskvs6	2339
1N6hKDK6kTJ8WAxnZJweS9nQD98JgXmTwE	2339
1Bz2PUnP5znZtxgcGitYSLu1N8AdCpRoWG	2339
19iz1SXK6bchwFZmkYkKm7DFqgAXphrzPt	2339
1DkRf7CCru9p7Usn9wLAmQpLVNaxvkqjzt	2339
1M1RgYM5v4KmJxZZgz9iQM7oAr7FWoLDZG	2339
3PPHjLRf4jeaVHT6Rxn9xvS5kB3EteKCvZ	2339
18uNSGRuDFbg3QudxP3GzCSz969t5zRW3R	2339
bc1q7zgzgemgualp0mmrp8wjkde943afy2epfh9kzl	2339
1Dc1Xy1UG3zfme6XCdDBAyuH5VxEw3FQ7V	2339
1PvUv2AescDbPTAgYUTTtiDywsrkcHY673	2339
3Juvcn9GFswsYDJyeCMzQ4L4VzuLXH5MnN	2339
1KPiF26BR4Kn5XfjMD63Ax6YnPvV8Qn3zk	2339
bc1qtgfcxes2vz2d9q5rx8599y8cslz99qnreqfnx8	2339
3LGNWxD6QCwXgz55c8smNFDCRCsrXgaPbk	2339
13FUpb53gYth36dyUrDhJyb1XPxcxp4YYM	2339
1QCyV9fB7rVnAsDsrDxSXaD8ugKfU4Trey	2339
bc1qandljc74qt22q0t9yhfqp0r6mmu2vg6a52n0qj	2339
1CVdq8DVQWvpsfhSFYF8rH9LM9UrPYTXX	2339
bc1qqmacucw29lpuvjpkx5x4k8ggtz245eqspjj84u	2339
bc1qlx3e0p7557l256fv7tjrq69m3f7stqn640n66z	2339
1Nun44R55uCSnZoo5MLLSkiFw3CXgsLAyi	2339
15o1YhCXqfAnZq8bMSq22A4WK3Hkcs6zPS	2339
bc1qf3k8waa68td27ngf9dnpugae3t30q64canza4g	2339
bc1qakjndjnz2jpan6h8pp6dkeywn5ksntcea7zj88	2339
bc1q4wzk0ywpv7v95sj6zfd25te6ukta4gsxh0xsnn	2339
12TdWV9RFapZsjbwckd6rB5wy1YmjHz7eQ	2339
1CnAEjaBWyEke4PftxvtoVDqsiEd2BFZEo	2339
1J7Bp3XYPXGnd9eD3X2TG8ADX7UCNUJR4J	2339
3KY6zxgHQTnuKXpVqHXsnui36DxfFFgysZ	2339
1GPBZrY1D7gnsuB3YrVf97T59gnH4yR8Bf	2339
1347jdi9hRdEd2KZzpomBUjGCugbQAygeb	2339
3QQWwEEGthwR92TerGpjHp88DrQfwAvKoM	2339
bc1qvlwn74rg3n8fvf6uv4rdfz77chf5wtwf5rt9l7	2339
1M5CPRiyn6P1NPpyeWCGHkw2qHeoHpALmn	2339
bc1q9laf2xwmyfazf9dqfszseu4wupatwj409wyszj	2339
bc1qv4j9u4dp8z9cw4supc2fm393w47q02ahvyc888	2339
14KabSKRYMK4u4wYyzjvbYgKp8hwaM1dTF	2339
16SEGQ4K32QToebz39u8bVHYoqYiP9xqNp	2339
bc1qaaejwcnamxxy92y58zhac8g9h3p5csnvlzrrkl	2339
3BhTdPrpUYs8F98SkUHcH9NANHkJvtr4nd	2339
bc1qrhyy6uydqru9q8zd70a9xuf46rkz7rgmsgyrj6	2339
18vtgW7yLYTsZgcLusptWK59oWa34CDFKn	2339
1P5xamqY52z8XZ84ffGPbHyvGMothcEP7Y	2339
113f9GpPykWyj2SadphQsr5JSEnQAjZbnf	2339
bc1qlz6tkvg5n0ccn0zmapswykq0rph5hqdlthzaxd	2339
3PbAtq8i1RMzx6T3hiHwACELAKiJuPbtTv	2339
1Kx2nSNJiNHCBKQM6M9UrsfabkEYaYT4T6	2339
136gTafdtHqXMuuu46q67AZefqBK7FFHxm	2339
32mDEG7RLwHS5NiKAsxpQZQcZTJsvKXU6b	2339
34iZDdvHH64ME4t5o7v4evNBRJrinxwUP7	2339
3BAVfAVW9LvEgoHHrswpXsFH8L9rQp4aRH	2339
bc1qdthtxdzmfutce9kg0fw393d8y3yexe08rldeea2pqu6exv7m48ysd40mu4	2339
1CcDFLzDJevw1Lyd9U9yq7Zw67MTqxwAR1	2339
14vduzUJpx72i49BGA2Qq2CcutNsnna7Cy	2339
15RHjNqrXsDdjUoMtkaEQugeqbS31JdXz6	2339
bc1qwd0ragdt5wzcegufr3f4mc6tt674qt8juypxjl	2339
bc1qfryealt3m7a6kp4w9j0xj0gpv746ucdkcff9r0	2339
15B7EBSzwmUMELYniJJQAVWTGhyLUFiw4Z	2339
38TyPEYFEzk7akbGju1VEuofCuFpPSeYKu	2339
bc1q83uepysnerprvjt0rys9545mdtnvcmgwlsp9ds	2339
1P8zFLVHyyZzJeC9v6aYK15CmduJcTmnHu	2339
32BghB85YLwCw5cA7zCGV51t1GXS5TFtq4	2339
bc1qcnvx9qpcdz8e70hrfjxgp9m2fnvthnhs2vck6v	2339
1JLZvY7qNtN4C786w3ZN72saNxa6oXQBkX	2339
bc1q2z89v9afdrwrjwwq4qxger8lthh7xxau9p4mcx	2339
bc1qayhncq5w95m0spmd86rdumnm3hf5pud4yn3s43	2339
135PG3zZyhyiGXKSk9V31BrypwoLuKNSau	2339
1JRUdQK1HPURt5Lhr1XhoHD3Zgawq7WFZ8	2339
1Kv3Twp9szWEQGXDQviEyYF32iYwEv48EH	2339
1C8cWXRqr38Mb8RZRvpgERKqFoinCCiFR8	2339
12GyWen5TiuPU9seqPCzhiB5x6Hk96zsAX	2339
bc1qj8sd94c0yxsduw3fcae4euwrx0s0ydp99k4qaa	2339
1Fs48nLipYU7f9LHv1sA2fNw8EAqT18QEF	2339
1K8iuKC8W5ARJCEFGBKDEzQnzP57LJ1RYe	2339
bc1qtm9j8spgjtmqe427xwg98ww2y20m4l0wgcq09hhtxemmfvak4qzsver2ra	2339
12oRgCa7Zcz418ujVvK4EAdC9CcxMBYuAy	2339
1P3WrXa3bBYeR4wcrRRnpV2c6eh5jJwcec	2339
15PZDyhAKBsgLFB5eadiGdQnpMoYS5Y89u	2339
3A469fnsV2MZASeDDaCCGGHpeafvced3ST	2339
bc1q40s35v4e626zckxcnff9qhymnf0mnaw9fstlu5	2339
3DyYJZoMe141q1TCbx29oedd9wCzgJHNbL	2339
1CM75sKnfZfJsEnkVN4jZnpWQ6dJ24V5ev	2339
1PDnVgp1CChzWs1YBNDS6AuVQthTS723zY	2339
1BmbsYd1WUDtkY2fTfDFMVwE1sw6PnjPte	2339
3F4GDQWGHMrd8giUYn8yBKajrPB5s28F2A	2339
bc1qhmfr20eygpstvuyly6h20vuqwhmnggmtg0mqv3	2339
16LkCsPSH4wWExNJ3rhZ3knEU7RuctLZZ8	2339
bc1q9389tkevhyd9kyhauvvtrzxmlgh93wf437d64h	2339
3CT4h4f5UG7tVRHBZHJRda8q8ySR6d99Mk	2339
1N9EBF3s5hdo2ooBXVmNFzVqcNnGjqaqrw	2339
bc1qy2zny5mcjxa4e6p4e3uzmgd3r963t7c9ttsedz	2339
1JcqPSGrWfQx5EkMd7CgYfeG1Wy8UY1kYi	2339
bc1qw3ldmk7fsfghl2yjrhmypflxvzs470stcpdfvm	2339
bc1qakkz0s4ytggqty9zhpu7zluxgthycnjt7gqfx4	2339
1L4YAvPB55Cw1MtQyUyYmDJbbtVh8r5E5B	2339
1NxX4vhELnsvaffzmGJArn6Hk7BtqnAqM5	2339
bc1qkydcsqeyvtgspqqdny77pxu6v5cnel9d4x4tz3ps6qwdze07w8wqz2cdy3	2339
1FY1syCW42dNLwV3aTtTpicwyKxWtkK7KE	2339
1Co3rtLrSB8ZW26vMnp1Lk2hJR7RwDgZNq	2339
3Q1phw96nefziQHfVENpBaWDBkLgXwxyNb	2339
16N2ZceDarZHzHszRM4B1XLodi5oUJBiam	2339
15rHKQ9W3SiEWG4NzZXR2Nk4rDuTKxRX8z	2339
bc1q40964z5d55nht40qcsu85aexyg7aw2kz3nc9sd	2339
1G78U8PporREKmFnoyAbHzHU9dCHsSgTwD	2339
1GQopN2cA5bpP5XHdNUQFonLubZTTKs8fy	2339
bc1q0me8ptlgktu96nheedpgwsdtmndszs433s0tjy	2339
1MqHPEkNVKLTy9XtXofkB4N4wAdr3rqh3m	2339
19e2x7hZmjDf3m4g1rYoWozMR94usye64E	2339
1wbCYgjnwjCt1RXEEzyECxAgUNbJCK7tr	2339
1CQWp8SSefDqNYZ3GsCU4niixGdDJaC4dq	2339
191VH8DtDTyi7Xjfh167zeGbrMppvgnGxU	2339
bc1qv0632cfdxdrpf2ctcx8j6t4x77qfg2qrlzve6g	2339
19sfa9C7Eea94VsCc5udSR9eR6TF86jjQJ	2339
3C5tVHsN4eeNvd4ekVJKa48M9QvtwpoVSB	2339
1BpbRKdeWPQg17uFQHeqF574ip2HpNTVuA	2339
17MWFakW1kd8WbMgPwqfkRkaj5P3885nqX	2339
bc1q874cgga83jrfqnz800rcxu3p2q4t2f3wl9c6hk	2339
1AZsqwDiSMHGYXNP2A5ehyrJUfmgjBRcPc	2339
bc1q9h0l8wz6k6h5v5x5n0v76yjtv0e5k34alptcua	2339
15JdpyypbZ7i6QnhQDS6z9gPzp5imxxV5R	2339
1JEoqAxHbEfawufR3wLVUVKXzgRG6QMh5j	2339
1BXTndDeYH6qtxyJ5n5Uz5ikvWHViGYMze	2339
3BLgmKctLRaciCChqCHLZbf2HijZVcLgvB	2339
13ZixeUveua6UJtsjp7CyjHHPn6PQwj4ux	2339
bc1q9sug3v2dnqrl27p0l29qzs7e9ydstyuuwlxjcf	2339
171FXJfS2nJycit9G9thWWdtMpas1uimZA	2339
18oZWFNhBFK3JdyeAGjDqhv3AA4ZnBzeJC	2339
13PSpfJ652L82j5KoHtWx3hACATU7qdzsk	2339
18AvyqssJZ1TeuAWMskBRpZxmiBx8Dk1Fv	2339
bc1qjtl3ervvzelrv0fpfl4euvrhdyhjz0u0j4k4xt	2339
12qZRgUwuosPxRhTLKrjQioJk4HXtanPaC	2339
bc1q5cyk53luvq8n864y507p29l2myjynkmfuxprds	2339
bc1qyfvnya29fswjs7xxkqf9k7msslrrf6f6hwzt3s	2339
1E63AVSmQswMsgAGLCFAiB4eGogP31dGmg	2339
16VL8QJjxo66QvSfvEWUfyrLS387edaTT3	2339
13uT1afdL6m7BXHtMYYLN7ESQfQ6ri6eb4	2339
15PpG8SNkCb7rAmXTTxfBJV832vU9YDpmZ	2339
bc1qa2kqevem8dry5vgvm7dlf8wxjhcws02hj8vqq6	2339
14M3RZtfMqnghm7fpUaGtcDv9NPXmGGDEQ	2339
1PCM9Dnjd3cgse67ePyAi6eZUjAycSahBG	2339
bc1q4dhcz9x6mt27jarmd88uu6lystgffk45q7f2v6	2339
1BdQYgmNETCECpugoRWxyNuzBwKx69SVL	2339
3Cq7myVkkcX3HBpTzKdYeksjX6dzc9fdRh	2339
13NTovynAVUrLqrNR1vqzcxvCfTZATTjmg	2339
1D5B42iTLwoh3rnG8aAspqwyBxJMMunaZh	2339
1AEpjCBYbfWhDj2yA6ifpaMhPKPbaQN5zn	2339
1Jm7x3aeEfNKuptnU8k3wL1dS2m9TEfJmr	2339
3HeTkczKwrrUXRHqE5aw5DbQoNf8MGg9v2	2339
bc1qxytwskdxsy7shr3sgt5uf6gjr2rxvxrpn575dlawq8qh6m84yfzq5drudl	2339
17AE5pQybbnaKkT6nreZHoxPJRLSYw3zHt	2339
1LFJ3dAKaLZMSZQqDAMCwuuCZDFFEmNFPC	2339
355s3gdvmZDj8dkYo4mLWpssjHUbP3hHWr	2339
bc1qvfkzjr25y83q3glafwgwqu8wc7j8rel8uh2dcn	2339
bc1qge7t388ghzkw97ec2u9rpc8qvkjg5e32v38wvc	2339
3BiggV2BhPTtYiaJix1Pa7JKbcfkarfTEX	2339
1KoJEU6HLGZv3wmLYFffwXygKj3VsEe7PQ	2339
bc1qvg464a50r8gwtq3cqtjm49hvwkaenl72ewf66n	2339
1HzDBAoCmDa8Crj7wa3s4R8zrdBvaw2aRG	2339
3ATPCVNtgEi9rmAbJfWV5msgoNUzaPeNDp	2339
3AKZNqwJDiP6TGU63LhL6dknGk2M4HL9AE	2339
bc1qlndy60cqw8wdrvhs78dm034jnky0d4em8sf5ws	2339
bc1qgqqnnqh2tqdwxw0vhazztkxwzjt7a3y8pf60wz	2339
3LQ6WfmgGFRDZgTKH3LGgJDkqUcyGEHN8U	2339
1ARgxkYYMX23wjArqt2Yo9B4LqM7faH2JG	2339
3FASEko9TL8N1XFqq2aZUqED8BHxmp5gah	2339
1EQeckKDMYbTa6bsvuAcUuuGb2tYztyCgb	2339
bc1q5cnnh8xatmdu46atreh0kxkrghwzqnr57j2e8h	2339
bc1q6mqnvr2ngcr0dsmwg3xm9958mthy2d8uppnkgp	2339
3BTAUjbxvNaRHDudt6rFFsnSaj1s6RFLhR	2339
1H8jUpagYZCeXTGrVzCgYYSSUF78JdAhYx	2339
39pvCXRy5ypVZcLX4F8XfBbJ1VgDRW6Tnj	2339
16F1AWVNVzFhFXxafE7o2fPJuq91ve6dsT	2339
1rCaCeqKU5uqxqfuQGhtNEWYuHSHhKTyz	2339
19BtTo4FVeqgouDVyirkJxqPTMn4sgQS4H	2339
1P7yFEitXY2eb5dLXU5sVzVj9E2hQK5xjc	2339
3Ep14zDZ5DBcRbA1qgGTQ43XR68aEaXxgu	2339
1CSkJapU63FStz4abnuTgAM3k2LyAFa9Se	2339
bc1q569ke3t29txjuqaglww29zt3ltnwy6prrcm8gr	2339
bc1qadyympuqss84s0j2hal04cdztx5jvne5gs63yg	2339
16eWEomL9DqMepsfe5DCqeGjUXj322sGNB	2339
1KccqicKYFMMSgUGwhgfG5WL6LfwqAgop2	2339
1PxLo6Umy5ZiDy6mSQru4YVP9Zx8v2sDz	2339
bc1qhknn3kx6ynrm2r5gau4nhqav468y55rlltm8sp	2339
1PQDE1EfqqwKLYkzukXftwodKCrz8h9aEP	2339
3JSne3Hsne6BZpez3bFrFpg2t3YfErxaDC	2339
1MwhsPQKGUp3pvShz9NcrU8JUrMehLDhoe	2339
bc1q6aylj37ngl6mqv7ccxqw9qlgqtmvfwdntw7nkj	2339
149C7DzQUFEKDM4iLLPhBvkP4yjbRbZwBD	2339
bc1qfzpacc90slsxgsf8nk4fxthnm5rj252gfhmsf4	2339
bc1qv4uvayws2d2a0yth9pxp769mq83hmpg90x87sd	2339
bc1qhk95ecfwgr87efmnln4866x923vu8kcv2jzta4	2339
bc1qc5rlgw3qh5982krw9tvemhs8chvfds88akpkds	2339
1HiXrqETo6t6o3HTbbCDNtcHUgc82oae3w	2339
bc1qk29d98ms0ecqdy66nvdkq9xcnwjca8vukp4hlz	2339
bc1qnrmwp4rm2cystaqn4hpg7jzdhu3h2pxar8htcj	2339
bc1q08kkt5j3kgtj5a69nm3qgcm7t29fnwxeqc02de	2339
13zXYU52SQrGNyt7SpB3qhgZfHbyeGYjFD	2339
16yKd3hPtpYSXJVur7fAFqTNv4PvnH5F7R	2339
bc1q8lncrhvh9x78rplfav40h7kdwun8dqpuxc8wzy	2339
1NWCxt5QwWtxPtqmTXTUfok6dRZpnVNgjn	2339
14NQEzu9w5KmZ9uCQDjjJvKRfMqsDnqadN	2339
1M5dEXdopHTdFGccsQC63h1CfofbYF2yQ4	2339
3P4sHbnYvWoPSKmhpJp1FHBsAyVGEeYPpg	2338
1HKxrtah9YTpekuzXaT47qrkeiH3kyLywq	2338
bc1q3fara4x4vqqv2exp29gvey2tf8cpqtn6hugum6	2338
1QtXLM7KCwfgTJS6YFkXFCcxUScLBWtPd	2338
1JY7jHHUezWyXzPGwdrELT6jgWDU3eUz23	2338
3Nw9Kdeh1svu1mQeFKbgtTVPWQMcohZnSk	2338
12t3E9mo1f2poqpfuRh5WmobWssVd8Q9Bv	2338
bc1qgvzgplcfvn4utpj0c9qu9hjquealvs5yu6tufe	2338
3JpGF92ETdBBNWKp4R8eQtDgL9moxc1aEC	2338
19wBoerFuMRe3QCpcMz17HqB8GGtNt5yEk	2338
17JuKo3Ms6mHVkDxQFYo217PeXz8qMRYHA	2338
17gUYqL1uKUifyYEXHU3qPUVaq6HJGP9Ja	2338
15Gkvej5gbvtYhFrzGn4X2s7dpouTQeHvM	2338
1BLFuX17prKvDo3C7AS36dgM8smHRvr4UB	2338
1Q2LzeoVMJ63vnaNcWMz8mj3ZUXKUwgH7w	2338
1PuKp7Vg6atYU9vXsWgTPwxGDh1QTf3MF2	2338
3KFERqUzVuBU6M4aMWoBMhFwJ2pVdtfosZ	2338
19c6LhvYkgRfaYNHwXWqZuHpaMt293zMbi	2338
1MnUwzsdMTyiZkdd7PmjTPDZyBzFRFszkf	2338
398E2ZcaEGdqq2m813BR31YfpP2sfP5vz3	2338
bc1qxptww9hql992ax448028xvy40n7sk7gyymnrgw	2338
1FqGxq85eTobATG6z6yLnpcXxwixNopSed	2338
bc1q4z03caej8frykkm7tsytyh08j7nek883ts4kfa	2338
bc1qtpj79cmydtred0597qm4qwzrjp3kpya7tw9tlm	2338
19snnzW2ZPaAYeAK7GfmnDGXkTP8giCkTj	2338
3D6xT7QVWPJ8uohzxsZcXutey9iQskz2Sg	2338
bc1qqu0epfhf5zey0fharz2y6cuq6xs9cmtwjmzxl7tjhqpm8ca7lerqfe80ps	2338
1EhU9bAirEzas2oYd37gzU6CfutTMVS5A8	2338
bc1ptqgxureh75fpxwk8desmf458d4rddv4zyu7sn67v5ej03ln73jms8wkwgu	2338
18BXMmY8vGUxgqQAXHEg6URjSapUPFjtuK	2338
1Mtkgea5dNzMANTpzPwgXy8Rz58uAPkhKw	2338
bc1qfg6dmdzcn9qa4t2nfmk2ecp2p5zlxh8r2hed2m	2338
1FuTZLNRn5Lg2VfEjFjrwMqQzazW4Y9wfQ	2338
162S1ruwTvxVi8FcxPmsGSYGsi7mxu1rY5	2338
1p7cJsFYyyWTfZazN2AGRvRmPiJUvsTEm	2338
19qwxucTy3C4VFxtdsp3MsauLBAubKU8TE	2338
3KtQiwsVeHYDpNpA5Ug4EgGCKFPFjypnGt	2338
16fBdjXd4qSGLSDyDVAag7TNdc8DHvfV75	2338
1CSt1Bm7n76Jy7UqA9sLBZvTgDKYJtVKsz	2338
bc1qvax6qdmkcasxew2q3w2076j03s3f8egadmmy5c	2338
1ATj9rdT8SuETxwhb3QgEpVEETKsfq7fRb	2338
1FN3joQ3RUb1xRZ2arpmuPkQWHFwY7MxUv	2338
3GWXpUXe8dCso3zNqwgmf4vRwoYxzdJFSc	2338
1MWtSYKiz7WQDjfzZcD7dWxQ6xYB4EsiFe	2338
1FnYGrH5nctPTvLjAgYzR2s5Mo9NYgGHEC	2338
1AMCM8q8ABfAQJ5B7bB2oy8tPp8NVSfuRe	2338
16QAqS4h9bw3ftBs11Eg2daxZqARWnDBXa	2338
38ZDvL4tR3CYvDxBmqwoowFGqZ2LpEefsR	2338
1EKjKiUSHWJLsKHaVu8uSfQhc3ngEhAjs	2338
1FXJ6gJ45LU4JFKpioZjAgkiZFXNTAHjFY	2338
1GVjJnJHi5j5LjTC8xbaWUe5XZKVHGYHvr	2338
1CMZEhLZDNL6uVnHJ2zLziqJeQb4jK3Wbh	2338
12xnA1UwcxkY8j5MxNnhUzeMm4grA57EVH	2338
1FTGTn3vHWWMmP7K9tKh7G8zDA8GvKLnZW	2338
bc1qv0u3v24dr666996l6pwmcym5wyuk04rn5p5p3l	2338
bc1qgc42zjsq9yeun7u2hhynu4mr2a2qg59zypyh0p	2338
bc1qkwcfahxpvpkvgvzetel9d0rk9xlpmflwnw8mph	2338
1GKQ3rHaoJLxjqbxm1karQVd52Q6qfwwZU	2338
1QKY15RtikWgVfyZkX8uxGHKuEvfQVcpPi	2338
bc1q35rvm73fwa2t0ftwdgq0ewz9zgcl92vjkx76pp	2338
bc1qn0kzren9j5emvlclwtkxcdwu7dn2g8ugpsfe8j	2338
1KDREjTsV4wAdj4aRmyxn2QrdMok9Bz4wG	2338
bc1qj05frwj7ppfjarghsmcy66y5ephvj79q5zglpy	2338
bc1q32fw4pxf4wfzcug8fgm004yzlvxmegv097ej3u	2338
14C5BcfhtHrtnjcwdS7ZnxmQSXEQB5Wtxk	2338
3L81Ub8hA5QbJEwtvFhhz43rzkToVu7ktH	2338
13PQgUZ8pffyAUmdHVVY5kgSxkgZTa5q7r	2338
13nFXe9UKXufqjKBH6w27bTYPj269dwuGj	2338
13tZgc8gTrB1bvfHXohZCvBr43t5D5vffB	2338
1G3YNsoKf5V2jc5vWdCV1ySw88Ffd31FMo	2338
12PwEiSWgdGdRxZ8Ntxca2DtcgWPVbAmCG	2338
1Dgwu5QfwD1RUETjarcmaTVLEhowpkNnAf	2338
18hvMVMep5DmoPMCVoqvyV6aWWyTKDemjs	2338
1DrwT3euNHaQ4ftsKMU8nCNNUQF3k6QhLR	2338
bc1q958ssrvzwnnreclr9jxj6nkplm9wze6lllt40r	2338
1BZ7YtcGeiELnedXMhunaiTn798sS7HcU	2338
1FAGrD2qN3Sh2jmyqxSdZ3K9Y2X4RgoTKp	2338
1GYWYbXhrUUaibpi7YkxefQSMVnZ1RhieZ	2338
1G15b3KvvaNPyMm2KUEr4uAu9BxBz4Q7BL	2338
1Ewnt7oJhmJGU5G6G4yQVUktZe2LxyMMfC	2338
12thFpp1j3t1UtYe9v4U8A8AWNrqxtrVem	2338
bc1qf07rxj4vtwse5l7q4nzpzncvr52u4uxusvaksx	2338
12yvS2AoEHurqUFWfjpV8Rvo3qBQvKT6qL	2338
12uTzwJMgZeYfZb9y8pfpfmTJCUuSJ8ye1	2338
123L24t2HwAHN8eC8qkFCWoEyDBfLukRAo	2338
bc1qavupzwfrdxna2exfly6s9t4kcfda7pr5qv0w8t	2338
bc1qm8akeeaukxhthxnk3tk8gtvwk86wny4s3dlq7v	2338
bc1qwrf77lkx0jzmkzrrd8uv7yns3ldhlzxehugcnj	2338
1HpZThJymGAzwGyAKJvqW2RwZka8qwN44h	2338
3PhCyFYj5So7icVYkMikrDmg2wpEzpVSM3	2338
3NdJvn8noqBuVgaWTkGdf8f1isULJgE8hm	2338
1G9krRFHguG6Y35V9w4p3ms8WjCvRwoxbw	2338
1G2UwFgxzN7nK6TdVz5baiCr97BvBcarZT	2338
bc1qqykvekcpjtf7ahfq8jjrrrmgm5v4pnx5294fn3	2338
12dLV4gnxwF1t1wzpkH6Aavjid4ja7JjDL	2338
18SRoMEHWZQHqRDPB87kqLduF4YtcjoR8c	2338
16RAwEdAvPmk5sWqF8ZdGtXnT2TxkG4zcA	2338
bc1qqaczu08pfa7hth9rhqkyk6uldvthtwrjh8kz2q	2338
bc1qz4szfe645kc00pfrn8t4wesjeaea3jrwkuqnts	2338
1PVc2xxTaC7V4gfEoDKPWUCJFMf6BpyGGR	2338
1AQXdfZ8m7UNjDeMXQhUJBvpLWbyQ81HgJ	2338
bc1qlw4278mwadyrzpjq98p42peyd6ctl7hg0lkkts	2338
35XAT2tf9QhoDkUJuXD6pfpE7sx44fV4He	2338
3Eq22pfzcJYNg6RdvH8hf3uX8iWhiLbqmZ	2338
1LPE4SqjWzDMNX39KBeoLuk13v9dxKYhne	2338
bc1qeyam0vqv8a5w3jla20rcw94wkkfzgd2hvks9va	2338
bc1q8aam5q0tykrgyjavts2k0vguefqgntk8wsmfyl	2338
162U3B5Ti3zbi8AWJExiZaBPHrX8NUKm7w	2338
bc1qda2cwpmjyfmdg2clt45ta6asnq9gfnnq68mrqh	2338
1PxM6C89JnPuDN4jinZcBxQAzCkNmnx2Qm	2338
1HtdSVyoVwAiLeZwEJ4PEfk7LtWetNpvuU	2338
1BAa9ickxbu2MAQk8W95wh4erBYxFKc3sm	2338
34D3kLWT1mB7WCDA3H7nqgPfHfQrHnP41Y	2338
15f185HZWQVinN5cfzGYStjwrh5hDhSdJ5	2338
bc1q9f9s8c05ertjkml7w53p5yc7we3dxelf9pmx4r	2338
13Gas6mHMCVF5R11n3udSgPvMZtWWHVL9P	2338
13rvncsGkmy3pGiyyAovXM897Ay2eF8YXr	2338
16YbpqWcNYoQ4EK1jNc7WGGv6eUjEvtdpV	2338
bc1qpxs03l6f6h6hcvjdta3fv54fd2q8xha7444g3e	2338
1561rjPfKSL3zY8e83hDDTXBndSjqMibPk	2338
1J68CfrscJBA9aUJjnQNfCBU6p3MfEgUub	2338
32kjEFjs4FLTCg7zTQVebprqY3f4bzzmCY	2338
1FgR1CEJHEfzYXm6iXHZ8u6WHerF3Ce8nu	2338
1CVRxDbUNUsSN1Cx9RS9kPcLNRKkU8yCkC	2338
bc1qqyl7agw2zsyjlgg6n6mexqw49gr39ph85f28dr	2338
bc1qczwytk7pz8pr9gtf9jy4xsam9e6l2manjjf3hf	2338
1BLS3wnEUh1fbj6KVEEEpYPpBHUp4CpCWL	2338
3KeVbk7TA4rYVVgU4tLzJrpg6w3GqQwwKP	2338
185SEBtBDnzmDH3pE5Ui1ciD8fahNVKJGo	2338
1LcoF1YXS9xztdsuC5VNRVBcMvpKuyKq3w	2338
1F1aQyti2NaWZbh7jCvGsbxp2p2FgKnzsF	2338
1J6xVeVqoTjFC3QCgmjmiBWW4VpTMsWEtx	2338
1C6RfFHh8FjfKpK3PWoGJZZxiU9e5u7vJ6	2338
18cF6GeLt9PFwoL9xtxVcWExXVu9E1T3xF	2338
1Hp3PAsVGs4zmX58gbjoXQM1ki21vQQzby	2338
bc1qfwqj3teaverc5jjdm03hwdcux4ftnlxyj2mrqy	2338
bc1qnh8fywkqcsxadkuhr3n0u73nj66r2hxf5yawth	2338
1KEwQ6h8j779xgVdZe6AEC3ezdhNxSYDay	2338
1Cw1KgjFyqmyNj9pn1R77wVY4nToMmqLoh	2338
1LTdBjHn7kEERjTXYMfVzMDVRK2jMGrBbD	2338
1Nz62aRipDfPnPq1gL5hkiQeqkLyTuGHSm	2338
1HRizs23LszWRyhWsXBJDtG9eekkhiTkhB	2338
1NFjRqnMtTR9nJwVrQgL2hGDFTbeKgKcdP	2338
1Mx9L9HpH1wvcnUfAGNHC3uHrr3KdE1Q7U	2338
18GAHXDa4Bb3DN9WmYPBbLGTKFreZXfh6q	2338
bc1qqzac4u70vnrrz827cgmew6wa2v5kk4ajx522w6	2338
18HyzxQFPeNw3x74UbYBwfrV1VamMTzedp	2338
169BkEhkifBBVLJcX6JrczA5v1o2Cx57D4	2338
19LxtLQGvzpf8buZjuyXUc1LGGHwN2YrLR	2338
1G6E5iEJt9YGt8yb4i9wtrvgoavH2DYJdF	2338
19GBFLB1xjVg7w1vEQ51EwfCrgZZpYTZGo	2338
16QZQorAiSEPDq6PCw8UvM5quWuP4wyRiN	2338
16bYCQPPS8oQwg5pN1cMKytgCw7Y9MWLP4	2338
15xNffZK9pLMMfuFR2Z3W6DjX5Kzdztshz	2338
1EcYLoGc3ZnBsPctG9LTuWrrxx9sRQkoQ7	2338
bc1qyda7au7wmm9avfddjjxdxnkmve8u45p6a4v9ha	2338
bc1q8f0x6zayk0nwcpjfk5ckfdcpa4xl4xzf88nw4t	2338
1ECETcngeaG94AfhBaM6oVQqopYtX5kVWb	2338
14TDfhHR74WBLrv8Pg2ZAya5NVaAi7eyES	2338
1PThG36LGnyy5H6PC3XYok6wgHowY7EjRj	2338
36iT5h8UQE28pDHxjCvUFerwzqrD8nmuKR	2338
19XuBsofqmYTTpm47X91xjPiWrqthKSLJr	2338
1CvYR7FYivY63bqcWsz5AbguVYGZN5ZvkQ	2338
13C5aqtNUx9X1add8QCftCtH8LLLEWoqc5	2338
19BUD4kWGK47qtVc1qDkUuj4VBJS5W9evm	2338
35mKg2gKB6RoGkewW9cWVgect63eNkZi1o	2338
bc1q8fe3jsx3hyd37tlnegzzv3m569tsj5elvsyup5	2338
bc1qtkp32yqn6ekcg7xcgztymd0zz93mc205t58fu2	2338
16GR2p4d41LkMXVKZvrwX8zXiTxG1pRbMx	2338
152QKJriWGMbpvRsVNcv3JjKqUGysxx641	2338
3EgecsfGj5NehjG6uy5YtEaBH1HAzTKWEq	2338
bc1q2xy6vwqcfy56uu5cht339ucdc0zk28p2t4jpu7	2338
19uT8SusRiAqV17YJs3sDftLyxY31t6Vsm	2338
14nF4Pu988m7EsrdF4GQ3bBYmkaHzJ7dA3	2338
12mwKPihpweYqNxLxuM7gHNmT2NpQQnBYz	2338
151hbSmMCgDKzdCwsEaQqfz8p8ZhnMkmLi	2338
1Ma4By6bUjtVUg6jm9LXdTKUg41rN1biAZ	2338
1Awa1jvfX5hD1sT93VR2HZpo4K5G5hZMTo	2338
bc1qg9mufwke8p63w4va29w3mm5f67zktrqz7qxeq4	2338
1NN9Lshnt3ji7khKDY93nHPqxy1hXnTfy3	2338
bc1qye28gely5krrgallfc2e4rrl8m24ruepkyxfdt	2338
1BobfEjxe8BegyC6DYULFgmCCavVk5PyTd	2338
bc1qulxjlups673j223j5q0vwsug6f476l5pwxk8xa	2338
bc1qwtk36a0y73nkg864kfh9uchyxcnsq4rg6valxd	2338
3CqjEC6JDDCjhhgvKqxrQsSso4SE6b3V93	2338
bc1qlrpr5rca8m9gt8adtc0gmzez9kc80vznnw53tx	2338
1MJtdW1td4QALyaQkByoJnSAvy2kW8DJ2d	2338
152WxapEoTeu7vv67n7dgQStVvoVSDeeBx	2338
36srTeZzRYSzWTUZeYafkhTq97oSxSXBgh	2338
1HWDN4CMswgqUYU3omvowG3sX1aeCfdZav	2338
bc1qv63c79f4gpla9x76ahn9txgrcevt9xafhrpwp4	2338
18rahpiYnhL6NyBh2xB2aUcsrAWjHy6GtP	2338
3NRq1i9N9p9be1xShd6v3EfJ7nZZ4uFp6t	2338
1EkEGy53QfLTa9wCR1RgYAwaUeXB3Y4PD1	2338
1JuDmDP3hVUcLVV88W8wqJnZd4mpXBj7Q5	2338
1MSiktrcAgXz11EnqxyNatyRkW6Tg1yogP	2338
bc1qx777uzvqp7ca4x9gzztm2vrq9wet28a90524ej	2338
16yem9ggHTdkAELFBNJqeYiV1UJr6uh8KG	2338
1C6trVymUoL9veA28wqRr5ptR7JUBocG1U	2338
1Gt46wBQUKBEKJtEpZGqhBbqcXqfocxzcs	2338
bc1qs4je4f2p03mc4933rcdqwl74fr59tafj6f7jtg	2338
19nV4XsSFnMT5F3YwuKeVUFoWweAMmRHGy	2338
bc1qsa5lkmyhs64sg6lzr806ql4h6chfdnd4wdcttw	2338
145dAExXtQtS8Th74jYS3ahn3oiEDkvpX1	2338
137UhUw2RCo3MDf9UEm2SUWNveGYUWpFCk	2338
bc1qz2hz2yal0qzlgh3dyyv8xf73ezz6mcejk4thj8	2338
bc1qtefm8tjm4vgkqjt4w8jea4lwp7jddmhs5dtrkm	2338
114yDbRseQuyMiNYrvQaP3AueDpWn5Q7mu	2338
39oFNZ4CkXaMVVtoHd5QHpgyZcoxSyJxbh	2338
bc1q0gs5gpfafjswe9dgtsl0wrn0mglhajdk0dzny9	2338
bc1qrjetz59up5syp3hftt0p88jdsja59p2c2wczgz	2338
35SC9FS77SesUXaZcYL2Mf4r3nuCz6npxH	2338
1JwH8WxVAYt2LEDsajF4b195Vy37mk1o9T	2338
3EwuZ8W3v1YXamAci9yMgDEVptkr7YWu9r	2338
34mnXpmGL3gsWpGeQS8jhovNcQa7mpzLV3	2338
14cnFRjb7eoUB9WWkDx8ghyuVTwn4XRB7w	2338
16iohVe3Q5Q2Vd524e92JfK1o5CkKutJXg	2338
bc1qfvpqfm0d0g6f8vvy27a7j8qnqqd5wzduzat6hp	2338
1Ldn2gvTDUocNoAxj1NCix7V69gVQvDdF1	2338
bc1quej4serwmqq9gmdyzs526hvghkjwjkd70sm8cw	2338
1JsH6AR7gw1GiZzQEeubE21ss7BHPr4ZKv	2338
13aKKGsRWpj51v4ezUb6b89au5CfaMDFgU	2338
19sAD1VpngqjAjuxPX2ARKC1wCLwDjvmL7	2338
bc1qlwzlrelsxzhgleghrn74j05k49dm9aaewclhtm	2338
1NuVgRDBiZsWpVLQ8YuqrMWD3pLKrv5GUy	2338
bc1qu884yhse9dn6k4vf42gfm4lhq2lur3m8a94kup	2338
bc1qwc6tmfkpmqqaxn0h8yaaeahq6mz8zzdp4z6l7p	2338
19K2oVX29JijRNusoSgycYJxgZ16bUWb1R	2338
1LHGbuBjPEoisZQovARDEz7GXJsRHUoBms	2338
bc1qtt9cl9edqhc84njdahsr6pjw5na9cwfgj0m9ly	2338
bc1qqqcs8j9gp4wal4mx8nj30m2ac8hsl5njw9z5cm	2338
bc1qmk9mnmurcrpzjw6xa445y8kw67t0lewxj7q40n	2338
1D5srMHZkktmsMZ2Xe7V3sVVdiJR5oLPtx	2338
bc1qzzqafm073n8ncy4vhwrpw2a45v8c089wlk7g0a	2338
19MTjpXSQ6RhJHPpjhdw1gVoqy9zeuzEqR	2338
1GLhPu9AvucQfMhWUNHMSm6e1Bw1JPgGL8	2338
1GwLtrAEfdqVMWAaYaJoKBC5K33djZcZ1V	2338
bc1qk3j8vwm84qeh4puy0ypg9nsm99gjjus67rn6ka	2338
18bVFEkSzcPbx1YfDkVsWaKuVuK5MsnH4v	2338
bc1qjql0vkdneuex9rhxekaawr5pwezeyseur359md	2338
1GmJmok2WxD5sBNfwESiwmSmSLoKLQ7qnP	2338
bc1qtpmmlawkj65504sw4f9wzvf6z82x6x2kj509pz	2338
1Jmbd3Moo2VF94n2NCkEhK6uwkLD4Kd9wD	2338
14FgGjU8NEMofc2UTCbVU98sv86PsFU1cN	2338
1PjTMY3ZkriFrHEHT49rmepDkwHAQWXM3c	2338
1DK9KS2DypcLeKcHBB2PpEsEPQAohHuXzz	2338
16ksRKfmdbAzhYE9mPKRjWXynxhBcdBtLn	2338
1MPqLWniXrNbKVa5GQyBqvFGG1ou5cNgAW	2338
15YMrQSKZmitVAbktvzUoLq4xQGaWBRBiW	2338
bc1qj2eq80kep2v8pfkm2xxx4y3dunh3nqjrjm4j8j	2338
3JyERfGWEiWWBgDFyiV9Fq3Ag5DLJBbvGT	2338
1N9kaPHPdSHYsSqyHEq8HDtD5NVG2QBEbb	2338
1KUJX4QtsPC8eKytvefqRGS9XhAJDcZUsu	2338
16bnhuYwiz4iAReZpe8pfeSXHoxn55zARv	2338
1v16kVFaaaJMdGPHhdvYfxyQwdEG2Rbre	2338
1NVwhWbDCx3XtGPXbY47tEPNnHrgnhPDNx	2338
bc1qdmcrmnys3tjuthrgvfw0c347tpxdrm6rv52546	2338
1HRHAeT6n8w8ZWmjTugfdMPXe9Bik6cCSA	2338
1DALAuokeShAgcys22TYSKqNw6X69Ju5ib	2338
1G16SgfkgFETBt1vDsJi3jj1cCyA5EHhma	2338
1MZqABnwqXSvQRnohN422YHfVMKGCzsKC2	2338
1Gu5TRb7a2QcW81KDHqKSrpvyHTTfiVz9K	2338
bc1q47xaze05f3jfse89vntlc7v0s58n9ks6yf2mv9	2338
bc1qxdzs72cyyd96gjs0jg04z7dlacdt502e4qmz7c	2338
bc1qlhgy98yqqx2ttcdajpx7t58nu7cnw5sgujzdp7	2338
1K556oAh9nENR3WXwMLP8RJMCfwatJQEzP	2338
1JXFV37psydKvzgWPZ6cvZuPrFAt3Ya5yu	2338
17Vw7rhTuo4LPGrVegbLyUWkvEt2ZDAZfx	2338
1CPt5LpvdTNG8rs9rneAooGbj5wpgV3q38	2338
bc1qccvjkeau9lz9mcdn5htdhc5euk2mfd9c8fh5sr	2338
18otDUR4tpBWXAyAGo5XSMxVi4YeQxr512	2338
bc1qk7wc8p5yrr0hf4tnyk0rkc8kag3njj3ccmg567	2338
1JjazjFyJwRE4eXTddUgwCoDXQaN7ZZHH9	2338
16daZkQJ6b2ziqLgnrJyTLiAtXYaSEA8pg	2338
1PvuLErV4NaCZrUbppR6N9s1BomdgE5Bdu	2338
1FZ3ttDc25dBBtghEhLtUdkdSRu73dJWJp	2338
bc1qzy2ddam58v2jj362ztyd277z0xme8xq4l6ssy3	2338
1EE3H6QKHZs41K4GGWy1FS1PLYcgn2spW9	2338
1Pe1TXEkrrV3kpmJ9suo3QvEQF1ahnu1ug	2338
14TNZcB2EbBJydhn9GitAkZ5fynxqrRgMG	2338
bc1qh9px8a7smgfnwcvrpusww9pqtjvzsehsmuzsty	2338
bc1qj0te4a303tq45hfkw4vazftnckp5d3f09uh84c	2338
1DqWq4YqJQN1Zhd7fDBXrWeNQhqUUS1mr6	2338
19aMppemiGmLxUMAJjuFRks2Tq3SQVDonN	2338
3PgHyCuJmA15jQMBZPQsFrxYFcq7xkSk85	2338
1FAkgvKvbgTsbGBkD2wmmDkCq8E8AGkd6a	2338
1BiUqxQwFWS1NUd6Q3n2xNDadXxpGnY157	2338
1MHnQJL8EcHWRCkLmg3Y9y1QwssUHdTaTb	2338
13VQezNLaucLEx9nZPAE1VMy55apJa3TdN	2338
bc1qrprvtg2c2w4tejy8x4kw6wsulthwqpxa3gams7	2338
179S1ToHxaRYLfkycXWVi2TiRPsEG5t8Vi	2338
bc1qvrpgh4xvvaaww4ctgq2uqdax5q0tweghqnnn73	2338
18Mc7Mvrp5CDHcgRskmGbseU8NHcz2BqYc	2338
3QzxvyGXDNHfHPmYTTBBMKsHsvbu2eYL64	2338
3FMjvv2EgLPiSssjKHy3QUqqPJupfHhpAL	2338
bc1qyptl9j9g7fvufka64l3a27d3rtss2z8rmm3tjp	2338
1Jyz67RCdzvzv5FeiF8Y4LEeq8to1tkKBg	2338
3711WvhkFf1sCZXEsJZWa8Zt8tyK2eg9gj	2338
1LUmaSDS1pGA9q2R88YVy4fB6BfQJU6QYq	2338
1NL2mzcdkyMAcPpEFDgMdd1dPj6inKS2yt	2338
113YDQ33PGW7hudf3d8QVgLoytpuqTgJZ4	2338
1HDtxsJ4BHhGpw6J7UW83WSDoWxSz7qmPk	2338
16wDtxsUdJx1FYbRRr1epnXraiSkVZaVWV	2338
bc1q4hzvme8lc4dgfs2lxeuw3z49znzm8s7q5c2se7	2338
19UpYb9235fdfo2fNXuZ5Dtj4VhRJu4G2d	2338
1H3zayiPU7bFzW6sdj27MT6yWGtsjDGxjZ	2338
bc1qm302c0ghlp0ney0ryv38vc5q9a9zffs5ada84a	2338
1AfGrWJPc8qdfgeHzABXC7WdZYdWz2srno	2338
1Hb2zhEb6Mx9dfctwogVHbr8up48xWDSat	2338
bc1qjwzutfgz2fn5ndth4seagpd7hwm8vl0ycdxrt9	2338
bc1qxu33dljyjdrw3uas38nmja8vk6ltp8y7dxqzs2	2338
bc1qngscde5unfz7ek9zjpxs497cyrx2qga0jktu3k	2338
bc1q4ccz5y3khf3sw74errwm3a5d9dv2srux0xljdp	2338
bc1qq6h4u8tkv4z6kkaadnyzp2ncgh6e9kt3snrkxf	2338
bc1q07zvcysfyx3n03p46md2qd93teuch7japsemvv	2338
18U8KdLZejSFb6LYhWUy1tWoXkK8jy7jUY	2338
13fRP6dDX7HHf4jGspDKTUaREup39HyCwV	2338
1CkZH75jfjERg4yhyyXxQpZjR7XJWcW4Vv	2338
1kgneARvRXxpAaNAgtxNTFjHX7kncf7h7	2338
bc1q2encs2sac3wczjfsespaljc6wmcqwz6pszxp9t	2338
1LTTyBQoA7SFSHZ7vGikgjokMCCUEofVp9	2338
1HhTeqiZbX8gt7HeBbun1Ajece1smiaYzq	2338
bc1ql3sdt2w5g8cyrd9cj9e6wl3l3q70xdycwua6p4	2338
3Bupio7fK2tfvbf8vpVXWA2mFHWVKVWFgP	2338
12DVWkbcnRjLj8wpEt6MpcN9SoZZBisr7e	2338
3JsccgMVFkwLgMTgYNwp84u92bPtNk65VB	2338
bc1q6m7jya0rhemuuhlzq47n9yhmn8xmnlrpq28amu	2338
bc1qf3u6g5l62g7uhm298sjv9zy43p6yq9097vl5tglfzpsftkurc8rq69ra80	2338
1Q7iTSJnVNuNWapHcm3oKXGb2CHf5fQtQc	2338
14a7yw4kAurRXf78R1Sqp8UxL3cGVkxXfD	2338
bc1qh0ee0mrf5c8v28pq6xwjga9kcd3yuy6uxwr8fr3vnsuecaeswhwsyxurxz	2338
1AuybaG6LkGYPhWUTt9qrpX1mFovQ8u9CT	2338
1JWPRHHwDfuEpd7PQVdEfHqFwCQZ3QUVVn	2338
1M8JxsQNu7dW4tAyJF4tpcF6cMAqht2kYC	2338
bc1qzh58t6aenece2m27c78uyx2h6w8mdtkg0ktrld	2338
18b5W87VBJRNVsMGRmQzRA2tyCW5oUMCX9	2338
15vfdDnoeekj5RazUCXNZDE9CR15CFprJA	2338
1Dgr4r6cmyHu3nxZKFa9YXw5r8ZA31ucD1	2338
1LHQe9s6iE6snJenBYxvNaNfA6CnrBR6xy	2338
1BWKnYdM9TedjFvZ8CVX3XVLyVduX3kkiQ	2338
13m1X5FFxvE8pE5dmUn87VzJB6MbmyjiyZ	2338
18vwqx6AMxQZ7518xsypKa9Upe4dse8Dfo	2338
1MJTKm4WGEaK84Zk7fpdwDuQnw8bs6DGiP	2338
15i4SbnfoiWT7su1rBGQB82xU9y7mxUVeE	2338
bc1qrqwjykrxr9vr5nnxk2s6mrkzfr4ucvmdyk3e0a	2338
bc1q5t062ejppxranefye905zu3g0uqklpkl744k9z	2338
1DDvnNF32rosTqa9DTnuUiKBfaY2aeGfM8	2338
bc1qlc390yh8lgv879uzsrh56c8tyg4hmek3d8xgf6	2338
13DbetzjrVSdeqeViUuspJiRJFBQemXRR7	2338
bc1qnnyaga900es40vcn0ygkrc5el7pn0shskka4tp	2338
15C9ncjVjyGNswKpnfWejrtFh4FQjXsxPL	2338
12xisDu1R49j4KpUjLYXE5qh4gvupK7xxm	2338
1CpNeDCXuMozRLz8dEJaQqdUshzgL1mdCt	2338
bc1q67yg0rltujj2yfucvgla994vegfulj8cxu98gr	2338
14hbErSbHVTAapNUhCSpjRp3j4dvszyzoV	2338
1NMUYvsUxyvx5Dvp9SrdRzacwNFB2rZHPv	2338
bc1qu5y6vhywpqjc26jf2vrkz70s2p9w99zwuy7g3k	2338
115XRr6nwnqdrdziMbrN1S1RLshkA8nrBT	2338
14e7K2Z35978fL8tk4irg3geR3obUzAwxP	2338
14BQoQzMbs6WachvcVg1dJXtTgTwBye3Up	2338
12g8yyv87FcpLCfWzphiLPn8aNte9b8uiE	2338
18AydfYonEZMwecCNdkGVZVgeNrTsEnasK	2338
1HSLyqNtisDPUz6VHURKmShnmf81Leqden	2338
bc1qrk04e345jav5zx58zamef06c9jfgsfccn5hg82	2338
189fyLzJSjVbgysAjkjn3SeoUqHsbjBaPL	2338
bc1qh5tj3v9gvn2yfpvjdtl8yjsyxvdd3q52k5p9av	2338
1AEvsfAirYoRx4tZy1JiCyB642UJEdjsDU	2338
1Hsxmz4s8v9EqdtW6KdTCzyDT4GiRGS6Qn	2338
1J3PVMqqspQ15wagg7o618P3JHncY3AH5f	2338
1393N49amAqir94RWSemmpTqtBmXTk72sh	2338
18TRQSZCmja19daHi59fG4DhxmJyNCta1E	2338
bc1qh2pkt6gkra0a8h3x5pqenuk0h79wr6rwv5wppu	2338
bc1qsmj2nularsez62yqn42hjsxcu6uqf3jreazdpv	2338
14VQv5Hicb5tT9ebdC2HGsc19qh7vfR2A6	2338
39dJ8MR2yJvmRduEZvnqKG8Ab18LzSBJVT	2338
bc1qf5kgtjl3wfdkjhtvqu0xjlrd2m2f99vzjufkep	2338
3N6JxZGR3Zdyewqe3ZTVvYCLDLuuyVKnSN	2338
1CscTfY3f6YcuqsqozfaiiEaWEwM7Z3VVM	2338
1Ax6NMhvYZ3TMS7oaVGWgWb572rPx1QX37	2338
1MsEgZHc3vQNCZVdb4ADVF5DVrXJSg4FXP	2338
1FLvZWgg5TRVWvs7sXWKnpKmmpvUUhsVp5	2338
bc1qf8wh37nmsnjvrk9p9g072mspqh6zdhrpe0qt77	2338
1PXd8T8oxeLXJK4onxCDcPK1ifMDYDN9Sf	2338
bc1q4e7p99zlx48pszj309c7m962jqrhh4naj9m20u	2338
bc1qnz4g4hwtck6h3yxlkhxpd08zhh92hyuc9lfcug	2338
1CCXhpvZpq3mKzzHCk5t3XdehRqZJc58jT	2338
3GKoAjwrFfCK4vYmDFaLhExyJ4rqJS5UsP	2338
bc1qrw6kjvajkdxnc0kcnvfrhh3k25zsqz2ajx9uek	2338
bc1qx8fcwwjpyy0uyvm6j6q2dgc74u0vurjw8sj7hh	2338
bc1qd428sngtwy7duh5d4snkfz0th9jxr0jq52hzf7	2338
1Q9BFPH9SvHYHcncwhJkBxfMLLwG9QvUFX	2338
1AHPUdjkAYr6QqAXPiraheji8Gsisdzpxy	2338
1GLV65gAsc5Rh2oZkdRJpsjjvwU2PSy2hA	2338
1LD1RLuhoci2N1bqZvJ3qo38zYG6QzhV18	2338
1PJJYA4abJsAFCoefchnxWUBeQVhbkaKPr	2338
1J1Mrb1tVpfTR6NskC5YSxXCkHsDYRM7jZ	2338
12EQoz947xzHYLsrssatoKKq4UGY7ZWYpK	2338
bc1qj5aj5tqrzwwrzh2yvl80s36x8svdzsz4paexfc	2338
bc1q76xa9rvhwecnr3ukhy5t99s3p3a3xd84a9p7uz	2338
1GU4JUmWphb2hWTPrXnkicRWwbKUh5Uma	2338
bc1q48uhtygvw5a7a56sxuxrlgayzr7y7h2y3ejunp	2338
bc1qxquue6uc2tvs5qt79drqvems68zckp4wa7pjt7	2338
bc1qwzvkegw2phdt9puf6gxtg3fvjeuy6hyzw0090e	2338
bc1qeaep96aw75fhajpny9jardg6rj0sgkkml04782	2338
1GFx3rzjJ1ybpMpTTncwztHW3bUFZ5hFma	2338
1JU6syo6zzxcVQfGqqCaj8VFGxZgz6haVA	2338
bc1qd4dtvvhxsz0us70fr7ajq2p8lrrxkk7q3kk846	2338
1NpPo5JkaLn45TysWX88iVD3uCtezPKSFn	2338
3KtzqxXRiQbsTR6utfWbWQT1HN9RpnDsAB	2338
bc1qemx369cazdamm07mvzhsaqkveywv3w37dxcly0	2338
16MpCXmXUayYxombvnZDGhfBBU1C1Rwd2E	2338
14i7SBjX8Dp8pY5bPk2Mfhv982EApAu7fK	2338
3JT5ETnzsVKmMyQjbebLhfcMkeRNoJYGUG	2338
1M32nhEwxcncyP4igKGKqXBMh2s7YFDmKy	2338
1LRXDfsAjyLzY4KMQkWKmwadz1gQs9mSS3	2338
39HeBFe1YyEWs1Cn82UyMPNPHaeRpAYrwD	2338
1FFCG8M6sPueS4pmXwHEYtDrPekYj23rNf	2338
1PbY2FhLLuyAZbRyhu8nQpCgQupDK9KLKw	2338
1MBtkVLaKr7yrWJBUL57qn57rtpJW4iZiV	2338
1QAfXypEKpw6qcee7CjDTboNRrztKVzKSz	2338
3AHdG3UfniBJeY94k4C5YoxwKmzDeNBFde	2338
bc1q3vl5zvl5k6c52yut7hjcu2nsfkat4jm2pp7ry0	2338
bc1q445wklvqsk5l5v3q8njxs8uq07n0qxzc4f2agh	2338
1A7oXJUnVwpuBTnwXuaYrrko2bjbsHikfZ	2338
bc1qvtxzprfrnuym6ezsma3049e24vwkqkpg8dhwu8	2338
1btMP1vhNhKHU95Ev8pjgNPZE4q8BShfX	2338
1DBk6DGcTgCQrptBcYABMGZpwWqXu87Eg9	2338
1gXxCMayNv1isYHxgAHk7xpwLQk5ix6DD	2338
14Jpa9GsnH6KYkiUA1dSkRsYh7ucxkkwmM	2338
121vj1Tavc3PYN2Qxi3DoCcmqwiCvkMY74	2338
bc1q94y83yzn9thpf0ael84yyvnml3ycnj9j63h7mhyrscx7z06enezsqkfflx	2338
125uroZXcyv3MKJn6UbHCJyuLdssovGeek	2338
bc1qah4q3fsajcuaxwyfv6t0yxv8kpqvqe2c9melxc	2338
1K5TaZ5vcPyYnT3nRTnqCYkNnCCZhNP3Jq	2338
19DiwxkDfKFpmyFCAXCvf5R65BBxcq7uhy	2338
1ADnxnQSvY24MjMLFCE16LFvmMCMysDjh7	2338
1MF2WbptPpY1vB4mVic4kZUN3J2XofAtV5	2338
1JCoGMp7qSJc5yVDEtedLbkWsUTaifMRwt	2338
1FS7rW7v4NxVXjD7CbSJxF22ntCAuceiUc	2338
1PrvHbkJ5P9jiGcieE2YTMSDvyfF3hd7ZN	2338
1PkZQ6HxPJLir2MgLK72vzw4MvnQSQXo2v	2338
bc1qteklqecctw6e4qn6dhx92yv6w3j4eu7g4y7vu3	2338
16Hk6Vkqf4L7rugbUYFtfHZEnE2gMy1TZA	2338
bc1qupztrv9zu98xa45em2qsnwvr3z474850y4247k	2338
bc1qdv3pm3lkfpnsx0zvfd2vkvfauyv4640xhwwhzgfs3hyu2ls7fjfsmh6kxn	2338
bc1q4qck2y7tet7r7x4sgatxavn6p2z7ucst97xzjs	2338
374LQxJqxR7Uq7nsEd73w1AHzFqfTtYpGn	2338
1JpVhbfwN1GAncubMejBn765hKP593z6F6	2338
3PaqxEiJiLjwyefjcWLBWdxWsJZVryPBoQ	2338
14yrXQZWPDjzg9D3ucKNUjx9DbU1akepKV	2338
bc1qh0jut4sxamaaxcl2gawekxzdjsg73vez27glay	2338
bc1ppd2pjphfww0fv4zzw3w2vxa5e5e3zzh8r6ndjksxrxvxfgrwcwzs9wumwh	2338
1Fi8keor5RD9qNMmrpDebawJzqw7MFq9Go	2338
1ECacyPuQh98hrGs4kRtLyxiMR7iEzeqP7	2338
145HgCEUbUkjgz4EF5SkEYPi8mjNmKgdXp	2338
1Py7dQ7Vu2hjVupjDgcHH1qfDqJdo5upPx	2338
bc1q696argawccjjxhe4asavh5sguyeh8ccwf044t4	2338
19fGSuE5daE9n2AdEFgPuTYn2KqcaCGrrY	2338
1CUWeavs4HcYKBy4pM8iqemQfxCUBarrYD	2338
bc1qfydzwgkhc0f6966p0knd8hm874ymnnqrq6n86j	2338
bc1qpl0wydg0tygm7y4vz2437jefskvnn2jjjdgnxd	2338
bc1qwkzywxmx0f5etf79szeuvapafy088v57ncqu5h	2338
bc1qkwmrqnyrjuewequ808txczahevt64252w6l6e2	2338
17kMHpSiv3gRUHn1Bx5Uya6UJfTmM4o21F	2338
1DDbYHfHUoXHCzdYqe6HRxrVCvnh7TsnjT	2338
19AsK6TCpQDj5ZsipTx7j8wzRvUL2awYWD	2338
bc1qvu508r0mtrrmzuu0xym9hae2n7ulj2self3cgh	2338
bc1q8ywm0zvzs26du9n9y3t0lzv8hcal4ey72ezret	2338
bc1qlgpynuccady78gpduzwh9gz969npmn8fxmf4cc	2338
bc1qm8gsc3mjal472t52kc0pa4han3te6calmnregq	2338
1F8khEYsJJgfFagyG1Hya9MzVLzPc1bM8Y	2338
19G68zhoovFMTdp2FVotC5APp8YvuKxaQX	2338
1B2nGyfy3Yej5zTndpaYVhPYWbW3J8onQH	2338
1hpAzWz6x4KR4uLxoua8zcqV7pqcyuJPs	2338
379nd6RoR9WexJbCcmHvhVVnv67P2jre9B	2338
1CfhELa6DaevTE8bSoRhD6Vxqqj4kqAFBq	2338
bc1qw3jhmwcyux99f6kp45se47yj48xwyqzl2m40uj	2338
1HvEqgseY1ExNgEzvaoUzbikqVRFeGHLEK	2338
bc1qjfgavzlfkml9xpylcq44k83wu3h6khxrqjdz4h	2338
bc1q2zx8lfhvf2mu5xywa6xxs0l9j3n48x899nxcgp	2338
1CDraZhthCcAZcCaGHmBG1xML3HE6CLfw4	2338
bc1qh5p920nzx5hw83d9urqrul9cdqx5azh4sthng9	2338
bc1qmk6qc9mt2h5zjkvz0wk84jsd792mr0xx56endtxh04mxutlny0nsehvlgm	2338
1CJ1o71W1cCWZdbRdVX6vmXR9EH12XBn6b	2338
bc1q3zw2j3vyq79rp3h6q46p2t8ap39lpqr0kp6hqd	2338
13bnL4R5aZJ8dGn5LB3B6idEqCJc1fxztp	2338
1KN3x9bocsULoXQUUGC8jpRNTFSJY6sng7	2338
126LYDYSrBhP8nqkHDvTfTaQtnztqLdps7	2338
3Fqz2UDxdua21jCcNaMWx7KP8DCqkHDHYe	2338
1CFf7LTKLMPiyJABxpH7qL1XgbFgkqMFHn	2338
1CBeoun5j5F1FN3Rv6LvWth9hCdmb7xhGJ	2338
bc1qfcmqtft2qml37qs8p4xc9qhrf6tv4hkuwp6da2	2338
1PF9w7GQc8hBwcyvA6HnU4Gd8J4csekh9L	2338
1B3H17vuqC11WvVZsejnTueE7sobZwRXuu	2338
1MF61wPexgqJXYw9t2hHKH5X9VeVaGKGFd	2338
bc1qg75nm38fuzcep82m495x35a3ttmjtuc74myy38	2338
1J1TeiuJQ9jHkkgNFNoUurRgCHvarABTBA	2338
1WPyGryaw7K82FGA3Ag7Z5wgLDMFaR8jy	2338
1PV6SWPriTtW4BwbsBrAH6nmprCrJXhKiH	2338
3KcoW8VgY1gGAfPUAa14rGpSt2DFnLEvu6	2338
1KZB6G5DRG1cooM2L282UhsJSgUDQQiJgV	2338
1siMpK2nXYRm51fPBa8kxCp1P585D7rvk	2338
18SNuLctsAGFVuXMViip9dzYEfi7zWhDkK	2338
3QSbbCUtPLx3vrNVzQ8ux9E1SsgECEq8nn	2338
1CsdBgE6Rra9VoP5VTLxPNzqMouLjpbLqt	2338
1D1waGVPYuCw8oWe2L6wgddkrCHbQqwDPf	2338
17RW8SJd6QoTBME9a9W4XZ9ty5R2Lf1UTp	2338
15JKymx67n8e5naeVyM69GAsD8A5StrzHN	2338
bc1q3yxvzh2t7r2qyhedv78n2n27wjn9ya7z48lkdw	2338
32fkLY5twA85GYKbxspNmm75eiEKpLBS6a	2338
1332A1KkW8TVcsrgXEo1FyZhADaNBF6HMN	2338
33RsJhBbctqdqLidM8rHqDpUL1ET8nWWG2	2338
bc1qsa09maltdet6gr3v4j5dxf7zuzw5y6m95glejl	2338
1Ky18nXKFvWcSx7gJzkBh4VAsFqy3zCiF1	2338
3Giwg4VRkeD1kh5RpeZad8BJfhr1LQxd3z	2338
1BqdJ9uKj7ABvgiriC8JLnvsa6LtdcdpAr	2338
1358tfNiddi5YJb4xmFJvxQVTUtez3CN5a	2338
38YiQyH5BuiwutWhteVHmHFzoJBvDUEF7x	2338
12KQK6fzZRgYjsNCcKv2g9br8Gdw1NG5nJ	2338
3MNSwCR8xgi8MeojX7Veu1BH3cwVBPdRXe	2338
bc1q200q4mujjkw66p566vk95uwpar0cp8w3sh4z5a	2338
bc1quvcuzz7my6szhuxm0wfu3du8nju3ycjqer7anz	2338
1GadodE4dJoekKykk1NxxQdCcHgYbwMJbB	2338
1K6x9QQf3CnZmw1RndBikE7XM4NHqXVGVA	2338
14R7oPZpBDVZwsLsVMkcq84ZDxXQc1n7fX	2338
13Jrkp54mpN6z4muH3dfTDA9uCmK7bLXu1	2338
1RmDLCMcgo17md5wNAPtQT3RPMbz1u5Sh	2338
1Hb3CcU6DSjFJSE8onAWwynwvKgEwwcZNe	2338
1GYnwDN4Vyh7hay2HW2D9Bb4fBaRdEhyrz	2338
bc1q2nm5w3ssudds6qqrsfjyflzesr4enjcqu53gr8	2338
19pwJpPwLUdDss5bucGXZ9kDW6KiRfGwgK	2338
1BbiRtpeqLWbLfYQSqgYT3cTJLQajZmMxn	2338
19dv9VHEKiDQ2LM98rkrTrvjApF1ztvsR7	2338
bc1qm09d6uedmvyk2p7rqjnv8xd7y5xwcfvt0jefjw	2338
bc1q64qeycmed5mvq0dq3qvgsuzrdahqgpp42kd60k	2338
1KCQp8ghw5XWkWeMRiyAMk5uAS6jmwgVQ4	2338
155JTnGx3xog45kZZS9njNPxAkPBzVhAct	2338
17peyh6tTxbfecvzzVHyWZ7eMJJVduWPv7	2338
1CmUCHeNSrTTjXrNNmEpk66tdXwgkuJPT5	2338
bc1qce3gkl64aaq4huwj2xf6368rccw5sq90qcf9n6	2338
bc1qc2agvah5mk9uteal0x9dtn7eycghv4gmyu5rxv	2338
3HvK7zMgGLPxNxJuoK1PBqS16we1La5hAf	2338
1DxNynjjvEdiNiZ9uaCYsezHWY6Afoz1Fd	2338
bc1qvn8tv3q0rtzt2ns4995rhswzf5aejqekmj49fq	2338
1FZt5mrFY1K5kEhxT7m1Hh8jc2x7rzR1Ee	2338
1GRsCK8RnDxs9Rj7eZTP6FGY7UeHmncsS5	2338
17fmUGgnY9mWzcZHLXuuF7k6Eh5w8aYsW9	2338
1FFBGbjT1E3wsH6mUbketpu9VFSanRkE1v	2338
bc1qctakq27gff0g5q8d5m5syz09dgjct4lucmmymt	2338
1B3uJX9Bdj8VTbqQQGSwvXGCTUj91ybzXQ	2338
18Nx9bzKczzck3ev3q1xhHD4owgmHTJUqh	2338
12oADewWSpCZqE1VY489KkFaE9tr42KSjP	2338
bc1qspw0m5vwxnefk47h82zyuwkwsnyhykumg6vhx4	2338
17qHYphaeL8VA2wVkHmjkU5LMADNu2PaDv	2338
19Xbt4CohHDCyQC1sTvZerpbdNnVGXGw2b	2338
bc1q04tuay49kwlgpqpgm8xuezn8v9fnek6586d0jz	2338
1CnrkpgSRTfN6AM83DRzTeC276XkznojSK	2338
bc1qh0gfy2e7evsq5ynu302wz6jrjqvu565u8r6l9c	2338
bc1q82cxt5sgxhf8d0sqet685x8tudgqpcm0adlgq9	2338
1CijzBWCzgmiwwJ9KE9sddBd1mcn9HXEZT	2338
13nqDedrPQCHU87oxHRsnYSaZg9QRmHgNU	2338
bc1qjmzvzldh43vgpakn8newqk90g6zpkh23a074zz	2338
bc1qmjc0wcumymsl6h6xhg9xsh2hfvvnvadryrj2q6	2338
bc1qm2jyd0jz9nls2cqe6f82pnsg5m3shh0epfpdzm	2338
bc1q3r5r7274ezdsznt4p03ep84u8uhv2gdwgfc3zk	2338
35VEi35HR5jL3qpubAaAY7kQ5qjtSbmGsY	2338
1HjxgbwdikDpGDo4pM2v9mEf6yazRFVNCh	2338
1AgX6feycvd9RMCTh4YEaVUNrVqvavfXPV	2338
39UyrWEjmRXvETnfr8ngq4ET6Wae93LVDu	2338
bc1qsflyxxesgtud8jplklfd6q7v9thn8yuyyh7pmt	2338
1HDjNqxGB6KGF1hVyM4LfATb4fr8tYc6mv	2338
bc1qtm28renhcawpvclqp2gd3qkfr4p8s0ckxa4fup	2338
194ukNDQ6R943eKcJiQHdNrJijJHoxHc4b	2338
1BDsKD95CWrKC8u6zZSxPWTHzzv6Rdkph1	2338
1LCNzxyNWov43cQJAJ5vxmGwKmN5yMySqJ	2338
189QjxY5E9n9YXHSRd46YFVcabwHiM5sHy	2338
1FexPAkUNUpRFGhSaM1UrmR5Z3A9x6kaSX	2338
bc1qssyxjgfsqx4h8pzhzcv4recduavj9pn2ufgcnn	2338
3GBZvb9irtb9NYutVfXanUkN5iPjrfW1Br	2338
16sZkB5gpMgUhQQ3QCWtGYKD7vrusvJw1L	2338
15yRq7iemNsdhZvJRH8GE1Qd2zHKMMWoYc	2338
1E9i9vjKvDu5wxU1LLSHktq1RszUS2fju9	2338
3345oagqx7Z9KbcmnSJfiFtt6xJodUPGmp	2338
18GkpTJ3Ga9bPVCb7GJD6vqKgJ5jk8dFnM	2338
3FzqFNfxHvdeAv5cybd5voQY5Yq6poy81k	2338
1LvH9jPH7qcWyomVXJLD2mwNxmxbi6yEpv	2338
bc1qeesgsw8zphwmsk75fv3625ngwmkerju5zajqm5	2338
bc1q9huyq7kfkkwfqxuf4fx7nrezls66424dpuuwfg	2338
1WhvLW7Bwif2Q79ffsmUJUNqeq43S2gbi	2338
133qrd3wcqTVyLx24NYFWZrtEujjpXJqEu	2338
1D1ydeFnRtt1sapwqBc3CXEykReSDHMMJB	2338
1Cz9Afi7y95rcP6haZeT4A1j2KQpdUPHJK	2338
16samwNqmHJ3qHyk6dBK1zBpyh9DiFpZZn	2338
3PCuzaw5fbfHJqY4za1v5uSuU1KMnUgm6S	2338
bc1qttvmrgzhm2za2m74juclmekemwh5n98ac64q0x	2338
1QBsMh8avN4HZYrH6RDQKvREEyfgnsTyf	2338
bc1qd0sm3cvjwwqq9xct43jrg6wlqltvfqmy9lhzay	2338
bc1q6nyakx3rsy7yjn8522uxwsyh398p3yhsv5j776	2338
bc1qxwlrcyspcnskkjdevenm2yqynwpgxq4mwkajj6	2338
bc1qqmyrfvggqh2j2ut57a09tkqq3g0rd8wncg3axs	2338
3Qu24P5pkeEcQqKysApXcbKvo7hrYhUMyK	2338
16DE3eeyxKBNCmqpPzbs8DCDWydxVUJpp8	2338
1PmrRffheEvz9WVPdLp4UaKx9CUVDjYWa8	2338
bc1qztedqzf3lujqhj36sza362rhru6uap3jjqlmyj	2338
1HGG1SXDZH8gnLSVUFS2rbJnAMUH1kv7ce	2338
1HFPmT5CMdtnFEhVdHo6JK3Pxsq2zm3YMX	2338
1JF9aTkdPP54QEAqRZ4TktiQ1asaDroUiM	2338
14DTEhtdEy2gFS28TaaQUkSq78GQ7VXwKT	2338
bc1qfgpkfehgq0qya0e28wpn6sr5kz0njhpc52cmv6	2338
3M2QtpfKmDfMkpqJekatfuNnmMXv6DrdtS	2338
bc1qj6ye4kcf8ux09f7dcds5cr08wgya9dsxwm5rfe	2338
bc1qghjk6ew2j3qeawq5974lvlcxpkcknmskf8lp28	2338
16Pv1ek7G9pLnD2Cgs9BfUurKn7ZCVtof4	2338
1EoZko6moZ4pPrRjXeR3L1Dg6bZbWLJhPk	2338
1Pbu9tZcEAQ4vqysyahGHCV3bXYXMBfu8y	2338
12G2JgonNkR2wqKpuF7smwRJ4Kw19LQ91K	2338
1B7ZKtNY1BUcZ9XcxkGiSJxiMmFtSHG4Uu	2338
1EheUrocfM5xPaTLMZXeW2xan7snDDnA6C	2338
bc1qej8zsuzgr9k72lx40am8v0nh4hpxvfs53tq682	2338
3Ntu2j4HnE7oqQXEoSg6kpXXrTgcz28s1s	2338
bc1q28payrwa5x2rnttdtf7fs08rdnavamrqflkke8	2338
1Ff3skajBnxCNqkeneAVeuSs3PMFCGRPAu	2338
bc1q5tf5zpjey3372zqlqc2f0ekk3c6mn3z0ap479c	2338
bc1qt3jh3wyeucjf3dc7kw067zfq8exe9ay575p4tu	2338
17Xvxf4MzQa4UVzbfEwGrZSk5KRk5fpcRi	2338
17ZAxbfqjBt8fdqzwnQdHmLwq8GmZVyesS	2338
bc1q8wxue35ax7yha6gq9n2l9cyl8vuyx9n2wlscjd	2338
1HJ87kPMgF55d1PW9HPt2EdBp3sF7sd2Rm	2338
1CH7vL4QNDXcUERMgNWkPoshdWWsL1UpzK	2338
14vGL3Z97rSiGbzetpUsVr7AE9hXMXLqtd	2338
bc1qshqm655syzy2dtk4ycj9pgl04m4k59n2frzw6j	2338
1524teUF4FXVVqTBZuRBpjBw5ZYKML9XyW	2338
bc1qywcpn2wpf6c6u2dxvj6ga22s503vu095w8pp92	2338
1C5DABaZFr636h6RjrGT3ivMXtcdhagg8G	2338
13aUNCYf5VoFVNmcj3Dni94yxYMnKGe3RG	2338
1BSNkTubTkcYdRSoTYTTBfLhkAEavp1JUv	2338
1Nzv566STuRyAQL25uJBy55zeRofBRUkSR	2338
bc1qr9fgrfhxj74zg0du9yaqf7hzmylnv2qj2z2gsw	2338
1L58qzxNQvAjaPM8gPDuPYhHpRviaYwvK7	2338
1EvrShcNEX3WxpDnyE8foLtLYoR12Hmdfh	2338
bc1qk3kfzw6jszzw6vvkwsr94ax7zvksuf680aysdc	2338
1FSWM6JPZH7BN1Ln3z7BiHsfNfpein6v2G	2338
1EQx2cB82PgwHn4afAxXDKPeN6YNvrF3rB	2338
18r5nA3MvtQFCPfojmwfpQRfSG7gfnKfYL	2338
122aSDQixFEfrcSqz8YQpbmW48Nvv1NdmB	2338
1ALqccdMbqxQAhdPmRJFKz8AhjpcAeqXiD	2338
bc1qpx58nl9fqx3rga0pa026y4wf4ra8dcfwundkkx	2338
1MHpBTLguh8g7MEPPmS5J9rLxeofeATGWN	2338
35PU7M9Wk2jGXkmDCYJ2XFNgSfz62Y4Jv9	2338
bc1q7usffa24tf7jpurhaey9nfhugdmju9n8sqsvw0	2338
16RMuGYBDqaC8ftqkQ5NDP7mUQ5qaTG6oB	2338
bc1quzxfr0d9ctm65w39gqdyeacpg9l6ndw7n83elg	2338
129ZzXPjsVDKSbkzoAE6kMpJpfWzM7bk8r	2338
1FSktjz1y1zY27uqpFgScYPz3cuqJyaFk2	2338
bc1pxj4tca4t5sc4m97f9u5xm3ys5mx0ga03u7znecsqsk5jkv2pv3rqkm8jks	2338
bc1qans8u6hxr9k38suf7cx7qwpev3scydv6u95seexq8tj3xw6ephds8jd4kf	2338
bc1qallze5deu40j5eq9pax4dsm0h2sk6h2dftyj2z	2338
1LX3KdoYcZCUsRAGk3kJFiwGLQe5LUC6EH	2338
16mvhQU1A1wRP9Lv9mtvzqRmZfM9XL2MLk	2338
13RE7Eor6h8rTfZPLjbEgux1K2PS5NchyJ	2338
36iHAidc1CpkLhNtFL7tvTzdi1yTyLCSrV	2338
1hghdJVmnWZqNemwmyEoEkWsBmNnhVzZX	2338
1B6fxBnHXcXZdCXhofBMXVUVgCEjqRMp8R	2338
13pQXYbiL7LZND4GLbxSQ6kXwMhKbLM5Y2	2338
1PEGtZA6By1uZmy2tkdaioMyEFXuFihcFN	2338
3FeWiMr5FgHuFYGQ4XKavoau1pke7zeHzH	2338
1CKtbXDBAioLo8u7NpEtCMdPeXFH88Kg6E	2338
1FgJRAZdNVqmgEtsh8td4Z67GzShmyeHH3	2338
1ENLdX71W8dmHpgjKFRHHmjbm5xnVCK7Pa	2338
1HmdWP3EHQcxsE6fL1Ps43oXTwcASM5P5D	2338
17oxYYxrt7NcRZTWGVQiFueQNMFh9M2EqC	2338
1BtQhftdJLr1sDhE3xiXMXcafHFcqycg6h	2338
bc1qewktex988fk4pg086nrlzujamepx3l0fwp8agf	2338
1Poh9K3cst8ykDtUd3ajTF9dESd89gL8gZ	2338
bc1qxcr6u3f59sltj9syufrn5ahux78ap4za60kxpj	2338
bc1qj40a996wjjnmkua0fht2kc5rvyuf9nh2s5lpr0	2338
148aiQxLXvmxuDg9eMnkfZ68XBjDFrdXDT	2338
1LAcr6WuCn5cM5RsodvZbxYiYssKYHXg2R	2338
1HVhFik16oBzoHM2NFGeD1kD3J5TvY4sdt	2338
38V18L6QVszRRyUvqS3Wi9s5mtfVq2dcZr	2338
1FQD8ki5KWCFwh53yXvWc7GruzetS71yK4	2338
14NoWhVFJajVwsk6Wn6tNtGms7mvHqni9v	2338
bc1q64gfllglqx90mnw7357cahdykgz4qzgd97q2h8	2338
bc1qnjf8hhaawea6exfcgxua909ecv3zd80pw6c3hz	2338
17vYEf1Wh4LtUZHgTXYko4NGsHSFU6rgDg	2338
1KLrkrTHyPQrfcfcCXwvht2pefKEP665Ru	2338
bc1qxh925vaqvwf57yavj5uq8e5k869fjwcwqh3y6c	2338
14AwwdEi5haRoZh51WLSMe1659feuE6jgc	2338
1Pdxn7Jw5QJxBYaBX3mCsoCzVDXJRfMMXp	2338
bc1qk07mecqrhtqgsf44cfx63vkskppxfs8amu00zn	2338
16A7184q6YdUirbfxSzqaM4GEy4FMnF9k7	2338
18xyGAmSWJ5dVfJSKdfmR9UshTBNTMXnJs	2338
bc1qeuh6mthhuqr7fvwppfggfezt4t6y27unfclczh	2338
1BsurBkzNXGuZ2qTf7mAP9MGKxDrSxG65C	2338
1EGqeYX9G2DnRbSkWk4TD7Xtrx8YBimAkv	2338
1JRGZyZXbdGiQsz4okBed44oMnGqTFcLqA	2338
1J2qSJmZivfai2mN7nNwZ4JracdmYQAggn	2338
bc1qgq4ycnpwcqnrjju32n755hmq96r38m6jqzrd80	2338
bc1q9jd64yxa7c3yurf6ht87pryu259672uer54k4fvs0dqupl6f7fqspylsej	2338
bc1qesdq8397scv0e5a9uu49937eqjt8cyqv6g5rvr	2338
1Lyk4WTQBLkwJEFmtRHpadVjswmdx5waAY	2338
3LnJpkoT246ZH9CQRNVw9XnnaD3Va44bKb	2338
1MXNZreiBDNxtwA9MFXwPBkYCPJdF4Kabm	2338
1A3D4H9RdZPYY3vg2DynG8LAeJqcT7Tch6	2338
13eqJPmtERZkhfp2APhEwJ4crT3qRZffad	2338
1L2Kxf3yiGebGYmSnpZAKCqt1pLibNpdZy	2338
3766RoLdy2SkZ6iULnDX4mogjuxuppMwkd	2338
bc1q4s70h4fjtpxjtwf2npv7npn2cgc3c3xdcp0f03	2338
1F342xAqii6ZD7y9LYmYxtbi89fSGcZyc9	2338
19LaMq4QFZKjS7ndBeBPLDf8rkwUTGETW1	2338
17CPTpy6mrnSf51ajZWrGZe4AryfzjL1xn	2338
bc1qy7wxk0zdczhzpumdvl49x3tv46n2kadddtmp8hpp7js4gvnd8dlstm7zps	2338
1GTuJiNfA4DbP3NEJyLuuthZkbA7KcZxUB	2338
36tauvWjX4gmjeP47248XydbF2fo8N7fbv	2338
35DMNzj59przDpgVUnUzj5vJBo61ofTt4n	2338
1KYv9Zit6KinaaoAgAcjzghKisUyS5xD6X	2338
1LDqPfQAHi8sNLMCWtH4cqZF6m49XwDKnM	2338
bc1qkk7t7ek2eytu9su3y62lpwp46qzpeqhvp5sywr	2338
1FCb5rK4SSsXQKfRYFMeoYaiNKdUvj87qA	2338
bc1qczcuz6xeyjhtdh8nke6chc305yephxsmg3eqmx	2338
12UDvVuA9pDwRxDV1GYCFyTXr9ByYqmyA6	2338
1Fwbgd1xc3n8AzmjDjcUZ3CEmdqiCsaVRd	2338
1DX7dGWZT7MxjJCwBLNUEtsZK5JCxtVVPf	2338
1DWAdF48dDEw8aBd2DuHC2SiYmUJfErVbK	2338
39hnhyRu4nW3BW9Pxd2gMC7gyWb3dCNsKb	2338
1KVSBvBmg6aPymLUhCBvqSrWDqzDTiJAsb	2338
1P71Uc74RY1Q2Mz4goYzzakBggGovBhqAi	2338
1FwUYsU1cPGEy33uYhnPmUBPDFCV2mq3ig	2338
1Fu2vcTQRrRRwRtbMvYwgDzf15XJkty38G	2338
31vxgsLR7vqvTKjiaiQ5zNxVsQfAeEt9KK	2338
14g4LRshUbtfCHtXJQjsiFMhxEbEYEWdVr	2338
bc1qekfu9aedlttj9w9ugefhhuqypn74une2ejlpg5	2338
1KisrJtapksMvypTVCHcZcDDLeU3TGfPTH	2338
1P1pnrdt56wngga53B9kK3mqHxvJsikEsH	2338
1HqamzotsBddx1GEiehGMTHnae86cRpokm	2338
13CK5iSHxW927vdbx7oUuaXWEbYKdmLLa4	2338
1P5bDFQLm99pQMd4X9SfkJteRRQxeHpTuh	2338
bc1q875k983gvhgnlkkcxjt6yt8zdl7gx7ek4a97tn	2338
1BPHZTvrhPnYHUfhPWf6TYSGfXA35f3CPe	2338
1HXac6EvWhdqUJi2xk2JRN8sHgSAo3QgyY	2338
bc1qv6uxshssqt3ma80rrrf6qtuxncpuauqjp4u8jk	2338
18NniEdvK1mwCJ4b7NXcZPczqWcTsVT1Fk	2338
1BJS7okyDWxDNN7Cw27xDDrNP1t4obpPSm	2338
1HvL2sBzLPfVUdyiGcWW4u2c8nzN1LHPnJ	2338
bc1qrr7wa7cdlyd8cx99r2stfqkajnnegq7ajj00ag	2338
bc1qy9dmjz2a0rlvw24h7tjnn64tgfxana4anenq7w	2338
1JFAp6CJqzcsYubZMh25uekHdFUmnMatHM	2338
16jys6SgUCveymf7puDrU9VweF94hzd9Uy	2338
1GfvNhrQFM7At3HgJww9BUThr2eFZdYsw4	2338
1HDgJATPGDMc4hosgLp49tMYicdvFcS2FV	2338
1Ft9zee14LJSydmrZQ81rwXcDUGRw5CuLf	2338
bc1qywewwhr7hr2nt5yd3myh05cmnasuhamtakn5m8	2338
bc1q4d9wk67vpuwfrfqs895syu7h9qrrl2gmeg9ez7qcexhhmqt4vh2sylz9uz	2338
bc1qcccyzvvcj6wxteh58j04a4wg69jy6vs3hwqqtf	2338
1KBh3H3eFLsaTAbS2q7fvqHZ9icD9EPphe	2338
1Pq2cSHmAim3BjZyGMkiHtdKPCBkEDkHQy	2338
18VukH6Jzq9EeYM1mjexwQSse1rF1oyZ57	2338
16xkbRop9qefEWsyduCth1mbP18CtaUgcy	2338
bc1qkdh6l5pr9hq0rs4qpmumx42g6df24jkkqr9tnx	2338
15kStQA2FNvNg6afkudFskLKu5PhHS8kTj	2338
1EamSDM4rHRhGp1BgaXpY4W7w9oo51p14x	2338
bc1q0574xk65fsj4yempkyc6htgqkpg7eed72q6j25	2338
1Mo25ERJizr8vdxaRP6v2SbP316QUhVaK4	2338
bc1qn7r9tm79y8n524dfahmp9uh9flug6sj2e46flf	2338
3H4FYnxdXWtyz2KXJ3kNZCWTCEMSPP7p4y	2338
1LESs2pjsmk1FxZLo3ssnbQUTw2CsuWo1e	2338
1CYFnnrCGyjhcmNPxSFaF2kkzRbFBENnGS	2338
bc1qqa6alx0xqvmawu7kpu5wqtlnyx9gc5hazhg34f	2338
1KPg348uoYyRJXE7zeP14sp4MdHoJ3wYSr	2338
bc1qg6c6q6gfhmgcqavrdp8rmvf5wn082fl89ehq5w	2338
1AjK15VXMfGXjjeCYhQsR4UcaSNDZnJfvi	2338
1FWweMorvjcz64Rjin7RdMXvnqdCSRo7xv	2338
bc1q8mnc8egdlh72tx5txyfe324jqhnl6cp2ufa9ng	2338
1VpANbogBLE7GppFCEKKAsSJWGY4i5RGy	2338
17qLpP81Zf9CTBTGvbuJquK9CgM3BeJj4f	2338
bc1q2zltnpj7afwm0aq294t0phkx7y328z3fwku6vt	2338
12XHZok4KAhS7s6XP15McPrrwDvw6VZQoK	2338
bc1qh0f57zvl6rcc99hft3dssrh977s0e0l2fxa4kl	2338
13NtBgv5bCsD4Nsd39tHs7XwuF51Zk6oVT	2338
12p4o7oqJHh7N9ARyWrvh3g4GXrKtSHxUu	2338
15K3M57EapZZsqnzhSJAtpezQKXzYahVuD	2338
bc1qwpsfreqvy9qgy0ggcmx6064cpjne8vtk0mxmd9	2338
39SAngJJjL5Gv9We7gSqWRqr65mScaFUJm	2338
3Ej7EfsZVGw3oTziGGXMFKxFdtBz7ZVrt8	2338
1LUpCdkiJyHQp7es663PwGdmCctz8FnFTm	2338
bc1qln7a5v3at60vl77hjaraf3l3w2dfnxpu9f7cth	2338
3MkLHVxoS8Xi4bHm5SHLFGScG7RrGzTzzJ	2338
1oToHTY16hitHSKBcr2uA1Z2SdmiVMdz7	2338
bc1qrlw23rgef3yar9mjw92z864xytyzz9e73mr6p5	2338
1HVGY5QdfXtgPaHmNzzcdd665EmrDJnvqP	2338
3Ds23AeijoahiXynMtZAbaYiN3GMyTiGK6	2338
14w6516wKqUPhpDvW5c12WbbtfEjt5qjiC	2338
bc1qwwhmxduvte84gn2xyerawqc2d86pqwjlkkxnps	2338
1GdyLQPqbojthavEcTddCHK3XQfp1NVwKp	2338
1NefwouchcSs9YKh9Mp7ZoEYhEBLs4Q7TZ	2338
1CF352aynpQHhwAKf26ToXNbgJrZpTL2XQ	2338
38aw5FC5shiR3q8w7N4ak61tDW6uLWM3tE	2338
bc1qsvcuea6e7qg9ze72jtgwzctz9f7zxsq7axjxku	2337
1PedLTLUAKarifSq2oEjxAqE6bcxBShWii	2337
1JvHGHBkEpJkuJPRdvFqointWCpWuihrSq	2337
3EbDj5NjhfXWbSnUgVxvNMxWfnHG7bcmwT	2337
3BojpFaiQhTt6RatWJiLLSLHHCC452axYV	2337
bc1q880thmq6f9230ftkmqv9tvg4f40qzcem6e5nwt	2337
19GaAQxLsuBpFSGNdcMrZCdj3rrxBpRgqS	2337
1EBgSjSXEvmKPunfVbErbiH937AL2rnhpz	2337
bc1qdfe6dqyzjn4jwh5zq04zfsmshja6a7x7nuca9v	2337
1FbWL5Qm8iUUUiwZfqdsdth7PTDaRXMqPb	2337
16Ku8NHXpNBihugkyuCrToAoFUdsk737PA	2337
1LWvjtkvkQTwbXrLeGNcFZsc8fasvo7YaD	2337
bc1qkds32069r8yy6lgxvaeav4efrfx8a74kmap948	2337
1cHDbNo1hUN3xGHQ9F72UJeCNmxzEphbi	2337
16Ddgv5KYmJzfrUohrrdBDCsdtuw9JrFfc	2337
12wqhVUSjhGV4zoBcXP8i21i3TK78AnHA9	2337
bc1q4s6l2rqlur6fe84cvqhk0a0xxq4qmwq2qljtl5	2337
bc1qrpvxqefyt4fk9ckq0ndvzccrsa9cejuhee4y4x	2337
1NgDVsxy3t3orEM3UtKKtYgh5jMH4HpnsR	2337
16ideXGqoNStN2qWehGMWTb4wafVo4uKie	2337
1C26fwQaTh6E2W1ZvmWqiuuB8q5H2h4c2d	2337
13T5cbSX7MBbtxKYX8C7TYF4snBkj5jLa6	2337
bc1q5ws4gnk5ex43athj59n25lud6wpjgdx5r342t3	2337
1GujWGky8X8ikLnhH1jRpQdhyEA9BDKS9f	2337
1MbJf8LSb5fnfigew3XsVM37pgmA17MTw7	2337
bc1qa73hycjrurm5gxjus7l4gjdw5mu0qtcfu3yqqx	2337
35vizSxcyW6F8ZdGbwRuJXRvdP4DJwN4ht	2337
1LLwiNaEdmPyX6hgqzb52W4nuwSzgm9Cja	2337
1Du49yE8EQfQCWm18YoDw2WsKQdVoPsFBZ	2337
13Y7VMpne256NoNYm7dLtFKuNc3RNK2BYn	2337
13n7uDojSzY6v1KGrU9EukUToQdPuHiwcZ	2337
37w39HnEvDrw728DGXrn4cobPrP2niHo6E	2337
15t1zYyEkM9C1Ucpb8o79KxfkqaKSwTHTu	2337
12cjrCT43ynmw73C6wmCPsRr1JkPBeVvQx	2337
bc1qlh70t4symx84q25gr5k4ph0pxxuv0ns04gnyfc	2337
bc1qlv22w7mldgmp3ljmtt9yql82t96sllvttxq4n6	2337
3DXU4tuoCXBD5Dv9vq6ruXiVwUfe8MZMSG	2337
bc1qehcderquru5lzy2luasru6syf8krnvxzlcj7zp	2337
1NcGe8xW1oC5vgZZhBkvQvL8JogonNk1w6	2337
bc1qkhlnjjxtx3hcsvnf6cfgyv9f5jmhga3ncmy3s3	2337
bc1q756xc6w2m2jnl22g7kun4thcsnpl3f2wv6v7az	2337
38cqc33oXn4yi8dHf4VFVX9rze1o3wsw8t	2337
bc1qjqm9t8ph8uru8ae5ej2r8nwyvp8ph9jcywsjwr	2337
16xgB7QaxG1VPCHu54oZtNbiQgSLPksa85	2337
bc1qgs72levzp8nkuzldmu9p40lc8xnckevzk0z5rxraqcphv7s7wdaswln06u	2337
3CwgAtpcRahERruQqtJtixqEgySv3QHeDD	2337
bc1qjkd4zpah6kaquw4zx8uv7llr4rzs0exfqv2j88	2337
bc1q5usd28lxlxzjwpa98hnpmk7rq98y3eay44nmcv	2337
bc1qnmht7tmp7ctn5rjkwqn9ffn9ujwhfajucp7euj	2337
3PcAU8h7opcnwLzkZrrPuQ6XjBXTVPQiJ7	2337
1JVvhCz6DoMnM3s7FcWtVaABqHp3JCgrbr	2337
1Frv4Kp3bGqWKkks17TRYrC3biq3X34Tf6	2337
1K5JntcrY36VjmwDnh7bjjFrGKpyFjU5CC	2337
3MTyhAWKEzoh9VjXNqE64iUb5Fe2fEMGuY	2337
1CDSncDdDaX9AVzAArRxCm3Z7M1HX4WHqM	2337
1BT4icJRPVMqq9cZnzAZmxAjE4MbJYamDs	2337
17876PvfwD7f7NNkApRANRcnZNt3oWbYis	2337
14StEXmKQk8HdGzvAv2aXts55AzDXDiQ2N	2337
1GeRiB7gL1GK9wCUMQTRBF5wDd5LDPmeZe	2337
349ak25akegKkY7iqq5RXyEqZu9RsBucSE	2337
1Jxw8pPpRCmcPGDjAo1cJ2FkNL12PFCaSk	2337
bc1q0ud7gygd2lv9gl5axzvzmnut2q9j6zc9fsr87y	2337
12pGEVzmXFSPhUvxcusPxYCGhFdeNRMAHS	2337
bc1qewanxp4gaqhxaglvyetvdqc77aqhdntrcf87rq	2337
1BNUbUfuPzGuChfkyhw54svnygyJjcKcMy	2337
bc1q4wm7td7zj5qvmm87wgnsnta5d0med388fkzw68	2337
3F2D4D1QXfyaWQLXuPr2eg5G9vkeJ3NcoA	2337
1MKQ8PiNirVRQjfu7hLVz2mF21ZCskrHPY	2337
1AfHSy3QSW5fdu5NkPp2fZijhcq1ozxCrz	2337
3DpCmG66rXGHmqRM4wZvjUW2MvmUWnbwxu	2337
1GFBWsEQmdaEnmUDBVfZrCFMUrT1sWY8hV	2337
bc1qdmanwac3vleexdcqudypvjwcyxs3k93crhxqlg	2337
1CWCbhPcJrsQyvxHaDYeBvHyr52N3X5V7P	2337
bc1qq9xz7a4v3dwkm0slq7c6kgwvh5tzdglhhngxp3	2337
15V7RMVM5WiVFb8zBRq5dZbMvYwdTkS9w1	2337
bc1q800guux0w80ltsh5ttukhkcceuq2y9hpaqrj3k	2337
1LxXXMYE3frAN9R6zema1DCqNbph8Qdqpg	2337
bc1qfn8t6yvd87e0csrxyxff8vudg5pz6vs9xxav06	2337
1xWtM57wAvCo7vtVMpCQjezw1qBFTPHMm	2337
1816mg4NTpbRqgjq3ViexFLGz4BDV7eyBh	2337
1B9aWp2fzLHHsSSmKqdvqv87sC9vzCeoU8	2337
1QSBmJ1uu2QYW4dTrgBVMqXuuofiZ55je	2337
1E9Tx1rQFFmYGxiG5KZeocBBtzCRnQoJmg	2337
bc1q0ztyyq9vhfxdktnrq5m2a6a0ms9fw9ww9x4qlr	2337
1HRkZBYJ4jbwL93yC4xgh5XZBCmeFnRcUk	2337
1KDYwmgsdk4ywAKsQ8fnFTS71qjarxaR7X	2337
1HpQaaiUztoeppfnR7N3xNy4qyqTWmMhKJ	2337
15EZxKMLraVnQuJ5oH7AjQuYec1j12Y4zo	2337
1AaxrPAwgLmsjo2JP4YSRi4FJXEPtGS2s5	2337
1MRbAtgDHVsKt36asbWDfLDMv6438mrtjR	2337
1GSczxP8YT6A6uELb8JJ3ACGJTAqFWRTiJ	2337
14DVniptoTwigEf5tDeYyogcCHT847Yk13	2337
bc1qh56zvjeecu2s0py50yhdkea56wexczsuzmj94g	2337
bc1ql0vkrtvmfy3k2j6rzys4s509y0xd4e7g6w60m9	2337
14snJEZjrUzQZgF6EK6FQx8NQXkFrpG8b4	2337
1BmpeeUKVJarx7DsRx8QQU4bHBwvUwtsYh	2337
1HMCNmF81GAJ4WYW4pYPrZwGV6z5jC835J	2337
33D5BDWgxWcYfaf9287ibARML68vs1sd5X	2337
3AnYKtoDchPK2BUBTDkZArybzPUN44feYy	2337
bc1qu8fpngwnwrx98sq5pmh9k9wvmwtlrwx90z0ugx	2337
3PQmuktvCzcsnvqJf1bqLqNEHU9s1o8Z9X	2337
1ihfeA79WGHhbKKPcm7EYmpaCfj337BpQ	2337
1279iakm26Qox92FKVXWnYC55pa8db89Xw	2337
3CuNo13pkYdkyZLegbzF9VfCQunLP5H7vs	2337
bc1qkyll406c6qfmejst9qjwkcgkl396lw6md0h3va	2337
bc1qww9q3nf8zwyu8g552st64j8la746zyk2qss4sc	2337
bc1qy8w6dtjyaf0eq8vzcz95jz4m29pp5dja328fe3	2337
bc1q05gm5q8wa0lvtpnuw8pdw3rly9may2v8jspsj8	2337
19H5DDgE7fHxMedyQRZmRdLrwUHFSxK8bf	2337
1EhbmyHRZPnaaGQcK8WQ7TSN5XBFiJ5vtw	2337
1HUgRDLEUGoydcm2CCxsDe8tYCHK5VQqJR	2337
1NJKEyQNT5TmK3ntUjTgkKaUM8Sqd2AY21	2337
1Ko9M5GDH8UzXgg5SopA42FL5QqV3AsxP1	2337
1JsiW9p42mD3T1H2wHH5yq8WhzKyoemewv	2337
bc1q95wqa25c4l5l6h264vjykl7frvuhav6wf0j530	2337
bc1qxewh0qm7qza9gxn0y3mwuqccge82xns9vrz5qr	2337
19zEBBWvQNYdzzno6WcHHnniw5R6q3TMG1	2337
13EWrQ4FMSxpxYHhp3hapYftepewbvnABs	2337
3EhhqHtsDLad28ytz8iuyrcTRHUwAWdYLs	2337
16rr2txwXsRrb4zHijdXcd3wA9KcVQoPt8	2337
34hXxEPBGGxUG7Uw5ueNeGqZH5pPWWrn2y	2337
bc1qjf9awd469nnlnl6wzkt3vxl8el2qdp37zdfrl0	2337
bc1qvm40d55aydydnpg60khag5hplxp2d7mpnzpg5d	2337
1HXN9q2sHj5rVAxocVXeU1dS2y3uNtQc2D	2337
1LpJQfHsLq6P3JUwZufyybQ426hx7XTRfc	2337
12ngTkaxWFr7z3LM27SujK3GLvyF9yj713	2337
1HVG6fd37Ao3pH3PpWhSCgSTZDXfwKWb7W	2337
bc1qszn2zefcparlw3np0vq3enud3v3zzxr6hkzhy9	2337
1JxvPPoHrCGcnFiPurd71oPVSnECuwhQbf	2337
1PbfPVfRS5LewEBtT5hUEMkDj6stKbDFsA	2337
3L5cy99D3rSXArQC1wuzYs9s2v8rPMwsUC	2337
bc1qg8dn55rsqtgx6rt8ypgujltgtvfhxwwlw3u0xx	2337
16HkxYzjShHHczE1bQHN9SLwqMgzfswW9X	2337
3LRiUP99oJ3ZT8xG8Qzp1QNKGjD8HsUynG	2337
1PXPaZFwJscZH8AgDjXex2d975CsH5G5UM	2337
1JaPxi9zyTJ7yMUgUJXFVJa6z1jp9DDgXA	2337
1wqqwsdspmPJWrbXgXAWjxvc1K7xZczna	2337
bc1qyv2pcn0fcg76jhagnqlwttqahzw5phe2q7jpxf	2337
1N7Z8KzJQwd7q8x6r5s6BH7JqfxodUv9gq	2337
bc1q33cgjswvw8cdn4s27jk2a4cx59c0mf5hlx982v	2337
19tPchqZMZduT7hGZoVzMuCTfYmt8XF2zP	2337
1HWVip1io39f7HMZfpUZ5fWk4xgdHXcXZ8	2337
15STaHVwcZtGLbN48kfBsh2jATLQE5oPit	2337
1Q4NtY4d21gZS7msoiw2U7kWsnvV4CPCvp	2337
1QF1toWFsmZgTmg77e6uuWji2w8d9fSvh9	2337
1D48uCfnv6k4DZaVshgjYiJrK9rtCAFiS8	2337
1FdQWeyKTY69zBZbXd7sTNkjMa2HXPLZeu	2337
1Nf9a9X5ss19xCdGjZF1A2n66HkpGBMQiC	2337
1K6quSf7ZYj9AqWrDL1FgH2HxBK7k9Yt3T	2337
1FNHkFJszLHyJJikaXEpJEQZkdQ5cSkZ9X	2337
3PELLuMRJcmgRQtA1xWT1JriRuD6QpJgEM	2337
bc1q9s5n8l6azkjf8n5wxr55sgr933egukwuxr6gv9	2337
16sZitV3Vt6acWBYubygFB1kNvzcXxoDG3	2337
1yXDimXPFZcgmkQZ5jBqiLAhaNLJkizoK	2337
1GFsaqdXrs8duHXzwe3x2VG3QesJiwZ8mY	2337
bc1q0kphdfanvsskqug6rzyadlgke8s7g59pnfsk2w	2337
1NFF7rJg1UcsDKJEsciVbtaNFBcqh8RTso	2337
bc1q5vqp42s4ssp68h5kj22jjah675k4ksfy5kpqcy	2337
3PrmhzV66WAMMkP3Ts6VafkzqdueXyc8xw	2337
bc1qfhkr9zjjr0hlpmvae28l5g2csrcewfgguhdkck	2337
bc1qajmwa2td94t2hmwr8zeszpgfzzvzhhv8ah4k9j	2337
1Njt7NPhwFaFxMYZyEKZv5a9vtFMgc4Ngq	2337
3PQnSnafvy8NQbrD2AoAPnAAkB8K1gUrh5	2337
bc1qutf5mpj0yd35dwvxaud0q8w4hydfyqzvwvtxw6	2337
1KbMgqQV14TAqzfzFrLxTSCmjM1yTqs8UH	2337
16py4mhS6pfxmRGmuCvDFyba5d7jXJMV9Y	2337
1D1hrZW3nCDWUS6GuZtRCbHUyAcEW9iwQn	2337
bc1qkswgpld0t0dn2wqw0tyk23thmyxdyh8tgrkhq6	2337
1MvRF3RucMMeE7RZsD3M8BpRXMpsqm74iT	2337
191MiTGsHVYqp12gJ5oB9c2Pf9JqAtkQAs	2337
bc1qkyrvs4uwk85esyvend0t8gfkvu3w6tmx0kp6d6	2337
13cdm1EcjYFtcTVuj2Y8iSAAjXxSnvwBBt	2337
bc1qgkpy6szyxncdrvfhhw7855wsf7qdqzq7r4euw4	2337
3Q7xeDx11KLCmZUYgnjMCMwAgyfy3wuxS6	2337
bc1q486722zhv8w6609733qusa7s93mxj74xv4swvj	2337
bc1q4zqjprcknng55xrtnjqep6su4harrtsdcllflr	2337
17CheXBEYC7N8RqbXmxntr4kgnNrBFcVuh	2337
12QgtrHx4ZAcoVJs1sxXFyAeH6iAXc2dM4	2337
13N5bzNPUQYEFVgErMKaxvepDBLmTZTqPn	2337
1MhgdGYWfgG5LpryBhyAQGiRrTQmg2ytsL	2337
1Lntwjk15GqRc4bEkXapGhZuAjNKoKy9Ji	2337
1E1YK4tYmT2QsWT4KVnDGvZYe7dfXAKizC	2337
3BCQpMJK7H1Eg8RQQU58EsC6CvyTsX4wQC	2337
1NNHgess71JWFQkif9U1SiudR8hKNfPkvZ	2337
18f3ahUcseho66JgTiyfQHLDrNXQXMEkmy	2337
191gtEGrYp959ocbRCtugTsHF4D3QruKwi	2337
1sXyYK6oBCZT4JduVpjKnAvJ9NHZPkWVg	2337
3GFpTzbX7fy9dJoeAog7n7UsjxgHsyL9cd	2337
1FFAcYPuopPyYGetVYLzfQeEroE5zV3p83	2337
1NzqRn5HKoX5NAPNXXRj5DcJixSgnsjJL7	2337
14aWpQ3gANUhF22jL92VDa3WRVppuswEUc	2337
1G6txLbDkYugwVab7BeSKFjnR9323Ufykh	2337
bc1q2rh0rckkgj8ynerrxrxsv0u53h8rztvnnch5y4	2337
39pfZpqTeoMa9RpeCw4kuT9QGcWg8DbwS5	2337
bc1q46pc97ugfpludughjd4g23s6vudycl2f4nvyp3	2337
1CPYJZZeUCmc84aszdDNph7v2bZipQRE7P	2337
bc1qz3xg5jfnqws7ad60v72hwk5trx4d6zcxxesetu	2337
12F7uDjjx9P8HVWf5xe2Df4ZTwQ897Yb26	2337
39kEz3DHGXFuByUzmxyYytTRGYtgHe3Saj	2337
13DXSixTcyfbQX3ASGUs5VeKPug9WeJkWs	2337
18MZRjV7NwrFDmWK8n6cMR7SDBG9H7J3Pu	2337
1B8SHFK2w6Akgq3nQQaSe3p8bcrXvighdP	2337
1CPVJ8u19jkucr9UpSYZgjZ3M2wgddaB9Y	2337
bc1qyuvhydrl6ahth0hen9tx5mdnreqa020p86dad6	2337
12w97ieCirqxcbjirhPQ55Ayx6WmTS6aJ8	2337
1Eyn6t6qsupYucEbWyMxA191MKxCJ8jdDp	2337
bc1q99rlsgjeynxexhq564drrd9kks3eda2rtutx3c	2337
1J82NzAKRxVjrsJV7DoLZLTFarqERsHtMU	2337
1JBUqGzaf4LvJVoyrhSREr9dnp1Sjn4dGo	2337
bc1q65v50mszd7xj96venfruy6qpu7rckvnr44t00sf6kffvjxzn23asd32rhq	2337
1Q9hr4zEAVTnVAE3ckFZzz7FTbbHp99XEV	2337
3Nomoux95QiVez3TpqbW4hkAXSyvQwMaih	2337
1LhkjVmrVDkSTyYQZoGTxWCrohfxZ6cB9L	2337
3DxwCzGYb4HvjDcysRwxXwJdGkuzhQd39q	2337
bc1qs9z2fwzzfp8syzvhkw36p9hky6s8cfrmkp2ak2	2337
1PPfdhxDcWvrrhkYFUvoJLtnUoGUXDxRrm	2337
bc1qfkgy0lg32rgam2wfcfagf4q09jdhmcl74zyt7f	2337
1KFyJEtLfV6LFXnsrNEADv3TrVCJXNAwtS	2337
bc1q3rttffe3270j47tm4r38qm0y2hmlf9ycwamt30	2337
1MksKXXC6DSroyPnZnkNkupNwyFTgLxW15	2337
1PGYZCrJpCVCFJTjUeLiYf86XwPDpN4nq6	2337
16da6qyN8KLBhF8JnxCW5M64kwg794utPv	2337
1Eh7RwZ7VgJzexSA2XA9q7KAJJRiCi4MRE	2337
bc1q49z6xs0uyj8mqeaqs7cffanr73h7l2jcu6elxe	2337
3K5GbBzuqrRn1Rn6PGGNnSK3B9UZai8q37	2337
1E8fzbCMp1t5UiMcC43AE3sfu494mRFxMo	2337
1Kcdx6kmSNNGWrotvFDWst1tD4Z7T6JTJJ	2337
bc1qvxxmvx28wrg50yv6pvdmzghv5mazpzukczwsxk	2337
bc1qq9dv45nxkdc4wxkh90jcg00h2h7emezsj5thfp9cnc6drhls3g5qfqjxwt	2337
1r6SKeCJ26AiqmNwy7m9NpPUqVk4YVwxr	2337
17i7miY4S2TH7Qbiw9H29fP6yCKDm3xp9q	2337
bc1q8lf7006ynhw4k36gezd26mlyx3j6qu0k04vafy	2337
1HnuW38cashC8ABwtov7GXmrHCuimLcLJL	2337
15B1qXWC5o6DUgMye3d3aBo6RQEikEsQFy	2337
bc1qcgty34gla60x9szd9wrr6tt0hc752856up7zsd	2337
31m1HkEk348yTahGR5fgRtHw6N4zUeDZED	2337
1LRAwPSKSYKGP8y6LVxZmd5m5znn2JY8d9	2337
1PzbMBcEwCo3eqnMCKpYCbtdgyRJyLRD1y	2337
145DBFVQDHcRKbzbkJkLfgVoweAuJNCmoZ	2337
131nNmaubJHbWiqiG2R3LiWr1EgPoLWnp3	2337
3BPqofCtHFyGFiwcYb1t8NQ6h42Kis43Qh	2337
bc1q86x5rr70t89ylgzt7wxpfrcqjfx7nndpsmvtg0	2337
1MDJtvCxeW5v9wRs9YyFL5eGAmwhmXtXjb	2337
17trQE4mwbZoiwA7JnRX8Kzzk1Uh6cEcW	2337
1DzF5i3tD3WvhT1X1Cd978M5cMshgiHbNV	2337
1ASNsu5sxU84cVDDqGFJngg8Dn8ceYAPPg	2337
bc1quyxnrlt2rqjw2ajpzthj8f50h5774xpmzrjxys	2337
12XGx36UyixaKaoWkioywDNd25F1kPV3PT	2337
bc1qdpleryhqw5xrpm3lsd83x89ft7qlhuzzl9cxuk	2337
bc1qgwtm5avay6ju7u998gu80fc8hungux36cmp7uf	2337
159kXk1DUocpvAxbTCvzDwWM5tJGVuUmNg	2337
bc1qnwj0srh4ups4582jr6nvs7zg7rxg8686t052cw	2337
17h5XwXBDzKEFeWf517o6i6JMwpBCjMG8f	2337
bc1q6lguv8qlt9alaxu4dtnsejrcuvsy5c6stefnxv	2337
1BuPdCrnEHao3zgXpvMEEhJK9XpeSaDtSR	2337
bc1q6zz4zxd40rhf9nly8e6y25s5mcfzaqak93pxvdr357e7k52jtd0qhdrg9w	2337
1K2unTGGD4dEqcdPuD3qYyJsKmK7Z4B7Do	2337
13neFhmLiiGQFtsPHoZ6HWgQ7VDSN6P6Rk	2337
bc1qyshgj805a5cxsdmmr7ex3tsxwvp236pk6c0qa0	2337
33poKBbNvErBC3bt3VkQC4LBnv2iicHYJD	2337
3GB1mB2jZnWBVi43vULWt6FZKXzRNZZ5Kb	2337
1KnqM2tXkBv8WKzZ3CfpfxPsjAnGVkQc9o	2337
1goMfptu6sQ16jDQX9EJKnb1qHLGKhW7z	2337
14x6YTFsxVQw6f1nGN7bMR4msYKtsuuFJJ	2337
1AjECHvyxAri7tcVK14Js8fabzFNNwhr2c	2337
bc1q3skuer8awe767fdw4x9x7c2qudqu6a37ek7zrr	2337
1MXwhnvvLbdBo7dXKSScy15gWpiWmjwiTq	2337
1GVyYHkptrjTqSqkFMzfY7mCtmsjmFTo7f	2337
1FgkFMP3oqyjzYGW4uVxWU3rHD1XvnHfAv	2337
bc1qe794y99gmqna4wnejuphzq6nek48ztnt9faaka	2337
bc1qagdpzny9f5q97txfl2qs3wk7jxh0l6r2gnde5t	2337
1PbXdiQLx37e2QmUYHbtNiVt58wrkbyo3B	2337
1JAH2uEqSrCxacZ7LG6UB9ogwMAXstvBYP	2337
bc1qdpazhsekn4cgvl0esa5z2xtyme3ug6f4v0cz6v	2337
1MmDQK7TRQrj39etB6riuZJfBUXviFME5t	2337
1G17EJY9Hdx9HVeFxTe6wKxKHcrieh7Uq1	2337
bc1qm7t05tfvxm54hhwq2g486c6hqeeldq37a3s6nc	2337
14wUadQssD5Qgxt923bLND1ep6o4wuoCmz	2337
19TEccC3EumTuHRugTuCW3cqmGZD7VYGLK	2337
1Kxfbki2fqqEjea6vbFaofvy111Da9LoFr	2337
1AcDxquLPX5wG5RvibhqwxkofLszLz5TK1	2337
1PUWe6UYs6WEx8GTmKRUs6uDX1scCoJ1gD	2337
1LqekMx5nPiV4hctdDc8HxRV4j8CoKypfe	2337
36fx9JV4aUvWopkYmvrUSWdfykzz8ASnpd	2337
bc1qmxjujm5p46wde9muumjjnytglyueywr47f9uf2	2337
bc1qnulpd5l4ja5hn7axrmv8ru6x7kdnkjkk5j3y7f	2337
12D3L2mrAzCy1vGzkDXUzbZxGmxd26Zrrf	2337
1JrT5scgRbmGjF9Mkz2SuYfT4udqJqUChm	2337
1B4gTKLyWsvNL9mTKi1zSam3fwXuwDxeLP	2337
1NkoFioGsvR2QybwL5t6P5jcevKcgdnYnb	2337
bc1q0fauhjcmuac4fy7gqkyz74huwl8jg72dxg9yvm	2337
bc1qvddjuk7k49w2ksp3p2ks3mler5w4k7wyg35t5h	2337
15raGfz1m4poG4DAJcSP3Z4e5S97pceeQU	2337
bc1qwg56x0sxqamdhfa2804cnehwpdgnk98v3dt4su	2337
1Eo3XjAFc75S9nETMYYxSirbbNdYydCuGx	2337
bc1q8r2vus7znw2nkeqsar48jn4hgnyjmet3xxtjym	2337
1EBmnm9jDbxet5sXDa3uAT9X9rgLqoVvTZ	2337
bc1ql6arvmtsaf3smlvp98scaea479582dlww7u5gj	2337
bc1q0y6lv8qgs5awl9p226qt22rc7unerjgankx4d3	2337
12XvkHaFuJJtYKqkpGfDxp7r3v49qKvUV7	2337
1KXXaqtPTHqBbH1KavNZDaJ1wpDZaSsRHb	2337
bc1qmat4h558zzfv6heujunfsfpkucznrnc2tle9ny	2337
1HGTffc7uVJrubJfyTw8U83tnvtxEJg6EL	2337
1HRYXoRGMLuZPxWbxXW7bSE1iUc4cmzJaB	2337
3G3aGd2s8L3eiZ673zkHZ97sxcRzahF2vc	2337
bc1qm08rzhcxrehxxtlvgxndgv79nwmnyus680cqwq	2337
136HydwTsGs68XrgaeE1m163fjFtNv13dk	2337
1KVJaLLEi8rgRSDTir9rKirQYHjdrruFez	2337
1AAgmD2Br1MVrLheLsFG5VfcgDGiRScEUT	2337
1ETVmJpttMEQLatKT75NdortKYghpWt7qU	2337
1Jzb7t7MGoZkCWgpbWLgnviLHMASqkP5vM	2337
1M1NjpZcqWJuSYWMLpTcgCdC7Tr7R8AzbY	2337
bc1q7tjxlwwvqverrz5arexzt7qmm2rhnhtk8xtetj	2337
bc1qyx6ph9ay8gaxjvxmyksjxgpyd2hjc0wknprt42	2337
bc1qq6zc6cj6nlvl6xdygmzp4yqffmxzxzgz2qsk09	2337
bc1q8azpk7kpczmm0mytghh3vtttqlhlqkt9tf8dex	2337
bc1qwvxw9757vrjg5qrj5avj9sd2yl53gweldymaml	2337
16DHtkriYYMtCtki9jsDEWvqkJn6er3uvH	2337
bc1q04p66e9xz76d33y8uqm6z7kvtkwe4gkkcj736d	2337
bc1q90dzqffv6vuxq9m2lmzhcuyjclgpdxc9j9mgz6	2337
bc1q7s2u584yfhdqrm7pwmjez24gsv6kyj4dzqnj9k	2337
175K2CS3F2EQqZV98CFS6N2sx1qD1jTcK3	2337
1J8VbDJLksj5Fo83hD47q9ndwF2d21YwGm	2337
1Jga3t6NTvRrkRvEJduZtvM53T9kGdSV37	2337
bc1qrjax9phj4en3gqncvmftkpyggvhhyjccuuscfk	2337
bc1qy6xm7263u8u54f5nu06rtayvdu6r3mfjdypcay	2337
3QSk2VkXx5A5HwymnLaH6PkjEja2JEUQNH	2337
bc1qq36vls2gtwnta6ez4u8w54wq2svkgf6l3dec36	2337
1FDVBQtzYKJ8opzLbXBcdh7rGrmwBLiTgp	2337
15YMYArpdqxn5WVKfs42k8PwDybqCxMiQ9	2337
bc1qe9pj5vehtc2gs0eevrlsezfsa64d98mx7qmwxt	2337
19G2VTT5swLRen2RytSQXWZF6rTiLLZyhR	2337
bc1q8077g7y79jjhupykdxd6n55tka60cl0al3v7qt	2337
14vi2b42gAfnCHPWGz7zmeNePQKk7y39AD	2337
36Q8PfYzs6teFE1msfdp67zn2r5b2FLziD	2337
bc1qxwrs7l4exfq3jucla3tkw40zam5uyx0pth060u	2337
bc1qfcncqpfapxqjpvse6yj9zsh53pqq5r8025guvg	2337
bc1qafgzq4kfvqlzrry2jhht6nwae3nvktfllj2tre	2337
158cWSjGg1fUdA8eGRSHainMKxGCitZSja	2337
bc1q537t46zk7v2peasgj5s79sp8xe8zv7d7d22k2w	2337
1AbTvd4RMXRxgEhowGLo71usTdM3MH8xLw	2337
1Q3TSXQKi2KFwASeSi46Ugo37MSu9Acz9X	2337
3DV9n1PgarKWkcXv2bEHUzfvpqWoeCH8Xn	2337
1CSUZaidvFAfjB5oS65EdrtwVnHiqLbm36	2337
1KdwN8biXXsQvHFTNSqWt4v7Q5pHVEDWv9	2337
bc1qmq3rzdmvfsgclp606anluxy4nefdduk2gl6pzr	2337
1JTxMdAeco4Y5TBskfgipXwtuvVT7spM77	2337
bc1q2q9n8uh4zvwa60h3eczcqhufnphmfruwncyclr	2337
1J4uk9X12g2iphq3RBMB1QoLojgtEG2Txs	2337
bc1qhfl5c25xcrhxpnrh9ejxzlph8e7pveurmvh2zp	2337
1DbmP3zWoQMCUEUmajoFeoun6Bz53STHa7	2337
1BfB5w6FD6APUxnxyAqaPfWk9n4tbXauPK	2337
1PSBzfrLRvox1C8GE55khVfQFvsBwTKLXa	2337
1C6vo3SgNUFHwSHfV3kYNcnYPLMDwG4Ggz	2337
bc1q9u02eg6tdtphvwry2camanqv5zwhptr73hxacn	2337
19t3Fkx8RzofhpELikAtPngTWdAGSeJmd9	2337
1NmmNNyCqFME7bsjotHcaWKnT1sRfToyuS	2337
142HfheCUsQ5E17FjTeY9aX1vZ6kFLwxxi	2337
1HRKvbxUYJUdyPwL5QbJ4FK5RQ1ez4orgx	2337
1G5rAoBb1ZLkZsEE12az4Xeb7sxvqR9CN6	2337
3L8786GxSzgQMUra2wMif5GZKTJYMZ9o2H	2337
1HADSytotMaZ9siYao5d6S9bciy2XPThw2	2337
1GHTnECgenNVXFW2VVWUa2g7Dbqd986Ehe	2337
1J8sbsbLSMLVte6kV8uY5Cua73yEFzJGms	2337
17mgtGJoFH5SRGGWF8MeLn2PhqWRPH5HQw	2337
bc1qh53amr076j7yqrq4w5m6qvgtx70eqentshy9v9	2337
bc1qnzr43dr4x2hm2m7g9cjuchedcfefpfr9hapkv8	2337
1CKbrnVHfHfwiepspFZQiG3kF88h6WRfGF	2337
bc1qj27sf2cgfklx8ed6rlp24rurjln6ja3mm3telr	2337
16G4trboWTo1dTLqqjGjxjKLBQTpodYawW	2337
bc1qygcrhkyv4gexmgrxt2a84v3ns9gpendnvjh5xx	2337
17qbMsqJsy4XRd6PRLWu5XT46XiWEqCE4i	2337
bc1q6t4ymde2pqr3mwzsrcc7n7u6vx8eqluaexj3kt	2337
bc1q60gvw6gwc6g0sem37juf9rxuxfpxu7e2jnhdpe	2337
1tfNjqXA2TbsU24JhqnNn5PegNfnVnPrn	2337
1J1AL6YYjjYJyfqsoixjJJhzkFcRZdv3im	2337
bc1qs5j3yhuhup28dnygnp3talwcv88k0axy045zfa	2337
1CxFBj7yxAb7Bt4DupGW4JnE9eYfWqsCLQ	2337
1JeeeamFHj66snpzcPockTKgdKUTGLZGyy	2337
15kzDXtV9xAFeJywMuzn9Wq38het5WFpJ2	2337
bc1qju353hdmgkrgrzgr4rzctjtrlj9u5t7m6flw43	2337
bc1qhr83c3xn3u9wl847zfx9dst40qsasc6eqmrv48	2337
1LRg22Ub6RSJ4hhUhgxif86DLEQobBDmGZ	2337
34my7hhoYFbeNjvmLNHRinhN4RCeXSdZjB	2337
12zxzaE6kjhJJFXyRfvpxF8237BqW9bDdr	2337
19QRdGdbWimrJv11nXHYXBhu8A3rUTxprN	2337
bc1qfqtqea783m52gm2z7mtt5ua0h99fk05j5ynr7q	2337
19srKBXE4mhoyPHkUwFEkj5ZcuEnUQegjt	2337
bc1qcuzdwc9qr98xqk6p5tznckqzcqxqfpaue3p6na	2337
1FhJ6inqBDeX2x94aLoV7diJZFWvC1jp5Q	2337
1PhUYEc6JSniC84N6W7oiF48P3CbFs2hCj	2337
17LgP8L3BCemYpiUz9SRoBojs7ZnE9aLMC	2337
1Sr3ZrqY334Te9vFCJR5VSqPAwnta6Rzj	2337
1MR6FL9qtDRNG8JX3vJu7pxKCDu3Ub11yp	2337
bc1qh4v95aw2hsnvxxwakr92xt8c2968l6fkpzt2mt	2337
19xb9LiWqACmubA8ExHhPANbsQTgCEYMHw	2337
1HhLXcGeeT22c6P8TnDo6SgHGZg8pGyomB	2337
1EiBzVJZdvfcAJj1m3DtpzcX2F39GA3pdR	2337
3AJ1GguXFe41AvsYNbgeWxuii6hJSCQTXp	2337
bc1qf4lmjazg7cxrqmctazzjrersa60840xwytfg25	2337
1JVJhYEci973UdFXMg8B7zWLPFgddFhaNp	2337
35AP1UecXevkjKZf5iyoc1BuULombzJRpt	2337
16PQzDbh9JraR3Nd2FhmGhmHSBARWQ1o4X	2337
1B5vnhNmG6HLvFNsfHpXtzgEunivJjpYqE	2337
15o8fa98MBypzdwHS2GLHtDamTNp2qY8Ad	2337
3QGMBzPjLHVqrJwsBmV7LPuY6TNmicWLYm	2337
1LvPNFdfDdQmf3uoXm6B4vmSc9Gb6Ai3AX	2337
1GeGassN23EjRX5QpwV9NDbt46uzyc3sWV	2337
bc1qndmykcuwtwsf8jgyjy8wm4k5h58xk4uqwlzm8z	2337
1383NWHpeDGeHpzWZTyUqrhbg8rosL9uQx	2337
1HPxP5cExti18UTnYiiWhyrvrFhVcawQxj	2337
1GRiF4fA6ERMxuMqRPXUk9KPVF7Q9YDUXp	2337
1Hk2jrdDL8gqrxh4Sz39bBKzXZEVBko9ca	2337
14v5bPH6GFiK8BngXLVoSHkt78zrn8jJHP	2337
bc1qx7ulf42pw2enykafrklwryr7m7wll4tprdxjft	2337
14xCPBshEV5DEFoz8wahiTBVsjzjzWzK2S	2337
1HgwqAKKjqH9V5xxBjYp43KtGtarDHgCfs	2337
bc1q8vh684rzdupje2qhdwcqmhwzcvy8jnmmcunh4j	2337
1KF9g1iNpdMFEVoKCQjmmgpaK3ASx9gJbd	2337
bc1qmetygv2jdsfvdzp47jkj02eqpzmssvdyjrue0h	2337
bc1q6mkqasdc5z9e2kznvlzlha3vmd0zkuaqruwjre	2337
15o2AasrQfcNFts5RyjyMBbWuJkgQcyor5	2337
3KfpRxKiNs9xKRipbvjVRXeJuUtwbdcyPV	2337
bc1q8nl4g0ran4xrlrcqqefkwxeeh3t98menju86c2	2337
1FmuWeAa1vT6rcSMKnYE3YxYhUbRvNaHFB	2337
bc1q4mktz3geu98l5y9mrnl7zxhdzuszrlnn5k8qd8	2337
18qPmpNRE6WysBrvXVjACFzWZtfPdhWQAT	2337
bc1qz32mlt7rhfae4c6t9lrlch4fkrvrszgxc76dcn	2337
bc1q57gkjup6lgekqdxukarclxpcyulpvhcr89p79k	2337
17oEbxcb2AJ6NDS9hDewUuBvQvH7Uwrqej	2337
bc1quwq9ky69q2snguhdjvp0n8pgquy3qsq6k9kv8a	2337
1B3uuMf4woZz5EZG5DiZDvS8SC4F9LdYeW	2337
1Fp9szfN7ggy6DeHmWsLdHJXZnXZQVs3DF	2337
1Gj9eu9fMPDb56LdYxN5jgypKwbD4NP6QL	2337
1MVRwgEwvKijmWiBPthrDiyvuMJ7KfD1rC	2337
3L5BfXfyHtyvQcxKqnrhpEeAePRRZvmAk8	2337
1N2Uv9Gr9nvp4KYeQB8dbZvnNJyLAbXXsC	2337
bc1qxdnp08789pv34ztygyrvrs78dv8xh3rz7uhw9t	2337
194kc1c1i3HF3dUsNaVTB42dXUK9dXjwFk	2337
1HHYpe26CPXhQtJ6u53nY8Jv824SvrJmBC	2337
1J2VFA1S6TCvGwLyhW7nqUAJjREps1HMzc	2337
1FmuKuWQsG5zWUfEWuicQWzTpTK888qgRE	2337
1H8YWoTEHewo1iU4JZiVniSrVEwNEJKXMa	2337
1AY6EAgZrPixGyLSwwTy5ymnjnNBU98EaT	2337
bc1qqt6fhzepn89v4k70jef9qhss4wl2pccmw5ew8k	2337
1NJ4YyWKcigF11zv1MYC3kz6a4KDT9YAT8	2337
13tJs9W4RMgVu2N4xkGKp4QpH6BTpPyVQs	2337
15n6MBzRE8ET6QWgRMhmf1ef6SVdk3DupP	2337
1Fj8qZMbp7SxBdu9nwZfWro8vfR2Pkpyvj	2337
18xNoDBfHJqtMDCgjGQY1ngA56GRyWHZr3	2337
bc1qv0zx55kt29uqrfey8xnys74jadtv4n4qdyvrkh	2337
bc1q7aqk9q0d5zgwgrle2u059qz9xakjf7r06kalcl	2337
1GRn5fWvZGRztLaH5gpYRJeY8rBkjsUBJY	2337
13QWfr1s7Wyn1SFyzoB7JjHMiFsJ2EkG7P	2337
bc1qrktkt2tvcfvtxpjxp0knm5yvrpm4qejv6sxh3y	2337
bc1q8nry9uw8ka3mhdr4nm2rgx28sed4qmkhc2unav	2337
bc1qn2ykyru4jz52qea5gmp4x4qqklzv87lwsckeg9	2337
1DaBioYY65gT8nThxssuHnekFDxg6MCfh7	2337
1FyrK8YZfDS9DxKdbBgFm3Pwe57rq3aHx8	2337
1K5g3JBoLZL1C4asHKyaaPP9wgZq3VV6yc	2337
12E4BDs17UHgMLf3MWu1aRNxhmNYR7Beib	2337
1DSPnZqukcXUr5W7rHewLg8rWCmPjskqoa	2337
1FABZD2MfofPjewx7fpMyW3YsAahDg2Q7T	2337
1KE3HwE5SqCFvUCkLdXngXqL1qMn2wSQQu	2337
13axJrwTktwhGkF7nLN1na6vJtC2QhazFv	2337
1LB26h2bWqfWGqUnEABbAQmtEAETtzn3qv	2337
3QhBPuAPj64GbKXbYY3gDxQ4LE1HDxgjUY	2337
1B2zGc2SPsnNwQHiQxvgAzhHgy9SyVQ7mY	2337
13G3ge6XsT9BzhoRfuKphdG7zHi4gcrbQr	2337
bc1qe5hsjawjuekgrav9c2khkxgjyjytyfstl77uel	2337
33bjc8YqL9CHDkv476PqUZBYWZ5QbrpWxe	2337
bc1qkl2r0e0nr6ukcnclmqpv5yslmnfey0r65dhuhd	2337
16rVVjbYhA6igfqihMBuBAzkjFNxLkTixB	2337
12wHA8UVG7HR52V8DCvLfFUYeLiu9c7zAU	2337
1G2AaU7gDpWr4hFvjcDasNodhUJtiYix7U	2337
1CEEbfNLGPFGfS37pN124fHNtyUA2PYUza	2337
bc1qz6s68d9354e7pywghzhqtxn3m87swflzwpg2w6	2337
13vbEpQn88w5wNkki7WmP1KM14J6suMhNZ	2337
381uRSgfXDXpSGu4XS629XUTFZkYALxrpG	2337
1MFiHSdaiofPpYyrF1BcpMiiRDRC4ubkSu	2337
bc1q38hnwmdde4dyp9qfnnjpa2q7yg2hkr8pjmm08n	2337
bc1qrrsj6nrthn95s78y64gt0hwmx7yh86g4uecqsa	2337
19WwhnHoa9r4hR8G8vqkQvnKrFYFMjHPwJ	2337
bc1qm8yyxx7l4laxwsa63xsfkrujzkat2rc7efxw6v	2337
bc1prdkxc446a2mpm02e65m64xcgqju8vkrfwy4vvr3f6mq8dkxxvehq8xz8x8	2337
1CF9GGMZukjZJK91x5Ei7qAdFeXKBcSTGN	2337
16cuNNt4jcuM14xrkN76GocT3WSYLoE4qd	2337
3MBfE9rPjo1YLAFSFGUVP82Yko48mzUgUi	2337
3C9E5EUNt5x3VpSKaqZeoBPAAS17cjV1Db	2337
bc1qt0sw2t7q689sh6m0kx85eltllyn5a3zt3ut7wy	2337
bc1qm9xaldnd374r34ruy3zeg9d6qx09ngjech9ukv	2337
bc1q4jfc8zqafshf5ydvzld0ylsg80hupavtj52x20	2337
1GDjyxqzXrzKs3fScAKH3aUkDLX3ko8x3s	2337
bc1qae5c2pc2d3v92vsm9c8kdhrmnac8kuenpwg5dh	2337
1cYYDi1WAMeJSe1GVch8irwbBtejDaGnV	2337
1BJ2UmDfGY1GesyEWgDRAEabJooY7RrAXD	2337
1Jv5uwnJuWc8F4UoHkZbQtNTeNCeVigPDn	2337
1Kv4UqTtigDesZFfcQt5qFHVD8gPT8B2hK	2337
1JbSiKK7PhdNNbrGMPahBuj948PpctgEx4	2337
1Bym5ADimmPFJ3BYiC7MUg5fec3opb4Dgb	2337
bc1qsppyfhuf3tjzczlnkewz25czy5jqjlxcc9ts5w	2337
1EztxUpnZfhaKrcCnh9mjYUaoXCEm1HCGP	2337
19DAzZfPCFLFBPwzwP8hXZMBrXXTMQzxqg	2337
bc1qrdn9k88yd7pcfdmfan7tq0av8dsrmcnmfsq89s	2337
1McEMKVHw8gXaq9yoJ4wdK2UMV38aUgLES	2337
1P1PQnEfxuGAumgUAuEA7QQVBwFtQ3MTnc	2337
bc1qqk4e3j5skhxxct87kvu7q9fke5q2a2ctauhdfp	2337
bc1qg8jlxhnttqf5572wt3vwvctvxxz64s8mmxtf3k	2337
16vJv5nkaoSGu1vYW7CTjtZu6SKwnxVxGR	2337
bc1qtpvxn9e706d700a8fa4qwa44ua4nw5vdwlvha3	2337
1HieUNZA5tv9m2JXTYdRupHwyAVLUfmij9	2337
13J8ATRZ9W73ViqHSTPdftC2h73Y1zaRTB	2337
12JTLoTsB6DdrcJsBo2StEYFXuSXMhfdsv	2337
bc1qhws6p56gn7ngsk9g4yzqw25excvd7w9j3x7hxv	2337
3QWpM3C1Fbrg49PHi6CDZx5qaoSBABdsrW	2337
bc1q0vzdjl2v00z30h5s9w9nwmzmkqeay3x7ypyvps	2337
1DuGvQaSQikR4Nu56J9Wbbua7wcUkVVLRN	2337
1EYZ7ayvov7BHA8PT8JuGMj9rcjjVWNFu2	2337
14Ebu99znFs274qUL8Nf3gS1tAFwZKzSVN	2337
1JuEqjsr1fXPKvdXyjoQsdC3UN2jj95yEY	2337
3D8yc6pgnquE8Rto5eS6jTsEbUDF2TJdZX	2337
1HTRppkMNLacqFCBbAxeZX3ennmuPC3sH6	2337
1BC13qPoQ5F7FxqyYFAcY1UDG4tMwAt43s	2337
1PYnfk9Fh8hHwZeaATNkHRCx5KTMU3MmW7	2337
14tpuQ5dTTfk6weYRtK2TVk8tZCmhW92fj	2337
16WN75P4mayfBgALXyp4wNfPUpzqhaszRe	2337
bc1qvjx5egz3a8zqvjfx6tuf0k56kvg8mgr25egg8w	2337
bc1qjundwcn38dehzr94s9k8ntujtvajxvaml3ey69	2337
bc1qwkskq8w9fqupz9eavjzsteahdtm3npzhvm856l	2337
3PHNpXhr22ZnZS4v6Sh2MvUJY8KPBUQJY9	2337
1L3SUsaStRRLsMGFEHo218AdBefsS95tXy	2337
1DekxuUUPdSfELRpveRfY2S9d1pfckjDZa	2337
1F6kAVuULGk8EJwPxejVJJ83pTNTVAA9z1	2337
bc1q4dldd4wfh9jqhm0qzuj730lwflsl42pcxe2tekxx05zxlg7plj6qev065z	2337
bc1qfwwuww4yws0t9uquwmt0ap84gx329zye76feyy	2337
1LyKsKM4pW8zXLFG6eBXPacLTSmPQpLdhT	2337
bc1qplm7t4g9w2wcq6sw76nd76sxlpmw7ce6u2k7u6	2337
17N8GmmVEEFTFpvKmfAVvjdb1K3GBQfHZb	2337
1DWBYHdBVJEq3CxMCfcUK5bqeGSNnKzpiT	2337
15oQwCfwfuHtggMsm7u9LVfeQhh4vp3jVF	2337
bc1qmdvuqkw4wtttzaas6jf9kvas5mvw3gmw4ft3xa	2337
1NsuodcdpVGGAP7299WQ6PY35bVo9kfoAT	2337
bc1qt253570a6klmvw622w27ze20twrz9k8yh9jruu	2337
3CEfCLREmqdr5gZ3iZ2nBi9yn6kXs9vJ5D	2337
17t8PtEf9qiQJjFitN7GBmjZFFacbQXi7S	2337
1P1NXhAEThFbpUVTcxN6TaEg3a4Mw4icGF	2337
1KZ3u2jpoy2TPpKjxdU5iUGx2xap65k83M	2337
bc1qs2d4mwmwautwks0x7dnnxwp22ed88rljfc3fe2	2337
17SjZxC9Z59C1KxW3HmS5Vz7zFwN7ipV3P	2337
bc1q3c4303ygakxc9nuqz0e8d74rnfynv8vhmtjh2p	2337
1JFYQsRnUJ1WAEjjTzFzFuEoBf4DXnKfr8	2337
3JCMbV5VfeYFrnRqCYMKtAC7BVuMkytxdc	2337
14ymwtjboBsSGpW6T5MZgp2nkQv1bdK4sJ	2337
1EwTfjcdJipb6nisXJKe6VV2uqDir16519	2337
3HGY65EjhqCH4r7qFCCGoUTgMCmDZpgsc5	2337
17s7Krdndd6yamEc2MZcmMLVSU5eKegr9E	2337
bc1q55memfv5l5emg8mglxghxs26a3w32zv9fqsvd9	2337
bc1qnyqfp768s88agcautcj06aqmmjhau2n0h2lq70	2337
1LMpvjwcYAwPDGQsVwEJVCRqTBwJxZ24BD	2337
bc1qhykccqgfd3r4t68w85g7zk0j837xdnvtqujnp2	2337
1BLh8Ys79f4SiDvLT7zZddEipr4uWkLvm7	2337
bc1qfvezz0dlav0a0qnvhrtuenar0v6x3sqhzundhy	2337
1BDW8oQgcPKhfb5JivqGpyUL92ZczsRpRz	2337
12brYHbZTnoheRxqk7NdwMUUpr5tmXPLvv	2337
14vwGFS2om5P395rByKBn5jXi2Xchtn9aX	2337
3ECsSNHCXLZADZD97bmYDrFHH8mat2NhB1	2337
1NaX3fFxQH4KxHe3AZa3HUGMG4LHsUrkwf	2337
19V1uohENeq68yCqktFfo3E8msYWbkmKyr	2337
1HRJcbfebXCAXV8PtgV9LzBqwi4ohaBjMW	2337
bc1qteljffkuwgpgvdg6xvld4s44j68r2a97kl8kd0	2337
1GzJsUgjLwu1UUdtuv8TcVKB27tnB1T1Gr	2337
1ENzHv1cJoURMxTFNk3BdiNVpj9Y9P5tMT	2337
bc1qdjygvwtdj2qu9gcmtjmcvmqp5n86exdqa5fwyq	2337
14x5bwZWEyqU5ztSYHGFDdF443vtUH3FXb	2337
13a5BXskeonvzG7sXxdWvXAQg8e7hSK9T7	2337
1GxobNEPXGj9xszM4JeA4t82ciYLCnhLTC	2337
bc1q3cy39z8fkaf7mvsm34x2gf0nmqjp8mxc4kw05v	2337
1Q3TSquhXSeQ1NPFkhia4BFDbLg4yjyzxe	2337
1FEdoCpZuKPrTnwCTyfmEJjfVxJdf3Q3FC	2337
19NUq6Vfe6WwjyuNR6ggTcxo1GuFfNnsk6	2337
12LCWUgeC87WXry6CXT4GFWkfNAFeA4gaX	2337
bc1qfxu8adj5as473eds4y2u0yfjgwy3dwr4r0nl55	2337
1Ld5UBStx6mbbjWwbR5VFjCYbt3ohUHVU6	2337
1DwPkbiaFXr1T9Zbf8bFp9SL4yiNvr8Z3S	2337
bc1qr355jsx7tql8749mapau2zt98lvt00ntugd0v3638p5g22najm9qte6xcy	2337
1MoahNvz9FokPn2bmhtij63zD5wApeBbRd	2337
bc1qk3njz8pn6w0c3zsplc6t4ctw2z8tjd5jkmzsfz	2337
14BXq8BgShncfHRKKEL3iAZkdvjU1KozF9	2337
1ERS65eugUaYWqwp6CHYAX4H44BDpmAXsG	2337
1LNQmyQW5UbtQ2GPj6XPVfoTaXpBvdHGJV	2337
1LMiptv3D1QtJ8UvTUnL729B9SEFtWqtfH	2337
bc1qg58zvw5dzwpg6r8hqfu2kuza8zdmyg9z0qe0ag	2337
bc1qv5t6hn0v9ycmexn3khvjtpvedx79x9854g2dwz	2337
1NmSeicX7WT8AN8fNmKxSBX5idm3A6KPAg	2337
16gae3fz9ZAkJZzD7hMBQi9fNXGyK4uAyj	2337
bc1qzltk34qnp2lx3j72863du5w0jyqhw9hln7n7gx	2337
3DZiQggyytJWqtJRFZ4E12J2AT2NGNf2ru	2337
bc1q8de583dt02hh98vzaufppmnwfs4pzte3pxklky	2337
bc1pdyttfwres35wr9pwy30pxu99zngz5va6mwmj79cre3gpdeyav6mq4lnkvd	2337
14vVt2eLSrkowPjKHujUCCHd5znrVG2S1H	2337
1KQfwMp51pWXpzqg83qEwsAG4XV6WvcLce	2337
1KboCTPgdt2iNTVctAr6pSgxdym9hVJ7Zd	2337
13DdetwdhApFb423N27cfbWn8r4BdszFxg	2337
bc1q90n5za7e4ez6c40a54lauc6l3yft3m0rvgr22a	2337
16wz6X2AdKJGQjbtTBwy2DesZ1zxJQuFeL	2337
bc1qyr5xfa8vukpxy44h96d7yjq8uu860nc89cxzv2	2337
3HmnP5xJ2fFsu1575J2UKQ8UpgLHdeJ1s4	2337
bc1qsyeatkuv5lc9y0j9f8220gf43e4f7775k294fdkljpf4z77492yq8ux04f	2337
1PkWYMoqv2PobsDkdH9c1ZrEnC68fofjba	2337
bc1qgepjdlyju389f65nmpm97ax63k47tus60uxkw6	2337
18aXSqipAzNBVE4LQHdz65MoQs7qQHLfTj	2337
1GDAhxbcmuvm79BK9LBboxRgB18GAGgJw6	2337
1QDEwJUv7pq92ZsA9dezLVhp4tMJ3MAPW	2337
bc1q8nv9pu4mjxjt65nqlzj0ktnlz59u7f0qsa40u7	2337
1CAH8MGEs8CERo8XPa9i1YYZXhuZfQXoLA	2337
18dCdffL1tFjHZRVmfcUTGThYtNrENoxeT	2337
bc1q3j8rennseurl44exzadxcn8305yd28gjlncy3u	2337
32S1J9GCBKUP4djQMVnQSnU5o37JsAHBC5	2337
1A3Z76q58a8hayVRWTGj3nyBajGZ5bgg3c	2337
136GNrxFf426jxCEMYYV3z2b2wGxBvRJto	2337
13xozpmFKbptxrVm1XMoNK7ZSnKY4kJ2hn	2337
1EUHM8rcCxpoJvK18CLmr7iU3JwEYeDgWe	2337
bc1qcsnhpertj32k44hh496yppxg4mphfyshym9dhr	2337
bc1qtqcc4wkwdnnsj3cwk42w8fqkdsh568qf6vfr5v	2337
bc1q38lved8cu3yfga0jyw8k4lssc9thhqd4ft9nhd	2337
1NW13ZiBJK3hg7DtUS3zyCnxjtHHyv7WJ2	2337
3Pwbv8yvctKHzDdyvnk24EV27wFNdME24b	2337
16n2v8MUMKAsECjoaoW7vHkEmarH9nvbH7	2337
16pDkMMDbAsB2239b4oP26ZKmkaaDFzRJ1	2337
bc1qvnvf9ysws8gmf5hqgnajqmm6xxs7g2vqymmkq4	2337
3FmFg1n2AjmNL8J1DTTN2yatwNn1GpVvsS	2337
1JME7gkRGNQbsTTbRBzUGFC7GKyyQ1N2KL	2337
1N68997UTUKyy9CmZjz8nCZHi8eM14R7MW	2337
3Q8WJ4epmvExkEkm3PnbEcxwWDM3n4T3aD	2337
17CbJcgEm23su3VabQW4rfwqnhdeFocNgF	2337
12KtsCd4vEj8v99mCNDjDvywtQfMGfP1o7	2337
34jt4kE3U7cwhr7xthoK3t72URwQFVww2E	2337
bc1qkcfhxngpnq7aqv0uz2dw4dchs5u0a3chnkpsq6	2337
bc1qje7cxa48qhnfq4cz44m8m8hfmv4r4nqldlqtys	2337
1EW4XyBYH1CwxRD4hVanzDiugdiWU77ia8	2337
1NJW8Purrs3JK6ZjGsyPTeUWT4AceLKYro	2337
1JzmHkCaPMFLwAfKFMvSXBoKvoHsTEkHrH	2337
bc1qa9gcqvj5fs7r62tnem2guptd2f4gk9p43f9rcd	2337
bc1qm8ylvnhtjhyxnne86wgd59st77k4x5rp3eaf8w	2337
bc1qfytasx2x32r3e77r7wt48a98wc8u6s93wylr45	2337
1Ja5ymj8kbR7HuBhzhx8gy4s8ejkPAWfBa	2337
bc1qpd6edxdksl5z7l9ysj0p64n9n0kxann7zvsd8g	2337
1NNekjsBxmZS66DBgssL1EoXMqPXQiKJVd	2337
1JZv3jmCbPTv3Z8rNAMkmdD6womYfHyubM	2337
19hNMfptAxM4GgxUYR7b8tL1uhDAEHpwvp	2337
19tBwB16L3ftiNxQcB1qYHgN6Btr45Xa8H	2337
3Nrdyi1SDUHkFBowqWH6p7kXgZUCQtGBjJ	2337
1Mv1QVgwcBVG34p1cva6V5dAAeZbkx6q25	2337
3G3JS98VxALrFSyCALpPSND2ZRihKsrPi3	2337
3B1UTwFhi1AY1tvsXqg1ko7D5ZH33t5wsM	2337
1H8XdgGE8cavAF9kxvPp9GQr7ZepcZ76ve	2337
18Ryb1QCMn7TMsHUWVu358XBKTvB9fur92	2337
1EeYUUjuewZKfcZgRgqhdoV5qaF3Gc9SyL	2337
bc1q5zfulamrlmhqh5hjafhu7837umlqpwek6acl3p	2337
1KxB7po25yRbVikiANPKYCL7zZ1rRr94CV	2337
1JUXH8LqVbRJxMhUFAhqLELRdaXsHGwkpn	2337
bc1qdge0y4vn3dkz76hn66j74d9wg4cgedy7uu9mpz	2337
1PT7GdKqfDxSB35PAjMXXv6rMnMmhPoXm6	2337
1LHgipDq6y36VYELVuW4SUVGHk2e9fVm4d	2337
1NLZfK39JPvbvsC3H4puk97M16kCjf3FFP	2337
1EjFnsFyuYwgq847tPiagdAfLvcHgZoByP	2337
179h1qJxixTGJaHjikE6SSEVNbDsgjT54E	2337
1DRxxV1RFCPiRDrPb1emssfs5ajkJ8u8Uc	2337
32smzZZotx2QbcvAnkr2qvLWLEMrixBPob	2337
19S1skxk7HK7Z12b8r6LMVz4CxXBU6JfAc	2337
17okeFtkedPne6HSX7tpWW9zSwLbjzxcVS	2337
bc1qdptrr8e2qjajuce4z09vzcmqmkux4v2eg0dd05	2337
bc1qpkw3zh2hd2a0nzl0rjrd5mcx3yvrdjnlc83u9m	2337
1DAZ3RFSHGGYCZYb83s6UwSX4yFGTjNJbW	2337
bc1q3u4nzt8vx672hgajrlpl6snhf80dht4mhtrnwd	2337
13HrdSWkaAj4rxMaNawtMLKwYUmRkfMtkg	2337
16sKKGjRXNxWGT6UFffy3WoiNKrES4BZtm	2337
bc1q7xe8v5tdmhlw9hf3kh07s7uhxum7lashkm5hhl	2337
17vQ46BF1RKw8LgyywoHkrYtbPb9fBEgdC	2337
1KzKJoXumDejNy4dUcRWw4CxKD6fLTymdq	2337
16V3HoZ1EHqkj9P8ZFzwT9bmSi3vBWLv7M	2337
3Q8jQNYNXA9EqsdcyikyDWQJiSsu3sSu6F	2337
bc1qqlnammuwltpjfxua0s7l5duvu4u35tadtd0uvr	2337
18QrTfHkiFftuJb8ZVxwu1zukNzRLHbUjQ	2337
bc1qlzs5dguaq4tk7vzg335x6w7d37h6zvdutcaxhr	2337
3MuKTcAtkrSZ2gDGnqywN3UkVJmn2Hrkp4	2337
1CyyT8zjJ28gvQasViSHRNGKw7qVCr4FYU	2337
141m1sPgPyMS4b5AwBRpfF1kDvdZgUei56	2337
12ZJjQbN6HzKzuJ3osLVCiSHqus2Tv8VWB	2337
1CRa7aH4pmJDWTeVdAApvjZfwNQJt1Wig3	2337
bc1qyhx4pr2clu00rnuykjjmyqc0hhfus777arw7rw	2337
1PQETths8Yn1KcFRLZF2vxKPcdosDSejhm	2337
bc1qd8up5s8lma9nwa5zayznzk3rcx6ke57pk5rlgn	2337
1FY81NkLBk1quypxHWZ5dUNE8D9Bfv4E6j	2337
1FF4aGZottdSe8bTP5yWufb1wU1QeTaX5T	2337
bc1qm9de2h3640xcmt55wy6h6ya8yrjwrc7fxvhkzc	2337
3HT7QHYpFE3VMCtGNdij8qeCaKcBtWQYd1	2337
18HHf7ALLyDtPHukENtLVoo4vNYv1yx2pc	2337
124GbBv3dx5Qdj9zWM5YwWCL9JdLuNzYrx	2337
1CnGFqGxFWtiCh65XXTHT3FNyMgUNZXAH	2337
1D6diS4kx4VhFsV4ncQw7aHqM1wcdGG5B8	2337
1QKSgUR1ubj2ruuch8X8d1YyyAJSdXwvvU	2337
38pHk5GGM84j5GgKPWoyoAHgQVHJ9PiHXK	2337
1Czp2CwiBjyhuGh5ASW2ZwSCiJrYuqfECX	2337
1CCpb784fspFJhFaMJDQB15n8p1xUMR4Br	2337
1NR8bS2BGwiuqpv3SvocHx7JvEVwatHigu	2337
35aYxFDbfREhTCPzrfSPsPWjueJRa5pxCG	2337
12rcsBgWkeCBurzds3hCg4nmWRiatzeUHS	2337
1KZic96SpxPy4AeHtRcotXgiDi6PYvUpmY	2337
1H8ndVAjy4hAyUNdjF36j6dWLYcbfAU6YK	2337
bc1qddldwvp689qsajj9pcaryq7660dts0z4ngwsxf	2337
bc1q86ychs0738yc5jzq840nlmg4xl03t4ec47jzfc	2337
bc1q066uqqkjkst2tpvr4cspzgm5xhhrgw6s2c6x03	2337
bc1qhmc5frn8vyuhumzqy7hk7updewr0am9shmp4n6	2337
bc1q69etqkauqf5a8n252u6kd3quhgjmfzve52r7yg	2337
1CFLe5orUjLt1NysgFV3Etmp3auTL9ZNCs	2337
1BuY1L9exAmYCqw2cv8pPa2vXuCHJr7CVb	2337
1NFihpDU1NNJxdYrdRDTpivLxBEi8XnuLv	2337
38Up4Ynzv2VhSsa9TLM7bFw8bbX92ptc1f	2337
1LdrjW8koeHVSXzwnX7H37x2qH9vADqBwP	2337
3Q2PbexqNSD1PwNY7pjQqasLGziKFJnGZt	2337
17DnBhXQKt8x3yb1x3CoXBS4bbTBYiEAQu	2337
184QnVWyrpaqzxBXPa2XxrQ718mMLwppgE	2337
1BE23Re8egzdUhoWuELZQNRSYUnXbMeiLc	2337
12QbnVirzRMGpEGFgCepZVCUxaKr4d93k3	2337
1PfExKZf9U5W4GeYcdhyqdNAvDJA3ch7nH	2337
37DnBrfVVeCjnk936ouTGrUD5359bfAbiJ	2337
bc1qa76ml924rlfvpm6j2kawxdmkqzse7k54xtncnr	2337
13LG8pd72WhUqf1ZhQQQNCDJDgVw2zeU9z	2337
19CsNDFCiR1zPAvVT19NtKGEQqQvGBrbFL	2337
3NvR4t1DY7LNwPMNP5C1mKC8w5ikbMppZx	2337
1L6C4aq7nsy6vyZpccKCH6kZ1PbxkWx8sU	2337
bc1qs6ljlz7r83s8cfrkr5ud0atnam7pspn809rxrn	2337
bc1quf8d8a8fxn3st08xq0a2jkkctpe53jrmenfxan	2337
bc1q4hwfav7dscqn90pueu5lvssfvymgwl6yjavttn	2337
1G8n7mA3vHs18mdZXFzJprn77KPs5Lqn2C	2337
1NnviXS2n1gHeTnoC22DzzcKDYxToAgUNw	2337
18jRJkyTxKEYk5S7WWEp5PbE52xjZq8eq7	2337
bc1qrjz9yxtu5sp45juslew262mkx6z28hsuy2j0m3	2337
38fD9coV8cPep4XuS4qTkuCXSP8arqy8Qw	2337
1FeTh5ZUQ9z6MjrPcytjFt3hnQd5Q4wJLk	2336
1MTT5vqgdNqhzHpngCYDDjfkXpuYgPMZUN	2336
1GuaPwutHBUKqaffw4nqNGFwwCT7FTNyGm	2336
112AqZahf68sCmXhizL98E6GjocfteResP	2336
bc1qy9fm06lw5vlpkhun6wvudze82uaxuwn8h3et70	2336
1NADUvNEtXAuM4DkBTfq5bXzwaQGSSWZ7d	2336
bc1qzwjnvptdp22hrvfq4sjqvku20xm5vhgz3r680lyjjp08k33n7hhqt6frk7	2336
bc1q030ujnqp2nca80vqs2jx7jvvcvu88hvxuxltmh	2336
bc1p9tqvdycuc53cku8ghuvz4956dvr2f8ledxj6pn2rn475wh99kh4qxluzsn	2336
1Ncq4ABmfWWxqeW6va2HBEd8F27a17qyow	2336
12bLj4kZU53UUKQvSqJTnFoXUr4zzDWnAU	2336
bc1qmkt0xln6a2srwh0yg8z47qdlajvv6c6vard29n	2336
12sydRwmrWUDNf3yrwnupUBFgkd1DQNugp	2336
12qFnxwMtATdfuW9dbXS5dMnzucEv4fDKZ	2336
15KFPySD4Gisp43bqjcufXa2ECW38eAGgU	2336
1MzZ1tsjTwNgpK2YZCcM4TGrtrZKXLRiXo	2336
bc1qjy0x7fa50ljaf03yctxwcqv5fgluz73lpxua0z	2336
3FRN84e3gmH788jBaL5PLdDunBhCRqekGE	2336
1EK7y5jZYGPQST6mTvgTimPwF9w1GCgHL5	2336
38qehXq1Gk18QVMaBSbhDhAQEoeKseTm39	2336
bc1qludyfjxkmjdet6r4ytty3s6rmlj6dg2qmzjkac	2336
1PvC1yYhyKmiByWMqFSmAFT1L2NPe5w7RJ	2336
1KM2LhGamncBArvcKWXZD2YWMfmQmfnfR7	2336
1CSGKULJYmjWHu6FVRrtD4nxjVE76Ptwg4	2336
33fDkstmkkx1cpv7kKht9dy9TgxUuPvp1m	2336
1ESnrwQeXdnyFhhc7hx5JpDy9cswuCQLSy	2336
1JSGjsN6vPzWwwCe3P8eNoMwy3m2tTe7bM	2336
1A42ywQ2n2KTebJWW8qi6n6fPdedSnGPn6	2336
bc1qxyfh0ewsy3y2jrr9rhww8lhj6qu7ycgw3ps8c0	2336
17uhYAjbFZrceKMGzJ7B9tJn4G5P6ni6eH	2336
19sfXVoU3nhPG2YTuLyBHNBa65WtPBhezX	2336
1GD6g3fTN2YMa2PisPjdL4ynrLCy1LiXN9	2336
15NfojgQwauCjY3bGqLmfyLS6YKXx3XFo8	2336
1P4qjJtadZ7pyN9kJSRuCxBWhWKzWTYjgw	2336
1Q9s1pJggZSYBXm3zwEv7UxrauosxRnnZg	2336
14kZTzFVeVcBkwqbkQsFJjKgA483b44yqE	2336
14ZXzX6JJVuu6iBeowUsDXLeVZ4dWJeidi	2336
3LiGSZfb953xdmGCYzi1pATYyHfnQbfGKu	2336
32XV8PcrYuNW84X3RFc5W5pNdh4d42gY7T	2336
19L4D2CFhfqNwL9Jts7d7VBRjpEm1yk5Fs	2336
1BdFKD1ux9EDW6kn6PA43pVNCHGvMps7JK	2336
159oLwTvcpPujHHR7VxoH5QCXWbAhC68Rk	2336
1NrDhtaBgfP1pWv3Vu6B4rN3jJGZuqDp4D	2336
1DfeWCe2Hme5944v5hqjDdD5dqjf1tTSPD	2336
1ztq6zxBGYtA1aaLnGBMVzKr2YYALHAJ2	2336
3Qpu5TRPWbYRum3tAyDfW2hzfSSEwrSu7t	2336
19TTPAdfVz6FupYaf7WBLt1eqn5vq2eBT4	2336
bc1qdyhakncynkkntjy8gpqtnm7fqkyxk92myllsgn	2336
15FrvRCib16hf7YEwU3m7cPaXCcjwzwsdp	2336
bc1qqfwrvl5qgz99hj74z0m6gql54x3hmw7rlv86aa	2336
1E2gJnQonU8X6dXK4aaRDsSExrMzYnCrpN	2336
bc1qqd3axwcjlt88gq9au0zlte76pvvsxdca0sghcu	2336
1AaqWUicF42acaNUhbJvDFqCUsZQL2R6cG	2336
3FADWu1igUkWW8gpSrbij3S6ddLeK4jq2S	2336
3GC4CujfvJJnnwoKUuigBCkct1e1wRTX1N	2336
19AF9twMP4SbEb9vhQAbmeSU2C8zrVL8gt	2336
bc1qqeua789nyhjhehnseyeghy95et49jxyspmwm76	2336
bc1q8c6u53uqlkuc8u2uty3fgnnqq9x4gkaw0jpaxx	2336
1L1ZHDK1C8J3Y2RdqaQazVuFYKpEUkk8wD	2336
1BNisGvacLiJdfq6fQMv46gggWLG1RbL5u	2336
bc1qkkus5u4xazrpcxq270lmy6fc6u6wgc3seewhkc	2336
1CR8XymfWqGdyeqQkgVardVn3codLwwJqv	2336
1LzUBvTp5WjN9bbQo4zHNAMp2dsYGGwWYj	2336
18dfc79U5twx78jr9jThWaj2vz5Jmm5boa	2336
1JrkYyqwFEikdMeNQebdMeFAGMFGPZ1izC	2336
16eLDeWtnYtgpJcmnTK9sFjixCs8kBLam3	2336
1LM73jPTxNgQSn9maQKY782RCA9zfyz18b	2336
194wXy8LkCMVakw1bbUAr7hUPzmfMkXr1u	2336
144EuwR2jDDhsPojGdL6NEx8fK9BBLpNuL	2336
bc1q7wxz0ecjacwhnyf76desjt06p0x2vtuef0rxhm	2336
17bRn6Ao3vnFvxR9Byv6ks5dDbqBgs2f6E	2336
1GvxQn71HAbwgErtibJMC4A3gjNgk28jia	2336
bc1qs9grakvldnc7303h7xtjxd65h3e3v5s8gjfc0e	2336
12jMKWi53tTjAUzGXo4UJYLij78ejajUWY	2336
1CpewPFNUS1Dym5aonYVKFkieabhyqPWfd	2336
bc1qjrcngwcvf2vs3q8p7e9dq2uxcc5vzgldrgnqqv	2336
1L9Pwvd6D3JDtDerTZcNcx74RP87HNEhuz	2336
1H7znDdHeA7BjLdNin1gh5bqCbcBXp8Yt7	2336
1yL4nHtWCWam8V9mbj97fDYbXJUcfDniX	2336
19eGpMRjWdZp36Hb6maCprAMjPkXhR4wuX	2336
17YPS1VCeUGJY51KwvCEBJbFexc3c4KHFr	2336
1NeVCnoNKKAkmc53etNroZWNNhe6GJaeCU	2336
bc1qmsth5gag7nzhztld54hv3ftc2zlsll6zu72mpr	2336
1Ex2Jz2yRECkZDNE8GgdjVdomX5SMPu7ZW	2336
bc1qckuvp8n7evcgv4slxk5egkj5pa79u62ja00q0k	2336
14KLqq7YhduydUNg92Vgx5srsfrZDAcfky	2336
1G9dMZRaX9FFwjp5qL1ufUZCn24KQmApvE	2336
bc1q2enhtkvcxrgnrwz8yz6l6e9gtrt3c9zr5fl4ux	2336
1Jfy39LXheoFncgpKHJy6i734g4Cd9rz7z	2336
bc1qeksp3phets8etmevm5xwlca2u4vu5mqxfw04jr86m54awwp5avms9mqhr6	2336
1AvM7nypGruyLUuBTQx6jLutqW9deeQVUC	2336
36QPeoSi6W6Ykix9byHsrgMyBbhwnRZPnP	2336
bc1qptnnmft2v2tmr4jck5kwk5073q5ygfktj0lv00	2336
bc1qv0cc6756vth3v3sa9crjh46f89ze9ga9tedg6l	2336
bc1qyeq0ml7ar06j95ncsm9tn48juc38303rh439ku	2336
34JyAN6VeH4Yc2e8qaZievZRZjkJkxZGMH	2336
1EyiN5bEvfQEffJXjZRGdcC49a2Cv487Vm	2336
1LSbeuF1jhjpVJwZLkDSmtNXBvpsSwSNZu	2336
bc1qwkdtypzwh4lprkyejjmqhspl6pujupqgun8chrjculrczrqk2gzsu89egg	2336
bc1qjl3tg3l559rdducm4vukq9vx74l08njaq6kxff	2336
1PjPraaktdeHKY1aNW7K9WpH8XKFXHovna	2336
1DmMAByd7SquajLv3R6tp3pEAX8GnYrpfR	2336
bc1qrauw28l3rexvc6zdwmldh30vh2xf2kalc3xesu	2336
bc1qwftavmfyra2f4av0cgpjpwp4qzscp3uesedvts	2336
153mmt794SwsAbPVLr1QRzFz9ZYN8Yd2NR	2336
3Fb94goCXtHVxZnJ7vCiGGtCo7hM9WaUjp	2336
3DpFkAcoD2VFZ3gFLxWqXL8AVfhFZLkhrA	2336
19ZQvrxso3WZ8HUQTR26ZWj4AKyCGYCdsx	2336
bc1qf4h48tansrjf7p30ehp7l6j9uq080e90cq9wcw	2336
bc1qe0d5juqrr8zeq58p8rpdsghh7xfmj5je953a9q	2336
1KebBKGPWuEhysG7Nmq8rhX67wthSG1X3q	2336
bc1q62xx2mf5xgst7swc44y0gque3tct57dkcj0ynk	2336
3FnDKhZfq1cnsXeBn8f6dbZE4KduNATsM4	2336
bc1qq2xjm3pxdrhf4fndfw5g2e0rp8qypehdlch3vf	2336
17eTHAwh2E5JA2KRqwadJqQftVJGp3epsT	2336
bc1q2e7ccsnyxpdknkv0y5vmlaz5f7uzp8t67y72ru	2336
1GFAZz6yTeFqoKb36MhmTE4eT2CV7DUPpG	2336
1FUeHQ21LgwPmVMWM3LDD6cfhPGW3mNC3u	2336
1KMrJdozFjgUwETj4CWCRH4nuSG1BGRhU6	2336
13oY26KierjK33tkdpyVfhS59xRpQDbV3h	2336
3FH53hPc31vX7enjgsJFkbxC7UHaU4D95C	2336
1DDaNBHakzei62RiWsXce52SUcLL1AK7AA	2336
1AyGQcs95Z92xZ2LPaUoAHHufFVAatPU8m	2336
1MsBFph6dV6ZdRyWf1WZaLFHQvsYRhKm2h	2336
bc1qfjs9qcqg2jr3eh7tal6w5pj6fjyj4kp2j74nme	2336
14k2WzBiirsZPJ7yFynENhDa7fEXFKNSYs	2336
1J8qo2AbZsCMVrb2s8Ly6reXSTJCagwhTa	2336
bc1qt3e33lkvc94nqg9qpwjpecnmq62fkkhurvjxme	2336
1JvfNAD9wF4BDRDGz4qmDz9cHw5axWC9H6	2336
bc1qpdfmgazj92wurf86ul55lh5jystzn7m4rzzfz5	2336
3ERhGskDRcXKyJuX1C138obpXnHPJDPQBo	2336
bc1qdgxg8e39r3ta9egud5ddqem5jtechenkeg3jta	2336
bc1qaxxyw2szagcafhggqfg52nq3lnx698438lq25d	2336
1GNvkGkqYLQEmZ6wQmWraMd2PR8aKxPijy	2336
1DuMgf75cCHSggmxsyJP11gLUo2FMBL5Zi	2336
19N1Ljirh7vkTuLN3hSPyE7N7zQnEynRxx	2336
12BsmBhzxsCSZp6m92KdbTZECyjxiQutou	2336
bc1qt7gustwrdmv6x968ltkvz2sfjwl04c4zlcw4tl	2336
bc1qpj44dcwt0qtqmju9us6e3xpkxxx6n2x39znez6	2336
bc1qrp6v5g0jz0hd4rnud7wqe69kfvwktd0g0yqcdg	2336
17v46FwfirRApYbBoWwMGxwrrc5AqjEr3V	2336
1AgmjE4h7PkvsNGwtmnToSreQX3FnqiHY6	2336
bc1q0pjl33nqgphflykj485shupuhwcax0tk0wy2td	2336
141LB7zrEp6yruTpBMrQ5G56K2m8kzzUx8	2336
37NHzai6WA7TCaW1cENPTMRGwhuzCNeyH2	2336
bc1q9fqzvk72tajsde5858hzpzy07fx5vdnccr74gv	2336
1GM61JYk7Gz7JJuLGBJFCsi9fpkpdAFqmK	2336
1K336yRNeWf8wc7sJMuPk389nspT9i4XsB	2336
1GK7rmh1apbmdbRrXJfvuLJLxSgbBh6EdK	2336
bc1qvrj2rfd2pew4yryf48dqplthdww53kl2ahl62e	2336
1QJc7vWfHB7qvHxSsz318NkNXNwVeCG3bV	2336
14E5MX5FoyiGhwC5nTGHeyD5EkJiw8d5ZG	2336
1PkSzwcc8TbEG8p5XJQdV6Yfz9hTj1eYi5	2336
1MD8p7NoToMmdyug6qvCUR2rNG2LvKrYMW	2336
1AX3dPZ6ksR3te5ceZbz1zMrZ2s7pwRkeP	2336
1PQwTUWh5yZgJm3Du1TnndeXvcxigRr1oB	2336
1PuTXZq785tmsoAnWeQ6Pot2KmH5QL7Lx9	2336
384dXum7wFAuRaVYfs9BHLw2o3XTinAcDT	2336
13Nw8CyYBBvi7eJwU1NnQyeah5cdCMf8Yt	2336
bc1q7cqthwptlnhjl9m0kt3j3nnnfm82f2ty0xepkd	2336
1M2Yb8NnnVn4s5ProFeZnSaEWXucz4vAbd	2336
bc1q088g4lusljsxuhp8z2c4a9ud693cte5v96yk0c	2336
bc1q99f2j8r8gd6ztgw3yjr8pf502jvgn97weyefny	2336
15FDXVDjzQVJbTtsk3JXuMy2W7zTZfCL3x	2336
1PbexBzgvD1dswLFYxRKrPY4P9KYf796gB	2336
1F6rMWxe2ppKYdTonH5UQwoGwFi7eeoUp8	2336
1K69ecYwPVQkQ94N9TfATTeg371wGCGZM1	2336
1N6UEpqAt9oi7zeazqvej5d6DxowKht4dV	2336
1H2pqUFXVcjbTD34hY9raj9iECyFQNinBB	2336
1KpdaAGNWMZJWY9BF15jcRkdPGgcLJgLXq	2336
1KpbQjTzm7yvLHGCns1iigmm3zwWExyWNP	2336
34GRQsZ7rEuNkWoeYtVgMmFnwBnVvrWJF5	2336
15LZHvVwLCQH1HHgH2wQw8BGR63vDijKig	2336
bc1qccwfsu06zasd48hlawmzujrj5y4nhyr39vhsdh	2336
1Gizrm1Cosz3szyZb1kkhuGZxc7dH7gqbf	2336
3H6oGbhA95NKXDnFL9g4FH2ZivEjXEF1AS	2336
bc1qmgdhufaxh407xuvw8ud358sz3gz2an32c302mz	2336
12Gz2u7PPxaMF8Qmi4G1gYoCK2DNc8afo5	2336
1JKBrS9XiPDukp6xa3vAL7ojBRzA9LMZUi	2336
1Lq1UWJjzG9KFceFNri3yasGsyZr3q1H92	2336
19n7tY6ez9Rvk8c7y6UHAdUBxkCwfuk8nS	2336
17568UFUTcqbr5c5vGswPPPv1i3tudN8pz	2336
1BiptxffThRqoeyhKrHdrwmSYrKTDz2gh5	2336
bc1qqwhf2g30tpkz84tsd2g3zs7d9yeef68jqc49sv	2336
bc1qvt5xnk8c56nmxne9nzypwwv69ypz5kh5wngjgl	2336
bc1qdxk2uqa3p5ct040caln0aezxrpx3cp53hv4zw3	2336
1HAMXYxam7WbJbitEAnoLr6LBPMvSKVVBD	2336
1GzXeN92nCj9bwWE62WBP35CpdGdV8xoo1	2336
bc1qtw2ahj4qhlpqvm5le5exn2h4trjx3f03t2glq9	2336
3P4NXtXvRu3jjhZ8B984bizmUyb8ucKpRi	2336
1De1mGkPCe4R8pvrZknnFdQKKMUNLVs2vY	2336
1Nz825tKzZdPXyyXmpMZvzzNRDZzv3msjo	2336
1E545ZvoivofadHuaJze6TJaxabJYHSW6i	2336
bc1qv9ag2a8j0xa9paw0v9k8vqa9wqcra67f7xeh07	2336
198msEaR7BNWW1rEkxL55onziFYULRCgY4	2336
bc1qmc0xxrqml786c8p2lj56nq9d0dw48x2kfjn03q	2336
1MnCpynHkYf3ExoMRyiUbhzymmx3X16ouU	2336
3EHuyGaGrxnQ7DmuaFPbz9j2gMqWmSpJWk	2336
14tby9dxQ8sCijzird6JLJXHtTkmgenHWp	2336
bc1q0y6g7ggf7nqa9mq9mjcaqa7jcldwchqq58zykrvwh7dywqtpc9us2736md	2336
1BuvBoVdPcE8NfaUw6irZbs5BCB7T5oQ7c	2336
bc1qkw7ht6h2fvygvj9yr3jwxmger32sdepugslvl0	2336
bc1q8wqmgt2l3cmc6xezhcl820cs2ce5964rwq4aa9	2336
1FdNYWmpLW33dU1R5oJuz47dAfCiuAqBp1	2336
bc1q4njr9a42mn8fq8afzdeqw3ptmaznhkh6wvtgws	2336
14YNZtvWYUF4f4S4fU1kg27T3R2a4LZNuZ	2336
16m7qAzeJ2ERtAcMgBAaTq9A3WmWKavfgV	2336
166X2DLhT6K6zy8KVYqmw4wo9bGWivnwqk	2336
1BxCGbCbaSQE5ECXrmzqonKuLqt2hruo12	2336
3QRhzqCvi5iyF2PByRWGDzz7HxcTNTpeBf	2336
1Fscy7W2V7mncpbrecg12SGK2rYsMz61aM	2336
1CBJ8HsMHvqxWjPePhKyPwBa4P17XcE9Aq	2336
1CvWbTsuL5kCf4LNYiyB7V66BzjWhwUo9S	2336
1CRkkFFaVJysXCTT4CkKAXRHLRztfPDrfw	2336
39VYmgFCmiPEAWaeVtfG1mGhnQonGopzEB	2336
bc1q4ntxgta3xn57r4mkm765zynj804x043caeyh0w	2336
bc1qrpeqlh6n4nvzpr56ch9uh7ry7nk43avqx8fz5d	2336
1Ka3syvbrXTcoQdJBciQsSAKhvxGJY2Dbb	2336
bc1qxvrqyr0tthw4fwla3z6awv3d4samsds2ahf8hn	2336
1Pa3YtP4bR5ZKaBXxVU5B1QKUczvzHHstV	2336
18kXXnfyFvYim3mGQoZT3QdmDJLqCeK4hX	2336
bc1qj736dv60ftnc26wej345ut759sasyzhq3fz75k	2336
1KRVRabEz2wgDvoSCyHhqtvybLPQy32VDR	2336
1DJAxhPtfUW97oBihiNxXacDinUAkyycxK	2336
bc1q3aq8p3kfxqutr876kryca84xhlsnsdhfgvy8r4u6slelnplrcrrqsrfdst	2336
17pFrDPK3vMpeLNtDPoWo848N2DY4C4gF9	2336
1GPBz4Yq6JUu1EQaerKn5bH8dD55G1hmuN	2336
1JXbKtceNZL43UzA6YjXEdY5VL65b3EuDz	2336
bc1qplnd2prp50trwts8nqf80f40pk2zpj9k4lvwpy	2336
bc1qehmr52gaq30pthuvzfclwe5d2c8sl36nkgwvqh	2336
bc1qkzu8n3y96xuvaldgylsuf0kma7nph0hmjpp6mr	2336
15VJNWM6DtEqSTbtNWCe6HgNfMQZq9eqat	2336
1DjB4EYvUNe4NEMQgmprqgtWmrRkmPDMnM	2336
bc1ql9dzl42esvw8kr3c2p4qy7jf5lkrm9zf90zptx	2336
1D5eTpGK2Bi4GYMuuxScx3qgCshzitY6h1	2336
1KrKhTuZwBKghrnpoYsnqLdkr5TxYy3fBQ	2336
12WZPhNyxRs5HLqDVprGcSXAFoTd4xaNrX	2336
1H7WWfVEHKA7sFYYPBrVYHAoMHs25ZvGbx	2336
bc1q6wc8zuw8q0g6jmv8mur7p6dswdylamler9fmy5	2336
38bLXT4iDTUKJv26cuCrS7n2T4hhKjD8S7	2336
17fFEbyPFDPDczxCf3DGuqs95sWdj7Wb4y	2336
13ur31QCDc1vGdU8nS3xiGcGtEtZJ49RxH	2336
1NxQgSm4wBALR6UjR55k59x9BfMdZMPxKk	2336
1P11AX8rAvxnP4eqPHZBx8tmWWYGGpNSXK	2336
114R4go7a1u6V1FNUmvu65wMybgff8Nneo	2336
17DK9etnH6HVogfyHzVbH1CqxmHCUiDyeE	2336
1KoMVh4GmksamLVh5Z4AqDb8RzBzyDQcqb	2336
1NFVsjhQ5fm7bvJ5jgANLV9e8YCXsRT6iB	2336
19ZhpUJt1Zu1TvawEaosBngxem79RGmYya	2336
1CT9UujsqBW9wkUiQkc5KBs1DT1eAfPniM	2336
1Jjj6rh6829Sk2d3f5bWobqEwvmN6x8ZBR	2336
1D48Hq5SyfFVEP1yaxKxyJgcNgdDx84jk9	2336
1J1JcHos8VdU3GWuEYwZzFbaV5GWoucicj	2336
153P6LGrK3FxmXJB3JhwngmVMgx3DC8jGD	2336
bc1qywwe2xvv9v8ztzrh003slcm7z4sf2rd07xa6z6	2336
1MhcitFs5scT4QyiDRCxWpfMzyM3gf8gns	2336
1LTuQygTx2pVqULeQqwUAyxyF4bnvLfmEa	2336
1QE2DG6yFCsuBJwP77GMDN2zSGVzkCRySm	2336
bc1qannnrt5cg0xpp5lh02250v2chstskkc9lr725n	2336
19i9RaVWjdRyDnGfpgPrDEUXYGZZmERJt6	2336
1HbskTeQdxjWgTfjRbboLu5Wq1EasfHC5r	2336
1155fFAaJvPCwdcVpSmq45HAN3fQi8vi5G	2336
19wEJzhWkPU6pMLkf34B8r9jrw7GDApCGU	2336
bc1qmp4jagrmm9hxgp22utnghx8wq0cyezd62xu7uum8ut67gcvlvfxs2tmsvj	2336
17WYdTEGS883mwBNLHUEwmYKcSgihTiYCL	2336
1A3ERuXjzazWhG1sy3CCLUNLHXTAeJo6eP	2336
38KvLUE2WzDfrdgt7a2CLxwKdxm9NiXHyN	2336
1GAPoC1QKGT8vXBaV5NHtSPnQJ2RrjDRt1	2336
13HiU9w3wyJtygu2uNXJVAi5aPkm9QjH1U	2336
19V9WwGnWzCQEgWuvNN3rbMJCWz9LpB6Mc	2336
1MVZ51yaDYzJFBsywfeoqUWtabiQDCyUPH	2336
37ySnrxzutHAYWyDWJXZxh2AJU3V3VT1HU	2336
bc1qaevkt027930g796hpn8dw86syg6cgkg0dnecrc	2336
13s1frBTfCDpi2aY8CQSbS1ENTYy3BqJUC	2336
16v2Skj5ZNZvKwBmaa9kVYLeVUyYGKp1wN	2336
bc1quqynmsvm5hqvtvdelhlwarwl5mw9yanwcx8gg5	2336
1HWmLgKC3gp43SXuPJPJ1ZLoTfAxHKuRHT	2336
1KjWqeubAHbK8HRy7V24iNDJnnwtgFUsRP	2336
1GLoErLyDA8NtayGAKNwj2SyXv8i2z4h7A	2336
1EaqQs6pooaW1xKJ8i87LWij9EE5EVveN9	2336
1HHVr1FvtbVzPcBqUEnPJq1iV8JRAG8miY	2336
12kkCyj5Yk63QkkRmmrqRdkkL2HRjEa9rP	2336
12D5nK4j1kCtrARJRJUPcjJPok7WcMnftZ	2336
12cyAkeDQaapvJuJJBg6sYjxrNJh69kNoA	2336
32kKA56FDFetwb9bKohqPBURBpwug3nwqZ	2336
3D7vp7BEFkt2t16YQbkbGnws5y4CqM6zex	2336
bc1qkm9lcuvkjx6vqsjprfmlhug0qq7k32jgmew3tg	2336
bc1qhpsfhyksj58dapz3a5ak9xpszkxc4lqazq3mt0	2336
bc1q8wuq79c3adzd5uej5g7p938wzpqt36tynku0z0	2336
bc1q4f6h33w727lye80sfl95nlyvx4cvzfnfqfh0f6	2336
1LrTtpUcH9rmRPf1m1x1kr1bgCqsnx7oh8	2336
1KXzUBKtM3XAz7RVZxrw8G6YbK8Pm9ybC6	2336
122UPyG7XxSkHtjKyiZF62CDuVsEZZmvLQ	2336
1Ad8zfFpwYZJGdhkUXmQ3mspxrJE2uFySb	2336
13pd9EvdA6rkEfzQPFLpPDx7q7ZboZjQn9	2336
125sDedJE2hC6hnEb2wnPTCcvZ231GiZ91	2336
19BUSGYpf5WcK9s2Z2af6EWVC8w6zTmYE8	2336
16PG1Y7L5bevrWAQPqRYKTChoN8EPiBUXa	2336
bc1qhjethwq0ay6w89m0nrg4qqgjdscrtuvwdetuad	2336
18bguckie5mdog41r65T1s2u46BfwPQPNP	2336
3MSCq7sJVbyoNJnuPfE5ZDU6TKgwikVzFh	2336
33iRcZS9dMTpxvGDM1Qq6E3aYDsH1WFwcr	2336
bc1qnc0x6qmjex0ne0gtd4u7hdk0s4djjdpm9qlnlk	2336
1Lg3VzXRJc783JyxUxXdbPWQMGuHsTcapR	2336
bc1q7ae0cgasykr5qjwr49dlk8hvfgxuww9r5nsywf	2336
35tiJLQzYi8ChNbfu1kujuAcomKajcYcRm	2336
bc1qvu3cc5nsja9e9vjap4kp87hcy6p6jq4czym5sd	2336
3GMHZKqXD82PPXnSmqKukLrcpywAQvMDdu	2336
bc1q7p0ervuz3jyek8nc24ps0rjyptqh54qs8nh84v	2336
1Ft7RS3hWjRq6TrmFLGEksmGTevpbJLCMK	2336
bc1q0y8rtmq2e63n738ef057swt56fpx9ud6nvtgtj4764v5z30v3qyssg5f07	2336
3AasmRCxfG6TXoAbPiLepF7mkcp5RbGim7	2336
1B5YRshJNNZzYizP3ADtiydS9BHNadFjGb	2336
14xzdAFc9D8cVbwEMAepdJDQRY1dGw7Nhg	2336
bc1qtz4aajwp2zd5mm66vryu8gwr0uca2flvn456ps	2336
1CScKyyKGrv3MJgMFVxFGTk9A5CLVK2nk7	2336
1N2NteQPXX7eNzjDmsvVPMSmyrQtiZxi3C	2336
33sPzw1gt3j1SfpU4PMseEJZeWWhp54Dh1	2336
1LQhfW2vTxpUEe3ANyjF5f84JEmmThc1Af	2336
1CoEB41C6NP98m95jEFmnv7mJFWVuL7mjr	2336
bc1qqkclnrlrvng7p9hqug8y2q2ahky6xvnl6fekpk	2336
14briUZaqn6krK1QFbJnBdum76EL7Eoibt	2336
19pTtDUVeMKMgJsGzLvDyDB21e8CYiHTwD	2336
1KuZcDi5WP9x4p237KYXyiF1MZuis2NAie	2336
3Gnyf1uFLTUSra4DYoizfKBoVJZ7BCAsgm	2336
bc1q8jtv78t3vcryjw8dcry0r32hhjpn26jnphnc9f	2336
1KXfwQTGjwxyNBrkdRXWVou7wfBuHQGyfP	2336
18Ggc73yLc1wC2Se1Q7YDgrceWwHEVdTpe	2336
14aeDw1nnQXzDkVCDsBSE4XyziTuiXNVwp	2336
3N3biLyUMot5PwKJv7DZV5PsXPX3AcqRUk	2336
1CGZQ4yVgxm5fxgVQ8Fh5sxHi4VrLSn7B	2336
1K5Tcr1FJrHD9q3WjfkHpojheZxBcrmYmj	2336
38YLhinnhdccTjwXUc9vaYzr4GKJmwkDnc	2336
1DivYDiVJFw96AipCQprGhDbLqKLxS7fbh	2336
3QaFkUyrTzKv38FVgZc23Fo1zeu8ZmkGbq	2336
1M68tAE2DQ2tAmLivzF7y3W5j7SgcpzJft	2336
1HeGJSxhz8sRKdQGRh1ASMELyswr31txtW	2336
bc1qtarmv0et7966mes7lvl28kac8qf74jgrj9umrk	2336
1FtSK7kjuAUrHAsi5Ncxy32ETxxxGTFqjz	2336
3GFUoiZQb3WN75TC9gi3BJ25xQRenWUpAg	2336
179y3qi35bytjnyKqHLoicBu5M1SSeTige	2336
31inXizXU2CHxv8D1Z8W7VcR8YYsJSfeCp	2336
bc1qzghmwhwq3lrfeygepwt4l6gam8j486jlq4jssd	2336
1MtnkMSm3mMTpUHieToPUKi3VFdL763o1u	2336
1JszsYUEY4PdXC7KKnebdh5ke73fzTtkZ	2336
bc1q2ltsptkxmr4ueh6muj33jtsyxn34ymfcshr4xn	2336
16xNQamHZweb1mFGPRNf61WrtEt7SLiMRr	2336
14YzCyktSnhYMeMeksAtkmQtHxieLw4rYf	2336
1PbfAfFJUrTRBxq3K75sRZe79YpbF4Xpch	2336
3ApAGndxWA5Pm5iLaGuKbyviJzdDts6qkq	2336
16A7Ri9fNTE4xZd2n1nPisxPYNWzDEVP1R	2336
19AyN4Pc2ntJpQxbGUe8deNFT2okfdQbXF	2336
1NfFyU2cs2TWWDQx2G3KHyPyy99tqa8bBf	2336
1N9zaFMpNysdHB4dgdVgCiq9en4sNYFaed	2336
1FZXJfcuo43syukjihMRgaP1sXhmJoc1TF	2336
36oynt75p1T9rzKvEVqbDd9p7oVAQLwgMy	2336
1BpYGx7ECgS6yS1LD3JSRJyz8o8JcAiQsJ	2336
bc1p684vvveqmcnez3w6asuxht26h2xyqmaclkn6u084tw6tfvhvyfqq9ufp40	2336
bc1q4uxsl7kuld5qzjudf80vtqgyqfc0h6wp4e2sw3	2336
1PVXjR7bwTKXqt8WKtUW8AsuryGc8XGaHg	2336
1Cs8YMQmJhXGyfnomrREcdEBX2uWPdSVx8	2336
15AS2yzMWQFkMzFyGL63ytgdgHa9Sz6B96	2336
bc1qw33jhmagkwst6hhfz9c94vqnep3lhczytspqj9	2336
1A1sqP8EqjYFLiKKgUMqp7sqTTK7SuEBCf	2336
15GGHKP5GSfgT8MNU6pPZQGNMvSu6GyXkL	2336
19Esx7FvgLs7s6sE7w1598yuBpWi8GRiXp	2336
1HtUmXeSpc6wogghxBkUaPj9zrLgwsWmEP	2336
1DDkxditsWFdruoC7DDWy3duonxjupNLUd	2336
19LQ3VbaqmmRGs2AXufRYQxPYo6JULCnra	2336
18PyNBQ9oDGy72g2Nx1BfMNDiAS553ZEni	2336
1DpYpzd1EgCTotwLsCSwEL8jqqHyQqXR5g	2336
bc1qdmwyfp2sh6w095uzyrqzw6vrh80ckdkct9skse	2336
1EQdZotNbrtdcTBUSXtVkvGWGa8V3bXCEn	2336
17JUAk64m6LfiRszvrH7JzbVRZv7acY8NP	2336
19p92jX8HJiYj5uZRNGh6bjd75aBzL5PLd	2336
bc1qllxhuqa3ycfac0cunugqdsm6t4yaznra8vvw7k	2336
13nTRhn61gu6xmZALVcAX9LmGj9Xhp2JuW	2336
14kAiTFuW67TWAptDZnC7FwRvFn5xiwYL3	2336
188HVknzAubffxZ5ogWZj8b85j6MgymLGW	2336
1EShBL6CfTaY3rpXXnKVFda9ekWipdLAda	2336
17gaXZ8cEKJssNsesKvM1uaEyGqwewoGXc	2336
13zJaLL8Qp6nftRj1pEKKyTTLTDWL7yiT6	2336
1E7esW2kga3XgqZ83bSnCxyKzNSWumq45H	2336
14DPjPR2bHXtZSiRNnVkX1yddKzToBLBFr	2336
bc1qdkkdv2xd8aq2ejghtgtm746gqsxp2jhj7587ax	2336
1LGVXU4pUBfvQD3Zy6TUqd8Ht9KFGdPcq6	2336
bc1qjkvuah0qmfm3ekg2jc3tsc48qnjyrjd0wqf7fa	2336
1AzXtUSFjAhBnPN7653izAnFLK18BekgXJ	2336
1Nvvhi1jFpi6uWUgDbhmohuWrgydbnvzvr	2336
1Lo4CrRHtWNBm8umw7UkFcF5AczFecDocz	2336
3PS4iSpmWD8y8uJdE1R5e4ewRegkcvfHLw	2336
1MVVimwXpGXi9WRXqkR6RmrnZXCZRddBDY	2336
1NuGMqfkXeN1n3SNvoXbpFEwTcpDDuEK9p	2336
bc1q9c2gn80zmumd6uvgxcstnqldr93syczpupgqaf	2336
bc1qvafpgm3v52dwugts8h607pq5qwm722vd78x9y2w3hq3j8eh7rersrjqg4v	2336
1PBjK9ndr54CN354S2tosicvW3BYxosNCx	2336
1Nm9MuXShuvgU2GhaihJiWGavf2kYHJQJt	2336
1Lc63Jq9Z1zN9DJp3uwLNKEwZzzM7vTAvx	2336
1Sk79jtEsxc8ASoME2G56qF4WVYMJUUTK	2336
13ok8mqStPzRCtCYpfpSDzZ4dtoCNY7rYM	2336
12obrTo96ZoDHkwQ93VD9qkn35ui41DtRL	2336
1PL66ff3NwUP34H3XkuYzHKHcs8qJdPP2J	2336
12UWgGcSYqzyxiuGXW3SUk9aV8asYstWsy	2336
bc1qnd9gnatdpmc9kua2clez8lqfmpcawfrdwfgusz65r3zlcntc0t6qef0apq	2336
bc1qg7temz6npe6edezcjt0wfwx8rjkg0a3yptjhyp	2336
1AQrmCRWvyc8F6ampixfEeaJZKw8edyD2b	2336
38R2Uf9XB3mspCBFtdeESPYucs71MQgJMv	2336
1Esb2euF9mu6E7vQe6UpMtHNPoUP9Qp5pD	2336
1HKRQK9sCoUVjNZhj64JdEUtThNTPM6JgP	2336
3AToPXJWAYvQ2iC6kpqTFN8tTuJmPtQa4v	2336
1FCC5V8atwBPK795zEaQEkuRTfpiJgyzEQ	2336
bc1qdhuqzjrwym6u0f7jyzf74lda86z2u9eklzkpgc	2336
1FmRKMQfV8sPFME9YK2MGQFuYXt1TEuJFM	2336
bc1qg2v6dc88n3aacy63k70g9czw4ce9qmdf658gjf	2336
19VdCvxZW7SX6g3vN9d8R5YxTWP2Znp9R6	2336
1Cw36rpTGkYAscw94MCtoWpev2SXDKXUCL	2336
19h6Lgk8UbeEHDdXbRK5mS1Nwqz2eBuNzK	2336
1GTFZNNkg5DZ2xeD7tiLiBiKQ9wgFojtX3	2336
bc1qudn59dnc5u0lkh5ljll2jfqw0re0v07y5vztxn	2336
bc1qqdsq95fra2lxkazmgqsqmj0qasya4hmfvem5sl	2336
1HqdSTCnjAUwVWMDGySsHne7p2mqqG32xy	2336
13tAj519aQsyB4Jir8Cf8J9SiestStRqcV	2336
1N6kBuivkTgj1VtwnjHvN4sXWvYvYvsUvD	2336
bc1qxs5axanvyz53vzpk5acregsguzrx520rt28a7j	2336
bc1qmwqgr2n3ns0ert6400v5la9y6tj7gjxszf77f0	2336
1GBhsiMVegDfBbXQMWmE9UmPnPCK8yxCa7	2336
3AwzeFTF9JuaujWj1uSws4tswRmB75nheY	2336
1PwPsLHBMtJTpJG2PZ9RD8W4ZSjKXmbpmC	2336
1FkFj4JeqVji5EbZihRXwaTrkcBSXypbfE	2336
1JE1EjxSH5JZzZaHKzX9JKEq1U4ycx8jU2	2336
13H5nfFmcdbLVbML9Hxcma7SxGGnWXy7k9	2336
1AKWNZJsGhzZ7LF97nmq5v9NzvNaSKiYTL	2336
17ML6dzX8gdc8YcXEfoqFEwMPRwCmCvXkX	2336
1GvvPXQhtwPPSPYoTyMxd2wsMEP7C9rLAc	2336
163yyj4VQHgHMFTh8X2u5KNVeVMsHmWnem	2336
39bvzdfFqNXNMyZs8k2fsRoR5KnGhVZboG	2336
bc1q5wdtj5zmh46rh8skwse9e8ngvr5hstaarypra0	2336
19ZzvuKY337hViJdWWPCTMb2DoLRVhEYMu	2336
1J3HjtgDw54GXqaHtwuKzzWJAcvfKPUKyZ	2336
1PJt3gzEAtApStv1PoRAcfPKVnpUC3hsHN	2336
1M2xo5JqQz1mVHb1HPzZ13RynVb3VNHBgt	2336
bc1qhcr9zw9pgr2guvcfy7gt9hqj8xf08rj5jj0c5c	2336
18C19YouH7DUF76SzrkqJwMD7NHWhGsdpr	2336
bc1qc0p5jqvsh2n7r45nc3uwmftqahr9nx8vhcertn	2336
1FwKnt1rYLDvLTneUA5WB6BtAr6YR15EVG	2336
bc1q0wmcr9xy5grnuq8k3dpz6uax3h2mpr2r6ddnm3	2336
1PPooqMBUY7StTeqGaTVTnDZqeMgHwwPqb	2336
17T1tYdaWsxgyzQ6u9G3BJtfUyF4nYiLy	2336
13adrYXDrQyCj3BoccENMbqpvqSYUTowkH	2336
1CjutTsTi4Gk4JCZwrNaaQaPnkUpJkCHYV	2336
1HcpUBr8ZGHRE2bkvEYds9j6rRt82SZps8	2336
1AYHLv2CXbkhaTNvVzdqj6L2jb8mqCT7Ax	2336
bc1qpegjefm7mf5qdvwcc74qltgmy6rq08zkg7julg	2336
12AsQmyEByjPLcNvBdMG9LuahZ2AwUJA4r	2336
bc1qdutqnkq7qczx9rd8w98zltq09ge549y8sq6ree	2336
bc1q69v7u99zm6ra9tttpscgy8zzcrm0qucru4htnj	2336
19mPRHx5mhwNuVeQwF27jrRr9ccmy26RxE	2336
bc1q740rlthkgpj6qqn9av4zg8nh8u3mpz80fusx2p	2336
1CkLzJYkzZRTbKxA1EHfYQxxevCkiuVb89	2336
bc1qxnttvxhacl2ffdgup8swq86yalewaq9cdz7zqu	2336
1PRmHuQDze8EsWELNwfnvRsk8L9B3NKZT1	2336
1PHW3LkaQozXvBTGfnA276To8KsekwSGzk	2336
17VnY5mYw4Px7v35TeF7v31ieBL716vff6	2336
3JgDzgbsqLdssZQTqLwDtmYvQdjVfQUYT2	2336
1MkvCHy4GhMNGC2XYSvRNGQowf7fZpGbUT	2336
bc1q42qxhx2974z4x8thcm66psprke7j8zgyfhzd7w	2336
bc1qekd2r6f94f6ernskvwcqzn99ykuhphky8hjq8q	2336
bc1qa76hf4pv2rtrc344za3pdpka63mkt6mm6ymu7v	2336
15yY2BBjrgfzE5QhUMTV5mKPhAWs2fvt7g	2336
bc1qjp769g46nfkmhgfthm74yzue959v7p0hy0tmt4	2336
bc1qcp97v34uzd7wax4whuftjr8qrhamvy2uqa0lnh	2336
13vVdS1MVnqstDSBsJ7zBsXU24UEeF9C2z	2336
1Njw3kFbZq3BUdeaAEmMgoRXE48gtxa6CJ	2336
15vwkqS8G5LEXzBUR8wULL7XPQHxU38vr8	2336
3QYegqCjQsyG8VFNaX9osZ9SKQCSuAU1hW	2336
1DCwqwzAN2ZHpAhCnoPZ7ju2w9EFFeq48Y	2336
1NQmMP8CDmrnC9fs9MiLkhdxyUsQhrZLAh	2336
18RXKpsjTukgQCt16L25coYmxCa4iHgYoj	2336
1CkmUixnyV7KKAfZMByEQ6PGbadyq5AsxM	2336
1PeRkK5JsiZ2HdtJJf9uCsPrZbjxboa4Sk	2336
1EbTDwdA5yr3QRSdvxjsfm586AceRpTY4U	2336
1PkVwXcMqV9cBDnJqSCihYoTzEdNw1MDec	2336
1GUbrr29eQPd8N11eBbjCXtWioE4oXp6mH	2336
13K2WT5B2ZSR1Y8kYzSG7psAYC9A2zr2zZ	2336
12rEMoL3ATtapLgsH4e7NJaSCGbgYwuKSp	2336
1NNApB8adbTPRoZKd6yXukJ4TarKPZfZeK	2336
16DkDnCBhhm2VDTa9eep6xpLMUqtiEzNuB	2336
1HJdMRJYfgZnhrYV74xjUrUmfy6NR2MqTQ	2336
12nn6znPbQhnrLMe87i9X6Ux868PZo5Svu	2336
bc1qdykt32h3nzl77qftsp0ap3f4wqgaaj6dzmpkhq	2336
bc1qc3kwvh70rav5nzvzmj80et3ual7wz9ltlhz33v	2336
1P5r6MVnujonhyAzxc8mu6hUaiVJnDcHW9	2336
bc1q7ur9u3h8le8tg2pu6qczgk3za4wjetptmfmmnf	2336
1KxDPrX75kFdPHuufh3sy1oxr9nbHdVKr7	2336
12yorX4hjtMVpf1UWumV1ASZ6CRYdcpo4Z	2336
13svie5cncToSDXeQ3L6PuBcQwQW7iovRm	2336
38mFccVYQEtYTQWeVnXmW9u5eCwasLR3i3	2336
bc1qcwtq4k7szlr0crtzl47dx0exvnt5a4xze3pp4r	2336
18qR51w2Uk4NFX4oCMT6r4C7p2eK119xEU	2336
bc1q85zq6s02xq5xtdqvweus6t3cuucl7rnzaje2r8	2336
1E54hvLXVLauoDYe9AxkF6QH1Zn9jmHKeC	2336
3F4vmJHVfevzFsWwEncs4g9iLkLutFRmD4	2336
1LMzvSiL7X3nRHBtsBETJ3xDN9eWQyZq5T	2336
19nRYjuMV7ahUKew8aL1iuhxkJFnQDXujV	2336
1EPVV3GJfyUBaBb6QdZnwWzz8q3QdhFFJ1	2336
bc1qwkmxs4mu8z5pryjr2jvuwu9kaxwk96jg5easen	2336
1QCoxaTNTgbp7ULmhczGTt1o8Naz7sxsnq	2336
bc1qv4pfnzfxelj7vgvnae3xw3pxpck93xdz6034f8	2336
1MU9QwJt3m26DBLKd3ixEnvZWMZtNHmArX	2336
bc1qls7qasssadacxh3cknnqexwsxy97e30u8aswqy	2336
1KxzP3LbfpgDDnKtEQUApUgSaCCcjb9J9r	2336
1Dx4Gr4fpCfbC1ce8REuFcQ3YL2mmq76QX	2336
174xznGDqxUKfXdKKVSzmgE4AhfGHG11pb	2336
14ez54vbN6KRcXuEQSKWVJsd1mvD1wQg2A	2336
18V6w6mhecHbEdg9EQRaq49MhsaHT54u2	2336
bc1px9pn2rjrgqwg82yr6ywmnp3qte2khkh0mal79dnmmm55jrwyqndsp83lrd	2336
1PpUDSfwGJqok7AvXgrEfqxxSBYuJpU6SA	2336
3NDYyVwYKD1ozHrcs2hUuvHhwNnigVXXJs	2336
bc1q6732qv27wd8fdnejquv90c7szkqz9d097ksc9t	2336
16ZEKfgV315PeofGAJ8HHR6NJLE6RicUyf	2336
bc1qg8wp6e898vx4ah7g2vjhgjl8kg05k3zk468p9c	2336
bc1qml3ntwe67l475qplara0wwsqj9e3m8g2p9sp8k	2336
1KZHEaK4kerpQ5iFDwNRrEKCkKNagohNBw	2336
1BWnDU41gC6V7FjPNZGfqdXSVTZgZ7f5Yo	2336
bc1qgkjru8djxw4s4ruuwzlttucck5l0nqykcn6yug	2336
1DBmCcjpKwbvjgAPN2M353qdpbdurJsim2	2336
1BpoyGYJkouxJk1WMtbEaxVHXqcDQxnuDo	2336
bc1qel0vdqgqs0ccrr06wqhgt0lxswfxk83ely6ltc	2336
13Jmw9Zs9GsVmApc3UyQZZmyYSNT6SCY12	2336
17ExSWgmiU1wDshDfcvmwr18UD4rbimcGz	2336
1LdPfgHAWN6VsBjFbpc2Lm2fdh7pDKAvpR	2336
15NQWUbG9m9NpSNfFGW3MZVoJEefvhKiZk	2336
1HCtG6SNUj3EqSYsjnRyTmFQDQxiXxAEMc	2336
13KWJf99Qqe513LsZETQmU9Ndn4JEKcBfM	2336
1DigcysQGskKHGmC7ie3EgmpGoJzFQBkxi	2336
1Hgc5vZ8xBcaSkqYXLt1Wdzi7t7Z53rDNo	2336
1K5EZjx8KUjCfZsCNNnprwpwLGsEa1pfE8	2336
3D6Qodvn6jeCDQU9SCzxCj1FzfoQqWxTUB	2336
1FC9CxPMiLEGzxGANCb6vFsLvL4LCzFRBv	2336
19k5VfN4H3PsVrWgH7fZVsz7D1sMb8oTD1	2336
1AohLsr89Jqb1WshnUr5zKcouqVbKbYiuE	2336
16cNAGNqCFCgsrCA452oAWAcKGMY1wUQvB	2336
1Hg41GkVXNXboe8cAv6Qvvee9yKo7y4gEB	2336
1NynZ2fGkW94Kvcctk7GcQJruPH13KX613	2336
1MDFDfScxs5A4uU7xA7LNscghBt83H58D4	2336
14YSNivAgL4punqXRrgZMnjUt1ZVjUc18T	2336
bc1qnd8z6d49y5nz7zjrv3vnya27sluvlrp2n7c2xt	2336
1Cwjod33L3cWXdCSmjbzzZhYZm1ZqBKvaM	2336
bc1qslxyu0cx8cksrarpslzn9nkts6zkcjx6a3atq8	2336
189gYN5twbWCzBn2oqcaCQ8RnKkWNzQoxv	2336
bc1qkxk8hqksh5ce048v74vuk5x7j6glw5t32rgrr4	2336
188WTqPZmbtX4xN7bfSJWsrPgTp4GjpybZ	2336
1pL2UTqZp9jGmvWN8x7fBUWVLTJVnp9gq	2336
1Gks76GQjLfRbjWLkTMPZFz1o8K763i9mA	2336
bc1q7vw5cff3lvnmckpuvq4p44j7ta52me6nfjuvmm	2336
17DaCTtM1K3nHfojdBrGotQQB7ZQPcnpG2	2336
1yn6H12QPj7jc4o4bW1yGYguPCFBfvX5t	2336
1NKFeV1WGGoougxZB46ZLYJK94nqLHXtQT	2336
bc1q9yvmenph25r8qz4aqnren5tw6pmesg8fv5ufhc	2336
bc1q7szsd2dv50gv6j3js245umy7c2r6mcvxvjst92	2336
1XkiMugRJmWKQo3cuv4fsfKEMEX784gy1	2336
1Ewr988QttB2pwXfcU1taSXU1ETY7A3APJ	2336
19r7Fs6XVMACqgAeeSHcef8wVV47WMGnqy	2336
18w2orb15E3v9fxMgBq4nqnSK8WvmJ9prV	2336
1FmSnNiTnGbLAQXruHVGyn14XgFPU1r8z1	2336
bc1q6k9c8yahfwst0qvp4zpnpzcnkttm0xx3zzvxxu	2336
1DBc56TkYkp4kSQD5kMqXG5AJhYYVArJP2	2336
bc1pqgnveeu4xua3w408l2q0d8egpyaj25tsr5rdgcytvjpwpkhx4dvqz038e6	2336
bc1q0gy2sts2vue9hpq9sdv3ztmx80a24k3f9puk2v	2336
198yWx4tMG7F7JaoTsPxweVFnm2sxvwAgT	2336
1Lq7YUg662NvCmJnhfFqVEtPJp8NJ8qfZb	2336
1JMEkHsVRbr3UagedFfXTGzcMqxtyGvDHy	2336
3HVqiz131Y73HfkBVZbLUc18WQudCsW3aR	2336
bc1qz806c9m5zaxh57wcmlprv9sh7page6a27t3f6u	2336
3284xMF98REzpY4TSMupC3x98YfJHFSe3r	2336
1NS2vMip3KYWFZfZTYaxBSwuQT483USpWQ	2336
bc1q3n0qg8zwg0xa35l3ya3274gmwp04fmhk7uakwv	2336
bc1q2fjzyxw0g3xel86n5sduffs2pjnjpm9nszrury	2336
3Pr7PbHMH88ow8BxoZWtpnHv4GR8Tjo7wj	2336
1Mu4DdYZy8sGP882fEBCkyMTBx28zxLBTq	2336
bc1qyyhjn2gvedk2y70en6pyaudaem3yyepk9qztkh	2336
bc1qvzlyt6sltu9g63suuz9hwhdje844wztkfhlcvr	2336
12meTgy4EeBEkXxPzqiU6hMoNv7DvJfYd4	2336
bc1qvue4tmu9jmuly50x6z9mh9rgv9hzc2fj82flhj	2336
bc1qjazmky7ytlzysv0886sl5y0zx53p68x7c8vy88	2336
bc1qyu35m52vlk5pqcl5yl3erfktyugptqt9grc6ks	2336
bc1qywf6lux6l5r087c54tkzxzlf08g9dpz0rlxzd3	2336
1QUXdyp8doqEN2Eh4AzzvYK5WCAiXhKtY	2336
1EgZUmTN54biMzeurV7cqeY92EGTF48Tur	2336
1L4qrhiR13WJgt92M3k5DWxbQq8oFL2x6x	2336
1CByFYRqTaCgyKL3s5HbQRvsGC8f8qPEHi	2336
bc1qsxm7clap4twq6z5t9hhupje39mz7fyqvy22a5g	2336
3M5U8vx7Qfx68LXnmVV7f5sj7My31vWoxn	2336
1NAkHYWgTyTp1MjzEshxgy1UqkVowvVvoz	2336
152pjMgpmz8q3u4wD9TjvwnZ6ouGewvrkG	2336
115Qbo7DLwCFX1VSzgdh5BhKYhrWGB5ftg	2336
1FoSzzWC545LRF9Hro6NbeJJnJtcwp7nra	2336
bc1qdj22xw7rj3l92syzst8rxasz8u5raty4y8u8hh	2336
3GoQ4Gk7jFoaYk5zwHjXp6Mna82VqNnhzt	2336
13H7bjNxrh1A5ue519uPDkG45W9a4kxoeJ	2336
14wEE55f9PQPemx6AaK8KWcaCCtvAtxuKV	2336
bc1qw3hwtqhleavmyhpaeanua95sc6d7ma87ux8ntw	2336
bc1q56zj09rlgslyquqxflaffhm6mmewvlgvqaxawa	2336
177in6vWrS6tg5ay8VZfkRhjfVAuvXYWZ	2336
1Nh4kJPU8YaUqCYbwuRyS31gT79i9Txk9R	2336
3LybxY8j3XuRbyZuSyNrVeuB8Aqx683pvi	2336
1LYbDwHcRtEgWsW6FBvM6rko2ZJ9AUu4fn	2336
bc1qv4ncsh9twmc5u30xtza3z3s3rs6z2mlg4n4n9e	2336
bc1q0tjs8a8ay050u6ag2l9u3f986f05kgm2j0843g	2336
1CVVCT1CejhHzTikFmr1U9TkRmt8dMDxsB	2336
bc1q70kw42qzwrfnrfaa7l9h6el20u3dvgk6zwtvrq	2336
1GW35ie2z1AA81WtsHJxitMpqUQyoBxZeK	2336
1CNEyMwXoK5sBuFkqXKtb5VRckt46bTCm7	2336
1P6qdp7fasaGX2jbUGE45uQmHyLyUUEhCZ	2336
1Ak3FrzpGB6vNoEMqJJGXKvfedYhg33w5Q	2336
1BXDh1up4ax1oCi2YZ8oQoVnAYZ8HEVRVo	2336
174WQ2NckfCMjhQRH7ELff7AaSdyNamV3A	2336
bc1qsud3mlv2xeuv349w06q5n49wzpzm6tu2nvnwq2	2336
bc1qx5s2ka4k45dd3kcrqs4rhry77ue962n7cjuqzc	2336
1MvtnB67kRd7U7xTXcX5X2JP5pbTXyiM2B	2336
1Po4o7XnVxidsNifGU8LiMbiFgcs5WRigq	2336
bc1qq9cd8ak2t4a2d3jahjvvrkggc50pjvd0dz22jr	2336
1HrdyGNiZo1BACBshkEMsmrX4wm7yuoRY	2336
bc1qeh5dvtxa5j64c9ql6v0x7zs3ma7whhz6c67nt9	2336
bc1qh3an43xeckdya7l9tqxpfrg5t6g7m4xug3wsh0	2336
12BPU4NnF1SrosqmEbcYjZ9D1ohxsovFRA	2336
1DVbmGsEJYYijndPVSwhkxq9w3qzGPvTHt	2336
bc1q7xdh6szqhx3ernegpzqpkvd995twzt92kpfgxz	2336
1erS9G8QTmXNr4oRVVLLpoVtrj4Z6UJxF	2336
1Hw442D75pXRgj7KuAvL3WRqcrZqqDnHvt	2336
1CdM14inz3UNDLSkg2fwSK2XRwoE98R322	2336
1LWAk4SExsj1S16XbRYU9eXhJUvXAQ26Cp	2336
1HofTNB3abDRXMopfb89wqp6pdrNAb49kq	2336
13UB4Xq1NUw9tJdKiyTYKePDkVMyTH8LLD	2336
19sHzu8BEs6oMq9VCTHmN4xqhPyRoSQCyN	2336
bc1qw7fdxs5ny8jtxpephr5dff8qqv97vwe7y737ju	2336
16gduETQHdFKWrpVfz6XZTTPUuLS1imT6n	2336
bc1q230v3f7qcdmahcx62x7cxyvlqr43n7hepj86z9	2336
1PkygQFJTGP8fHBNFrWGQybnnwTjtkH7g	2336
186itmucuCFvMZWLagTaTJEnGv3V2yyeqi	2336
1Kb6AmdP5TX4Hes2TZvh43dPf8GkoaCb2y	2336
19eQ53iz4yBKX5RSCdVFzkbVKWb2sFFja9	2336
38VgRQFj9ndx4AMMKbhhoU2DwYsXaFxtVe	2336
1JeqS5wZHvAYebq2GMSXuPMiWqdg1uB2vU	2336
bc1qz8c6ew7j7f4rpxnk664a4xz6kpe4vygv99yej5	2336
15DMeSkwnpx8wNjQCmNGwHosdLnPqAY2vr	2336
bc1qmf3ggcaqr2pltn2fduhldvkxjaxduv8rny9txy	2336
1CMZFoKFESbjG6vqB6p8GwmwfQZJJtbU9z	2336
3L8HcmWQjeEWgEeEwspHggESKSMvcfrKZ2	2336
1Ar9VdudTgotbmhYPtyXWXso8zGU3P7LJz	2336
13q6j4pLQe4K8ifJBy9353F7KiDhxzAosN	2336
19V4U5oGb2fztse2EtiqPJxHh8j6Krp8Bp	2336
bc1q4pkhmqllnvz9elupu5a5wyk3aynrf3kyck6hmg	2336
133FWgs6pQSMpjVbkFzENxqVYa49NTx9W6	2336
39RcVSxaEV73tL3TWn6iRF4va6577AMYq4	2336
bc1q9c9s2ugsaf6k28kaasj924qazl5g5nznfmthpn	2336
1MnAVLimsuom8ZPxY9JsN5nS59kX9qpw5r	2336
bc1qgjgdf7csdenrqpg3ju20hcz48ekvfmn8szd6tn	2336
1MKuk2q7rJong5MNdus4C559fpWoofn7P	2336
bc1qf3yrplcq79tz2l5p9xrkr2jpre5mfgeplf5xxw	2336
1LSw8btioGfuQxN7VgcKS3XywbmCQZ3cZ2	2336
1FwgdJbz5fsdwMyTDe1rZGtfFeVLbQkpfQ	2336
bc1qzgca5wx9dpf3jjlvk99z2ej6m9up46m6u6y3ju	2336
bc1qyk3alql5ya08uws346zrzcuqdtl5vqa7ehwzdq	2336
bc1q0pkl6ha6vw8u593jp2t04hdckpyek4p2fwe02l	2336
15g8e6TD3snBbd86xszqdwTuurRtY4psCG	2336
1PfU5zpXFScVZToRKp7ifmDeUE5YfRKJT7	2336
bc1q9hnjhz8j82032rv4j60s9y2v2z252lame5kmhs	2336
bc1qt6jy9x7g4qpdq2md82tuwlxfs469rapxrc9lcj	2336
bc1qxq2wwe22dmaxkshdlv9hv4xda4djkjty5aztku	2336
19GqZvSuxrCMaFnexCnzr8kJVWiiFdpD1y	2336
bc1q7sxl89fasne8tay8cfll8t2lavue673595yuf4	2336
bc1q243huu7k9mn2npk7qmxa5srh74vm3awpfsuay0	2336
1LdUZQCVaQaUReZayyNHgm1QTYNF6WLXC3	2336
bc1q7c3hvw08t0glqxmnhw7keudxqjm4frfl7unf3v	2336
bc1q24xz09n3qjammejt96met0scgp3g3899geukhn	2336
1BMtiHwTurKtSYe7TWJVv6skvt7NfTMcd3	2336
bc1qp75eeygzux7lqkeenh25wez7t5u3d2yywf6q6e	2336
1GfSB4Xta1KoYtJLEYr11RrT2PcdixhvmG	2336
1Fg7Ums3DatHEaEttomxL8cAspgszB6SLd	2336
1BtKqGQPztyT36QKhkZrPs3M8gc5WVAr2h	2336
1TQVTMosxk9kg6EV3RQ84Rce8J3zkAwpJ	2336
bc1qk46dv8wjsjtque7d0xmre5ag5ewcp4uwyyuqd03fqq6mh8altctqp69cn5	2336
3MeNXeyaZw2cAJyDHMbxPNn1RT7XPzLoxa	2336
bc1qqp4t6n97rw52mjkr50vzv0sy46peq6m024vnmd	2336
1PYPKa32mMg4yX32pu1Kch2MFkDxBicosS	2336
1CwEwJHGTDFguxN9ZCwLZJCWKgoCs2DMbc	2336
1GfxPvFyGobRTFWmqurj44Q2xHrJBSsnHT	2336
1KzK8rb9ZLPfPiyvhvRxHazGfaqcMG43ch	2336
1PN51tztY9NSJjh3cG81G7QPaaNRHmGn1x	2336
bc1qaupat4xmnly28mc9as72wpe30crknsl9gclwuf	2336
1GpVHXcmGwUZT7CEU3Ud4bjvX3LGytXDV1	2336
1LLFNvxhcsuNiRGk8bZMa9iexNPkkwC4Ze	2336
12adK2R6A8Zg3JT1eJ4DdnVrD3kqsrF2kk	2336
32X5xrDPQPG7W862oU3MGEUWGHFzdCxL4Q	2336
1GtE9SFYKS73XSXQXSA5kmMEzwiy3m2Ep1	2336
13VYqt8TPe2dFZMYukH8kMbnmhJ7ktndFP	2336
bc1q49rz2g42segne3r254kwgr8ef3m6896y9l7xxu	2336
1AEzNvc4AWRyLiMJ5PiwiUya6fMvWW67q	2336
1FQXDcoNy15KubwPjcfa96S9izEeUgogym	2336
3D7Knmj4bViUhK41HpLpULaQ9oty15NvS9	2336
16WvD1hHGs3nZLMzG2SFCwqD7R3jv8M1w9	2336
bc1qr7r9axa8l8hpy6309l7s0qwt795u6qvlz3lmsv	2336
1EXsHjNdTzfJjroP82VUU6MRZsTAyPVAUZ	2336
bc1q9sh657h3dxjcq4aernr8axwcpjhpasr3hq8jay	2336
bc1qj7n4f6dj57zgww2q0857y3hqrgaz56a4x2d9gc	2336
bc1qump7pljhc9fg93yayxk8yyatsccjcjswyxx0vy	2336
bc1qf4yh7n6t9t8znewlvfdarh5hxs0nkpmy42xaul	2336
1C8w9aEEpXDAfWV5L5rUzmAwGumbvJQDg9	2336
bc1qjzmd9ar3n46hhkft5eyn0t8gc726rlnmcuyrr8	2336
bc1qlzwf09nsr5ga4e7z04xthw7qt8lntf7v8j0uhy	2336
1NWfMGTz5YHJ8mKESxb1FvyreA4vkQGgWi	2336
bc1qj4z0t6yauurpdlawycjfl76qa85zvj0gr5rxa8	2336
1J6zmFaYUGtGg2VdcvhSot9MKsxVariCEd	2336
1AJecG44Cto5UXfBVFoTp6uYk2owqQpfT2	2336
151cbRAsmoTo1aYmZT9AwAzpTP5fCY5mUh	2336
1KXp8A7q2q3pbxJWBkUWcFxFv8qN55EqX9	2336
121joHxonChfuM45U5FFgwDche4gpoyYim	2336
1Aa2sFCsRnvLE9NuaFYBREYymfV8NnmTwz	2336
14RfPHdPTL1zALSnvUY8gu2ANXrdnw5Fmc	2336
bc1qlvdaheqeu4a5eav98qnsxkqdd233g5c5wc8vnd	2336
bc1qxdzfsd9w9sz8n6jjn0zlnqurmdndf8j9mprjwk	2336
1CcAVFq6RdB5QbSc87nfxEZyUtXm2B1Y3h	2336
12CjFdVaVxoL3Ybj8JCRpuiRo6YXKvoZKD	2336
1MkUt2rMaCVUTpQFEUbGSnQEUX53bKFjVf	2336
bc1qt0remypyyfasv3232pdsvvh3mf7c0lzwk4f049	2336
bc1q4nh4prp5eeh74e62874dyxyvf9hgkcqw4ew6lv	2336
1EitLZTaTxeSQRDLznSCH2W11uzQhEcv9g	2336
1J3qSGot9fDntCjtyDcWpCGUaJZYFNhfDk	2336
13MJRuicSUvgZ6xdEtU77tkTuNmYBcUcsW	2336
14KXhhrLUKtnC5ephXhzqXqzT4ESb3jbbM	2336
1DeyfteWF4Zw4xkmTTWeCbytrMoX4T5anF	2336
14R3VYHqiXFsGiYJcr13vybHdvHx8MX5JQ	2336
1MVRdsp1kk5tZnYddXHeR25AcmdvYRPdUV	2336
1CuWjBEYBDvRGD5gqr53R8uDrnA5qKXM68	2336
bc1q72tae3zwjpr0ntdutp2wxdma7vuln2v7wl9z6c	2336
176phRyFkkKck6sDyvQ11ixgDW4UaiNUwT	2336
bc1qp48jzhxrj8f6uqdcj0v06v5x7w0uzx3ytp3rc7	2336
bc1quvjx6xggrc662d4ae9zds90u8zdjwjr8twgeke	2336
1BMWA8Z9jtgPNDb7N8npRwepz8UksqASVn	2336
1ARajpRgC4M6AADDCYD6auBDMj9Sg7B8jS	2336
14marjVstR823ce1Gq2xcNTFLnKsBp2q5N	2336
18M1fX9d986itSjVvjtvjEtdDLoYnpkc7C	2336
1NtbU3RnQhAvMfsqdPYXsUvkTNht7odAyp	2336
136jWwgGrboifaNmmxp8RNN1qzhbvgBojb	2336
1P24PFv1iq2toDGAxq7RiLA8tcz4yEG1iP	2336
35gY1T4SUWR9CxtEfchwACMGWwaZ9M6qTi	2336
bc1qlt8vgeshng489yucscskz5lldlqdnma2l75d2w	2336
13PanGkrD684ACPxJ9dnq2YjGyUXia29im	2336
3MFeismV1oN68zTGPaQtzEooxB4vewffb2	2336
3R1xakMv3Gf9YaMWbJZrsKgfxqsxqjh4EZ	2336
1CbnUe1s7za133tWikJGp8WjHipTLshQVc	2336
bc1qmvpa30h9qwhc60ene3l8rdezc04csduz336xnx	2336
1167eiW44esEZLoKL2GH9CnCAbMbhoZgAt	2336
1AmNAnqDTSCDqW1kBjBvniLKc1FzgaoRJx	2336
15KckTTjWemwUxNwZ16kJs4FbNCaZDb8E8	2336
bc1q9ht2g0rdhashjpaw54fqtwqec4krwwlrrm7hey	2336
1HephuhhYvkpTxt5GkWVegdpHgSMr6B3vG	2336
14sR7g8KxptRXxsMDf7MR6m2FdYhXrPUGt	2336
114BQUmM7BKU6dgkGsNmVhE5u9rhwBM2mE	2336
bc1qdpkn6d57hzv2hejul7gxew5c39njja23exg8te	2336
1BB4tj83f8pgyUBn7JPie1QjpoehgcDBJr	2336
bc1qyrq7exfnl3gldrm5xn8cumaw4m23yd0599r5s5	2336
1MfpPcCRRaG3zpijgG7UaEJZdR4UQaYKZS	2336
17MjEDmmE3PeTt5x8BUVjz9HL9prdNMSgo	2336
bc1q8d2tlklyvleztgptnq2gzlpxt7r7fez03z5ruq	2336
196wTAdyCNyHX8gXp2MqywkEWXEZ3zxcZ3	2336
bc1qle952xgavw6yn4euafg650z2kwmxlw84n05ryu	2336
bc1qyg6skl7fqpw3xaef3fhpg4ky3yj2nuwa4s2z6q	2336
1EviT5GgQjr92tLyzXaMFn5zAzddJsKuiA	2336
1C9qaSwd6a6dKv9EZvRPeske5PJhEoeLN1	2336
bc1qqel3uf3wj0lzh7ew707kt99jll6tsrft66trkp	2336
1QFCBjE4acRkmtsDjvuFNdhmLDyY9AzsvC	2336
1DY1G5jZC9RFNYDpVahn4yxpukDjgoG7Bq	2336
19bykQAQvZWKV64szvNt7RcqcByxB5qpgY	2336
12bGu7DXMKPzG57Ytj44DiK5fzczUDeCaL	2336
15fUtb2Qtq1vtK9PDBRPupE927V4xcz4Gv	2336
17ja2bK4SaABrQpcq9nYxvdKHe1RFMd1Uh	2336
1Lb1roTiTGtW17gRT1KgZyVdEn85TnLNdS	2336
bc1qhnr0nly45z9vgr5nxenwg2yth8qh4qdrh5a0hh	2336
bc1qxsmthgm6m3edtc2eyjcljmch0scqak4v7a2pmj	2336
1A5UhDQKAjoaxjWvyB3BTURmZHXVLDAPSh	2336
1GmruoU9hMTW5UfMLuReHM4Db47C7jWwWq	2336
1HR1cnq4tMNpaoP1V5RF7MjKcHdqDqo2PV	2336
1HzhYrLnemXemYf2RQiBTLfsLaYW24mwfw	2336
bc1qq8kwr2anjyuftfj9tc90r70d5m578dtp7wh57k	2336
1Jyu5eofaX9trJTagoWxoekBPppa3HZbqT	2336
19QshP36e3oeN9Pyfe6AxD9iJxSqcTkasb	2336
bc1q63ctvkffkx0xj83sf9u6nmrpppsy3fgut7dgug	2336
1HF2rC7PF4kcdcZdjQWYoheZBLikmwcmQL	2336
1CRG2n27n8Wei2FmnaX8p3bZXNKBDodgWD	2336
15aa6fuir5k6uZUv4LX14mBRBjgvLByFAD	2336
17eRQwSGxg534AmpfoHugbhEYEGgrKv9x	2336
1Gsy5k3sN4fdVpVfBtVFGRdm9FGppuAQth	2336
bc1qx3he4r4qk4pvfmf93f3w7zdwvxu5rkgwx0l79p	2336
15gcuiDYCZzKm9wB7fTWoFbgGP7nRo1mV9	2336
15rMEgCst9tBZUTERxgCkqhncBgT9b7ZKC	2336
bc1q4d9mcu8zy0y5j8hg86f8f84j35ywy267ajsemy	2336
1qAj5KaLpnfESqZ1x5fxsYSRursEu2Qqa	2336
1LKjrWMYimR1P2YSpFaR5bHue7UbkPefdv	2336
13YtEobXusM9N8rJm9mE1BRcdcsMtU7dYf	2336
1FsSXZKSy2ffzyJTeYfJjLE2duM28Z7M1n	2336
bc1q66rhmvw9n3rfn0pw3lxmpnw5jqyl9cwvsvh3c3	2336
3KicfbLYrahMYCZkpgfP11sBrZPh1oCmgu	2336
bc1qxwecahtrfsrrh56evzkxjhhfxjlcjvj2kku5j8	2336
bc1qsn4lpyqqnpfh0z6valp0weqx8xmj6z6raemw3cfuy6a3exa3c63s2820p7	2336
17etRTrm6r7bXuW4xmWFppHLTJg3qVHw8o	2336
1MwrE7r64nzaDAmfzEWaiVj6GraanfXABK	2336
bc1qd2k9vde8fpg9sn6ajdszjsh8lud6ht2s3wwcvx	2336
1Ljma1CyZSgEHExMCsqBro3xDU22v3EMcH	2336
1FkEXNHMpPuWzXpqPryL2yuHrFTWmNYpog	2336
3Bs6BrR7dLPvqieyrCyYTJXcv95aAk6Zps	2336
1NdivbKzPXwa9M5GrtThhy1Wbx3MDCcwBf	2336
bc1qrkj34zxlvarf2ahagd3y36z3yvt0st6ew3cjv7	2336
bc1qeqagt9ekxmz6gln7s7tdd3efv2grfdvh92nd74	2336
1L5WCXEg5fdhTuquEsV8HjTtiY6DboBEmA	2336
1BuS83tDSV7inJhGg8Mns5UdKQaWe4QxZr	2336
13mm5W3R4yNCYohxyn5BH6nPNiG1LHHgCq	2336
34fXzNijraxVU16ecSf6N7SRNZaogHFCBy	2336
19HcCF2gkYsunikahkQEaXkfAo57dpqs4j	2336
382avdtjj21WsyUtdWawc9YL36T7kouE3J	2336
bc1qsy2jjx688hczhrswjyvyele8qgpqpxxwn9pdlh	2336
15sxeAJfbrrV7WkzLeDB545JaQ41xtv6MK	2336
bc1qc6ymk7v4pqzexqsnq2lgs99q9y8c7lrf9525s82suxhhc3lsyy0q2jlyrx	2336
18NaFkEz2LiHhoxc7XU3r5kn1ufK4KEeZS	2336
1QFHDoXqzmtUeHKug9JbN4WzDGHMPutZP2	2336
1EwGvLtudUc94r6bF1XwYZxWQxCih3teRp	2336
1GzfMooE3jd5AGUozQ6MGpWbGbQNd7QYXW	2336
bc1q6fgjdtv3598uzsjf8dum6cnz5aunsywsgz66xc	2336
15mvct7WhdVQS7Dd7o22Jr2qcWZWtSYRQd	2336
17UfM93uheqFc4ENp8bWZ7dGs5T5JSXoTj	2336
1Bsh3keeCWo5Uv7wrnxaqvfntruwL1ZZmy	2336
16PKWE1WVYBNigeUFJaczkT4GjECk5XZMb	2336
bc1qc0v2eex74nar9t9cpd8amay42wreyjx6y8lhem	2336
1G7xPzmNgR6dWjXXkqmmZJjc73RFRV4Y4F	2336
1GF8Jjt8zh5n8zVFMq3sqV9rNJuM5gVcN2	2336
14QG5cf7XPCiwoJuKm6NJem6ToQS2Z7pvW	2336
1LBUxoD9QjExiMLocTTeMukDXQL9DKmtj4	2336
1PrTcM5tXQ98m2zZg2fH7C9PHUSRU3k6P1	2336
bc1q6k90wwwgar6rlcdkz0ksfh7vlzlgf9l6l323w2	2336
bc1qg4efxxfsvj7m6ujyspyr82n4ewtl8x3uuk0rl7	2336
bc1qxpv4hrfg62gajg3lllyaevsgc2wnt3sfpptg2u	2336
bc1q86rw55uhv5mhndr80hp8efm7xtydt4pe3al2ah	2336
36XdjUqSPruVGNBn4NRFQ8VFd6ySaSijkP	2336
bc1qyafpu0wm80sex97l0e4qlvyxgmgwyjpmneeuna	2336
1KEmSDfzNMmBNTMxzUkpNBsrtkeuW2DqiZ	2336
1Ccjh7Uj3gYB9RSGFkoZ1rNHvm1sXt2EdJ	2336
bc1qxwxlgcsrfw65ph5f7llyg3qkzn0cyjz5du7wqp	2336
bc1ql9mpuaxr6mgvlgnud286649x8p6npmmm0u0psj	2336
17g1gMdaPJzuTVCtbVtj9bcJA9YcKvjjSw	2336
1EYwKV9MUPFH72JGwEZWi41MPdd2mxXAkK	2336
1MtvYArbaZXJzMwcyvD4HPcaZo9ZPVQQqe	2336
1LeQNKGmaxqQSWWPrmpBTDhbwTDkCTSk9D	2336
bc1qjuwuxqxmf4m7qkrdnnph8v3jfy0fn2lnz23mla	2336
1Jc2foaZoqj7qmynbZegu99UbNEqjycRQj	2336
1M9rRyCv3AWceXHWG6xqRWuBzAPXapWKyW	2336
bc1qzcwphjnfkh4z994a3rql6tuw7w3xl9sgzsvsvy	2336
18bk6TS1cCXRpJLKFTwksUmWMb2vnGPErp	2336
bc1qapca28khv75h60m9vw7d9mg5h49wn59rgw083z	2336
37KPCixQVQSoCKRNjKkwPaUWbt4Frkx4EA	2336
14WAfQvHvWRFCU2NL2VxYXhRwhrNEANkk8	2336
bc1q2e72vwvjer7vjkxjvhvwwkxlnhxpdhrh72sv6w	2336
bc1q5d3gnnl7m93k8kl58mm5r8vuy4nsk6zkll9wpt	2336
1LpQnboAsbzHUdEfLTXte4X2iPcNQmw4b	2336
16WRbQdzPHK3X5ZM3EPMSMCmVnjnTfRSxw	2336
1K7ee3cjUi8SpXkxbRkQsaUTgTWyy4RZvE	2336
1B7b9poaUjvdBWCW99Birq6U955FJaj1tN	2336
137bpqRw9pufA8EX7KNvY3JNqmRD8cxJWc	2336
bc1qytwccespga48tmnqysq0nqkv7um6asss2xhn3w	2336
13uKszTQxYpWf5u83TBQeWmD61JzW1Pca3	2336
19h3QiGVw2mshKnWhABfvGVAgsmdQmnyCB	2336
1EvoVk5VuPK43JSaQwUNsveem4oyT7K6Mb	2336
1B1MiXX8ue3xqBhu7qeuKenaiqYbWGqUc5	2336
bc1qzt8nkt8z7236mfqzwlcp48k6ee34yukplvhlz2	2336
14eW69diaYF3HcLXEVPNC6QzqfFphXJuxM	2336
bc1qwdpqc5tn2628wdcv7rq5582ncucmcfx2phjkta	2336
1JJ6eANpJpJZkJ1PYYh1kvZGY3gPJZtXZP	2336
1FoCYpDAeuYx45gkd1KkRSmRGw8vauxqrK	2336
3BZGpNR2VfZgA5ErN1S59nkeuuZttFFjnp	2336
16vDpshRgh2AzZsVj1xWMZAQkHqkJc2SEs	2336
1719gCLXxg2oFyhrTJKa5waBg1hERxjdNT	2336
1GPbFcUXQqhiyGW2cEsHmfNA3dCbQK3S6D	2336
197NFE6tF4t3m2MJzmqB5kxcbxyiMegNbe	2336
bc1qc909y4fttxle8fdzuf6a8lxr6nvrzxeep63hec	2336
bc1qw6tw6hpwvqemj46g8ln6dskj08vz73r30uwtxr	2336
1HezRU3Uk26EQnHamjAxs1jk25SSsPfFTr	2336
1PVBCa2tpACuWjVeh3AHjTmHAuDCM7Xgy3	2336
1GJqqtxBCyM8mMDYoxxNJuAAULCuD3P1Xk	2336
18KAufLxnZHpQTk1JxnYGwM9pNHxSGikAW	2336
bc1qnpu02kwkgjyxl4wh2jt0qw87n7y97q2qjyla6m	2336
bc1qef4r8est6vy7l83gyetppddg5zmkxvnqfkpqc3	2336
1JqTdGbEn2X33ZHi2thTSfHt2nGtmJtmHA	2336
bc1qyfmhxhkdg3ph2mcykdg6u93eyu9lf3v24nukg8	2336
1AmJB83uuBZPmtRFo7hEkWmt45MfmU2mZz	2336
1Evz2orsS3nRTAVj5Kj6YJAzSJ6qzq9r4i	2336
1GARJMix5eSbYH6hjKxiindWzXeDbVUsJk	2336
1H8ntjDbxW4o99S5QG9v4SpYGkjfGRA97R	2336
18ZYKNttEJ9FdApZA8UEym329cTfofeJU6	2336
bc1qw352pw9xmumyszyt2mhf6pdhgm9fyyhcd2njpt	2336
1BTFWxrobzmp1J1zXvstU1pFUj6G6CWTKw	2336
1Mcz5TZRsUzW493QSChNLxbN6svUHQXPYF	2336
bc1qwvcdy6nznuktqv527d4fx3p9gjx9xh2jstdulq	2336
34v2fJnyaGP5jtgojNQ8XdCaNAqbZTjmPz	2336
12Mqcr9nSYHVsWEjvQzmpTn8DP5AHH6KHP	2336
15VsvcPM2xevKauWW6NuJWYBBJkzLx694S	2336
1MfWi5RgEGeakVLHdtP1CZQYrhjnxj8TCP	2336
12ML6grwRkebjfeosSXeD54ZAvn66xidiV	2336
1LTnhnzJGuYKQyKq4GSmtbvXHzPcEo9Xvu	2336
12qxu4rQxxwHCaGAnqk8AuK82ebApS8xaN	2336
1M8xo2wEAnXPnutUjck4aaegnszquyCCcK	2336
13Dqqukjsc3hqk9LBQE5tCCD6PXXxVG1TS	2336
1AfMNRcGGhrUBu6fVtgeECyFCqoqw8aYJA	2336
bc1qtucxs4lu5wj0c28xsmj8kf4thjte64u3atecze	2336
1KZqnPsFcgqaBhaMERPqtbK9n6kGBYrkMQ	2336
1Cgc2njhRMjYShRuqooKq11DmKuMA5yqrJ	2336
bc1qkdru2lej6vr4a54u5d6udpp50msxv4dfk9678q	2335
bc1qt554k5jwgpy82f94d2dgfs3r9k6d68mdwtzc45	2335
3CyyS3Scn6u2YPFC545zMfLVfz2damphEr	2335
3Ny1BvM3si2m8ETjwzQ5j6hJ6euM4pTYsL	2335
1PPqMEifTheyHoPcmcWpuYhHtxcDWc84p1	2335
12C7ZbLtGss2rnGVEwf6R3u7RNnkRX8K2c	2335
1A1mq69KfoHbiBGwMeHmY6x2Mw8gMbVYUR	2335
17bggG4S5dzYs4voyxdj2iVBh7bhDrXLC4	2335
1Kg3ParmSKvhX82gXe47evFnidCbF72faM	2335
1BWMYh7mZx5RkhtoKE8uMnJB1n5r6bM4fZ	2335
3QKPMibhYEmDMxEa9tZ9Ek7MVYCUaq9p9a	2335
14phWwS5xR5RiZLxaPnCXBQ7YjLXSs4CLu	2335
1GYLvzXTUuL9RUCn76xc8Z6SuVhmkivpc3	2335
3AdhJE7hXMDvcx1jVroig3wt2oVTq7gNJK	2335
bc1qm9zfuyem8ygzjjluwwkcm3n5uam39dcycwlhdx	2335
1LWwggTTXXKmRp9MKLhiamNE8UQXBD71Df	2335
1PTzHKnU8kR3vYyGhiCWtYdCzCU8hsekfj	2335
1KgEqXnKPuh4pYjNqJSVjTkMCx6xPrV2oe	2335
bc1qu6xhc8r4syqs0jq085cckmd357vvdzfpzscete	2335
bc1qx5dpzn2mn63lruwplwxxrr866mwe8a5m5wa59r	2335
bc1qq4duz9f6lryt52nldxnz487n00jvlrz96psjqp	2335
19anJWZuETCqMYQGhPSxn1azT9YHr73ukq	2335
1Djn4Ybswawu1qUmZ1Td28TKAcZM3Gf81x	2335
bc1qce4mvcxz9uxjs0jxnretgt8xn8lk99yt7am95hvrecmvjfwefxnqp7xtc3	2335
1H8Vii5T4NDE3j4gAbiVGwbqMi8iTo4iGN	2335
1CmiZet7B4UwJed77pkekPZa5FXPLB5y8Y	2335
15VMQk6qyKcwvK5CHDok7uyTjVp3vsCero	2335
bc1qx4dnx5du34824sq7qjd8e6y0tsy7kgjzvmu3p9	2335
1B9X24YMLa5JGRvAgd9uWRshbyhpvwacPu	2335
1GB2Cmyu8MHueUeDQvnBiTaWR68E3PUFUW	2335
1CBmd3HWUAPwwogBrWVpnLz6jmwinyhrtD	2335
3GpxnqysBHxFLjykbrHppnPMZV7zt7ZwLo	2335
1ML7Xma2Q4zsZcK8JsZadCyzyAvkyCL7M4	2335
1PXaDMcwmrUMueYKWnjUVHuzpU9wx5D2S4	2335
1PjxnLqny33b91sdF8fmvzyV1tt5TbMEwW	2335
bc1qn8zdldncm72p8tmmwh0gqap87r0zr0aas7uh5m	2335
bc1qy4xxr0fw4g2zyrqytn2gkx3xwtjwjlnmyyg0y3	2335
32Eead5wQs4PjhZQYwwCb4jMtHVG6MXKB5	2335
3JMHqNcXQ9G3hLSKEmNv7xeX2EhE7QV92P	2335
1Fogzuag47Gh7eLZaJ96Y2eE8GVEPvnR4Q	2335
bc1qgxhqdx34w9k4l7q8y5ly7n252pzawgagrm803q	2335
bc1q2va66cvld4tjq8p8g6mr6nrh0pyvcul5z7sh28	2335
1GBH3rtHDpn4XwLic86XQNr93WrJfR7Rgn	2335
136TRadEUbb86FYKubuPD5NzymrnFGaS7i	2335
16nEhww7LWbDLth8MRs3ZaaPMHfBTVJ9EC	2335
bc1qslnd9hvchzjpl3d7l2kk6ca7xpj2jnwldyvzrx	2335
bc1qxd3y49dpt0e7ypq0a9mu9dpgp3qr0d0324us5h	2335
1FwNMmjw6TFqGPjqeW2QkoKQ2azjjgq6dw	2335
1HWTtwvGJkjmeGXNGCmCdRVGExdLor2K8U	2335
1GjFzmUdqcKHHinzqEoTX2ah38RFfoMbgF	2335
1KeU6UuzFvmTt2B3qV5mMhpXomUysRrqhU	2335
1NPshi7EVEwtt65PiZgNpnuZRjpoMGuMcU	2335
bc1q7md45v647d4m0j37pp25s8z6lht5h39tpymnv7	2335
17B3VU8Xmv1XXchTML17rTi56RPj7bYkGu	2335
1GvguQZckdXimnvrtM3wGrRUE7Ufm1GHUX	2335
1BcefM4UT6ja1DAYq8QEet67YeQ1Jv9M8X	2335
1K8eMAuH4rZNeftDfhwMRALk3tErikxYjN	2335
1FofCmu6cn5XYeQuw2P4zdusPu5RAoZQLv	2335
bc1qvrr8897fgs523e66rr0fprtjpw3p2zkkfsqlzf	2335
1F4ZWTAUgeoLE3DjUjTUjUcpuLsu35q2ug	2335
1NCbDXJqXwHTcRqDNB9dZhmKc9vcToKh8A	2335
1DUB5AmjxgqbsEYrPwx4unMEoEw2G3DVuW	2335
1BQkVzUJGd6psmaYpUMEV4z6cQfgKNbMVF	2335
1ETapo5ib4QrJUjWXsB18GBzaMuhMwgwyB	2335
17UnU1T5iS4gjvyyA5f1Ntu9eBayyqRXCP	2335
bc1q3x39atcuquyc4pkwurl0dujfp3skcl3r2nakav	2335
1AAVdUrjYUc7sADh7BMXR4Z5Wkz8FUEHwy	2335
1LFyNyC4iAokrmEt8AHCZYL13uCayaDBD7	2335
bc1q8jh465r2s9338hu890xgdwzw5md68e4fjlg7kq	2335
1JGEgWpVrxDqLmBZz2ieAUcJ6BHGHCeeSw	2335
bc1qynxhl2dfdsulktqa0gnhvegucmp2lh7u89u2pj	2335
13Bo49VTVxB4wXNABoPWNYcqtsbVREZmSf	2335
15ofnXv39om6DA9TFNLAjjeCtwW2WBLBBV	2335
13EVWWqCRW7Cse1EEMsg6MqhrgdFV2o9GQ	2335
1L5bc5VEkkRH6yuvVQ4FG5HQo2KYDXaYhS	2335
14TrPYBWxuAfwUdNH2ymH7zom3f6HXKvn5	2335
17f6HSuLksEbZhhotYfjA5uYKTpnQZoGKr	2335
3QegrVf7n2dneouzEFzzc1LXhT5ESutmzf	2335
1KrHLohXgqgPuKNT9aACLLfdaRUjSnw8NP	2335
bc1q4znm384gtlzhqz6358n2fvr0s4pz0encmzkegh	2335
1E1Q3v4SW4G6e52c6gpCEpAobcwCnKnh99	2335
1A88PVm3NjNAUUtZZJ8YL7Unq1r2VB2tMY	2335
bc1qp3h45ys7l4wqcja337agn7sznsc5tr0fmpy04r	2335
13ergpGRWNZQ4yhpf2LAGnHomVy2UFyv4Z	2335
1D9BtD2EB9VvimyF1sRPt8NsiNn9FbncQA	2335
1Noq39gtzcb84622VCpBGdWcnRSGbodEUt	2335
186LJgkdT11R5B26Rmk9P6nuP9GQJ8DnpU	2335
13RCSqdZajBiphqp1AodE9VHdKjvJuqkNa	2335
1EK51UQp8S3FwVJPAGFYkmsYRvqn43iM7E	2335
17TTLwoAqNfUVcV587gEaZZdb1JCysKvfo	2335
3BEzUH8bzd9Bn3jQjqSqVmsVsu8tctaYCm	2335
16nWbP9VgvUx56VW7jx3Ai1WCRV1Pr5irK	2335
bc1qjkksuj90ds889nvw9ewyxzt0qec03qp4ylrzx3	2335
1NjkCWMttgjn4dYVdRPMiZmjAuo3Df4sPS	2335
bc1qvm4gntatc6fuh4jraky3klgza5sw2jazhr3vmv	2335
bc1qnqml76ayzuytf2qkl00q0aqznq9096c33gk524	2335
bc1q3rw5l3qnhdmm4k2l82rs7e5m240cns5fplhq4f	2335
1PLMFxA45bGLtvDRktgfkytSeYPgvL8jwc	2335
15vmUjUBcDx7pZPtF5n6tKpFeTez1DJTcP	2335
17CHdJvRtAJozsiaMQ4amqLL9mPJZU67g6	2335
bc1qg0h37kuuw4wxcg48m7ulwlw3dshasm7qkwtc3j	2335
13EGe5FnM4KSCwWV4e1erK7uYFZMdKdsav	2335
1ERVg4nuLsQSyGjjQnbENFjqHd1GK5oTRH	2335
16Ro7w2xaEXk8a4wAeCUWkr7j7FFt81JPR	2335
bc1qxpsqtj8l5s8287c2a7a268t97vmqcgke6uzmd4	2335
bc1qxdlgkkt36f485amdky22vvgqh57mfnjwpvhyp0	2335
1M9r7F7deij9qGBHaXvGk6pGk36ZbDUd3i	2335
15etnYuNPGCHwZCLFrfURHC9EnY1fSdEpB	2335
1LbqDNbgZ9pykeoaKERiVfSYaxGn6HDbcT	2335
1M9s9qzawFosAmuA9zbZhsf2C1Afmqnudr	2335
17sqYP64F4cQvCfongaYhEECS6TLNfPMWS	2335
1A4kx4TAwVBxF1A3na2pt2ymdDngu5kXdu	2335
bc1quwykdas3ny9552g8qs8z2gggz8lauldwdtlc8h	2335
15UwgB7PTMdbubDBp6oU7kRakfXjGYHVRs	2335
bc1qzty09wmekg4ckhhg5adk9jau73mp0fe4jnfagf	2335
bc1qnxnlfrfj5rcdcvxfl39ekwnvz7zyq0a9dthnx9	2335
14NnPfzSMZMKRLm8EtpwVTneupEEWPBCDg	2335
1NSoBEYKRegxQwDk1Rn5NJhAPXSdTt9Ve9	2335
bc1q0aapwdlgtj4hwupd3zvfrpwdk309twjv5petcj	2335
1K13bHHpVfrZVmtUhvcggW5z5TbXDU35tt	2335
bc1qvnhdhdm3lh02uwxjyatsja7p45s8x5uu9c9wcy	2335
bc1qavcnuljuv4h97s4cwcspl53lvez925xsasc8ml	2335
3Px5QffGjteZTSCvCaS9q7B24KnMwY8VQu	2335
1Lyzp9hfDrNxt8rFzMBNdvgpsJc22H1ed3	2335
1BaubkXwnn9FKX4MSaU1VHhuitseMVfyWe	2335
1FXKT5T3kWJcfEWMHVZLW1BwYPapBCiUAv	2335
13exBErgUuWS2QkYAp7epmwSUdPM27Z9Ms	2335
1FtRggrY9ReHG447Z1tiaZNmrAiGGBgwWJ	2335
1N6PbbqANtzcxUnmgoZhgXa7JHDYrMbKYv	2335
1MAL4NXsuqpttPRcsPutVNP3doBQMx4Ryv	2335
1HnjdJVp2YDyFC7gKGxjLMYVKhw9wdahKH	2335
bc1qvd84wjhwefjydautzthsmk57nzz6y4h454na4v	2335
bc1qt2wctrahkjkxe8gt303fvtvdersldhns3z7hv8	2335
1A1qL7sSj9TUp7uXXJ4MbXjKPv8v9fQD8p	2335
17Y47mNQRyR1jPocwRh4sTGoADukgyvr3w	2335
3QkkPtEB9eYE7UqbFrMywZ41WombrirjQT	2335
bc1q5g3qrdmnndgsu93s7gka5ggaf77ekfp0xpjl7n	2335
31tgMeNaS3jY5krqrjwHvre2ZaTN2UVY5S	2335
1N5r5jb4WUTuMrW5p7eRGs6D7r9Nz4wuLR	2335
1ESHAw26ddwDeohLeVKHSCQjwfgW5eisv1	2335
bc1q7qfwckt5x0ec3pau0lh2g7p5up367qzv3x3m0s	2335
bc1qur43mprrlsrwf5xsw7ux5st37tx3xqymgh9avs	2335
15djMsrsfxR7kGwAyLNejPknoigi2JM4Fm	2335
146ETqdMm9bH8SC48doZRVS4vnsN45hTkc	2335
19D3hWQKtA6KZYBALpt1jcva5PMDA94A6b	2335
bc1q87v0v650hfet696e4t9n36ccgvjh9sd0xq08r8	2335
1HXMPLeNa3DFLTnFun6FnefCf2B43dArGw	2335
bc1q3j3qfnaw04hyq6wt04n22f9zgf03avaf0ftv8n	2335
13ayMg1bD1kAEbZdzfpnA5uYGpJvMm9S4E	2335
1Fvoo75KWTQsw9yHZ7e3Aemw3APMcryxjU	2335
3FV9RVBeeNSDjG7H32MoADoJXkDqC2491e	2335
bc1qsm4w3srl9eh28gj0wn8hqkpe2xyftm6zz2c87u	2335
1CMMLYoNJk15FfhxHsp8JUHQjDq43JgEGN	2335
13wdxNHauRM5jE1JiDYMkqe15iy3ccpmDD	2335
1NDHYWrp3j4WmnWZi2XFhv6wMNG7jV6xQn	2335
1FooQKyAsWdwPfF3cMe9TzzsCx6Vcp1y3i	2335
12j4ERwgBNQwewebbzaTBur5t4uPDw4Xoo	2335
1HmVYp9ivZHQBiHN5fa9m987WP1pzvWQbx	2335
34Xvguc2o6Rf5PiZGkmVc2TrHDAjfaoiAK	2335
1HbQjro7m9jPsgBq669xUXQV7vWPRgSgdN	2335
3Lu7koFBVt7Qr3zdLBVpt5wK7aq8PA3oZ3	2335
17y8ZrNgXZFqWxgwdK6GYLNair7sHmPt53	2335
bc1q2yt7ymrdd6rq4wrtlg7vnzvnny49hh85l3xkt5	2335
1ApBhpKytwFWFJJSDw3J2u5bVJ315PT6fk	2335
1MgwiHMJ7BLK5PeNJ4BQGoBZy2ZGhSENnK	2335
bc1qmqxxg748p6wf93p07m8vh3lfwzcakp9tnn6zd8	2335
3HHZGNNzcvRzpSKhXrTxNjzt8TdABLvuKJ	2335
bc1qlt2j0q6x5gna79udgxzglw355j06z95jrpfdz3l3jpw6a7z9ghmqplnags	2335
1Dv5ZZ8vUexnNA2RG2rAVEexnyQskno6xM	2335
1K8iPv44iX6ztYMvHmx4WfiPnEWz7Yb8Wu	2335
1N9YY8rmmAy41XYZ9dqWegPHXyzrqaLffy	2335
1MW2LoFenj91Bwt1UorJQzhQvr1NSgKJaX	2335
17UmgnuNZR3uwuQBYYkN9nuJ8hcZwzDzYw	2335
1HR86bA3sGtEoVX2jBo6oSGnhNBX6nX3uF	2335
bc1q3knsna547vldng02ycdrxcxyh0tgryluajh08t	2335
16QfxEfxjoskWELYkGHAFB1X5BWoMyvYiY	2335
bc1q5y5cr74sg5a7g7n92wr6ucvpj5cst5cx8ay3ul	2335
17Uk1Y8XXzi2p4fAXLQmegfgCfgQgtgB5g	2335
1HfDthRyfLbmGEASrVBjKD37YEd3LhLXMq	2335
bc1q88l2rmn9gwsnmxljvmnkmd97dndrq5lvut6lke	2335
1CTRBSBF9pSS11Rhoo8UnfBupv2PufDvXz	2335
3GstiAS6RUcWdnQND7xUhyov6zz1gUmJRS	2335
bc1q7566k24lrzd6p8hq2lnc0r6p2yn9wwmm8mhu34	2335
1FppAvs6p7XywPvG4MBjuT1YVkvXDk89z7	2335
bc1qm7ejt49y93tt85e6akhwrjfw5fyvu2m7lqa05d	2335
1DRqWz58p9XWf9r63nE9mh1A5bNWuxZRos	2335
bc1q0syj403l2vt2mx0gw2ha96dpur4mvy820sldam	2335
1CiEkiP5wL1y3GPw9nQ9X8TAPNr1PqoagT	2335
bc1q3ye3rluunv3ljpgt8rjcqnd5gjyz0s97s5q0z6	2335
bc1qtcd8uygmtdcvkxpne2dcq8yw4gttca8jcxk7ay	2335
1723wzUkgqmMekcBNFtxrdzZmmhPCbncqA	2335
1BTZ31WKRWAkzwzC9K511Ei2prxG3iJ4Yy	2335
1JkEFvSUUfQAzKPm3P1KKKBCesdjHGByNM	2335
19ksioFM2CrR1d5wDRg9jsacGpkvy4P963	2335
1HWJkEsXFXdnPJWwWWY6N9mu3crcG4rG2g	2335
18aAmgeBHVVbZsbGeDySDPn3GBEr4qqfsz	2335
3FNvAQEG2vg77Po4nAoLY7NWe7GLPpmk9e	2335
18yccTmfHPGgsyT4KkdV7FMFbNutmZMZKx	2335
1DH41LF8h7vmsQ6o6pXgqmsGP6xT5C7PyL	2335
1KiAekDDMmej9SDj74H7CmB7W2CPYrDxFn	2335
1JsrpaAg3HJ548MeERBcrd5gvsVSTP2Epe	2335
17tzbZEc7FtKo2vVEFJWVmR4XddeDEbqqs	2335
bc1pdml4fyu0cwpekru8hutp9q83uv229370yqmtrryky8ke6znfk0mq5luzxz	2335
bc1q6ekc5pwkvvux4t4mv6wqqxutepjlrte6vflhn7	2335
1KR6FhzMp72Ne2v9tY3pg9d2i6uuJc9Mzq	2335
bc1qap92jgy7uku32040exshzggg8vn7tgylccj9cc	2335
bc1qlxp27kqprd2535z9kpmga3zp99q4j5ujaufn79	2335
19oYPF9zQJWcciFbGrEq7svYsfMopBJHqY	2335
1ChRDq5aUEN6SPkMKX6rSC8FpNw2Hikaw9	2335
1Ff8pf35XhwaAbFSPS2HUgV93uVSuRiXrU	2335
1P86XSzM8x3vDiH6TXpEyubU4ebsk2boZV	2335
35UozdTvqRkTQf3BBd8SEZ85PgfwevA5ER	2335
1QLFpZeBiGadN5paG72XmEbcoY6fxpaT6V	2335
bc1qsl7q5le8yyd6l9sepxz0dsc35j4wzfxk06rwlk	2335
1JMpZTfVsFhAoFjmUQcqEMm6SvHeCYdD4S	2335
1LWdDixdVz9NjA3qjERdG6ny1seaV36Kz3	2335
bc1qv40u85n97nvhvtc8su6w6t4wtcja3t403s4tq3	2335
15HgX8pFCWiT9ghGC4naXMp6ioXttUTMjU	2335
1BvKiPY4w7EhgaGYdEUg6uw6m7pqxT9x4m	2335
bc1qexxz4adyp43p6u86r303m99t3dplzd6lxr0pn6	2335
3GZHsvvjQneRUpowXEpWgwSsu5YvkNw4w7	2335
1BEvV2SAvXUE3byXm1TGsufj4Vyz3Jhcax	2335
3G5JMHn9tjbsRJjhjWWLMXJdRCTj7wuqGS	2335
14oG3DhAJ8Mwcpgun1d3Rx9JwcDjKiNTeV	2335
3JBYbJ8xfKY1QoTXQKhNKSD5BykkM7WGAS	2335
1K7uEpJ3rKKbTP7ubCzwqtkjNQeM8RRM1p	2335
bc1qg6pauc4swl0f7jfd084av9mnqvmps5h8tkhy8x	2335
1Dx7pWhsQ1xvbsaYiVYMQsEv8qgDwdheL7	2335
39NDtWZwWpZFHtBoTn3vZxCxxspzz1abmP	2335
1Ckoz3ok9Vy8qTFoYBQ54kVVgc4fHdoXdK	2335
16Bv7cRiXKsJChZDv1kxyDgcjuc3HogZ5H	2335
1LPRbpgmzmDC8PG29kZGA9VbSkrJzps1aY	2335
bc1qytxxdj0p7ms5yeh9gqhla59tdya8nf8uvmaaqn	2335
1NdmKSseW1n7s9w9kNoRe98E59WDWdPqiJ	2335
3GdKLtvZ5DrxpqxgzQzqvfDgQKbToyebyb	2335
1LGxReVVyMJteKXHSphjN4bQvxGpxe6RGU	2335
33vcT3JSvRV57bw9hFzLt16KFgtWC8xDQb	2335
1JdFjCboEzMi1PzrW3sUuJtsMFvx45G2Dh	2335
33p1EsxWCnDATRi3U8KV3QNZ74U6WFkvzo	2335
12951di2xbPJ94DNrnsUMGLoEBqV5X8bJL	2335
19NAqRdhoYk2eCDmVQwz9gT6naaFDr4n4Q	2335
3Drxj8DAYNsEihA5GDFY4xknPWXNRpJsQp	2335
1ALnVBL2qZt2NghXtR38e7ALb3fiJb5UHZ	2335
bc1qff4gvc0ew3gwrd0a23sraey5dgjylkkt0eqxu8	2335
18DidPExwQsFSkAjcMDUEhT6BZemeT6Ykm	2335
1FXfhFL6bQBKfPQ26fM3SvRSyB3i7hZD2w	2335
3FnExs2TyCsb2SHHaSstEKLpGEgnX3w3zv	2335
39bUZwgHttms7hfs4kcPevb5nXLCtJBkTd	2335
14QHfg1nPgFshx4DpwYi4pbr7benkcjoR6	2335
1JUQseMi7nmuWEeTeEDfuVntwGWQH6tHQs	2335
1Ds5qzLbkK98T19t9SA4mWmH78T6PNT8nk	2335
1EGd8MBmyRrJpV2FNaHB2Rh2ti6tuESiiW	2335
14y4s3kGBe8KYA8poKSFWyq6LwpReSE3Ei	2335
1L8bHbYtQezkRoUeu9ADxemtV9YpefHQ6n	2335
13ebieqQ56kjAmB17DWV6CUqKubq68vwNZ	2335
3DHU63mzYPccaSDekxLHX2Hn2CDZyuDZnK	2335
1DadM39nPE5shJmZTebT6F9Xo1yvkZQfJQ	2335
161jveFAbDKu6JBducRRkUiqnyGa6EGtCF	2335
182kU4gBhowkj6bgyM2xMiWa4PQHxNPvjM	2335
bc1q24tl0xtfpf2sdzwpsrhephqyedum8yh0v8psz6	2335
1Bg9fJB4xCYzySLYVbmKy5icxi3MbuftwG	2335
1JxysSZABmQWzwXkqCf239C4co75GF87XK	2335
1GHud7p2GBZ2UztFfVLnKP4UT5Tg4YBEeX	2335
bc1qe69a3ryjq2ydmgkq4w4w6g5rw8z8hp3974xcqp	2335
bc1qxl40cm2ak8ef3hzykdp27846uermscn5qzc0cj	2335
13SJxcq5EwDyk7BKyZqCeGUd9iykH1gZH3	2335
1JBXEwYVGk6L1aixEo6XynYf16cjSTxbAs	2335
1DLt5BozixjcZM9C8uEXqohMwStCteyVNq	2335
1M5T4v3R2XGvtgKJLoRoH5nqTjzTL5DzgJ	2335
1Dx3xHgvRAJKNunVYssURUbGRLUNFYBasG	2335
1Fd6WBw7S8kP6CRRsDBFSu8eNYP53Upu3K	2335
18dHShxTqjScrfT5dZKKZECDw7TbEKZt5J	2335
bc1qefy0n4sgj9cs7n7pazt2erct07lflclla09rrt	2335
1549AvFgER7A8unnCe3D42PzP9ASeknBkz	2335
17dkXq5iKvbQQ7jHKgmvqjyn8pc7qa9zoH	2335
1BxrHfiRhf89L1N61BPLsy8ehjf4hFa4be	2335
1Kf9J9j5JNbjT1zXFSUfZDMVS4tGnxhMaz	2335
bc1qd89urcp88fl7t8wk8z520vvnvtj28q39pqq6zm	2335
13U8QxF7RzGChvREE9sdbfEuj6GzbVHHru	2335
1F1ofmmpyYFxUckTpkvPjhyUSi6ona9Ror	2335
18Rce8qqw8vTRsh4vJmsUt1hVmScmsETEp	2335
3CVDGZjxjQtHKeaADRfb4yJX584CJ78gdo	2335
1DavERnk7jYiyuWpjcu27emixjNtpD5Pfw	2335
1KZ5Atbh8yXcnDSV7bJC927kJfsKnBvUj	2335
1CBCNU9eNEBJJ8cCBGHLj8eW2UaAAcPE1n	2335
1K9tQPm2wN6Uj2gwotFDTMYQFcDZT9Zroc	2335
1JneafRwQxdpFGBCNSMUouGAAEtbE6uGcF	2335
bc1qfes4yhxpcc5fuk3r0dwlq53pywulfgk8uvwgs6	2335
bc1q5uq8yw52cppahpcsfg4rp6ah247crxdwytqjnm	2335
18rc5ZkdSiWyE9ek9kdRqCuGoVMMy73yF5	2335
1685WoUFuG3ipnumic4sDZc1oahvwgHi2N	2335
1LbTVw5e7SGAkggwgoFuTMEXj9x3xjNJm4	2335
bc1q2d224rzhcupgav0pjq9ff4rdqagwv0tnzqql9y	2335
1QGq1UnqH2qJFUZHLaXFC2VcgUfCRSKBgo	2335
1KzLuF4PKiB8QnGw7dbkV3P8ybVGojYW8g	2335
14ZjMXASYrZXeYzUUbzTCjSj12NpP64Czz	2335
bc1qu7uun3qeadjelhkfqq8rf9d84nd60h2k84jmma	2335
bc1q6a9xqlkdjqyq50jqrtpt5q02x83zvlpdqq53nj	2335
1EFaZLUSHti5P7pGVQHS4yWdbFWddu5f2F	2335
32ojA7CZY1g7bS3GtEaXqTriNSMWj9ZmXx	2335
1PqUm6kQgjsshyf1tNqgXmVBufKfNWkqEq	2335
bc1q5uv29udpxwpnen53y5g8m5v549z6ywqmsd9cu5xwxcf5yccunngq8xgkeq	2335
1FDYZs8riyE9uZueYfa3MiawTan4581tCp	2335
bc1q0vu9re696wu6gfm5mye7zjtt5p5vme2yl6ganj	2335
13FkZYYchbkG7Eg9WwzYiRGawhK7k9871u	2335
3728WutXxkXh4wT1efqc95GXPcm31WMban	2335
1DQUjcSvzYEH8EVe5qXxjUWN1oshB5nmuK	2335
bc1qseyplevl62hamuj2ap7susml820t3svuk9hfjm	2335
14GQQwrLDxfo7LdavXxEk94jLoAzJU5mnq	2335
1Ke9hNBsMLiZarF5SzhuvnKPo6UMDz3Eyy	2335
1A4Yr5J6JnjJvH239D7UN26VD8FS6bsrSB	2335
1L3KqXEhPtRVFeg4jmmrux6PcCgVsKXkSC	2335
bc1qz7csfym9qzvqsrjjh45x3u93nv5q9ljddnwsa4	2335
1GJBaqhSQEMaCreCx8KvQYThb2yoV1vCCB	2335
195khnmpvtTpTFVSKDnyr7NVrBK7G4jGnw	2335
1De8VEaPnaa4qJz7bwWgNrrgotQHfXWF9C	2335
155AJLTdqQTUzBjbqiB5AJPjkfUWh38ZuF	2335
1Nz3HjtKHAuZGnUEJhZNcqA6F2ggydzzQw	2335
1GuCgfsPhkEyvTVgQkFc232TbXSaB8VcMh	2335
3EcBR8N61ERowoZWRB949gRZb2rMzyxCzV	2335
1N2VqnMdUtpTvSGXG6aTDPYSpo3kCUQKze	2335
bc1q8hd95slc8lrt358988ewurk7fjy6dsmfrpvvdh	2335
bc1q0d4ev8dy30dh3rneaak2c0tqe6p0l94wm76nm0	2335
1MvxHZQEKuYm5YbE1pppBRvkuBJHxagwuB	2335
1D1j4jH4a3Q3iVDjhqAd2GX9XpLftSZ7Xr	2335
bc1qs87ut9mxzrk78rmp0zg67c372taq7c4me6m4vx	2335
bc1q7x4z0xnms9dz4ghm5urg5gqm25l6ww8vu6xyw8	2335
13hNeFNU1KJ9SPHjDbYZnwgeBwRs8pSNao	2335
1J2oWUboiKYEmS7ZAnwYWVEFqDnn9EMHnP	2335
bc1q0a9sf2fxhe6ml09zp9d307amjj6skf5l5mlu6r	2335
1K1BCAjRid11zECoWBNMQth51VCnw5nbTR	2335
3PVD4debPbdGLYmSKm8xRpTQ1ZzYy97RxS	2335
12WHhrs2cTcmfpK68CGBcxN7PnavFqaUzT	2335
14Yuxd8P5jBXL151JNjZMXjeBMr5XLxoGU	2335
1FcDNzR4zXfi15yDvSriAbYRvvfvW31RLc	2335
1DcshZJAXzFSvJ5Bpqs9wuGtE4zYRQiC68	2335
1GhH1YD7zCwD5am4s854pa8NZrHo2NwKA	2335
1Bkrm8KCGPodvXX7e6iLhvyRPDR8GpYunR	2335
134jidnRndVkScf6d1npWdJDHNoejdrsPg	2335
39Xbdb1K8csNcaYrQqRoX4rBBueGGTiw8r	2335
1M4cEL5qon6qsQupV23PJmDJsorZSwBWEx	2335
1NgrRez6GvkT4hobvg8UsGhrHgiRLYG3Rn	2335
31wKwEUWugPwqQwe3E6sfDwERez89VRA6B	2335
1Fvmgz3ooDCFemhY1s44h76vj134obk2H9	2335
16Jr2aG1JEEodZdwAabCEU1aJnaUa935ed	2335
14tCTNaDSE1beKJyDrtSmb25kR2PnB1ubH	2335
3BPuc6mcyGFMjBtpzBFC6N8JYFmoYVZ7Lf	2335
1CjTxGKiKKidpAwyEa7QAUHh21zFzwRMMM	2335
1CMqiHdE1qBk7aGdfpkxvBJeXnFndBTdV6	2335
15heXBvsyN2eyyTFsy1sfhJyQa9oCaY6oN	2335
1MuQpiwCTvVERECVr5PzpispWA4w9kbL3F	2335
1EBQBvu5PdoTyd5qit5AdRypJTWctsPKj2	2335
1HtQAsc3ApaRzz2HpbR85rN8KWzPsvLVfP	2335
bc1qzcwgpsuuf39ay9d0kcar6ke9teetzw0ykqem44	2335
bc1qmxu6puhdfffxrsnf7wpx7qc3dujwe8jzy5vpmm	2335
1K8R4fSznpW217gDCbD7t1XuhFTeM2pG8Q	2335
bc1qlsjkmrjvgstqrwqyqm2ghz3dr7caqddete2hgl	2335
1F6BD2pjM8s7TfSZYSfbd4rGd3HwKvX5Hj	2335
17WCKar2zQ4mmDHDTupDxcp3wG3LC4L67n	2335
1C95pWq1RFhtoLhX8TBq1ghL3mibd2x5Ft	2335
bc1qdhg5jdk4azukc6zpfjcsufy0yl96hs6xpv3ylz	2335
1DFsNuFB8vsrLJYWyzr4MTFhaDdgidu3tC	2335
1B6hzqrBDipKExdWcTBMihTtSaKwqrVgL5	2335
18Ju1GQmAGz4WphBDZSuxRdLUukjXAU3gu	2335
35yyKyDBvjmfwbsR8ay3fj1Hkd58BMpN9J	2335
1EQseLGzNrNSVuRe4GBT7YbufNHkk4PUbE	2335
bc1qar4t237hjfguaaf2mth2c8p4an63waxjctn6zw	2335
bc1qf2u3fefn4hhr3dz4dad2p4jpl9jjfynaycu5dl	2335
14B5QBxs47twGiPDy32KSdaShoLp17ucuR	2335
14a2qUToLH3UaZetX1CPmTH7DXtX4YmPGP	2335
bc1qmz94dm9xml60v9n62ew9yda36qryg3m986dtd6	2335
1EGXaEYL5kTJAYf4bCeb86KT5vPraTZ2gZ	2335
3F5Xr41mbijv5F87xbAzWJxVgMEPn96Gmf	2335
1FvFDVoaz4Yp3GViHEk6NvrEoezo5VNeqk	2335
1Byr4Sb4bQuqSJu6EUeuz5iPLpKLuNQzjF	2335
bc1qej2mkqqljj0qtmh2mv5emqgzpz4e627fcp9ean	2335
bc1qvqcr33weeflzdqjaf2f5rzjnwhlc79rdm5rz0d	2335
bc1q4tqelqsalfcgjt3vdyjqh96z5shhu7kultxm53	2335
1DE7hKAk4RXyeiJgVd1woyf9XbS7Pmm9aj	2335
16UmLm4Yd5MzzwjvzaNFtoAHm8i59iYUnJ	2335
1N9mXuGzAz6Y32dBx2MRYRYDR82HZW8wx5	2335
bc1q5rfp7hqh56gj7g8h0wt2q654r496wecnnjwuy9ymnsggs8mcu7aqyj4n9j	2335
bc1q0q53p7596q9zlq77mlpd6qy04x0f8dg9mhyu4s	2335
19H5wPhskAXHv4hAiprZBZWsLes2oQZhMM	2335
1MbKGgXacEvNvkxSDe45grp62QX3Qk4kxB	2335
bc1qf28nu5x3dzh9n4e3aant0nkpc88z7jf8vqz95x	2335
14qmbFT82iW8g3SAtEWyKsZzLCDEjZMKPR	2335
bc1qz0fpn3vtwnjev2u6sldu3xsczfy2f44eagg9z7	2335
15BPWgexNJW1jqjsbjHSVtXDoLGbsWYYY7	2335
1Jvdfr8WoAg4icywe8RCV8XC5edKZtFAAn	2335
bc1qxdv8q3ltnp0282zaxrcpdwpjn8eyrny5d9srgj	2335
1F57PnhmMQjp1SmVBTchmkaHvWiruBHKZh	2335
152yjLSNEZoHBjEXqiL975nztn5BiQ7EBX	2335
3MpgRB4tiaii52Q7ArjWx7tZNRZ2qoY5a2	2335
1MBc5obbMsqNjJq9uivWXSdRGV2HNfkCqX	2335
15B4YiTLJfdFM9V32N6rMEeXAzMy4D5Fps	2335
1ESFKmgLokUPyQizwEhBXZyhUZkZ8p61b7	2335
17uYJ8MKJ9vvSssq8VmAFYNaKiTcPbewrn	2335
15ztUT22KX1FB5P7MgMvroXz88h6oTXEAC	2335
1FeJWWN1TjXS32zxM3haQ9SNmZKjvgw3Yf	2335
3G6fZNJ3hWDaw4quktyPWPBMF3WWBjkZoc	2335
1DY88MyPHswHPfJiKzSFc8vbgVm3gF2evY	2335
bc1q85req9zawr2qpl57ausjlx47y2rm2yyl4d590g	2335
1Ne1ZDsr7uUtNd9FyBNKeV6NQhkyXL8Zgo	2335
3HPPymjq6uFPaySy5Q8uu75kE9V3VNUNrV	2335
14Z3cEDSY7cqTfd2DeeCC4jTjG7DspfKxp	2335
1AmeCadNQhL4svDPWcGG4AqXuzKUbaw49E	2335
3A8kSrdmKavzqrPcJcQ6uU16DeyEFVCbUA	2335
1CdSbT9KiGbtug7cn4uD8QRjNeA4s3Udpa	2335
bc1qqqgprdpnaayqt3skct5nn4hna73a5gwzvmgnj4	2335
184SSkELnKfoHPuf2snXjyBomxPLWxzhFk	2335
1F8Q5gUhr6P2dy8JJRtzaneWtSZuT8ajea	2335
3Hmc47rMgcfbDYkTSDqzszaxkvkKYg9mYz	2335
bc1q8nd5dnp6gpxmd7g6ztynnzhug0jmtd4zdv3v7y	2335
1DmSZAhJwouDE6p9ioAagHQzZy34T7965U	2335
1EKo3KZSJibfqsHfd2QgL8WXZn19psJGb5	2335
1NzV3Su9wQZhdqVrw9BvB88Da2t1LfFjWq	2335
1z9kejBpit2K7T33fKtoLzF2Up876F8ay	2335
bc1q4z6hr44z88vngdatz6ljs4t4amscsm8pp7274j	2335
15aXrHh3XmjhpdmfUU4RLsFNdCrhdX2E54	2335
bc1qlf0rq5hvdxskdtm0w0m84dc4ux4anp5nsdar6w	2335
1KjDGVuVeZqWri6PsFaHCjeFEDNnEmwfyM	2335
1BcJ9fFLAR6pFge4D7nPprRnZAbWkZK3sY	2335
19V4DgXzEMtr2HqqWebRQvWCsu8cgENhEc	2335
17bMF2o8qA5NEF9zxm4oSgmjg2LwzsGMWH	2335
1CNPWGYwwYPusjBT3fmECTuUJY83DZRDs7	2335
139EhfTqdsq1eMfoRJFihnFZeP9Pok9h8W	2335
1C1AEyPA7qWUFJ7wBsTfUi37zW2LfXLKy2	2335
3J65eY47KvkDao7eows1xhD2ke7UmKEMby	2335
bc1qfq0r2ywhgrprlpnl47vwgdxq9m9pl9f632qvn7	2335
1KzQiceE31dB72nTzJ4h24QNBmVzoAenpJ	2335
1PYxJHz7s59N2Awny668jYjJPzCK8sJHs2	2335
144y8mUWcExFZknitrKd79RUXZbEubL445	2335
1DzzfCf6h3x567Cc71ZxgkBFVqoo5BkaHf	2335
bc1q8wmt50a0g20ag07qzexx9jk0fltlwlycjlmkl3	2335
19Nskh7C2yn7CDGKSNgyjQcLcBdNzYoiwe	2335
bc1qa8egd8n3uj94uftc02ws8n0a9wgtmf26wuhwak	2335
12TQDiFeYakXLSa8ZKh4QP38uoGynBR7kv	2335
1GKLj2xdTJMLuhN6E4ZeW4DcR4vZrovRZM	2335
1CEvjw2u2JhpNEginyzhksUpAAoBW5ugJm	2335
1NqxNqgEw9qnwXMViccpG2f5i9oDEk8xXX	2335
1Cwv3qPf7KgvDC417DR95NU6H9M4JgRqx3	2335
16emYwNmbr1tFs2bAoCLXU3D2GsdN4dpDv	2335
35Nf2jEeuqDW5ABYUfXKsnM9GQXPp1DYjU	2335
bc1qr39yqj68hh7wcvla9u3kam7ypdf505fns9nd9w	2335
167FjaPEH4E6f9BcZEiWz35jQuoYhLAyyM	2335
1PTyNAyjeHoF2bwpA7nwWmZzJJSomfSw6G	2335
1NUPaoDaTUgxmiNgfApYxCeJWwM6BfBv1y	2335
bc1q5nc44c6tahtc3x6u7yprwqryfxr70ymytp2u6f	2335
13yW2jau6KY13sGvNYnbQ1PWp3bwzfWARS	2335
bc1qvxry4x0ym3xr5saahml006am6lknt9rftuc0hr	2335
12SknNcouYNJnJNvm8GTNwi8wBoWrFcY4p	2335
1FbUDwKpBqC1B5Pi86ZRJy2kGf4eQYhAbe	2335
bc1q0t4rktpss4t2v3wkpj4s2ey9l5pnpy9t7nzmlc	2335
bc1qc7pufs3a4jy4sd6g6609pt35tvz268gtlhntv9	2335
1Ha2ey8UbXWEVjqATyQoRzWyUUQpPHYqk5	2335
1KEcCmWdX7dzcMBgxYBn8VqwwdDNK6gt6h	2335
1HGju1L4WujviW8T9V12fVqwoetuPwoqfT	2335
1KfQsKdxXkiDjGN3ZHLVaqwwMP8i9avBv5	2335
bc1q5nmjkg8zmzmh52dcvjsrrvs2n2eztk3j92xjul	2335
1DyPgQjDcd9AZPiWUFyTbqzEc35X6BbtL2	2335
3DcSWhwLtp2iLEWSZKmtvBCUZyVRsSJ4Ku	2335
1BPzc8EHevoXDopuXC6GC8GMek7yuTsWYU	2335
1LmCUkCHm6APsm4GWQFGV7W5pjod4Wu1P1	2335
3JC1uXPsu8gyZAn2vGUixsu7Rr639CjJcQ	2335
bc1qu29pn73et0rn2q4qcmwvrj4a5k7eqa8lgc6cn2	2335
14y5iJ2Ut6Q2QKgvbCqVg99dAhrLYJSLpS	2335
bc1q2mm03326yp7sarkfgld0dkf2xc7azsrrmkz56r	2335
bc1qc23cwk0rhj07a02ypn9j7u0r5e0ylv4zg2v0pr	2335
bc1qtasuv06y2ghq4wwv582mxl82f935evuryq4keh	2335
1JuPQxEs7kV82ST5qEACVcNtFMSvdo6bGB	2335
1Fa9iLmwCFmN9FsjuguKGNCQFV6yYvGXyV	2335
1NeBSjqU8D1y81JhRkpWA3RLKPiRP1182R	2335
1NEbkjyg3H8aBKs3VnwEqXDRSzRsDo13FS	2335
1LFrrFCZF4aUty2jZeBMVcK2BoikKQ9QCY	2335
bc1qt8dx3vgky6d944jt6d7gkwkzrcssckh29j8f0y	2335
bc1qwnrtwx2hm5hyfct7nxds62y3wxxq00un08a8yx	2335
bc1qkafsyuhydlxt6v96zcalphh7j89mfc55hscvxs	2335
bc1pjp9umntv7ljy79y87t39vlz24flvfpw5c28avd3n83j5l88rqanqdtqrd3	2335
bc1qc5hayyhumy895kvzjptppujfn4hscp4txx86vv	2335
1DncKn7A6h1aorcSPAxCHWFqDgzTA6PGP7	2335
14ziWNnXRLnd221jvtVd4M5YGinrYTDXr4	2335
188JMivZgR4DjfsvFrnUSrhUYm3krWThsf	2335
128J9iDRrkP4t5MNT7ZCR6R9sr8pFishX1	2335
1PvrWiEk9uzrvNJB6aVKuBNkY68cF9tiTw	2335
17UjQn65LxVEVPYvtfsdxPvg9CSbRzZnf1	2335
bc1qsq50ujv8hau4n049lsm057jspjw6evyrhrkkk2	2335
1K9W4Ft3hZ3SfymtDzRxSkLkx5idaRMPkn	2335
bc1qx2lwg9aw9873x2fjdj9e2ge5l5fve9r9asu26r	2335
1KVv8aqDHYh2JrAj284GnUWNhKZdhTNSd2	2335
bc1qvxeajkglmwlmnvhldvnn26qtphsgc6vj44rf7d	2335
1Phu6btnFm2L7Qid1fHvNbeZip83gvgNVw	2335
1J2Zp32CHavewEzGa6zDB1nKTNiPYXBjYf	2335
bc1qttdq2nqwx2j9gm2vs4999pazwe2aj6d6u3sfhk	2335
1FKtqtuyeybo18rAZY6V4Fd22ti4qwqaFg	2335
bc1q0yvfrjkqlflxrujj7n5ats8f06vtrc4e5l70as	2335
bc1qfvtxz6e32y9qu3zdp4nl4ss340ezk0432g2cns	2335
1C1iA7KwAAtbVm7ZWkSRzd7Yb24cRrbwBd	2335
bc1qgtly7jx9evtp94m9nzvkyp6k67q49mct3s33lu	2335
1J1z7qQHKinPYUNNKDGFsZg2rrVtdC6EkS	2335
bc1qw0f82f25n6kt002p7ther4c97v9x0x2men7yrr	2335
15tvWYPSTePDSb5GKMyqa64aPdCppuahmX	2335
15LNE9hbGpmM6JXuvBwxSf9SgD7Fzy1Q5k	2335
1MARM8ELArShm4VTskvLtP8f1A4syS1fKx	2335
bc1qtyjhfsusw7hlm8rtdct42ns0x3rf643qk5chw3	2335
18eeVUQD3RisBtUepBE2qECBM6kCXmzcXb	2335
bc1quuk5r4x60d48z9g8sryc408d6n78a3mrnx3466	2335
1AVCY8cmyVfExCLBHj9s5ZmbcnUfMGFMmT	2335
bc1qsra5klfwsndmyv92m6qx3efj4sk028hhrdtztu	2335
1AqJJ17Ea8Pyonn9AmnAKPAdnTc5nMW5Au	2335
18mJThCR86jXfZeY5Sr53a85ymCuMNcKaX	2335
bc1qzj73dp2xyhq8mctyj67hn2h8k7crvec9qn7kvc	2335
12NeHpmz7ECpNRZ5VydU1T7GRGtxupmHEh	2335
bc1qj6l3q9c7pr2vk52jkmn3kl7zmsv3k4cwtknm30	2335
36Lj5KR9MTjixPKDtPq1Te4spbM1LQ3J7o	2335
1HBFUAN6i9UCQ73ERZrrmTPh5956Cg74xN	2335
1JrDdQ4YrfMzKZ9hFq5PmM8H8thFXxZ8vf	2335
13AW7AXMfNQc64HbTXXnxqeE2NMS1Pog12	2335
1LZdKSMHoZAFNwbaeic7FvDpKDVRTTVaRR	2335
1LHsz6JK3tv9Wax4GpgwX6spYNoP59ELWY	2335
bc1q6gcdpp4gspsfjywj4q2d54dw59hfhxczlcnhy3	2335
bc1q8yhpn8ce9d7g368uql52sss2e6ymx49z8735zf	2335
bc1pc0nk5ru45cyy4sxzqj2s2ltkwvr0hmgrj9a53g0y5umtxtjp966q6999nw	2335
bc1qg036ynx2seaavwe926ag2u788xtkr00gl73n7k	2335
1GUXqF2uezXdhkoj4N1d4yp7nEJPYfhBKM	2335
1BhRNtudaeWY7X3BB3xef9QQEVVAE4gyw3	2335
139fh75VcNQ3VhLAuUGQvSNLWq5ojzbHUE	2335
1A3JLtfM51Y2yDNiMYcNN667MGHe9DxjdC	2335
199mHeNSjoN4QyC4EWGHpMbiqJ2tNjPYZu	2335
bc1qwv2sqhtmutfwlgcv6mg8zg76gdesymevnk5lvr	2335
3GU1RZWxELiQaKrLs18EDtY6VPmRodGJMN	2335
12rLusfaLAgjorzXgmhHSQsgDS1rQd2Hoq	2335
1Ms6yZR2JdzoqS4UaeEBavWNhoT3495CnN	2335
bc1q90pz09g2d7rc66k6maqxtvyj9mmjsthe58asya	2335
14wvWqY5BvupwLhkGYhdVbzt3vTiexNtUa	2335
17xEud3tjUgPcqe8HgmMpVm3CLuicEBZtB	2335
1D4jFnM91oHMye2m3uMsE13yhGzqazccpx	2335
39n2HNxCEST9NcbfQgJpgi4C1wt7QV8nfX	2335
1PiQujUHSjLV8cUoZkvnt4AP6jHJYfs2U2	2335
bc1q8xsdaltp5jt25makh39v05nd88hnt5vfp87nq5	2335
1Kh2YGcQ4YWk9ngNvwn4SucrFEwsf21Zs4	2335
1FscyJctJ52oLa5XBpCPgfaW3PndHx17Sn	2335
bc1qprfywdmphz9nkz0kwlwrlxqxf0c8hl2pzan5xw	2335
1CUWnsxjjMKVXxWz6hT8UUaWdiJMuofzmF	2335
bc1q6xupkkat9y9mf84hrx0ukz7ge5z5l3y6x6uyyg	2335
178sz8UMed336uFdUVU3QaaH1GQTyJ7J77	2335
bc1qm5p5m34mwf7caa78z79sjq9pep3lrduxq25jmt	2335
1GZKgtSfjwZiE6S81L3ozxNwenPjvn811g	2335
bc1qrpmqenz029ajc0uqwvdt27kmtcc2vua2xzv5fp	2335
16nvzgnHHzh6bKoih15cwnYWzgCFR4jqrr	2335
19Ldx7TciFUhzpUHcUzx2vgaY4cQj6PfCQ	2335
bc1q35vkwal3fdc6r5wjzgp0gy0mwfzgnasltta4my	2335
15kzu53HY28nm5VHADGMXrtPbQcktPKRUS	2335
3KMPLrKsXADkwDwJtyXqpS4faTEXypBW5D	2335
1FWYxVpqw36Qtwk1JowGfhagTMNyzTUXbx	2335
1BfVFVirJkTcDisXVcLz9g9XcfhT2jjDrz	2335
3LjPiq8f4TuCx1xsrNm2XERr9533SvfpSZ	2335
16WdHJckhMzJ1ozkie7i25qQui2wnb9sYp	2335
bc1qrcurjjtecn2l4nuutu6rtcmq2q2893ncup83su	2335
bc1qqgjmesylmt2fh90zjjksyyd9s58t9x4jmz6jc9	2335
15ohHoh3n5P8GZsqmizhEaajzirdjUL48z	2335
bc1qav3ds9r8s7sdky3qygum3mjejp47wyfz223gjh	2335
bc1qx0jc9xsrktaq72wyt3vszf9m5zp0dueat7wqx4	2335
bc1q5909qru54l2p7swqxqgkp0jz8lhpekpavjtlmg	2335
1F9FVDTv52QiC7BocXnud6JeAWwpNJGSdj	2335
bc1qyv8rp9yhexud2rdgzju7uzc45zk7meg0f50xlj	2335
1LFUXN9sEXiV2FEbCSHfu79T5de6r3pVWh	2335
1CDPNnnRoDR6xAsAC9wJY497uPJoQasHCQ	2335
1CWT7m3y7GrW9FuUTwvpSfGJqX8sxcg45i	2335
bc1qmjaeq0s9rhmyumdv7u3stmafruj8q37fxx2l89	2335
1AhHPZrtXtEbnCa1xw7zYaJafdJqPGZs2e	2335
1HiKVm22G1faP9apPSub93fAcQt7D5BrDn	2335
1NEzobTcdQpsoSSGZX8tb5CMeGZ6dCLDSc	2335
3M1Gz2yKRvgEFk4JZRnLK32mVP4dQcUYzQ	2335
16RLT8SccY5qz4AfQf5MUTq7tef2sj823E	2335
1KQyg7bZGg2Wt4AgcNgqbjr9f93nmygeL8	2335
1G8kfAzm4y37tdWeNAPD4zyjVtgDQswM8h	2335
1JvkSFe6XmPrv6zQ5RXxz9du7BeVyVJyAe	2335
1Hdi6sthwmKwiHT1NtQdmLvYYnHGyzYoms	2335
1K7tCc7QPbU8S4FiLqnQDY9XBEHhgynHUQ	2335
bc1qy0pv0j97ytaanqkpqr6p43sp66ls4tallcg88g	2335
bc1q2kkwf43xqqzzwv9qkclkm39qyg5ule4f98ee7gwejf2vktmkm2sq7y5ch5	2335
35eGzjWpLVdkEnyhDnQw9UDqgf3HNzxVjN	2335
bc1quu6fwn7n0hwsjasfjka9c092en0a84qdkd8zgs	2335
bc1qwh2h0khc5e7uhlqrlnvpe4lx8hwu3zldf2uducsck3mpj9ch5apsng24cc	2335
bc1qlnegu3zr64ugtqannd7xej50c3e9tavxzpt7rf	2335
3Lt23Zfhg93VezTxXvfDpeRH5WZQZwiAnd	2335
bc1q3m43e0dvhv5msr99tvk75ueurhayypww75yn5z	2335
bc1qjkjwmrwu2fzp994dzz9hegtm3p9j03xu8lcusv	2335
bc1qmt3sl98x7cwfyqnmapuqmavdtewnh8r72hc4gc	2335
1CuL1o33cFZHonCngJNkazGWokaCzfMbsi	2335
1Mz8ppnKFY54c49CReM7Sk5fr7CgKungTE	2335
19cz3yZWxLZqbbGYv5TdZ8qvcnRtLaMnr1	2335
1Bm6dmdDNeC7YN2i9v51cpUr9W4BDDfEqG	2335
1EyXEtb28GtCTuPutrXRi4NvpyE1JPcDbz	2335
13QPt2YDhLq9UmxuZrZBJqgqddre85NVoC	2335
12mmbUiNRW9QoD47ecnJSPRfJ3tVgbtiBf	2335
1B4FFs35L91NrSusCtwXsT6jEQ1ARnvjvo	2335
3KCvDjSnJHKw2Gg88mWvmeXZEcuBFaHe9m	2335
1JcYeCwtfMCFJ5oNvUH4X95sfhLx16gZBY	2335
bc1qajyc6thl5hpswljexzsvqhkwjmgqs7fd8h5a3g	2335
1JCcAtuus4hWY5uNYQy2njL4BckdaZMjMZ	2335
3N6Njh77U2TYDgSdQUmEkQavyTG4BcmJrm	2335
bc1qpc5gde0faa6jzax85679x9ac6vh5jsf9epcw42	2335
125PDnPwkoRtyAUixjmG3KUdu7VSJwCN9N	2335
15GJjDyTBJ9oUxmawfpzcnGFoP3J5yriDV	2335
1Ehh7dpsY6CcBKyv9ChFaTz2xWq4bBwJA1	2335
3AyqP9uwbUc7iTDd1owfBWA5kMm3yDZdiy	2335
123NudLZUMQTiUmmmfM2v3VowjYubTAxg3	2335
bc1qhugg6e570keekheva9r0s2l405khxg5c5e5m9g	2335
1BNuZ8EtaiT5xkq7maGx4Y8NAndPaPwWur	2335
1BRJgCvStXdk3EquotEuNqkbd6PBE8S8rQ	2335
3QqGqgkQz6pCfUs5aL1WpXzHDwrW8uL8U5	2335
17fYwwYgVGgJ9hsaFmnKgnSZzKhQvRGdmJ	2335
15wqm7f8vzvp7dHWbQFbSgGDF8iFiWU1e5	2335
1NQ4P9RjK9uM3yEUfmzzatCLourtse95e1	2335
19tKi4vqQdFdymswbjwgCLkqT2JLmkTeGJ	2335
1LfgdqW9hzHfyJRaotRXV7UE53u3YQJ7g2	2335
1F9cR7p9Do1qoxFiZTcXP1ZavpW3AkWJXX	2335
1CPGgCi6uN6FHrXFB8YkGnXD54pq8KMykr	2335
1Jq2x68i9Y8Wgit153CbbX6oLHfbbdU5m6	2335
bc1qzher80t4da3t9flffngpu49q7hdtylmhq6xfqd	2335
bc1qqyxssq5ysqzuxazs6uvdjgpfpj9qepw8yanm0m	2335
16wDZWb9HEU8SqEVTv74exmaQp9mrHaAdm	2335
1M3Lyykv6rLAjggRtqBx4CXV7Gdjh87Qzi	2335
bc1qqvm5rwvhckppl8j5my32arrslz39jgcnm0827l	2335
1PYvRXeBdmztJ9yC27owxhcGn586xAgbfE	2335
1HsueRGyVdKAWyiq2eFT56KxVECEC2YfTw	2335
1DxuiJ92X8BX46GpjnQrd6bW7xHNV2V8E7	2335
1FQNm4pd2NLmVtgTeUZifL9aM9HxXUwL2N	2335
1PWTnXhVMYzJbQ1mxGGKYDr5hAR8NWyhjn	2335
3Mn4UsFCBKu4c5aNgx1GbDiVYiQyxf1YPt	2335
12bhbQ18xBFynhCpAY5qhvNXd3TEaHpo97	2335
132HmW7Zxp9YnM48YBVYiYHuaMPFi1KLLn	2335
12L8EeiJWAMLkGCrWw76NP8GWkgn6nzFHW	2335
1DZfoUi1jNJDrs5ecTkacXZ3wLvaEYQtT	2335
bc1qwa6s9s5erv28y304n6alhzwkqjy2ygz6rmtyd3	2335
bc1qcx9cmfkhr5lxgec6snv0vkwunch3tcu4zq7rvc	2335
bc1qr8m3dqzkg3gf5feu3w2ghdc0eqayw7eg69pry2	2335
18EtUrpwa28Kb3YVkHbRx8NDKnDM8VypAr	2335
bc1qhlsc0gpq9pwst4v72v5sraeqll6xekhumul8ve	2335
1FSz1JTX42gn3ftQi1yv7L7oC4h5imsKo4	2335
16BCA5zqXNbMPV4CDMip4CsMHGMdg9B26h	2335
1KaGeTmniQgivrHHL72dudSktJTJW34QfH	2335
38AXZMTHxDxvBAQy6vfEmDPotsDBeSykLR	2335
bc1qehxppdhv6ecku6m88l06ps3nn8tsct6gcnk6fv	2335
19P44Pbqe6vqQxuhwbo6ZooV2YUWHgixhb	2335
bc1qqw7qg3phxxgx60jt3vt8v2whwvepuz70s3a23l	2335
1L5muqZfjvvFkLwiiPY1FrAuDijaTnq96S	2335
bc1qkza2tg2v7aa8kgrufwyufavmmfkz6d3lq5gz36	2335
1JZoYQABk1rPDtcJ1Suix6aCgLvdXyhRvd	2335
bc1q4lpz740t08mpvlm2dgrdhp2nfytahxdvny2zsj	2335
1Ftu8ftZPMLgsUgQLqVVQUQdTzw6hdsgvC	2335
bc1q8zqk739jka76l9r2ldg4wmelwxl8735lk66822	2335
32fEE4CwooKJnXKx8ZSBhqZisG2KcMn1uS	2335
15rJaXynMn21BC4ctaYpeTDDDtkkfdhUyu	2335
1KGb5sRhdDPd65RqfqWrPETzFp5Nixas4g	2335
3AX9DFmkoZ7f3C7BuiFqLnSfnpR5BbXrC3	2335
18mrVrgdG35BofV7YFiGM5Rds9owdknPcb	2335
1M2pQSLbVXz5ahUCYNLU4YkZgRatmQtAQu	2335
1LHcgfEybMZTxycP5QVK6V41NAADugEPjx	2335
bc1qkyyhexh6t3zhfzrsjqfquvuyngkea0m56h9cur	2335
19zEYzzJmhfaBAFfBR7J8VNwagL9uzQtiG	2335
17uZsW7338gCoCxaJSJEDWq8iUfrtxrTSJ	2335
bc1q6kpdl7zgxt573zz4evxz7fgwknf8lkc87humf2	2335
1M7JVMaaXr7QevzrA4L28c5BzY52J5XCbF	2335
bc1q2pd70dw3rl5dv4n257n95xnq8syr7egna63nkc	2335
1FARjabZ1rZuhWebJ5Q7CBBJ5caC9vRe9T	2335
13xmCjmzQVkZuyiiLiqtL6JhGwF9cGwaZS	2335
37ZkL2v7rMVh5PHkvTH2h5i5pm7jdJM4bD	2335
1NvYhcvPEqZXUE5y64vDhiy75S1PL3Qh5D	2335
bc1q7zwymuevm9fcwjf43ltdd480s4dh0jm0j3jswumv7agewkwpvzrstxqn78	2335
bc1q33f0ffcy4709mul7u9e4u6ztudpjyzprh5xxc3	2335
3NMHGJVti6KSyBnBpJj1kHquTEoh6Vbsqb	2335
bc1qtst3ehmc2pqx59dlncwyz49eqwn2vauyx4e5gg	2335
bc1qx63de8qc67y6w002wxt4fwlv2w30c9n3syp4a5	2335
1PVSGw4jCtbM8DwSeeLBe5A7rLWzwFKm8	2335
1qxBNgkj2mdTxaQEvUL2RLTq7sUwL2ThS	2335
3A6ZgphKdgjSnefvmx9ucar1Adxd5K1w1K	2335
19JR7B1HQJaEJmh8yBZ4jBEMtF2zxURGkW	2335
bc1q8crt24qvnre9snlpm8x28f0n6yqlfsyemx8tc5	2335
19EUE2T9q1V6LAuNp5oQeLy6xCnPJh1bwF	2335
12NFRqQiXC8oYJUaAr3fSpp5qV4eB9RABu	2335
1DzzZ6CqYYGiRXjUgJ7vJD7R4gfRWe7hSe	2335
1ALpb4DNYAKKjcehQTmFkodTJrz6VYV1Az	2335
12sXXvcr6s1Hg7SZEmM3XJ34j4fZwUrFhm	2335
bc1qztqkqylv2u0ljeqzjez2wndgxaazzkwmy76glp	2335
bc1qd7qvca0lv4f0us57meru7r4muuv7yng0ennd0f	2335
3KvNC5BHeTnYTThzzniSSQhBcQhZCK3kfP	2335
15wd5Us9F2Kxtu7eyGpC9tkSdeouMxBme2	2335
1LuDt472NM3MjfEYojm77bRQMNZop13t5F	2335
1NceGVv3f74wwEDQao9xNT5kJdm3tAxiuj	2335
17yNjSEo5ftBbP3ftcScRaMqQNrqnydPDw	2335
bc1q2jhm7dt7xx85er2a3v6lan4v3xywplxcr7q7mn	2335
36J3c4UM33d6uscV5jPyLraHBtWQ1JAFyv	2335
bc1qwwat5l9n5s0u3sp3mdwfks0dtee2x762ly3vmz	2335
1Pya4XUJ8QaAb8TMqZr9UfFJUt9KZ3niS2	2335
1BcdKZW3UrYeq8pWCVuqtHDgKyuFZqj3EQ	2335
bc1qxq5kz45w49s8yfavllmz9k8nyupuz8vm497zhx	2335
18JzgeDnGVZRs7oWkgqs1FcmbsqByMxfX7	2335
bc1qya5d5hzp96ecd9cwzuezftf2er6scxrg43uw2w	2335
bc1ql4ean22r4k0jr7ym8ju8nfsq7ce04r54hjen9d	2335
1NztQcbKJtUPFZaUuXWDw6r7zp3Aq86vXY	2335
bc1qh636euvlc9x3t44rrn3d2qv47mls6pshxxypkw	2335
1HUmus5gxHmYihpP7rQYGbW6uShRGBMeSK	2335
bc1q9vlc42a3fqhjredkff9a8qp03x2kq2ej9hdrhp	2335
1CRxoiaFbXFdWs7iVzpuPHjqv9ZHfCkvMq	2335
1FnCC8wyGqhpmSYWeLHmt3Dx3fpqGyNbUW	2335
1GavbCHRNuGHd95uw4kurtGcxN9BYvYfzo	2335
1EaxmbYradJzsmtH9vX1JqKZ7YgxNMCJtC	2335
1MfpDmFMdvNBzSpxDXNKJtFDTAfK27zcSg	2335
1CsdmECVsFypfuRfyNGS77A4SgvbbT62Re	2335
1GAqyiYRM488mfzyyNDZkyigJpAKhQVo27	2335
1F7MAhLEjjADDBzYUgukMpDTbgSrcR4b7Q	2335
3KE9P9cJH5udhvuH8dokkwjntk4ZfeXASS	2335
bc1qaef6ader0m480lt5qlr7wl0k3ess63uq699utr	2335
bc1qvw8fal7qhpy2v0lrzgsw4ssw7thldtt9gyuuqg	2335
1BJGkhEv7ywtskrqUgKQpPkDcoo1JuyouR	2335
149d2j2h2NZFJUVsQV7gYTh9YdF9hkETav	2335
18BAzJq8ryzrf1kvx5ynzoQgNPgmpqr2Hy	2335
1GVHQyvZ9AcBfSm9QqdpHjZmnZkYXtKUNi	2335
bc1q0m3l0mel8p53m7g0wd54lr9yz294sxfmsyvq4g	2335
bc1quckmph5382xrvkgytgtzr6232j69a7lq900mgz	2335
16zDwfwePnPN6geccpGtXaUDqQCnKSis3Z	2335
bc1qh56nz6ng8th9r3r7yzf824rskvhthuz6w3l0uu	2335
bc1qjwh330tg4v3zz5eyu2lukcgv0zqrftkksm0gw2	2335
3PtukeF25extHtq11u7WG3naK6AYKAd9Mj	2335
bc1q6634q2dgl0saes597fg9et6rxmgtflcsvcn3s2	2335
1H8UyzehTpdbYsNkR5THC21WVbSbKymi2Z	2335
17nQjisd5m7CdzWSAE7pJ1jGiNdVeQ49Ut	2335
bc1q406f8me2qmprj8ey9sgu4afdr0s5d4wpuqv2fl	2335
1H7AfeYaNCmw7G8Cfmx1hrzeVotGNcCJET	2335
bc1qc4l3vegn2k39j6g46xvl07mmpht9m3dyzxn5kn	2335
bc1qhp0rgcq6nsrjcxpq883acgnjdsyzp3cgdfjvw4	2335
39kCd626tYabQdNiupJGULim8aNEpXJHB8	2335
16LQeM8QPxEPhJcs2yicTEAyzpfGzxreuH	2335
1DQZX9vipxJNKJFVyPvBD6diaPy4KViZnX	2335
bc1qjmvuy9th207un3ughnjg4nwejrryyz29phtmsl	2335
bc1qgffwtegwyvcvha0ks0a4s84t6fv5qxa4wzc4tf	2335
3FhVDg2JyQymXMnktqNLBLo5cYxiGyFi3n	2335
1JnjQgAJzq32rhNQbqAiKhNEW7TFAg8vch	2335
13MrzkSWucZiVnK4JrGmLtWozSkzEQYkZp	2335
395YtUPe77HN5RtywJa9cX7U8DjsrkWzj9	2335
1DqB7nHUaDncn2Uxo8jhDvyjNg2PeojNdz	2335
3KHq9FJfKondsL5CqHNkqCQNPbSeu7UKjN	2335
17yykxUKuTan5yifiCgjR5YXNVcRdMX1ym	2335
1EhhRt4QrCowKfrARegcaFjAfMQ1Q83uMU	2335
3FvYt6nrFE9iK49Y3d4iDe2wPzX8UYoVSd	2335
bc1q0ucsq2x4u0clat4gjvgrrfrsnm5hkpse4mdc3n	2335
bc1qf2fvstvsy2pnpd4m3dhnew35fu355gce5r9kr9	2335
17LPf42AtLcrAe7hB1SoUXvDS34nM2HjmH	2335
1GqmErPVt7w5TVGJfe5ocrkoCbiPwEmE2z	2335
1KxNLCR4SPRH8vCENXmFdrnsgXdgYg1CwE	2335
1FiwMqUQiwivLuVoYf8qu753KSbQRSEPt8	2335
3HWfHQJGdUoyKgdbmmHe1ZAFBUybncYZeR	2335
bc1q903wz84qk4d2ex4aldxrgz8fmyum3hy7z3znx6	2335
1PZ51wK7NrQ7NxxHUjN97FDBb6oBcty7iR	2335
bc1qx5dh8e76gdj062u885ggwt574etusnwqhnrg8p	2335
bc1qqqzlck3g3ck4t4at5skj5l23h2p6xmvrd4dgvk	2335
bc1qxuuc880v7hpl7akyvvv2cvl65w0kem3aqtlj5y	2335
12P8RCrW8GpC14chRF1nDFkgvPXodPJFNw	2335
bc1q4x9hqx3p7lc3umaxaaknpfd368estzf0ftg8e5jan49qppdd6ghqs7306k	2335
bc1q4ggr4zevy7flv3dswq3jj0q44dye6h9j4mhlxd	2335
bc1qs2pxcpya90xhzyx36kt7qmca0txw9tcwm608at	2335
1MD3yd3vrMA1HuhHJidx8omBcCiFVkJ2Zj	2335
14iLybMuBRiXdc7TudcBgTV1FGX8JEdNJa	2335
1FEd2Kmcp6afL8crcWMmzwBkKyttMQRPc2	2335
16HmdkokQxZUByENzYUMhKVjbsSzZcghwr	2335
1JyVJviUXdKsAFeYfEzBJdTfZShNR6AE5c	2335
124vb1bmcWtz69CyZv77AP9aN1QxHCYmHs	2335
124owAGevRXyQFX5JzYxLtNUPnyZMimhTw	2335
16RXtRWfr3XKgFoqDrxFDtrP3MB1nApvUF	2335
bc1qwyxqj5r95q2zam6xylvy4hjp03dn6n8y940zpe5aukyhck338fcsjvr4xr	2335
17t1PBYN7S4fVz7P2sz8MqRhjVsweepgk1	2335
1CUHZ3i26jfcNNbThoNK4dbaePAG1SMT4g	2335
1JEH9BhqyeeUvFDge3hCXNmK4aHAsHSww8	2335
bc1qsjvdtwnj6helvlhwgcv8wx728jc6c7gcxnn42g	2335
1J1cw4dSqez6Wk4nxW9TR6P1RWKkTCmgQ	2335
1DHFuuXimCL98i3ZVVqCQuH2ovhLUGdpEb	2335
1A3mHFFUczBgB4N7A9SWxnG47ubxAwkqrU	2335
bc1qk5fmwnlx6w9zry49tlw8pk3nwsgne85qd2385j	2335
15aEuj9ZMEWVKecJke6bqtiKhd8cFbVJXh	2335
3GBNWPpVhC4LMtAMZkdDbNYM6JCSyZdzs8	2335
183XtAUg6PN9tBHCU8scTdp1816wAiHADb	2335
1KK4nkjpsfpFk9CyqNiQD2ocHzFFhCJHb3	2335
1EwmL5HM6D6BToQz9Jrq8UrHivbA1xZRRL	2335
1BvN3Z9JEhf5HJ3Fqyo66WSbnzrG255cJD	2335
bc1qcvl65703vpchkrhafr9pl665n6w74hxpk0mc82	2335
1FR3G3f3LmcZ79j7YmMDWC7faUWXyB1kkQ	2335
bc1qs40p27rnlw976un9d93yn6zkg2djvewmyupvzx	2335
1Nr1ef6nHjDcxgDVmP5wf9CQPGaEPtKZia	2335
1HrDRHW3mu78FjkUyvJT7YrrfpEoevCSpU	2335
1BK22AoVbDHgw3RRdMFghfxu19hKCefena	2334
17kiV1cdf9178xF6oN3QNMkusFD9iZojkt	2334
1DDYchk2QjDCbDLjDZMNyH9N2DRH4ept8d	2334
16wgd4zAaztrv7f4JoaSguyjttueVH8kET	2334
13YfrGjnP7FaaVNi5BMxoh8sKbFQGnkwbS	2334
bc1qqkukc5vhv9v7ylsj3f408qnk7fga3yh0tj5ct2	2334
1GrpHgiLx9oZm5xs1awvFNEhWUvu1d1fAq	2334
3K1a6VYi7qWy4b7tyYo6BKNUzSniWfxqka	2334
17EAPBZtyBTTGPPXEcCdG2ppDHhu4RoyWt	2334
bc1qt8gphdyryl63m8evgdxulagr3rfak6p3uw85y8	2334
bc1qakahw792vcusrmmf6ner35f60nc6spdpz93tvv	2334
1DMuYRUve3qEYbyBAZ8PxjBHKCoP5ALBi9	2334
bc1qxhe9savtje2cws83q2zx4skr6x9q34t440rmfl	2334
bc1qgmncv7jvf4qfg9hjkjkxtt2u4h37ddd48p0dn5	2334
15dnJb17VKrTJ5CmAqTzoEu4j42wB9F5v9	2334
bc1qqvqp3vdngcpnczrxfr9pvv74r8dwp0gg526xzd	2334
bc1qhrvcp8fjakm20dak4pnsyp3fp9txnaqs4rs308	2334
1CqsJ3fGpvmqAdvNmZuVkEpu1SewKKJ25N	2334
16ecG2GLUVPh7qHyVNDSHfDM67Cd1KLG6r	2334
bc1qk73nhh0jt3w4pgf0zmjtr969pupsyt4rpukk0f	2334
3N4AhjqNWQYQrNErDFjA2CnjGk5d79gnsB	2334
bc1q773uk7gxrefqc68fvwlgsnc0fd6uc7t2n2k3cf	2334
bc1q5uehd4snjhg6k2uwxxqd5hf3hfqe9wqsueh83c	2334
19jrq6pQqv3gCPjddcSsdzuE5ehrrrBkyp	2334
1PVeTY8pekQgN3GUJGLuRtkcBeDmXqMHNQ	2334
1CD5HdrcVEWpu234yTuCM9c93wKfmhR96C	2334
bc1qdse5xam9l2nslr7gmlp8uc9jx82k4tey72zpm7	2334
bc1qdxhr8vetwt87ngtx7lrgwuzqhksq65r676jaak	2334
1GLWpdAXLd7NuPvQFxmPEMWuXPjwhsPwGU	2334
1N4ns33Yt19iCUszQ8CxdPoKrYppsUfktb	2334
1FpSy4YEf7Mr4vVDJ6op2KmCb8i7TBFN4i	2334
17cH6EYvicRDwoLZQ1mc3kesxHDZthSmq5	2334
1BPVakvW7UWp8ygJxYNHHFbPAZWbJnLVic	2334
1E3M6sjDFT2uULiazCfBQjvNmVhsCAL5nr	2334
1BNnWmSttftNh7Rgs591e2TrA5FiBNTdZa	2334
bc1qyzaw3mhmjpgfljlvdxm2dhq79ya6r3zll8xfus	2334
1Cpgq2SYMqNvAZ9H3KkVYjCJmFt7pGiuSD	2334
1HWXEGFc2nZtvju4r8kVL6gCi26BsEJopv	2334
16aE5taCKoqRVxsiB3PQFP4KzTjCwbpj6T	2334
19Pz6C7APKegEd7DTgVaRU5Fgubhs3TWva	2334
3KrwvxxXzg1JuxkRi6bHfoTM5KfREd8n3j	2334
35Goy7xfDggtX8AzCK1S8ij4dUtbHLGCmp	2334
19V2kb4aacbbuwENsomxY78cMuyQGjBWjb	2334
14s74oi1ZE3EwaizUvoNamwBe8XG4Ngwv4	2334
1JfhNNcuJDgVFHY8prDkc89MCjryhGzT9B	2334
1F2YyERf6h9PH78aN2wnt8XDJWftoGDipb	2334
1BXGZt95mpV5KxtQbKFhjuvK5WCmhUiHrh	2334
bc1q3xa7rpvhmnxmt7lm5jktlw2ug7sdg5vx40p5g7	2334
bc1qgz90ye0c5klq9yqpce2j60dgy2s3fwdc9fv03w	2334
1D6eT7EzxnhH9vNG9UdtaEJaSVCqD9Cifg	2334
1HygGWfck8CwRKeNP7Fzs35jbGda82XQkN	2334
bc1qde28hfudeetrz8rrnzmsg6mtvh9ds5xvvmazu9	2334
1Q8Hhd3gE2LJtVoDmuRNd7NBVrqVxv6Lu9	2334
15nYy51ErKXL8az21atRvDp183xsjBHjoh	2334
bc1q064h5d346cw95kw08m3d8sn6lpx9csy0hxmaca	2334
1Mo7Rvei7fTmZDoYynEFFxzhWV2Qb3jWee	2334
bc1qha28xumpeeu8wnkfe4s36m94e6f4gce5zuyum6	2334
1Pjr8Nqw8GibHjYy2Z72s8zweAVT7gMWdj	2334
19qFcYHnn2sTJ3446qzLpX4RNhWEpMHPj6	2334
36BTB6UbtuK6t8gtTtMpnQqapqFS8sUsSp	2334
bc1qd47ssw5d00jgvldp3nmymw2l9kr6vjt337huea	2334
1CEZ2wZkQEQ8XEdCjgZ9sZGiVNrwWjC6tA	2334
15aeeWq4pnk3mZ6DNMY18PHPZxhdVr3bvJ	2334
1CCJBnmwfpRAsY6ZwMgsJP9ZW47S5onC7w	2334
1waVjYDsa8AtmQTDaRQhXcf8WEbKBu3SP	2334
bc1qcekjs574wyekt7uxu7hv3z0l3hvp6awcayfcn5	2334
1APYkqfFvBJutcdmXRvFvB5FpYKXHfWJ7a	2334
15s9obaVgA7S1R491sz8k9NMADzd9ZuT9S	2334
1JMMxfuFwDyMDUycVC6ZjDKQKYNYrcpcyd	2334
bc1ql09a6pu326ywn2jhktfw08cgqdndpxckwqa5ue	2334
1MYPLV1nNDJyZRLZw1ZCWVDRJw3cHcutna	2334
bc1qmv5fl6842t72xwkgwkng2s6kzk8hf6mpce2xcq	2334
1CB6buPWXSjjAoxkyrq9tRRmVsYKr24epu	2334
1Nqn4ZtzVLmL2oxNieccJwCdS2fZ14Vsxe	2334
bc1q4cxvsf5afft54muf3yaqvvytnewu7ck5plqzec	2334
1P4H8RkDrztqqgFMZBW814Zm6SvCfpddvF	2334
1MkDQrbMLDv8cGzpKvDmDLXR4wK4Ny8xPu	2334
bc1qgpex9eezsy3twvqhzyug3l3e6hdw2cuaaytplk	2334
1DWEXgaJWDZwdaxsPtAX42q7Kwdk96fVCN	2334
1eeTSpNFoELTArkGKtkNHFMZPveMjpdhV	2334
bc1qg79cgh374wcm37x6zp6huaqd57zcg7pzgjz7wp	2334
bc1q8qtjsuy2gzzducze4ff3xdlfmlda2fq9ew0uxg	2334
bc1q6208yq006puxnuael8kuhl0r3napxt5rd3zhvp	2334
1LrgwoBYB9zi4NmfrYqok6usxBfhMomRWx	2334
bc1qfk3njp04y8ge0f9ux8psykgpcvgyaun44anwld	2334
1Bs6UYksHrFfoG7mJCDioJRHs9ED8C3BEb	2334
1Gc4AtUweiVjKhx4ZBNLQhbuKHKjdqM4qL	2334
bc1q6rg5her3ajsd490xzldzjj7lkylevckrn9d2c9	2334
bc1qej9fst666a0dwaxmttz7fspqu3arpzq46c0gfz	2334
1EsQFVK6ugk7PjYrHM1qWNBBvRziDb8Vbm	2334
15X6HqHhvDrpwHjAvRMAEPm68dQF5ytABb	2334
bc1q2ugxg7hlc9ptdqlrj7xla8nvw623t9453szxjt	2334
12RicsQQoAiz8NrRuwZyJrQ9W6d3p9XLq2	2334
1Lo4etKRi98injdUNQTca5tHyMLEZNeAPo	2334
bc1q3nt0lv90xvss3c5ywgnjtcdfs8xezh22yu4ksv	2334
1HxkFdmi8Pq88fcQCHdjCg2SamUaUb3HH6	2334
bc1qydnqar59n45ect27gapl9cffzq5uu06n7sdyxl	2334
1N9JuuKc5e69fCT6ieKScdubJp4afgxQTs	2334
3AcheZRzSRBzsRWG1r1EvZGGTh7cmHfxa4	2334
1A7ADYBDJfRdd56EwQZhH1VWrJWWKrRma9	2334
bc1q4gg5jvnry00aynpjqy6xwg00jzkh2j98wqmqpx	2334
bc1q9ptg8q3lqp63pq0a56mcrzgl8l8tyv7m5guf5k	2334
1LMQUq4APdUNsbqRHJs6tCt7ntXboVXp1f	2334
bc1qew8cjppty5srn87y9c39j6xqs6hf9wunclt02t	2334
1DKGi4SdMVbBHRXLyCx11GsGnyPietJ4ks	2334
bc1q0dd4az23las3wv83dta6kkcls5mwawesqr5f7m	2334
3Ld5KAgQmWtkdrwYnGmkQG2WCuqseyzr5Z	2334
bc1qgkfntzcc5kl8ncus6t0cfy09pdxrp3mkys8wxh	2334
1CP7otPpVpMhFZRWrQS3SYkU1WR15qdzzR	2334
bc1qxphq72g74d2n92f7lgw8222782nva0l7d4dzdr	2334
14NJAcoV4ET9znmnHmgsm7K2ZWvBmwzbiv	2334
1ARrAXRv3g7UGMHYe2EXZumV7cjeptX3Xa	2334
1jZaPjHwuFa4iT8eMkLKAdb15tBGMYpVF	2334
1M2d5XP1Eye1HbcLH7A9UM3z9a65B4MDVg	2334
3GVX7LKpouaSsxP3F1r5bvfPrbVCSqAeDD	2334
bc1q4qch5dufrqgsjl857grwnv5qp27kesclphs7kx	2334
bc1qdwvxahn3ugw4t6t82eqatk45aa8gnsj0gpxmqc	2334
bc1qvsg949qcp00rr24qupqhm3nfpkt3eqtxwqdye4	2334
3CM1ftMH7KQRxER5dCG95pYPdDZ36MLxKf	2334
1BJaYJVpHabvgvRQQC8dQuCdBH7dTnJLnq	2334
1Ki17Z8eE8QxTCPMXXP6A2m4WS5Ntwr83f	2334
bc1qgn40qhm0ttf0w2zlpznsc3ne2qvhaagdc8706t	2334
1Gnxkr3TaBQQjA6z6XZMXG4nSsW9L1seLt	2334
39vqC5vQ1herUhiCMtEZ4eTDxNKNvBbqMf	2334
3HQ62kWT5Cm8bGX3LfdBamdqXi6eA72PVp	2334
186dVnheEg3RZD9fcbjj7F2eDftL8y7y67	2334
1G2E6NqqP5wh2zTZNmuLVKDW8RcvMiTQPR	2334
19pWURCdU5nVxqjRgiTFjMyckSHa8dqe39	2334
bc1qfuj2vlsl009e852hmpekvudkc7fahmwlauh8ye	2334
bc1qm55dcg75v6zqmctl3c2advdesz57dmt0p333n5	2334
31zzNJL2td7rx6c9PDbzWNZ1YKFJBNZx4r	2334
bc1qe73y5tfm05njer925aaau3suwl4phywm44a25t	2334
17BUyyJKDzrbo92tpohNpEUsFPhRhes89H	2334
38o4EUbSitwvJ4HEe9B9aW8TNsn2DWa4gx	2334
3DazY34Wc1s1APJNUg28rVWW2qcmJDFscB	2334
bc1quykz5xtfdncuy079pg322zhn0y655cqwxvxrpe	2334
bc1q6p7erzrhcjd6dlshavhfhqu84uahxskavkrksy	2334
18ywnMwGi5qUzqr6qzT7xDZUKJt1jtXjuD	2334
1PTnUdGRPAGpsLGpczZ6p2n6DdoguuHB6E	2334
3DGXpJ6xTUc8v2sxZt7recPR95Rr2Zgu9j	2334
bc1q260xms64ttjk3yqh9mzeyhprejg00zeerxcddf	2334
1ALRntYAS7aNhMhiwwvuwf1GfPDEr6ms77	2334
33uvEQd6DSxMw36BPCWTAbNCpxLfr2M7s1	2334
bc1qnk09s2g8c3et49sl8qclp4drkngf87qt9238w5	2334
15dyzbzyku4hqLuLeN8W9UEMjmNvRyQ1pS	2334
1JHoT4VF1onZRrwpDE5b5yqBKBd7KEBgcV	2334
1A8Mb3Ho78Ug1mnqZk1YNNsaP5w2TKEKJh	2334
1EJnbhkWcNpquh2eRdZM4n5xzaSnPdpvS9	2334
3Fwb4WKv46KywgZgZVzFsAYsu9xNoS56vv	2334
1C5DDdakRnfxMagQ8TsNc5TzvSn8BANQGt	2334
1LBe2r9xDAhhahJoj2aeqPHeJGRrZa3L37	2334
1ENCeAKAG8ojTcBvSYbAo9ytYWcAt4kf2W	2334
1JEvD2QzJ1EAGbHhzQVhGVDupvq2Y6RVvr	2334
3NMiQTNY32AHS2iz1QW79psxvunoEoEpoW	2334
35fQedTwaAdnqRxHu69T6dkJwQ8uZo4fCW	2334
1NmsXJcWEC2vC5UesKU9dzcRRJB19HFvp9	2334
bc1q4zvuds9lwhry5xt0c24p0nlwjt0s4afakxckc6	2334
1LsgpPW6MBPZeGmqfRRkvTXuAG7P6Xk8zG	2334
16skgCCJ2tJBtNKbbKYBKoQdMn5xPSjby	2334
1MkSocQue7r1fiKAnaASzu6aDGgfJHzaHK	2334
1BpAbSdAj4m2uLorbyjcAwmyxBZQUzL4Up	2334
1AdgpG3tmb3aTuJQHdsTkgotsKZ5w29fUC	2334
bc1qzesfmxn5lc6h9ztnxfw2uw75d59ysm25cc9mak	2334
16kXR97GPnbnuFVswc3VrTrUB7HQ2G5bCX	2334
12ypKGa4ZDDiTseCDEmZ7RSAKHBsmZ7aCA	2334
bc1q9ulzcx4qn2ef2rh4vk548ngpqq2fwev5q0hmq4	2334
bc1qhqghscvvqh9sescgts4j37lzzga2ng6acv3vc3	2334
bc1q8264p8qwk2at2xgy4kyzh87yhq4kq6e8x7jjlek0q9h69nxlgemqmlkww4	2334
1BMzo591teAQC4J9ZfmyoF8c3v2T869Tbi	2334
1NKHMTey5Re76iv75uK53hAH1NLSBLwQn	2334
1BJvtuAth33FNC7hsghieLPXMeJy1tfTdJ	2334
1NmxVsjyFotJSjp54s73b1BhTLsWbuF9Cn	2334
1MGPWG7Rv9M65G3EBMUGju5vtiUpiHZxmS	2334
1NjKzva7ieUaad5d8ziamTppYkFH5C4rbr	2334
14KUncvmofVAxDAz9YCQsGXrb6ff3NMXrt	2334
1PtsqDxQ2CpJ5BPfs2ggh3A1RbVZYrsF5S	2334
bc1qz2svxnxxg3nrmdsfasaluvw56pmh4mnls7x83c	2334
bc1qfs7dg7mm7lxdvwq4d36crp567hum2lsa96f0ay	2334
19W6RAzRrMDsxRkxa2oExnrWXeH1z2RoMn	2334
1BoQA71fQgEkj6r84oq2DFcmx2edgwmyq3	2334
1BrmkqheJsFT65gNtEGmbYuHb8RW3fLd6U	2334
1LfSGSSfin99bQJsVyAAqh7tJwqM5ncEgS	2334
16T5BUskJ8nqKub7LD8DUjy2fwjfXZZCeg	2334
1RqQZFEsREHCgGzb9DD7u6Hr2JNsfZ6cM	2334
bc1q79flcs7dsmfzezm9gt7eph6j57323q7yt8rjzr	2334
15tgUk7mwG355rDGMjjgV2PcDmJ62yA87x	2334
1JvZkBnTFnsXYx4ffB7jFMqCxFUBcnfsYu	2334
1AQ2osjdasFHUP6R4qpo8QMirR18oYNDUA	2334
18sSZztHkFaec4QxpogvqsJknXCbdxQLbs	2334
12J1tCDp78vdLXAmWp7YcYgr8jAMfKp2Eq	2334
1P8FcBCz1uu4zULsMnmzvjfAJXP3zJW6am	2334
1Mabco7idgvHmZwQdmhaHjo9zURmbow5Ze	2334
1QLXtUd9kxaBH6vB56fSQt6ia5utn2aifN	2334
bc1q5ckznygunpa0aks9s60qf8uepw024wav0jse5y	2334
bc1q6m3paayv4mvc6d53f54fekfmayyrw4tqa8t0nx	2334
1N8qhA7dynhtZSTcgo8EcWncuZBEGhKxAB	2334
19ENAuCMjpC2XZF3ApKd8xGPLy2aMwrs4q	2334
19evdCtNT79WDJDbYrWq94Y4b8XcT2AQcP	2334
bc1q03j2k88j075j4vtuuhcm5azq3xfksed4f2nmtp	2334
1HmD7XyAn4N96CkbBEkzg9PbHdxz4TaV99	2334
12WoQFrjfFB3Dph8A6NLVjEa3owkw4EGPu	2334
15DTcMSdLH6dhFpv7QRQHuZt2kjYkMPMHQ	2334
bc1qcwuvf03mf8vjau0l7e2kesadn06aa9c08cwhsz	2334
3DStREzvzBZKcCBXcRpZ3zgmGuPFebJTU2	2334
1B1UEhsnUEbrhvJ323CPgE1ppAXX9sap87	2334
1529NkzJkMKPK9MWJMaR7SFpMhwLGZAxrL	2334
3KsvpPik93jXUgpzd6GMGfVfvigSgvVBNd	2334
17GWoUnk8V51fuGvPB8iQ6fd1Gr8qZCDgL	2334
1DuBDkLJEeLEY9o7SW33vUaoB7wm73uYx4	2334
bc1qevdgtj0a6kgs7qckmkvn3wcnsc2zhzzg50ue8t	2334
1JwkfptJLoi9jo41MhHmStM8QywRvPqm7e	2334
14z5H4Y7VPmvaXaDVeNDedJZhUdTe72pEw	2334
1KqNExmYNNRSqPnaKA3Mev6FLGz8YjUPGD	2334
1MbxZitHFbZsH99mbB8qE7rMzZ8QejWtH	2334
188zHV11Hi9KyCbCAG9ZpJodVZX3wS2gbf	2334
1C9EngftqVdhU6RkPYYG4cmSsvXNcFyvGf	2334
bc1qsjnnz398gndt3enc7v7wh6llayp43t9xvs5zv0	2334
1FbvD3GiqUUtyZarNv5836WKBQ2Rj555QS	2334
1NmgeZjC8mmgufkjHU5iSCM1HEs3jmddPP	2334
163Kfb4sMGc3ZVUNQjpnGN4bUzxp2Un4tz	2334
13iQ5uDdH3r9vtAZWuRyeA2gFQ8mc5dhiw	2334
1MsNux8N8duXazgUjRjFMrZYATiMz7B9Zk	2334
14bfBr3QzSTJxM489Q473sPLEtc1DEt7xQ	2334
bc1qcaw8hrgrdfpkz77qaxc679f9s0aahksakkny2g	2334
1LC7JyNZ3bmL8nueqkfFH8ohBomq2Xdggh	2334
bc1qujdlksz2v5lgly7tzlwqnevnwrgtudsmdsahkr	2334
bc1qetycmscthydumhhhddqc9uj4lmf4vgcnmgh92u	2334
12VDvyBj3vh8pysTUDuKWCdiyUansLpnvN	2334
1CJYijzoQttxtwQLnzTkKnkVA9SbvGivNr	2334
bc1qwr6tlq0tny98lqmkxy6q93lnxyc7zamzv4w3fx	2334
1NcdTiSd34jEYQeKhKfJ4gEMKcoyLVubmX	2334
bc1qw4zs8kmplqtl5w3z6j8ehfa6jtk76g2g27n6ul	2334
bc1q2dxynasgm8rmv64r32sj0lzemya93lkk7vpcxn	2334
12FCYxpgTVJUBds8RUv1pD3ch5ZeevTS9Q	2334
16nAtDW362AwCwLVMEy5UhXv54ayuW5pct	2334
1ELtmpZ3a4bCpJYuynknXmTH8Mma1F4HXn	2334
bc1qpfupqe09phrys2rwtvr98q7thymlwa3smn6m2s	2334
bc1qgx3rmkswr2q43wqnt094a2tnne2pjvxcch87efdenr5mfsm7gx2s2pes5e	2334
bc1qawnr6r28x8pdszyupqyfrfr8yc74fprf8r54x5	2334
1C7SrZdJ2PTGygLRiSQTAH8tQ3Hp6cLtdK	2334
1F58y7rnt892f36tgAoUw2C4KwXPT1oDEe	2334
38faZRv8Va2iPR52S7cMLxQHnrqLd2GHRN	2334
12SHbPNLz5S2bBSobtFHiixM9iMYJrK61w	2334
1BLwjX3RUFyHtNv7aouC33VUQvkV3Szekn	2334
1AhJcfmRNCMhZmcHm9UN1hnxfEQBbHA6RF	2334
bc1qykxgcvgerxxfzlstp4axf34r2ucwtttagpxjhw	2334
1JwHvgjzu2JHSs37oF1vTWQuoz9FyFtUG7	2334
bc1q3p0uu5352tp8xsh4cez9vnm45ajq4wxxd9j0rk	2334
1MYQM3P5F4yNEBFKqpknKDWHbHi2a8TWQR	2334
19KZWEPbupQw2Y75PV198exfEv12vRddHV	2334
bc1qeawp8a9yzkszg5q0vd6wt2r8vkjfdx5d3u8g2v	2334
1GzxXmk3246Fwm7Mjn3uLfCQ2g7ToitwdF	2334
1GST65dUmznsKsFsgHp6oyvMViS4ANn1iz	2334
1KCM8hQnPrfbE2dAkT5vhwHT6xeedYGaZw	2334
1B5A2VejfabJ1uyvY6JqdR5oNFuG5oFrsi	2334
19uLGx4E1wpRhbWHyUXtLx8FQpGM9RMDzF	2334
bc1qakfexqx90t2zazhs76c37npk4959lnqkarcwr6	2334
14sqc2jFMjJEDQVj88WJzgyqRdJUkzBiQg	2334
bc1qefxrecya0guhp4w7pyzndmp2n5kj3ax5xyze3t	2334
bc1q3dvu8r63q8kdsy878h8wr854vfjdnzqw5vanyp	2334
1NZ9cxqJ7W6AAooi91b8tc2idsJ8Zp5TBP	2334
1BLv6z4PWe1oe3DGJvjaJyiT28nGWvcmws	2334
bc1qy8n0slauspa4w5swwlys54wn8h83zafsxdjmyt	2334
16o1wnUi2atS2eTg3uejSrPryRieTCZvVz	2334
1GeNTdv33yXCwisCnYLpoYDwgYZyKwKtXz	2334
1FPBrkbe7e4hH2crqpsEgzqHp9wc1noXBf	2334
1AJb88x18perJuS8XTnszE6s4QHbgJ4d5r	2334
15jLSC14wCr3qL3zCQW3LUJNN5bSdzoFms	2334
1AUakx6xNJ3hDBj3LLXZZZufEqKzkPnrUu	2334
bc1q3xrp0s7ayg7d2ekhdu43x2ma6s8ecrlsg5txf7	2334
1Bd1oA4NZTqoSxF1eKtNAxj1wQknjuF3w3	2334
14qr9rwfXW4CJNjqTSJ5VTkVypiDDSDeCU	2334
1LEwLN4Y7CJLiUxvBGm1VB6y7qvDoe3RgV	2334
1HS76Ks7oC5ya57XHM4GnsrFAv7qpaYnAv	2334
1Cu8wkSxKX5U9W166Vo4jbaLo5EeWpxbhS	2334
bc1qt42s0ccwxctmpyadl98enjd0lndz9z9aqut4jk	2334
1DCLE38zTv3fBVG7W22c8RP4FU3wgc5Wjp	2334
1NAbxasqCgABnBv3XVm3nhsvq4du1ttmgd	2334
bc1q30yq6fjqtrhzj26607dpnms0t5sr6u9fdwd2fa	2334
1Pag3BDo2Q5ULpLm7eQMPCsPk8WkYmXjh	2334
bc1q48u2f9et7jgssacj2d36xecdw0exle0uf5add3	2334
bc1q93j8n65x0zm3g74lfxrh82csyr9n8ggh4lawh9	2334
178e3RV4td8tibbwbu3aH6qMcCkCKEUMio	2334
1QFXUJrdb3HJVosyvCaAaEwfpTxWVv21Ku	2334
175gsarMtrQJvQz8SyjRx9TmqVrkZCbxHJ	2334
bc1qazjl2frva593xjrnxa0gr24m6vrazkz7ykw6na	2334
1PTc76aKvWmRejLJ7QnwUkpFDhZRzTrDRm	2334
bc1qrudcnkl6f0neav9mllw4h958g00lk4uj4xw7vh	2334
1ASd2GRTxAxHCxeQZPqPrAt1LDiY8iLoga	2334
1CBbG1X32XTcj8k9DcjE9nQbzSwS9g1BvQ	2334
bc1q8wfnth6hvkr5gvd590zkr0kjjv0ctnhcnswu44	2334
143iVTqdBdzjUw4SWCDAw3zPz9NFGUsg7J	2334
1Me4E4JX9YTU1sKjBzZpKWhEd2CJL3DsqS	2334
1CfnR3XGuGEeVMcyWWDYMCqdQHLzxihfkX	2334
1F39mVZDCsss5U8vstqEAnmJ3M5ZHtXaLU	2334
bc1qv2d2vu5mq2ehghmk8un4vmnd8qpwl003pqfq2z	2334
1FfeuABYLBEKRUsXVyPWjgMWnJyNuEafQ	2334
bc1qd825aaj4vtj5v4d8ur5056s72swcukc46xdjdh	2334
15dj6NmYyfEKwpPkmZnYXYDDSuE4PNCSXP	2334
bc1qtudp56l7w633xev5jjh5nrq28vgmf2yeh7zhwc	2334
bc1qvpj0yf8hjj26hj3ku2erxf6kft8pwnn54ywgt2	2334
bc1qru6cve3anhjhz2na7zxs22rajvch69puhxgpet3gcvm4rm00ugaswr05ek	2334
15NNiCWBkfvaJ7ghJRDJYSXi1QeNwv4x1P	2334
1KtH5MwLxZJjdADUjPVTbiK6rhDF1beJLA	2334
13acBMCnsrLTzqrfEAZpJhoGtSzNGQ6wg6	2334
16BxQagZ91yCrSmHbKthmWTDF89keo6Gyr	2334
15ZtVteWknPBX8mNiqKTvaaj4jepyMMzEm	2334
15KHshaWQJWaEx96XD2eEMLMtvyvDstwGp	2334
3MaoHkc2KzHS6ZhSTLnyNJVGDHARyEsenj	2334
bc1qc6hx2xhynhtrmxm88rux622nagfcznnm3ud5vs	2334
bc1q0ll7vckjj7l02yehp5j5txy0l56nhxtmp6v2dp	2334
1Fk9ZGhRRPhzBCqLYf3CFAzLZGZ5GkvTgS	2334
1Jc5x2ag4TPu6adYJxsitZC9ZJet2j5UDi	2334
bc1qxzyh5pxrt4xjqurumu62p7eq0r9v7qznq7684f	2334
39PETRqpTq4LgtyeGYTqWgegFvkEfcene7	2334
14TpV9dX9axXwdji7JLC1MRhv1DTK85oDq	2334
1KhGrpKw3tTBEAEzhkonUoGrzGwGzqBtVR	2334
19Fmj4f77NX4xEoa4UVVPEkPiyFJDtJ9jP	2334
12z3GkHf14vahjQMaZV7KeMUcBXtSQY1aQ	2334
3BVXDZju4QLj2VG5tfn2tFUAN92UVxczfP	2334
1EYR49kMc1FyCgkEB9GvFHKq1cR9axbSPJ	2334
1CxPkU443FhS7LiDwFPHawszqGpxVwCfmd	2334
bc1q83h3vz2uy30q4ftfjfuatvjq9wmjy6tuqj29zu	2334
3LYLqjJ1BG7nS4fPHjKXpKEEsmcqYALH92	2334
1JFTSbB7cJ7NdRDvRJNwkpf8KxTGCWYwia	2334
bc1qzlrlglvjh4txa7um8lc9euw7yu8pm3apsz3zn6x6q9gctywdh27qyhmwa6	2334
1E6KSLQZAM6og7m8FGWg9eDnXLvSX9DtN2	2334
1HPYMeN4kmLnFdxZconuTJmvkM1WJkcS7F	2334
16RNv1PmAYSUc7wpFPZyMkpc4XHXW51nwK	2334
18EYAE2gKSp3HUNshrqdtJtDMhRWuaVbuq	2334
bc1qrrqhu6zlc743w0t9wgczr3e46k9p06u0yr8cal	2334
1NehqPPxKr7FtXakmCzeLzrwCDjWC5iu53	2334
1PvqFMDqZKZiXxoousrjrQaejfbnN2fcxh	2334
1CfXsXume1CpggTHKt5AcDbUtUdJinRcBx	2334
1AAgEyLWjJ57TJ3dcXeCJZPxv4N8Vpiu8i	2334
39jiacC8BFsH8YBBYctYokaxjYchb4NKad	2334
1A1gyKSWhHwmi9UjDbdvtB4dp32M5KoAVj	2334
bc1qynx5e8fap92zyam4kavx8lfm00ve76gawnxvqx	2334
1DU6oCatkb7ijZJMyqnWw1xUH2dMC39kYo	2334
1Gyq6TWxyT2Wc58qjRR4Ybew6yENTW7Krv	2334
1QGmL6sHV52ef2jv9zkmE299rh2uq3Cz4U	2334
3C3dWYsTiVixgJv1UfuCwQ88aGknDYfUuN	2334
1BySYkRaxvbpcU15t5pgdWFYu5HuttBrNZ	2334
18EmZiNizYSpNYU8WphmWteRo29GUn4GmA	2334
1JkcrkjAzm7jk7WYk8snaLEN8SMx23sGqZ	2334
1FiL1fhHTFwPkGfJZLjsaoTvRFQaifshev	2334
bc1qh79p5sycgyw5kqcs665dvvn7jnxmg7uyv46958	2334
14RAcfe9UoX3VQ1jYvkoSAmEjX2oeP24mQ	2334
bc1qw6ugyn3x5kuy09wxeutr09mg7ezxvvgcy8xwpw	2334
1HRXsqTyBBRSDtaRpCYhsoSYYMRViYG9mU	2334
bc1qrtnmyccjrkcj4jx94eqhlsjwc8pe8nsdcznp6a	2334
1A6Ej1F8xp5Qs1fZ2avmxY22LNNAvXpD7Z	2334
141Nju79Qr2f6u6iAypwGCPNxEndmU9zrd	2334
34Non8vA6ATmB7Q5fpqR5hg4TvMPTLaTf9	2334
3911LV7EHwP7FrDyRj3qegDCVwHppmMq3U	2334
1PRgEuGZ9z3TbSNf2gp9dLjtb8iCjvJY6a	2334
19BTcdowfwEBGKgfhou7mwvzni6hFvh85u	2334
bc1qsmre4uscjgg0qfyyhe8xjesv5v0y5j8sz95ac8	2334
bc1qptt2v9cywgrx9ps8pjclmeqal4hatjzdjhm3p4	2334
bc1qq7wfafajs9yadyrr9qgzh99cxwxyjy3406f2nc	2334
1LU53ugLF4XdyRU2gKBaKYHpexmdJVMiqm	2334
13HrWnVwgC3xXYj1pTXK7ML2P4Td5UweRk	2334
1ByesGDiHwQDthBSEXadZqf3tUjkYw8ecu	2334
1K3cPQ9Ew6tuqtE7hD81W3D3FcuJQCPPRM	2334
1HKdgjj9s9xBEcv2wvgnuWc9Dy2miFaUb	2334
bc1q5ap9pfah2sew7rhm07xn3dh7h6dkf9f7fw050zhtxtss0rgdtaks9rvl7z	2334
bc1qfaz6xugz5mpw8cm5javqucvgya50yqs36pnl82	2334
1QHQswrAvgEs6uCcqxT8G6fcM6w2PHDCtz	2334
bc1q4zd44gy25dkz768nzyzrmd6g87lqq4wvxepdme	2334
1GykQxerjvuGpdD1oQFSJkCQMCBuKKM3Sm	2334
388Z74BvGf5XThBHLe2Vyfys1G2aT8nUS5	2334
1EiuE4aAGhsjc9sLoHpTb54uAbwdQENuzQ	2334
18ygKz3Ht7AQhTEjHuiFkVuBZW7v53DFMH	2334
15JVhuTAs5iZboW3oLGwZxUPaozgCq8s54	2334
1CKY4ghx4twxZuBV9QhrLwr9PYkmCRd5Y6	2334
1E2bSboF3KncHqHHYy9KzdBZE22eUXNShg	2334
1ExG29oATnz7M7zajbKduGnz5A2mfhkhCQ	2334
bc1qrghjs3j4jj4vnqz5zrgn6cc7yvk7fy8fj56n0z	2334
bc1qapw3vpn75w5caxy6xls0xeenynnhmdqe8nc0ps	2334
bc1qmudnha770lssf8qqurvxrxux94q4m8ns67e2uh	2334
18GtFYvRvf4zQ17sdVseEvSmic5NXsVe19	2334
1Fcn6MRSHVtir3r2DuNd9irLpQUX5cwfUp	2334
1F5dmCmQoQXK6APVrq6XT3z2fsCtaNUB15	2334
18sYWcaKHFJiaAH9vkwjbJrbsteJB1yXaK	2334
16Jur5tbHGY92MK1jDgxQhtgBdSJfVHn8e	2334
3EXTWh8p4gXxGMPFkU7JuceGR9MDz6a6pg	2334
12LZeXj6FHGy6kwAohynB8dKfvvpneB8fw	2334
bc1q2d8z9j8p27jy993czw7sg3m0qu8l3tdnt3yt6a	2334
1Nc9YD9iNEWokkfrUZ46UAs65nrb9nMWu5	2334
1CERj7wrJbKdLPSY56xwveBfpHmbo1m6cm	2334
17NZbyDVYBHcg94KpaCCTGgfWAJLT15jmB	2334
1cARmmHUaHNo2ZfmYFqPH6CwzzvSSbT3q	2334
bc1qr0qntqqgtvrm87t5qkgev8e55xw03c2vjzcgjg	2334
1AbZHMzTYYwQ4YDic62LoUajoa3jQH2uaK	2334
15Y6ShLCq6Kg8Jc7VZpoUZasvZq49DkZ9s	2334
1K4gpyaZXxdED71ouQJniRorJ26iduqaRA	2334
bc1qpmhul5gnjze72u52zyf0ydp7pyv2x3thfvyfvc	2334
18KuVhnEpv9xNKTBUS4ETGiEioEHj1XFMX	2334
1HX3jkBcCMWhMvBPgQ21xTXsKK1mAwyH2R	2334
1DJ7MjDD3Dyp8G4HNRf2Fye81atVf5Ykft	2334
bc1q24z209arjkux6pl7kdsdgppdsqxwxeld9f654j	2334
17MMWVoj81BSaoZPVGfK5uruFf5XqednMH	2334
1MSThcA1T11nTYtq8ABGrTWaUoSxo5ssv6	2334
16Wkv75y3zZCV9aXQg7mA8Ljwm9cP8LpdX	2334
1AR6SzjeVyV7xvpB51pnBzcycreLhXU3MY	2334
19CxSLTjrTDgKpa1snryWHDtdRsx5KDG1W	2334
3J8Zq5WgMarFuz7TmR5ztfkeAGek7Eo5bd	2334
3MpyvmsFAR559QUav6NE4zDymu6r1LgC4Q	2334
bc1qgu88rp0zta22dhsdmlfa2z8ers60c4jcddhn50	2334
147HcUup48GmM9Ja1TuQSMPVBgEDDa8WWZ	2334
bc1q4c2v7kw0ydaed8e30239w4mt50cphtjqvz9wsx	2334
bc1qx5udfky63za3ssh3raruwah923mhex6w36wkxc	2334
1GJrtkukiXRqB639fxLU6KxksytadfDAni	2334
3DdV8kYjfDWdqWWqXBTUtPjbxL7orcDWDg	2334
1NUBFnxWWhpiHPPBXnHAnLwN33YKSeu3Ju	2334
39WHQK8MeeVJ5JdVAMMiWikBo9cDNfJ63g	2334
bc1qtwm3qxksv06kycaqurwyp59mej70pg66r4zzdu	2334
bc1qmjg5ujt9g3fs5zly77qxmlwphk0fy9yym53y9qs5zzqq0kmm7jlqmtjew9	2334
1pQoirEvNnmxCxeu5BniNqAxdstwNwdYJ	2334
bc1qjkgwtxz0usgya6uma9z4jg65t9vj6vzrexrz69	2334
12zbrbDFnzxnV5K84N9srKXE12bR8ioNgf	2334
bc1ql890atu8fx3kh6u3q5c4f05p9kjkyxjj590hqv	2334
18y9EhUF1sTNVorsXFrhLKfVjJpf98XLxS	2334
bc1qzrd24sfutxxvymuun38nmjkfslae5gnjtuflls	2334
1EtKXu4TEaEsfRmS97GwMe5z4U26GkTjyf	2334
16jT9xNS3KXaEXK8sc68fzw24qtUEHEW66	2334
18AVHS7ZPYSR52A2M4XbnJBkMrBZb8MpRi	2334
1EpyeDC2XjRys2X43bKyBfUsY9PCETaeSK	2334
16p4HMVcmH5Upk9JYiVpVLSumpHVRU4KEy	2334
bc1qx60hxctmvx86nenhv45ptfaxenvp6w2uhgr7ft	2334
bc1qq4d4e98hcp8gl2gff8u99nv05zxhgvtfpuscadg9vw9pttankx9suzpxuk	2334
1BgxgRgH3B9tdT8VjJ7ULTz6ZWgDE3U6Av	2334
bc1qalxygsmfgc5pvhh83exy53rv385vn7vv7g5m3v	2334
bc1qclr4fwz3jtav74ldus7azgla3d2u33njadyn6a	2334
181GtRVeMcb5YFsenA2q5nD63YMXzfZxbL	2334
1HQ5hXcAhRvjP5HDSuNqVqt22Dy98Mf7n7	2334
1LUcy5gJ74ZnfHcCDuXGev2QrSJQnhL2rC	2334
1GmGprgW3bLZY2pLjwMVJftB1W2HkvVxR	2334
17VfZ3zw8JPTk7baX7cxrBBodix9bpJ5dS	2334
1Pmg9859ydV1zSxNih3CWrJCibG4jQynwr	2334
1Q6xmtbfgDvMk6V54qrJHLtfmsJzbKFRR9	2334
bc1qnvy9g5w5ylpdvzxvhv929kvvp4776skrhhsc7w	2334
1GfQmo6adoC6hWfP8jYnuznvMSqXRqhpzC	2334
16FqJNE55BaJvbGHM5L7FcHkg9vyo1BznR	2334
17VPm97jKNMNPf7s4hZiKDBDVTaXvny2JL	2334
1JDYSAaq98uU96NkrsE4MXidpDus4TkrFD	2334
bc1q57fhnthk7ut50x2s0nljdzejvx7axws80psna4	2334
1LgwiB6m8F4miqVaBVGXpQNM86EuvKbeL5	2334
16aQd9EiKyHopAh2eudPHfuz5JwPa5Eegy	2334
1KVefJuhEjc4Wacg5TYQ8wfFnvVy3UEGJa	2334
bc1qajn6395c8uvsk6w7n8wj3dvutkmq6qd6lgv9hk	2334
1MkGxUvMJ5WCuQZp7PrMixi8bLvU5vwpdZ	2334
bc1q5r52de0vuckk42tk9st3j99f537vgfjysnmryc	2334
1FoH664CXVWr15KUDZPswUWsGU98ws4QBE	2334
bc1q2u76ahhqcyzjt49z7v8rh6ydqk0m38tqz6mlgp	2334
17pW981WwaMXjEzZFM5zjsX2HXdaUxC3X3	2334
1CJLwZRBs4vU6LpquxQQHaH9rtGPhJSuY8	2334
1NdfRGWnhoBkTjBR44tjqRw5aqfUX11t4k	2334
1F4BzmJjPHjEk1CtXaGGb5b5uwCAbzdGfq	2334
1uVmaHhgd1SC8QqpLZsBpABX73eLXiu8g	2334
1DR7g319XxqJD5DJk4LGgZofbWZaW9iVDy	2334
1KsHbaAfdBKoZWKqgBnUoMDeLcyVxRGCSd	2334
19tzqPCJSHiJiQVbMukpc4uDKWGoAA91uJ	2334
1FFNHsZZSg7nHhpuEBrqWMeeQv5PbMX5GV	2334
bc1q654a5dhpa3g4jkcpvp6elr7tv2r4dkqtzjx3nxymmttnk4z2l3xqua9n28	2334
19qLATdYvPSdbXBpzLT25uLcBXkWtjKc8V	2334
bc1qf2k4x8vt8y29d7f52vds0j7n56lck0e2u0j0vu	2334
bc1qerqwv82876xawnfn5ewlafx7cgee83y7ffap46	2334
bc1q8s832yxurzvpcwc9z2jv2xwle2pfldujj0lsp0	2334
1LwVL4qh1YTYbNdV7rBA8L2dVTRWMAA9EE	2334
1LjzrwDNuG6xHk5ktTapxCy1Q695uQfQen	2334
bc1qsqkc4unkzwfmuewnaypp47n94ma8fg73d5j5xksj67qhahnjx8vq3t2z6k	2334
bc1qpq2sqcpdvjfjzew7lac92euv2rg48ccyxt2r4d	2334
3GdKtHQa9b4S9HiuUmv8pdQUmP8VVxgoWw	2334
1C6rFHMUrMvkAz3zNNBGbM4B73Adte6cgc	2334
1CZ1NgYPWNZXxzTBzDDdtHwoG6dkMgvpap	2334
bc1qa20nq8m4842uel5waqlfpd9njkmhwl9hk5tq0h	2334
bc1qcp673ualfgjyzy7s28n59havl58zj3teunzcp6	2334
14gXy2yRLmjBKy2GVMFLUw4GcHEVMiLhmX	2334
13JoyPxyxbopo9ZKFvpjYjniPUAb8PATC8	2334
19mfigAZs5KZrLPJdSHRsXyhd7e6iQ9eQb	2334
18MekrTcEcevH11NTCAH1d5VFuhraVMvvA	2334
bc1qssa54vg53y8hakecyhzunpzrv7s7yag6u80q7u	2334
1KQ3qhHpwTMgZv3Uo7vAXTBQeMyh2SdPdr	2334
17GY6sBv1q4naz3qsAv3m3ZVaU9r1y1fuk	2334
144r5moiGKWYKeEa9R9w5CnKpJoEX5GMjZ	2334
1Jrxo27QybHqHP4U9XT3SUHvC4j3PcAPEp	2334
bc1qzdyq8ph5tx9le2mmuwk5295zh7f9yhrhkmw4n7f8g99j466gvgtqrfct40	2334
1DiPjBiGwXA8uakG7A5Zc2GTYCskXjhk7d	2334
17xbdDYyZxWA6Q8D9RPPP1Cp4Jxu8jkdkX	2334
bc1qhu3txcpz8uykjcqzen5uwam66txnnem94v80f5	2334
156CAnYL5MaiYXQAKwTJfWcGGxa2piz6Wf	2334
1Cy27GHkChB4CYSxU8HyTWHet8xzL3kAki	2334
1BwN8Vuc9sPMdaMBkAnPD6j5MzBqQWttnL	2334
1Gozj18eeZBbfv6zi7GoXMWyK8KqQ3SM4K	2334
128HGEW7LwWnzzUKCSay5NcAy1cWqE7HTt	2334
15VcrbVwgUJNHM9fYucUf3zcwbbWreCDJA	2334
18Ek2nEpet9jGRveokSpEmhh1iaKw3f8rE	2334
1LQbA4RoHoiPbGSdn38C27VkUGMuKZrBQh	2334
1CeJjUoyAJnMdMpoc2mv18efqmsEG62u15	2334
14a5VK321qEbCVttZHZ2JhaHkBvkcFvp5Y	2334
338T18KxukbpvFZQov7BpCRCcma59S2tBK	2334
bc1qj8jrnztmrrfxewcyrn2lw5wznatug6tsygvckd	2334
1M3HLTcxW8t14yCRLdcHDH5cbaSADrUuut	2334
1Ncm5rZnub93E3mGWQCdo9rTcGnyYU6kvV	2334
12a9irTw6iD6MQDwFPFCCGXgTWzJpdtEKn	2334
1Lz2NYiDetKweCxYrETeDoe3rk3VSHb1WW	2334
1QJA83hgZCuoRVyY72naabhY7EjSLndBHu	2334
1NKnJnS7ZghVUB1vgmpW9x3Jv6ajmMNvFo	2334
1Phsc5Gu3NtKWLj5jYAhMCnWeUvFVmXfXD	2334
1AKiXpQTMfN6y7HjQr7JQYykpqFGqJr66W	2334
bc1q9td85deu6nxlnps3gqn2m4kddcunzvxu38vwd0	2334
bc1q92fncd739wsjgrsly7jc2rdy6p6wmv6lszrggn	2334
1GekQc5hqEoK4TCh8fGLXzAqRZJNpHbcJC	2334
1FMh2fnd4HeMrBvwmuLt7Fdwt9ArPeEFpe	2334
1Mp76HsLxgPpQCSfSoJvtsY19fr1AcGQNq	2334
bc1qtavawssqllrn8htzws25274tj7099s92tmncc2	2334
3M9wpPLQm8JAEmLAx77uJ9dCDUNigNZkuR	2334
bc1q0mcf6t249h9eem377mpn6tzunkcz7pnl8lm5a0	2334
1F5vJ6GmH2dQfNUfQQGG3Ha9sPZ9Cuaq27	2334
bc1q48rk3n8gmds0c664x4gltgf5cy5wsda9d6q86e	2334
1B6suHS3b8QEafuP7jwb4s8Xy9r1xSfsgN	2334
3DraBBDJ53JFNLu8kJGSevzQojKjiSaxom	2334
1LiUPTcm5rhHFaD4QRCM3rAJu1AApsteYn	2334
3B4kkNWTiFUUnvpfXvwazonK6ALp4jTZJ4	2334
1BMNY2EfJ35UtpHDcki8xX7GkYBymiQ6jG	2334
1HTC8GRTnADUB4b3e7U6dGAgwmGxKV1qD7	2334
bc1qx79gkueft8emy5cfgc4sxfzyh86zr6j54e2ue6	2334
bc1q0cx7ps3unhta9s4z2ysd5xs6230lr8kjfzt8um	2334
1GsXTydbQyA5Psz6mcT4hSoZwKWZNzcYTj	2334
bc1qwkfc62cgrsnm4a7rhvty7lqny8lmp4n6tkfspw	2334
1G2U3yk6HqtBPaUNnqf4pviURLUK5ciRaB	2334
bc1qhlnely9alwwywgurqryq06fn3wxz36rk0zqtn2	2334
bc1q8aq3sxc5dtuywnzzuc63k2ympx34nvtccyhj9s	2334
18PRAqvZFaNY5PHjU8jReW3XULdCNz3Tjo	2334
bc1qhnn4k29cw35ypd4uukrtqthdzg90zta2l5a692	2334
15kVVaTKQVPMoxJZoF6qm3mSKEKDTH1JEe	2334
14qmXr4eWJkLtDRvjEZwCCNjV1onSS7Mgk	2334
1KdZNfpC7NcVuSpr9e6oBVxBytzUfo9VJy	2334
bc1qpy6pc543ukgajkdsclue4qd66phctdexv66nxm	2334
bc1q3mj7gl6qlamyknw0r4862jrcx0396mtav2fawa	2334
15vTCvsM5LjmwwLPTdiTTyvQwHPyQqTcfq	2334
1PZKPaAW31bSBTDhmp9AxoKtMtxEF7TyG1	2334
bc1qrtzma6lxdgnxed3hcvmg588rslvyvkl0z30jek	2334
18BD5hmPL9YRT4ukTkGGQ3XBZnSxBNU9YU	2334
18gZTvx3srwDHE3DnJUSJ8iWfpmomxEux3	2334
12v4P5cRYMy3ghCgsXV12fC7JkC1cUNrT7	2334
3GUs1iTSsqPJHsx9B8XdS6UTV5Qsa8so7E	2334
1BHFRtzudsSzjNkC2kipjSqQ4E1CtutrSh	2334
1DMfLMLVo72aqXcYv2oZ5nLnZ8Uo58uutA	2334
bc1qgcs3jaakgr236uhxmsv9aymen3ka8hksf6mnvn	2334
13HJCbiAtFyDWVtvZZY9ycdNANoAhWLGr7	2334
3PStNUpbrHbJMF9j4pYzSjCkTkFnu2yxsd	2334
1CuWxQhCWHZu4JZUZ3FY19rTBN9uFEAVk7	2334
15oTyAsJT5B2ccPNGFgvWmrRgnLKNyu3ys	2334
1Gkmq1ct26zccrtEjh5pDKsXgcwgdhK7tJ	2334
bc1qgjlfk3dzqak62csxlwmhen8cs3ytjgur0ep94f	2334
3KFqEQjzzbgouFBAEZczZtGcG3Zfo1C1gm	2334
bc1qt3scpgqnrjez2fy9aa6ptdvj0tasx3dd23kpq8	2334
1CzjEUFUKuYkhTJsGXAQzoscfdscdGL9h4	2334
bc1qdyxu2ckzt9an38h7u86wydef8xjtj24r30xk7t	2334
1NYpkdL2T1hfXck3qQpjRZ7UQkQxeHEhnR	2334
bc1qcxp9tqj5zmflzy5y6kmudfvzl0zpela7jnfp6y	2334
3DcXMJG2PvHiUmFdca2WWVQSixKDe1XoGQ	2334
13szQh4xVzQGCKAH6Uhm6qw96sh7fNoPHx	2334
1KKjaasmT7FPUMowxnSUTfsAgAn7m5ZkNw	2334
bc1q5dtkndyccnpq4f4aeznwshtq86f9temp326nzx	2334
34R2rSU3xogrSe1RMAszzvVzooncMrxxXR	2334
1HPvm3LjMiL1W7fMGafk51Yeg53Mbbn8Cb	2334
bc1qwsgh8f6a7wpwp2uep832jmnjkszdw4luha0msm	2334
1DgHbYSbsxB1xNXECJ3pjMcXndFQXhjF62	2334
3DmBBnq7ynYdnLKqN8UR4kgXY5oaSrq7bk	2334
1PWWT2DrXAHzAyv9Wd571aBmL6bwXuwmjZ	2334
13r7jGYvAk8XKcFXhYD9ygzW56t8JCE6xz	2334
1E3uQMsCVvWkGwqdmZsm32GcTJpMXkqjwc	2334
1GcySWfUo5ErEBXBF1t9HSuhLy7Zi2ccfP	2334
1PfLfjdNJtKWsZputTSjd9vZJ73vNcqqoF	2334
bc1qzau692075ec43xawtq6wunau853nun6n0gkwcz	2334
3KCmG2fKCSgZC4gT8ci3XCMLQHbyiBQnbo	2334
1MLcBJNmMoigSJdQ6VB5WvhVZjfj5LYCWn	2334
15sQL4ZsKN2ikbFjVU95rSYJ9Zr9dNjxTj	2334
12LhUKxQc3a1Y9a9zGH8PxhjUpUR2ETXHq	2334
bc1qs0q5l53l7w68gud6w2wa550nx03rd5zl7qn82r	2334
1nkgrjdbTRLTHzifv1Hxo14nNjvwck1qC	2334
bc1qs3vm5wqzwuh0aygws3au3pk400e0f95wjcxs46	2334
1P1DGJGhJsamNKa54zPiYd9k4KHSTH5nRq	2334
bc1qe9slekjn756wpc9sqmep77w5fqq66hyc0kuzmp	2334
1GoiAR9XyrcDRtXehzXotteXZ2UfavZPxJ	2334
bc1q7mpzglyp0jf4ap6cng4exugm8uanx67gf6wtsl	2334
3H45WmK6LR8e9q8NZ6VKmTBA9neaukZNyV	2334
13NRCdkgu28kZ61t9Bzbv5CnHZdqeZHmHL	2334
16WLXG2boeGNqwNoJYvvteGqQyx3qijP6p	2334
16a3JxDWHc1HhMpci6tGvC4tLw5gbQL3zq	2334
16nDh4ycKeUUQ4FFY3extzjCEhkQmakS5Q	2334
1J6twRpyexhbAkggghQ1nNZZiwpuT3eC57	2334
35K28SVU8c5PtunBJcUbECa5oJdYKTeSvk	2334
18wNbcHtjPczt52hq2xb5CFAJjWzNkSxAd	2334
12jHaXLiSpa6UjjPXb1H7616TUnVVAxxxW	2334
16kPWrj9jLF1uQAkmUP7FNpLeYYa1g2HXE	2334
3ChQZvcfopLHKVPP9YPwwdn7DFXPAJgfGr	2334
1QAnn67XmHp2T8dpnNUWXXTwfSvb78Y1re	2334
bc1q87ka8w33d7v3w79sjrsxqlc0kwztwm8gk0gq27	2334
1GSSWk3MLTnBheLLkod5vgdSDPD2rCHDvR	2334
bc1q4cnfhqdkv0dpepunkjlg77d5ryswuq2y83s26z	2334
1Em38idETdmpVMStzm3KoiCQGEGYUc3dVJ	2334
1JPgzdSqCVs45BQUN5TcyDuZJAGo6L7sL4	2334
1CAoYw73qvSWNgtfMfW7FMbRLnMwPrhL4A	2334
bc1qgnn7zn329rt0keawcmkgxnden2f2kq0uz2fa2k	2334
1JmqVMcx8qodDdQprkZ4E9dKK5jR4DdAYf	2334
1PggN2JuYxdGK1pJqqT2XphBK5XRzT1vc3	2334
bc1q90ysda9tesjz2qr45p2wpq7d3j6tqjg0zukuhm	2334
3DfGwbJpyCAeu1a2wwFe8NtwTZ3hmRpaTK	2334
1EnMa2GUHjnEKH4PwA69oMdX7X5EiixMda	2334
1ERHkrHiU4kriyEQQViboN5HVsprQ4mejT	2334
1B4ougZUrT1QsgJvQusGA8qeJN6QEQJKz	2334
bc1q5qwjrhmspkc2mygdgfazpmsj7vhz0hv2gc6v29	2334
1KX1kCK6fngL2ZVtTjMjyFHNzTDxMitsnp	2334
bc1qxl4z4eepgak6xmdm5q4ectvk28pct7uey7pdpj	2334
bc1qkhhf99e32lskv8a4ku688cwdktctrdklzxasmz	2334
1EM5GtLkKTJ85V5gRXmK1Qe3Bt3MLJEc1k	2334
14HnAGFTiJJ8dFAUmsE6fSGfzfi6uTViqa	2334
13HT5BruZ7icGUxmQdWSRe21Zjo87WjXNi	2334
3F8LJh1gMyRKA8fjCoC4pJpyYaPDTuCKp6	2334
bc1qw6l6pnv5rfm759a8ytg5prty9nqpze9clkk6yr	2334
1DkZv3McicKvawFgdR8NHh6obyxR4k8jzB	2334
bc1qq204jfm9mtj0qadkhawztx4frkgde4c8qd9nua	2334
13BpDRnYsKqc1uN5X9yhJXFYrvVwrpPsKz	2334
1C9nKVVheavWr2T6YtxQMnXGGnKt6RxbkY	2334
1CARxwKWxiXmEnrU5P1FpAG9VofDbzGzbm	2334
1Jqqfm1XbeCaun6hmvZPAoabYHsfcfnbQb	2334
1MoGVi9W9iJJkY766vZ1GTpj5mPZG8aMeG	2334
1DcW3LZEQFHFemPZ1cghaqdivjNvtgYKz2	2334
1DMmyBPeEXFwaEa9ctqrY6njqLMd5zEpJ5	2334
3711LLcXK1aWm4L1624c4gEhvUNoB6yqSN	2334
3QSD7mkuibKM4CewNQmvNqSKSRrhzhmsmH	2334
bc1q7fl3afd8tf4kq9wytv63ncsqk8yhxzykx7aznw	2334
1EoWXSbFPAbJizbfHpGyRgDUBJSK9b8Jy	2334
1ANvxotETgHJteUFgi5d2tqGM6Qb9SnwQs	2334
16VYBawrdzLdnuPhchkvG6eyHp8yjXXnP1	2334
13hxVg7VbMAFD4PVi55Fkr2KRN6MhcFFGz	2334
bc1q4c4s8wq6arern8zu0480wd2scaawduay36pjv0	2334
1Q3gweWchTShRJn6CrkeD9moGdYwe4yUbP	2334
15zoyrHtVWkJnC7HP428nASwRouER5ddpv	2334
12SH5nFbEW12zUt7iu5NzyTZ54QyPQRuKW	2334
38Ni32KxupaLeAd5KiuWVUeRAPu5MmZy9H	2334
1911BjjbATEjzUiks2GAcroZTjhkNF3zZg	2334
15QkFMXP2oM3ky5PEUzyM1f3MupkAJ3P4m	2334
15Vq8EihFdf1uVWWe56Rc4FHBLX7Cs8teo	2334
1EasDr5Qoam1C5QAmiXQEBvtrTFE1uC6Uh	2334
16LTqsU9mMCeaaKjLC44VBT5vcsbVzYY5b	2334
1GkmPHw4SXGnS5AGHfERsLReLZKTp8qgCQ	2334
1E8M8JdWZvdGGFhaBPqFicZtjYaRbjqq2N	2334
1Az9T16BCio67E2B9o2EMm866EYafUVsGv	2334
13fvcgaWZoY6LKitReKBb8viZQWnqgUErA	2334
1nHHSdjWXT6rhCaR46Hcw9ML8PV5gMc1m	2334
1JmvZWEYjcHhmat8ovBjqmDTLa948i1EV3	2334
bc1quzu5u2rhz09xake6e9drn9am0y5z6uh8amh06p	2334
13WFhZvqYq2FUmWU75nqtmCWyrqEZPgJhY	2334
1Md2kMX6pdq3MCYoJGTL4d2gAwwTb57Fne	2334
bc1qm30q6w69knjsxyfj99vzmylm74rkqvujpkawp8	2334
1NryWZ24kYAEQ7LuMd2Cw7RVYudi5fd8yU	2334
1EJZDx7QUKtrneQdrNUMYGMfA2evhC22yq	2334
bc1q4z7rtww0mrnx8zn2q24avmvs3vvs3elf8qpnsd	2334
154KG25usufQKknanEswcnAAb7bpycvCCb	2334
1HAJdzw8CRDeh5ciYB38otco8ZqQbeJ113	2334
3DdCms36mMMzHrzxiMpqRf9reyR6BGS5HR	2334
bc1qe5p9zpx2u34u6lmus9zewwhsft8ukqsvtqefck	2334
3JsZaFoX34VnpWcGTNJ5MeCNcqew5jmf8T	2334
1BCsFNEf936JWrVPkuusvEgDwDnrTzND1F	2334
1KGng28ByJgd2Cw9qTpCugbVvZBdQbwfqE	2334
122mAJgrD1bsFvyGsXfRyfzCisNghySE8L	2334
19kXjW2mWM18eW17Rw1DQhkDyx2BVdN8h1	2334
3BbJTQ1JJnqXw4dv1oR6DyW8iFKgBdJNyH	2334
1JS7ofpto1zp45d7QCC6ct31rsnuYBmudR	2334
bc1qexpmy5gln02543jp8fvmy0uh7d06tduukz3smr	2334
3BAewnSqPrCokPzVicARKuhkp4tYzVQs81	2334
bc1qga64z5zskd693nzuj0zcare6pq5pz0x2vwkk62	2334
1KY6TLvq44jr7bKR2Z1bevL1SwyHuzTRdT	2334
bc1qq73t4jjc706n88w3mfgskzq0dwvkmkklvz29a4	2334
1HmBVQJkk79V3oseqBv3WsheuNUkMasQhE	2334
1Df79gCyUNNLCo2V3XLySAfDCvKoARXefo	2334
1DQzmCq9SzRR1UQFafNStgrikNUkSCpSyR	2334
148twDQAWt3sESxE3gX1FpxXecRiWV4kH3	2334
bc1q3z4sfjet5kxpv6ugurj4h46u88lktnscarqn4j	2334
bc1qj3p29cpm4730xxcumlz6gxw3qpuxt27zx2z9wl	2334
bc1qd5pul57nu9p2hgvds8yz0f78zva7vcm7nqft94	2334
19D4LkSK5KLtKH6gTQe736eA9p8aLJjQeT	2334
bc1qhfan2nhgvr2zyu6k432w5srjc0xls7trre54qj	2334
33qAmq9Qe8kPAdU5xqqS3ga5FPUzB5WERx	2334
17vUE1f7KE4pxQGTxd7e4WKL9cdkFe5V8y	2334
bc1qsgt9frf8ruxvfanzke7x68crrnauaplxltyets	2334
15tgYM2ZR7Y5CveKys78R6Bbq5cqnt5xNd	2334
19XTBugAif4yJ7aDQKZcdTqbuwykkQBuLS	2334
12BWpubfWdX22A2ZX5fHsiiQUcTnjUN3TR	2334
16RdeGsyZV7MWqmHvPUgWhV9WJEktXSgPX	2334
bc1qtujj4y2zmnq99czlee8nhye6m3qurvtjdayyxu	2334
12i4w4PR3bTQazJtfCjDAzoTQgKMhiYqHZ	2334
bc1q8w47dwcjq3arqyv62ma6eufgp60p2wltdc003m	2334
bc1qqk5tchejughx5gfmtlft5lr9rje5fn8aqc999r	2334
bc1qw607ndm4y9rtuxvhr4qccwxkx7qx8u4glyussj	2334
1LvDYNaCCWjEqx1eNU5U7BXLNBNYqkD6ZH	2334
1PwXZzAKbNiHDiRLJCHdaWhVcVd7H6Jrma	2334
bc1qt2cwv8ccz5gu24vdnt8rggk3qexe9w8nk63vpz	2334
1GcDsKLh9mWNGCXPN7VNHW1g8Br5p5kjgG	2334
1QYT1GG9qLMXbL11ULJHV5ieUJDKxbfpS	2334
1CqwuhWMpxbsXekBJQUL8SbQucbiLPTEgA	2334
34wyZFngGrBBh4yVPduNq3V79VS7u4siQz	2334
19v4YgZQGZdzFCgSt5kk24AXVR21xA1CSr	2334
1LTtj4rCPwcYo5NZ7tjiWGvLTQz7Mx3eyr	2334
bc1q7aag6ym8n9n4z39rplz32ep94gyukw62h95ewe	2334
bc1q7umtu50yflh7esey56r5hkh4qj5yfpdk779xdm	2334
bc1qf2y7zdxmdsnlqxfyzqzgjhkwv6nez0ctdtla0p	2334
36YinhzGeiJdjUX999NvkEyCWKhp7aFUv3	2334
17khZNJnH3q1rJN7G49yfQjTkHcv93uiqD	2334
19pz6hysXUjYHndf2SDt1ZPa7YMY9ysb7o	2334
bc1qyx72862ecgjsdt76jutpw0zjca2ck4z3capzfj	2334
bc1qm6qn84qsq4e0je2me4x3k26lfq6q4als0qxhcw	2334
1MGTVC9gqZsDM3JvLFfRN5V6AoHQZYt8K9	2334
1PftHvyRyXVYAyyhZ7sB8o1pFLMzedXUgc	2334
12sHcjY2GyTEs4KWmpGyAq8rWpgMgrG21A	2334
1M9z6HuGmCq94F6axUxBmxo49at568B6yT	2334
1Gr4zbheZ7cckZ8f1GqBQpFaZyJ9TDdwn1	2334
bc1q0vvzwkpr38nwqnzt203hqxz4qlfyu9u623jh0t	2334
bc1qgffjyspy5yntgmvptahpnx5xh7zrgcxzatfmyh	2334
bc1qwuh3rwvr6uj4wvte5lqv7mxc748n7q5zpfeg4f	2334
bc1qtlh3jggz9c0d20ljtmfg4vs6nkyht85mjqe49k	2334
1Lr62WoxaWHjxtwqSVxSHbnHAmNs7jVHVP	2334
1M6wxudTcptTboPUnCj41FMfBVi9HhV54g	2334
1G1TAtsxhCsXuoG4j6X7MAu3AchR5oHx2u	2334
15EzqhD6gYNbcWbmpHHGt6gr4bdmXhsc7H	2334
13Tmg7KrEi6wEcr4a5tZfJWEWYoBZQqrg4	2334
1DMXf3DVVwZaaG31Piy1RVnQ3YHHvxAumK	2334
1MaRGKSMGak1RCiLKdSsPqmqFKQBsMoWpk	2334
bc1q495srxpcjcqzldv7wculst5ml234ntzdevmmpd	2334
bc1q7fng3u78kakak7hje2m7sz5cudkfar84rnw4wv	2334
bc1q9ujztl4c54wm9wu0apkutgmu75cvnmevhhwx4t	2334
bc1qse8260vex63cpskhdwasye8juf9srj9h75e7xk	2334
19meTQd9HNejnFz7oDbvmfoyHjkz5zd39Z	2334
bc1qcvaefxlvlreln6sddrvr9djrcsa75wf2sq207e	2334
1AnoeUCeEXKuXxfkEAxkUWt4T95e1nZJbA	2334
1LD8B8Az2EGgExxAymp546ZwwAobfMQwAU	2334
1NxeptUkoZweKkJ1Tfc2zrvq77t2pwspDi	2334
3CgrgWLBGfsaa28k2vwahFCPfRwSnaEA1U	2334
1AmEvZ9C6t7KcVPPxyytDV6tQuovC5zFhP	2334
1PagjFvoVTtWMVhmWghMv2aDymJYS1ywvB	2334
12rpMEHvQTir24xauwytoBf6L6nuMfbFXe	2334
1MkCWtFpD3eqmXss3NetSUsbLTaTjd1pQq	2334
1EXmRidH3aVrnB4pqpRRSn1Z5vepaijAaS	2334
12jahsYs1f7GD8k25a59PE8vKSqH7uPSCu	2334
1E7CiDSwCCburYsA1Nb5UeqFBMzvt279os	2334
1L3ie4jF3MveckGWJ4PDwWMnR3Hd4h27aR	2334
1N1PSALFQgsK6u1fL8btePjMYKkY7eTwYe	2334
1BDJQkJhtAXeBZCkmPvWUqaka9mULZoruZ	2334
bc1qdhg03q89f0tyqvcn8xtp75896gv7v7ja4zmha6	2334
1A27rz2bWdXnn9WHC3BpdqQudguZfT8mmU	2334
bc1qn6w03qck8hz9ruvkcttdvtwl9crxpmkgjes7hs	2334
bc1qpkcckd5dy6rkafx80nvsgzf0cjt8fcm8gxxyat	2334
1CTMmyWiR2rqABThNEzrvDpNqrQ43vADid	2334
bc1q6erf0mfw63nnz2l0xf7xt78lwymj750yy4csfx	2334
164xon6D1x4WFpMcSjbhiu7tQufPd5enaL	2334
19sPcrUiF9nYw3nrThMEusZnSiriWS7N9	2334
1BUyBpB8oo92UKrdE9R6FioGZRbvu2ppRq	2334
1KjABr25buTpQ8azDTUd6SW2Q4U7AuZyYC	2334
15a3exiRT9dKxWrgVHbbmUNrjVU41K9u16	2334
15fB1eVVUJVLwpnE25mTa28XQcfshpEmk5	2334
bc1qswms7xvt6ptjnfknnltttlus2fmdjyf8dyjenk	2334
1MmbzfJLm3eGSAPzyVtp4SUse7122S8xUA	2334
115o8V1e4SDr5rpUeuhnUo65WQFTHYF91b	2334
bc1qxhtgrjhu58ys6mf4j0ql892dtyvy2lpm8k6yf7	2334
3EHR2vpGQUGsLHg1UseUxQ7xrDZQWhAdJV	2334
bc1quskqgcza67qrvcx6r7waxha4vd9ctcrruy47vw	2334
1HJbM9TBgvfaRALhz8qEWwr7o4x9S97qTc	2334
1KG6xhKjnDQggbnDNsdeuPHjvzQmXHWHsx	2334
3AD1DJRE4pQcYU9AvQu2LtQEEiK75xP7PD	2334
15Nz9Fww4QuLi2HGV7HVoWqESAZ7MQdDDR	2334
393qpqG7o2zLMevZXEGBJB6qgZms5B1nDE	2334
1DDYPnmPtBLLrDQwp5REFxxJbqJH4MWbao	2334
1CEtnSwgxRhYQqdkCzyAZMH7VJcoRNMJRY	2334
18dwfMvZC2kuQPwG6ymuFXncXMRNff9pBw	2334
19QF6wP5LY9Jv45bhrfvoR5NQgbrxF3DW2	2334
14oS7iT7N4MFvrhhYJeE7NCfUUpjgVfvvF	2334
1PxhJnLxu13PZ1Lyoqv3zWCGRWByHbLXxv	2334
14x2bBnWwgWL9U4L9Hkrr3wER4xNJw3RzN	2334
1L52F6urnzX19z6RbEnQc7WMdbCukcuxpF	2334
1Lr1ci5gSRpKuJuheixNxuX8Fwc1QoFyEf	2334
1EH5U64FCG45REgknsfPDUAxEA5AVSGJAb	2334
19Z434Jpk7B5kcyg2iVA83SCNu9Gb58P36	2334
bc1qmcac3uhqg7peqakzmn2tlnrfdn324e02q5e328	2334
1GJ6VPRZCDvAiSHeTZb2dhRNZDEadVRREJ	2334
1E3yhuUtqaAx69X4s9PfK43HanTyQKmJHt	2334
12EC9yDPQPqxjSDwvW8f61CrkFRFr6T3pq	2334
1NCjkZZ491n2Ce1KXpUZ5udbQ1XNLg8ms6	2334
3A1eXUxYN1t7dRB8P5GX8AwMUvMkrsfXor	2334
bc1qg6fw5fht5ezktsh82aykd5tzawwdzm4jl37rn7	2334
bc1qet2dexxrdwknwt703gcr0089mxyaewk0ku4mqr	2334
bc1qfvj7asypq0vtxfadlxjsach2vjph4x9kfdphf7	2334
17XJEKifNozCDgPtjKUVvr96YhPYuAjAwy	2334
bc1q4zprn6pfaekjxrvga3vpjq0sh3u4xp2l8yan2j	2334
17U9c8Qn2D5ehFqr54omWF3y89gEUM1Dvs	2334
17txTpb6jyKbXSFB6utc8v3auyptf5BCoR	2334
1HjPR1qqFChg8SQSKYzrYaofGotvjWQXnZ	2334
3ByiAboBYP6UogpmtU5QKYyhAjh4eXJdcR	2334
18dV3Br5woUuNw1RMjhfDUFDXBoFTUyFwj	2334
bc1qxz0n5jelu0nj5s6e9dqul04wjdtd25ljjwm5rw	2334
bc1qm4q8hfakug4kk3kmh2ceymmr0sg56k7kxjgnjw	2334
1LnrPfHy5rQtij6kZ6SssU4qLPcCUQMcbj	2334
1AhtYfkJEC9wrStEoWnPBBkE1GEW2X7Sqz	2334
15M2g4euhkWaapSG65UXaDFkqSPcbC6SAa	2334
3JCHc55GRruF5W63mS4ooZXBFZdKi2ABQs	2334
bc1qjxqn5y7gfp2874jajas7a0sdn0xkp5yz980qez	2334
16yJnEdjoTAjvaFaGBPPWXhNQfxFKhnrVY	2334
13fKuVSobvwQRUgcdrrFJ1SrPDLcFDiW3D	2334
1uuobhZJvhC9ZxSEKbFtsXrLfii8QU4ht	2334
1CzhkZCJEupxi6A6S8bxZ92DwfiZCBBUy5	2334
1kXvpudhy2CprEVKaSbFcPorxYA8DnsoY	2334
12kQnBdNKX6vxUB1NxAvhdKP4UXVTN49Ph	2334
35JU5r2EGwnXWocCc3e7XVYroXtX1YMm7e	2334
3B6QY5oSpX7ZWiJDNFVkwiaYkkfokBJDso	2334
156RZuBgGsfGr2AQFdBTXnxrC2QKx3EVc7	2334
13LszEMi3Ukdv2avkyA7NPXDiDs18zVse9	2334
1UHYTmvXoppoGybsVrV8fdL8oCbGawARu	2334
1Fqy2oU19NPBuuBPk5bGy9hc7cwUWt2MH2	2334
1Bvv4xu15AseNMhSxacux3Yu8vHc6agJk5	2334
bc1qgj6v0zwx8quqx2zxaappvxf2x2p0gmy6rxa869	2334
1542Qf4T8Tng51MMdW2jTi8rGyJ9kSPzfa	2334
1LuUi1WxQvtJT7BSb4hoQto85Uyu5y7qw7	2334
1PSY4Fx53ZY7GVb4WyT48ZftafWzor9wwm	2334
1KQPEAK2YNMZkdjVtLXpbaEYa48eZU4QMk	2334
bc1qu53pcg7nwahuwsv5pr9fsgu700jeqst4m0tcmg	2334
bc1qpnr8yed9qrashrwjukmmu3m7w9gmxeceg68tmg	2334
18HgmEXE6yymdYUUXkSVWM2twQhwX471TV	2334
1Amsx4JxjFZq92nTDu1dLXKKtiJawd8UyF	2334
1B51JSpd5voBKmJfKx5GmQYDQsS8g4h6ov	2334
148LZqMkaVevqoUcSSYrBKopYxoBAGU5q3	2334
1GQLQFgmoNxEc3Urse1LpHpiSsGAiVbyvp	2334
bc1qsxf3xc5t7hfhjckrqp39lgqqm2zwq40p3y5g39	2334
bc1qd867tt656tecp6uchxkhhljxpwp9hxzwl5mw9x	2334
bc1qptukm89ms5tqf2yxz3223xv9tqaelqr8su2s7d	2334
12FTM9NnnS36n4Tj4AxyKLALuLL6euzq3N	2334
bc1q88hwccztf0ks6hadfev8jtqepfd5j2na0kwhmq	2334
bc1qve4ap4krxrcvr8tjuu6fheavxh8w77m3mkkp84	2334
19zVcL4ZrKHiBQTSBXzhfyXiFSF2qta5c3	2334
18S5Q6DcUMUwomwB3FMTKoHh1wrmA7t3NZ	2334
1FQTCwRNqPSkmBk8yYQeCvzGn6QCvwTmbU	2334
132BU5eSxiHyKdEHgJqkNKGTKAtUhfE1X5	2334
1BvnGZtWEX33WoPC3Vgw7bCahYhGJDkJdE	2334
1HBQcMU46sQfuU9mcaKM8LWLyQBNhizaRT	2334
bc1qp8yxty76em50cys9w4plesy6ftnnrn735yf9nn	2334
1JU9efwFig9qTV5fxeuhzQdE2ZsafLEuJ8	2334
1JoFS1v1mNyZVcWuRf4CEC7sHc4tHPRcLA	2334
143FbQ4fCTjx2hq6MqjmSmUDrR1H2BfvJJ	2334
18u7GPRM51aF3UAwkLkZD9781G14xrcPAM	2334
bc1qqjvgvvq3t4dmknh53esae8xhg0x0s08h26nzhd	2334
bc1qe03jjptjx079sfje5ztxzgz3fn29pr3fasvkln	2334
3QqPfwLunayozyKRqUw9gHixew4yD59Z6f	2334
bc1qn4a4f5zhky8nn4pcfcz6xlvjqtnytuktpdmz37	2334
19jw3REqdTwitYaKm8DLLmpCwNaLb7cRdS	2334
1BUVTRdjxzA6wX1Ri6qHk5uDT757MhbTFh	2334
bc1qgcf8sc632t9stkgy7mvy4ajds77jsterpyd9fk	2334
bc1qjc35m2gnhqxc0c07rsp9am9vxlky02df5y6gmy	2334
bc1q6w6l3dy3r9prfrfrerz9x3cpnvt7s2m8thp7ct	2334
bc1qw9gcwq48jndkjs39n9x0sm6mjtsz4y5mkawrx7	2334
1EG5X7abyfEA5pztG43biePTvhn9aeD2xw	2334
bc1qke2rt9rausxqaqa626zcvj7vljzaf3udegacs4	2334
bc1ql2srlry0y2c4nlzf7jk7l54zhmtxs5z4nrwvvk	2334
bc1qcdutx226s6etczym6glx2frelqsmqyhdadhn7v	2333
1GpjjMGCwsC8FZZH1PBBtbkerN6VQ4VADW	2333
bc1qyms23fzywr5kul94qg0sqqh5g3mj2ekwrrlrks	2333
bc1qek23ddau6lvvclr83fk2vz4y8jp55sdfsk24ta	2333
1D9khwY3F7bocB65XH7qUBYQCBYAcpUJzx	2333
1GZJEESuyyKJZ9o51ETUusAmV5DAtjCGQR	2333
1DV5Bqm22kDbvoqGFpEYCJQC6ymzkjzHEJ	2333
1JUvFZShZwBXsedEMeHB4QQqkKhsN4byKu	2333
151b7Xd9zvpz5bXZMtdXL5Deq4m9EDHMGy	2333
12b2VWRqj6tTThakqAXiFAMHBRaeXYY5Lf	2333
1sc24hb3nkVsv6mEZnGViBgbYhNQTc6iL	2333
1J5vPL2nGs9zsXdhJxPug53y8ui6QwHrK	2333
19S6Ff5bWpBDYQfiLqP2sMGjqfJ4GUvXSd	2333
321jg4rkbt1xy5N5ayXSep7uH1VL4CCdrP	2333
bc1qcsu0u8k8h3h82gh7v82q2h9gq7d5fzy0n5nqae	2333
17xDab9PGBo6VgyH3E4t7cADwomsPWMStH	2333
1JRCdEcavdj1R5hTZd9sMe5bC929GvxZbh	2333
bc1qut6ulwapv45jk6mmpq440af5ydtyv95uvlnh86	2333
bc1q4evlkdj75dkcc0tf930c2wlyzmqlnz6wgkpfv4	2333
1FnmuED3trqjSkyi2Qb48RhDCtcGBPjpxR	2333
17N1432hyXg26CbYpZpZg5njLiGfu3f7DF	2333
bc1qd2lntkqn4fnpeaadmy7y44lycqdj3ca5uvzgux	2333
1mnwda2s17Ue5RXicANDpddtsUxWRfumL	2333
36A25PKc5P6e6s3HeT4QbkBuP2S7KpCRHT	2333
3M9dmMhZpF5mtKZajhbmVeMXVobJwLUoES	2333
3PvQH3uCUr4tShcKm7U4QELcGQs8MZm76d	2333
bc1qkqktyqatswhw7dsntqpwx7drcl4rdnuqv2uvva	2333
1FQXTvMM8U9kKL8ySnYzNRWDosRZcQxMpM	2333
bc1qrd2ekf0cw9zzx8qf05x0h9cw7awh034hjlyrdr	2333
199c2tasHRjbBUC3BEdERktbN55Qw9t1sc	2333
bc1qxy23knvmx6xglqlct3527zlaspjxgzv8l4cdnf	2333
3QaivueV9XmdCkaugjC1iQ4qHUW4DSz448	2333
1CmBky3etoBHgSupqhjEeXSdVwkKinWtT8	2333
bc1qgce4shhz8wa8anutek7wp8udtwc8rtnmvcsc83	2333
1JikD68uL5xHsDA1b9FACF1Wd8urAS9JTA	2333
12bNpqPwp7C8HnwPhmZwzuLBwSt3n5mbqX	2333
32EYARCTYU1h6SsRjTNozA365t52LLCeqb	2333
1PjBDiKXRp7KSi4xizVPmv1khfStJQxmjh	2333
bc1qaf9eu869yr8kx49qswwghlv6k3jqvxedfznj28	2333
16L1zNyT2ejSfDzzUDG783EANJydoht2tU	2333
16kQXXuaKfDF83iWWupBcMnXsSjrkkNNP3	2333
1MWwAsSnZJyiLYCwjsAhbxpdetrTUQ5zru	2333
17SRByXPPKTf2mERR74LswMSqGjKcG3Spa	2333
3G74aNzZvqhSz42Memqmm44Hac75s2icQu	2333
bc1qsy0xswdrm89f4ds827fgk7qkdhv5tzkmtlqky6	2333
1Q8suPjqwSrsaVQWiVbj55aohQTJF5vFDx	2333
1F5h7QxmuWR2TBsocBhu2aPFG75AxEubMF	2333
1NHqurABuGCES5XhTQmy2sDX3nDcvHj8Kx	2333
1PJRci6qb6S6Ve3xfndDErHYTkP3q68BTP	2333
3KuyZhGo4KojrCiMkVu9WmWUEdMiutYhfW	2333
bc1q0w9q0q2hzg6zkaw7fqg5gf0yz787pdrlzgwev2rtymp4hyvzzcfq4umwcz	2333
1BdcJbXHSvD781uxDDkPfRc4NHspTaPyLC	2333
1BWh4NenFfQnkdUgtS6J3avT9jCRRk2o35	2333
1GgDZG4EFa2R1s9vjmK2RHpDNUuHKo3z9e	2333
19gzSD5UekRHN6BmHQEP1KpAiyhufCzN8n	2333
3PemS2PtAqsaNvzGRXTWe7ppSPhg4brPhb	2333
bc1q0v4tjjf58uhycjfkz6lmkdee4sxtc2g3w6kqj5	2333
1PSiBpiqFVL7j528dTNv9tBddFepkYV2Hw	2333
1Nr32wrKmfQcAmn1ouoXMfgXW55UTD25vj	2333
14CPJ8kR74Ksbq8sNvqLwoifAdtzcTvy9w	2333
bc1q0y8w2zp3nv4y87jhxepnpzuv7pdtctkcs60qkn	2333
1XnoXyKuTJXWCcSkwm5qQseDJoLvGWKVP	2333
3ECCCUxmkgCcWsXeUwmX5XvfyQoQgtoNks	2333
12kqbvmb45QKFx6vKLxQqFmrwD3um9n9tL	2333
11397i9rBHdtWZNdnhBBx7JKcHCanbQzam	2333
17Y9zUfq2VCcz9UhNoc4NezLZV2x9RuTSF	2333
1DKU81kZ89tsqjFopefR1U3fvoAKHtkMLm	2333
bc1q3a7rweclq2cdkavzqwd32ylpzz0tpd9f3ahqth	2333
bc1qkc33jv9e8ax6k0hdv9uxqsk622m953j7z24gf0	2333
12LFH6JhdQqNDbGAHxMFvqqhydNkFNTfBn	2333
bc1qc2chyd434r4xvuau56s4k3ny5dgekcp627nlr9	2333
bc1qalell7jw3xtn28pnvshg758qhrmjfnepu3c3kn	2333
bc1q48fn3h57gapazff0nrm034ywe6y3l7r84l2qvc	2333
121gnScvxVYKfXhan6HX72mNRUhfYenSfU	2333
1LvHKxXFV3EEwqWuQtKM3prk6zNDZ3vzy2	2333
3JQ4q1Fqw1R2rQXSxbcQwWd9Y3xSAQh5su	2333
18aMdKXfVkTc7z7PKkDqUmfEFEeppdPAV8	2333
158quAoKEJVqsYgQJoUhUinBB3yNa4kC6a	2333
13aLMiaD7eKLN9QUm2rcZusL6388TKLKSC	2333
1GHF5Kqs4qzesiQKc8c4dwG4ddztTitWt7	2333
19Dn9cNmn1ybxFK1wC4t8snuZqJHNyCsb6	2333
12S6DuRCha7YLJ9n3qPE29nNMGPPeoGFxH	2333
124NJfXvGDMwtftR8beHNxtUN44y36msFN	2333
1GyMgrhGMpiuJPK89BbRVnaaA8v1TbPFXv	2333
bc1qutf5u6ajtn5swyqqlas3jxnsqsd9er6q0nu239t4pw7h7jmyqwwsladgdw	2333
1C2HrqrV5DudrjnpSs7H82t9tTpESJS6SH	2333
1PmVyfsPhKN8mmPkYdLQzqM3LsyjnGD2St	2333
14GSUFK9e7Amb6MoPMYcajyG66g4zLpQmf	2333
bc1q86fujv3ktg2mtpuwa3ryv2uqjn7ks4hh6500q9	2333
bc1qwme0ewhlsd7pl32ju9n06gwtk503s7gk5c9357	2333
1HWwASgFbAjCf9V3jAg61iJ8D5C7UkzW3T	2333
1CozURZu7AUC8sGLNHiSASSHKj7g6fye45	2333
1JtHSUn29icJ4HF4Fy4v5iwb9WuoRY5vPS	2333
bc1q6klkrexld79d642ewgvg4nwdeesyzj46nn8mmq	2333
bc1qfqejqwk69afsssp5uh8tkah0kkutpf6y9whs6qnfew3ldf26mhmqwzl2ya	2333
1KyGgb2aiLjAuCB6A6Qneiad3EjQRP2y9u	2333
38fvfx33MA8hFUBJQBiva4vqtH1rjt3KB8	2333
bc1q6hsfp4a6nj0l2ykqge5s75z05vvx352k7v2png	2333
1J8WWB8odaMvdxmA4xH66rGRKDsAENP8yx	2333
1Jyx3hM8E9asTthVLXet1z5VbvKb84gXHL	2333
1JwMhpbi1DPpQVtqfWtegt2KHFVeET1F7T	2333
1FkSDymhsE3Nxu1E3ArBgMGPQuQejScchT	2333
3G9sta98mUPjFN6B9Bh14kSjTXBmZwnZwH	2333
15cyKjgv62YBwmzAjbTtit98vXaFSbFSei	2333
1CdHHYaJdR491rXpayoNXuTEMtt3tBSKoL	2333
bc1qtwuq4hqra4k5aug52zprnams0xa0rk4cl9y9ezfavwz4p0rqlkqs226qfr	2333
122AC22SSPySC3e8Cm36HUmepEQ1LptrA6	2333
bc1q6zu2fugmrcmq5452v8yhj87alxxyzyx0v065ew	2333
17YQDTvQvij4pcu4xcVFenr86Vr8dNUmAB	2333
bc1q8hlu5grs6ymqkn8t04x5ccwvsxv30hjgjvk050	2333
1P2iokJzWw3bUaZHDyB4G5xywLbvRiNtyn	2333
bc1q2cfx8yhj8x5kyueww4kxh6ndl08nk5qrs3zqzu	2333
1NXaVMSRrdNxgyhw6SfAFYA5jstuHx6WpA	2333
37Q3GNhRkvrDe4B6W8CVouheSYUexVE4fa	2333
19deHHY57XmpievczCpE5KfT2sADcXeaeg	2333
1K3BPCUeKpXseFWYNuMZhWx29EiTXUVSUZ	2333
3Jrm2unm4fkWozhqjiUNssLfd5ws7nBgjT	2333
bc1qund36u6pfd3zwdl83luajqe92p6nvuc6vgnsj4	2333
1Lk5KWEcEaq9poP3TsDiqNvhYmY3Ess517	2333
1LgsABhHJcmwHjKXHj63fiUDS7K6y9fn3h	2333
1ANJpa9e3A8SwVdEZ67XWYPVFLNTtsCoQC	2333
bc1qaewqaz9x45m48wf2qlt9z6z7w29hdsnlw24kx5	2333
1MQsjcny2EB1ofcrFAKCyif6CnZyQmWrRc	2333
1CthFJEgHVLvxQNAL6fP6VhZZaw1zLZKDK	2333
156Xiww5ue8CPYqGAAqGLAK3sK3h4fLRqK	2333
19RW14popmZSmxtdyywANyXKb6S37b2oMH	2333
1PM1Rak6YiMpGcyiVkpCHKnyggkLS6QV4y	2333
1BVh9tLXipLHQFLEDNzG2e8emuZ9U6hnKW	2333
18sKM7mCxd97quCuvkgL2M4xNvK6wwWLkE	2333
bc1qpfz858wlhzaf6q9fwqrzmcefgrzqtg8crzktav	2333
12bubNGYutjtdgHSZwBV8vCLoQGFpQWdtN	2333
1LJbQWaG2NRBeu4MedjXkFMT9TK2Db8hDu	2333
1KtWgnXVXd5t4r8QrLjkqNJdHjNMakAGRh	2333
bc1q2pscmyrrexfwh68970f93evlcmgx33hkcjeuq3	2333
1CmfD3bjV9PaCyoEciuVH6tNBJpN7Ftpmz	2333
13jttS4YrUD7XXRSj9bvcNYGVLaxKB5Bpa	2333
12AAnvHVq9Zko9ZMtyDbazsMm28jsVrFw6	2333
15NYTBGeYEhXNZiNvma68rBDwAaDFYoJmN	2333
1CftV6dMuKbgNo6qgcyb8ZU8VDFNdjuAkj	2333
1ABTdwWsC7qecERHPTAhreDWn6GYo6qy5G	2333
bc1qzhcu5hwmaulpfcxmequey99mqe8ns5d0jqf6df	2333
bc1q8e4cwgpp5hvjrmsmj85gnxc9wefdtq255nl629	2333
1NHmY3xAjo4q2PpetfofBJd9SikvqSZs5y	2333
13RDdwxWTKeqdkrE71SDNwzTFDArmTSb8U	2333
1HyTGkqENXoYSBcceyxJXPpNboJbutoPzU	2333
1Gahk3jZCXRnUZxhf77HXaPnYQpjbmoTaB	2333
1EgU45nKeex8Pjd83fSBuq6cwCp8nSTwmS	2333
1LXRTrh3TTyzi6GTEDoJchJtzVi3G9AhC2	2333
1JH5WRiyeA3GeNoADtNCxkH1oVonEwugpR	2333
1KyW3n7PRwgHPNjKiGtoKt42cEZTMUEh7R	2333
bc1qhfnytx2lhkd2nfdysucalxr44gfjwnxqd2zswh	2333
bc1q5q6uksjx0cu4ytdkser4achs8qxkm94fhhf6z0	2333
bc1q4ntz4dy4d4j74jq3sd7xy7vs9d4s27wuc9dp0v	2333
1K23FDxDVU7EihtP4kC1eaivLQvtKC5Sfg	2333
1AgDQc2ku4zFczJuRK1ZDMJkAwiDLNumgG	2333
15Ydr8KSg4qYrtbEapN8KRRnkafHBdgpFj	2333
19fu99ZhY8ya7dnDNGrPLBKC5zE9zazTAa	2333
18D8yjThDEZHr8LohhP7vgXkqKma3WBjAN	2333
12dsZtDjJdXfF4sCNzgUqtrvLkuo8fRWRg	2333
14dtc1zhkdgL47Dfb4iw9N1tmuVNPF158h	2333
174STCkcLCFCtRxDKGQiooXNhuMRwtoyVo	2333
3BrQXqaAkQ97fvYswQ9Hvcrg2hJnAHARfE	2333
bc1q0q2jeruq9vwavc4a75vgfecd5p9juh8u66wqrn	2333
bc1qdpkq4c03x26lhr53jtx2pjy6nw0ld6ck5pmy9l	2333
18TANFYiF3BxoChh2Hce4PSRMGgkFJaLjW	2333
bc1q2wgv3u0023k7dfr2cy7lknh9mlduru2z8s47u4	2333
1FDXFbDso7FWLxeiNfcDbGE7ynFJssKB3s	2333
bc1q0a3u42ycl0hz36583l8735xwm8ygu9ns374sjd	2333
1MHfbzrJRRY7HsFnhwtbpzaFbPbVNefKFF	2333
1A2mvU6bfVCUSV6i4fzf1PMuoierKbLX35	2333
1BCdS5FgTF8Wx7LhC48Qcjwp1ZkJL7wFic	2333
1GHNbcGj2JyUHzzkNnRRjuhQ2stJRVTtwK	2333
1CqaThoryXgg3zQrgAR4QbJek2NNjSAyA4	2333
bc1q4m4lxuduupgx43ws970fwfrveg8dqheugspw54	2333
17pPUcqknqRPUv3Rn24pATFSziycVumQvc	2333
bc1qwc7pa3ngrvm22p0j85zh8j32f2xrxwrc7ywwyy	2333
bc1qn92640s6j22kmh47txm2mj35j06fggtk3aw8fg	2333
bc1qkfzn77gsy7xxsxlze0enq3hruvhhdmeacjlg2m	2333
1EshAmzPft4eqVKfhrZwLboBx5KSXt4dr2	2333
1CNvpQTAQ41TaeaHNAdsKzXZaE1Vagu3P3	2333
bc1qe4pvlpsjs940235dnrycm6jqz6wec5rxhl7edruer8mwg0uk42rs8j9vta	2333
1LNjyu1Y1ttJfCJ7aJ7gPURMKiqntxRdLQ	2333
16suNpsNjYN3KLRizJGwoLDTvjHH6ap3wg	2333
1NyUqEPJCeW1C1ZLwwHnRdCKMJG5f9QAdL	2333
1C85oAW42B8G9fButhZ7dy7hy1dGRqb7uZ	2333
129gYEiFUJJw3AeSsZAHfJbLD4KzXBfMSJ	2333
15y5oUb75spMjBBchW5p4tLr55rn53taaT	2333
3AHQgCz8exwG9QPAfoJjop2tQfmdPBg1Hi	2333
16RvEyFLi9FUgfQeLMj3b5D3hEZP6699RR	2333
1SDsy1J3hdbujMF1RaUkTqDCpE8KEnsJe	2333
1Jkr3ng93gUcVxvhURjAnXb2VQ1vRkDgGH	2333
bc1qdpym7l0t76ap4xd9stfw87re6ctrx0uf0h4f8k	2333
155jkouLUjUyT2SLsqK7uJnKnbRLTjqQpP	2333
bc1qewp68gl49yf0vh5sx8e0ylwx2sn3lqj6hck68g	2333
bc1qqkt29cy7v2eysmk3fxr46kd7lpmt5x4tqtcu8l	2333
3N1brfejUH3jRztomETWvB1vY6HhsUhYde	2333
bc1qqaqggmcl5wlqwqdklsedu2dnnt8m9tkskavexx	2333
bc1qad7fhhd9gsqt63wnnw58s2y5gmg0fq0k7lnnju	2333
15vwHz7Hmh2mAyjotk21MzgYWWvKnvEFsK	2333
1Atc1H7rM5GqRU98rqB6wNLwzMwxFuUNSk	2333
12wFmQssLSuTUeQo9gEQ57tmgV4Qyaifb1	2333
14d3JaP6ZKWz9kKoPX861kJRNc1R1HfPwK	2333
bc1q6zk8j526eyq5qnqgnen2t9j5gzput3z0r5gu5j	2333
1GoJczY44jG9hQaWsVHhcvXKWoac5tiLa4	2333
1KUjXjw46b1FBpwL5zkLyV1fMsGJgjZXQR	2333
bc1qyhdwackwwjp2u2vd7h00muf6cajvvnadzkre5k	2333
16ewtSUwfRpSxgeYqGgK3ER9z3LRQvXVPS	2333
1Cr8bkevme4pgaNLdcZVmKjUb8j8AF7hKZ	2333
31ihj6nULSB6dfw6u4PEq4bxJVyhbQNjqo	2333
1GRyzvE47QkbNz8uJveWV89ApSZuVq4Pfj	2333
bc1q3az3ldmc2s6dm8ac3ltlt4nl9935sdyfe44lhd	2333
1PntzcHd3CVgToDiN6rCu8tqM3LxF9SaMM	2333
13krjCxtwj9BvsRvrdZvBM93PFbfE1ffa7	2333
1DaKXuCJW6ZhCPnVxGc1byDVW4XmMf7fAk	2333
bc1qf6vplkcwmpadvwjkkn2u0trc44hzuafhp70cfz	2333
bc1qehs4almf2gr8vl2662zdctyuk3ddwsh76pw778	2333
bc1q7fkju3tfasvee0xp7dtc6q03v2y4yqvm4gqwyv	2333
37tbd7jKtTWbdnD2Ja44T3KFE4oCqaHFXv	2333
bc1qcumr6wxxpeq3fzeug77m537hcu8jf747cku99u	2333
15XjbTKBwgie9hw8xzm6mTmS8Fj6gAkJC2	2333
15ZcR6ThrYLUPozVNDBCMZRNXjVKymFXut	2333
1FeSwwrYoj8mVC27KoBof6C24rSG1ZSUeZ	2333
1fhRE8XfQnQ74kS8Kjwo3r618RUUpMYc8	2333
bc1q59qxnsg0hss9hse2a8gpl0jnh4v99jk8c8gc98	2333
3LhmkiPVe71edbLa1PYMn7NK7PVS9S7tdY	2333
bc1qnepq385hdc2chfjm3hrycxaa2vuecglxwpun6c	2333
1B9ajxxQ4Ex4UTb966vWyRGLEonnjHBVGx	2333
1PYnMCdJ6sWFaJt2A6BeB8CD4MFMrQZYMF	2333
3JZfsQJoyZCKqJyc4LEbmvQrH9DBZgvNro	2333
1JC8Z59rRNqb1qeeWxayrDPkWgjwUzWU7d	2333
1PGwhCmJQpGr6h76qv66xWstvo9FMdV1m4	2333
1EjHdgSzTgkfHdJdyTEq4fUtr4MAjRrkFq	2333
14vtpBDCVDdh7fEzAae3aSaD7grzCmYhSM	2333
1CNbwT987sRqYF72iTbsDy9wEwJi5ENudw	2333
19Bx4YuEKjksJjfEre2LM2gBrww6XttyH9	2333
1DdnMPCmW6DDqotdaGdGpLv6cyi6DSYXW9	2333
1HGEjcMCyWEZok2doigBBjiTraz8poLLPC	2333
387Mye7RqWPuNqHasQC5u7fBMHvZk8pKVa	2333
15Lsz6E89iPYxvaTjwYyfx5vzayQGpPFgA	2333
1ES2mYJBTvPUfsVW5Z3QjYnfwurhQTrgDi	2333
32K354PZjgUzekH4xw1DSosG6bqmxsbPoq	2333
3DokdxCnMUCLXPr6sZqoPfDBsr3UGsouqi	2333
bc1qwy5yqr73mkrqmptkg38v4vatxvu6aa356zr4rx	2333
1EjkQFyKyUd5GDiNhdsuAVrAEd695UdBBw	2333
1CDwEs4w5P41mPVCpGWp1KF9wKBkYc7C9a	2333
1CfzVZcP6Ja2gZv3uWqVFb66HjQpMV1Yc8	2333
1PVa1K2MmMhkKaGxM31rfAcZb3LLqrg719	2333
1D5b7k4GdmaJXyBpp35bTzoTfbMsh9PvDf	2333
1DWY4sXND397WoKcguyyPgvsjEVDfPpdj5	2333
bc1qrudzzjq6f0edsg9yusfmaml688rwaselzwlnm5	2333
1DG4gMLBdR3FwphHKcE2p9muJaUj1Yy2Uf	2333
1266FjBD7iGugiMgbsaUojshy36J6Xsaj8	2333
bc1qx6geerwj0jkgs798fvmr36v2vsn7mjxqqp5pna	2333
bc1q2f099zl6xcjkyedgeufjjug456jg4j86qsm0yg	2333
1Z5o7StrE1xGJL5HveDcwAPoDCNzg4muY	2333
1DRdZhDtZzgCNeJ2saaymwTXdtM7gKP5CX	2333
1DzvsyrdnJEe3vinPPcZchHb4hZum3LWhm	2333
14ZqVNJFsGr1rMbz4t7bDd2g7d6EFDtnAN	2333
bc1qx3cvqdd3g0pv6vzzp3n8nsa5q7qdp3h5ry9c32	2333
bc1qldcp6992s6d8h9x9ksxyy65x6ypv05pg77ymjf	2333
1LfZEfCNsBtnkmtAP653evvgy5FpqcNEMY	2333
19PLS2bjwMJy9Ds12VpA4MfNW2S9jF6yaZ	2333
bc1qqh2uwv504fasj95f7rua5gfnvd0wxgld0pfy6s	2333
bc1qn8w2l2puzjwavdh6a9xxvflfevpj9sf6vqu5ke	2333
12XZ6K1CUHu9CeC7qWjchn8eWoyYUNGFSi	2333
3Hr7HgCgyVJe5SW5TDZ7figQ4KY2kWPTYh	2333
1EoY6uGrztCAjc2UmZeWNG53srtwn47pX9	2333
1FZFkCMofJVWRq56znCSRggeRwCdzQ9K9u	2333
bc1qfynn9u0g4m5wprs0v43nkvx6p8pl5l9xdyu4vk	2333
1AkxvDKiz1Z4YmzxRryJXhfKygm6QneKFh	2333
bc1qwej5jcu08rtn5xetrpd62tkkpqkxztj7s4pu2y	2333
1LQsvneQq9MQjgSxrfWMbDcbuTTNrqBstQ	2333
bc1qyzcmuqykjdcqtnx879hmzc6mxjug29z5a77vhp	2333
1MKzjXRmaQfRcySsPS9uGWeQz6EKQWPuvp	2333
bc1q6l0cmxqeq8fw28yfh5g44dr0h0zuu75gjalfj0	2333
bc1qe3cslcx02d9d5dkn5k33zupnu8nhcaspgystl5	2333
1L2vX68aFpParR3DLRLQoELhsPszpSePLA	2333
bc1q7afwz3ms6jk2j7et3c746ltqt5zk9ry86lfecp	2333
1PJ8z2YEaQXToTrVPYXJQ9kqwCJiddFsyh	2333
1CZ7LuepWs4M9b2GdS7UFBkB7eJU9XHrnw	2333
13xWzAxixrvZFg9B5iZoiyoiTmg6Nu7cjp	2333
1JQ5m4u2qXUT6choBVEqoV9vVxhQmizgqP	2333
3P7LLHCXU7rhqCPCxaiCKmQnuZ6dnyo9sj	2333
1PyxFQGfKh7CVHUumqUNdeQoorWz2CUxkm	2333
1MhfKVbumFwTjxjXscMsZwgMkqjmYJ7Sa1	2333
bc1qk9jy9jpn4zt76tx879tw9q9es9qzhuj6aaevnz	2333
bc1quh8rp8yfpmpwudyqdre4k5470pksjardn5wq2k	2333
39eE1FJqgqLefnDsvLLWcQ6cCjZRDuu9PU	2333
3JcXEx5kcrQTindqnLeH7QpjUBiLWCFng7	2333
122KbNFp8Ht2qvx7NGYTKpVpnXKeL8v2PE	2333
19p9XroJvM2tFouBsd83f3iy6JSa9mVkfE	2333
125qLEaD1EBs816koTTeUsvw8Q9juZchPP	2333
19qjL24d9vFgfLJuZhXwRaufLSHf5v9ShX	2333
18TqrRuB2LLdxKKHc9KC8hBDk2es749NAE	2333
1CqggMcWqfJdaQMyeM6NCr6BbEY5syDc7C	2333
bc1q3a3sg4dtwcdhujkas3x5zctpqsnvnm2tz95xv4	2333
1LJtj8c5R9Y4964R1AWEb5tFoLnJMkWtPe	2333
bc1q7c0hftv8se66gxe6x989fe8tuz9fcstx7jumvw	2333
1BRKUuwBFFuuTfc3BSmgySX2tQN8B12FFn	2333
18xte8FhdVoYTqAUdA2T7ANxxm9frpGThQ	2333
bc1q7pers58h0cp2xpk3umes3dtxxfeklqazh2kn8q	2333
1Ma2v5UUABBYRFoBz2VVV3yNnhbH5cNp1r	2333
bc1q3v8tqjttmp2zd0jje6gnzf8ck3wrd7n47p04kk	2333
36ijHcLtz69xdTgiEXx9LQxwzcFrqEc6Ea	2333
bc1qdfa0g495tns3hrmadltjgrzc3zq8jgsa0j402l	2333
17AdwCLBP9LaWAgCLEkzY6SGamVLEr1uo7	2333
18ddibQaLvW2rCZKsJxsgJMeaxLwvGCrCm	2333
13gKoMuqvFT7VcirC8BjNsnGj3EPEsLsFS	2333
19G3yDW1xN5eDkpd8KPqnAfeeg315h6h3Z	2333
bc1qx3jscxljhqm9t9e60pj5nytvxqu59wppl70uzx	2333
1A7EsWJsct5Py97m9ZwbjTUxLLWcUn7gbY	2333
bc1qjqm3peua83ru5vn9vhetxfh9gmjksm67srexr2	2333
1J9srqWGDDYBYM8MPrCoyzkcnaTmnuukma	2333
1JZegq3mdHYn7BbdyTs1YMkGzobSGCy6GT	2333
bc1q0eh7gdu3vt8sr0t97uhu9mkmhl8u735x5z7e4m	2333
1MxtaaTT4KafKTKBHV3ugDk29pYnN2csSv	2333
1HgsrBVNtstgnDLJZ9XyaHvHaVL6qjBpRe	2333
18zXYCX4p15Xk2QJTzvQzgaCiQMZKeyA9T	2333
12hqCQot3diqBi6fuybwtgWVtVWU1AZTSP	2333
1AKHCQhsHo5s6gCSdEGZq3Qa2GfEc2BHjz	2333
32vCGoQXpGts6Ewnfz2wH9i2nY48wgm4dA	2333
1JdZDexUE2gGvGnDsbqsU743EtFemzcCmk	2333
1KCsrhwqxHQ6fWqcdAxe58boCF21qMHwuH	2333
bc1qmvl06jrehz36zs577tfwdaqaqhy0vnse47gtkx	2333
1DTpB67BGg2mZRTz1BntuGDkapHc5qQx2H	2333
1CpGF8hRmcXsTEfNB44v9BpcFnEehLcpcT	2333
bc1qxlw6yxj9gqmqzjus82ejug2lrcm0fzwpeqs6t3	2333
18uTaDQq4ZVHSXBmDEkZGDKU78gEkS1FTW	2333
39jncGr4BEuXkcpbqeD2RJ1XntdFxFV2kU	2333
bc1qgyx84wwhtqj27627uz5m9ypr0mad9y5mzy3gg7	2333
bc1qu3wpndmj7kgspz4tmtuep3xywxwk5fk9lunvyd	2333
bc1qjsuc32mrn6z60263pvgfwpkexd6vezfmuc8ydu	2333
1JsWqNuSd1TiFpg11L8Cpze9hcuYHwdBmn	2333
3CLah2KFMqkpMVHsEkoNy3okKaakHh5Czq	2333
bc1q90wtc2d9kjwsrcgdy5sqqa9edfl7s9ee422hc8	2333
1B5pV7vy9RwhwZwZXutwyBpch7sDFvwj6W	2333
38VvgdnDcHKHBYPU4NEAqMAtnyR4o5WRzy	2333
15W41U84MDEbdNmCNnSBv3XUaEr1htiKbi	2333
1HT5DDzzBfsdzCN4r6ujJtbMMHSg5UJafb	2333
16KFoMPpQgevfoR1fQyrgjwTbJSREn5BJC	2333
bc1qku78mhv0n032xmsnrxqm2pjszqlf0cjgzys49z	2333
1J2xbhgCZQnxXbgE533xpRr3ipNjvv3WR5	2333
bc1qk7e2jc8ruv47k4ng50gjtns0795ncfrnqd08yw	2333
1PwWNzXK63eDBACergH7dTkc4RELKENVTz	2333
19w9GRCV56ianyjuLYUjG1afgG1ihCTA7Y	2333
1Jgd4RmB723SKasseq7rBtdRQ1UM3zNMky	2333
173X5W4qcNdNuw1JZe9NY4huGbY4vuknYz	2333
13kCLgxvrcD9CUqY4k85mxvt4r8z7KQrZF	2333
1AmsUPLwDHgVmFvDkYnSYoRSr8KziHMrgb	2333
14vDhK178te3FydGcu8HbcVuWwDZcQvQSZ	2333
1NeXnoF5sfnTvaVjYb9JjacwUx9h83Q59c	2333
1JaMLd24tPexGXyzFtLJPAaPWY442nHpZv	2333
1K4Bd5MDrpPjFxEKCHakPiXHPGYffa7Kmn	2333
bc1qj6fag72a4zt6z03rcafykq3n95eaxgf7h6w0a7	2333
14zgeNRghZzf8437xMMKbtZuvbrjjR5zjZ	2333
3AnrQfzvsuqtbWDXvgBrFVdurcFU3vdRTN	2333
bc1qycnlmep6m5738655h065ch33u54dtm82k7lw2y	2333
1NZmQMuzKMA2PGC6teWYfSv4vNbNzcFgYp	2333
1G9gX3sY4mTFNFv55cQoqFEKw2RxWE56TR	2333
1Gze2BT2M5Hat8kC9ALFpPohM2GGJtNmSn	2333
1MKEpwYyFKdowtrtUZW1ANbz9cgABreP6s	2333
15H5GRA3D2DbTGVFTh9J8EwsCTxTbPrj3Q	2333
194e5BJNNiZVBHU21mfFmfDggVuuFcnYVx	2333
bc1q2waz4qs20ktg7gvvk8fume5nax48c8uyfx2np8	2333
1M2Nmgizr7uiP1cbH71qcReDr2Lz1tNPyr	2333
1M2n4rG25GapWndTJz8zC5jgRNFBCjMsVF	2333
16caGmtSG22gnVnKf5tD2Ehf4hZEvVrKs4	2333
bc1q8k5tfj907mqqczeyemcwuzdnjh00s6t4ygzg2d	2333
1MBZBiPhGDLcTdkpSNAkXXEr2RZeTHXMqf	2333
3KGDD51XLeWL9yKcSWKHi6DvQBaDEt4HKV	2333
19MLAeGxMMgkaMpjbqtBNcX6N8QPBBNtHX	2333
18HTfUAWKu3UYYxCR2H3DKahvSc78qC9v5	2333
bc1qrps2sfnac80dewnkxwyeef894gpyrldagdwu97	2333
bc1qyhtc7ucxtld69z98qcqu9c920nxhkfd2wvjus0	2333
13izFcMTYiR5AWrTtpLtEG8dZ4JTqKoENJ	2333
bc1qcpzsf8zrrnw32pd9hdj72pul4c0g07evv4r28f	2333
1AcaMRttzoLRRAnsuku9nKL7dCv2RWWAvF	2333
15qxHiJuYQsvcshigJX2tsLgnP8zSSoZYp	2333
3EnBKaDvvygUnubg98oztnUGkKFNJyUScn	2333
191A9PH8HC2FXFv4jbUcknQQNQ4v3GB1pr	2333
bc1qrgqs2djwy0jdpysyfu4uudtp3l2esjzhtztq9h	2333
15p8r2XBVvUwEj4z2tsvduhaeH3UdFbyjw	2333
1NzEJohM9dtaWVygrMLQxi7U4N6e5EvvbA	2333
bc1qkg527luqxuequ0yn2zqh7900035n2ssym2y8nx	2333
bc1q0txj93jxp2a8aj45fsdv6slzlvnucwy0serqcx	2333
163u7drRTAEaGuzPaNWHWecCWfeBw5yX6k	2333
1KgEmbWCseRmsfrNTfkxqEEj7b4s4VNcym	2333
1By7831xz6WBpkMwud5jamUBFMM7y4m4so	2333
1Bzc1F5YdoB4o313VMCphYgFuhtLXXFejj	2333
1BHgt5o3nHfehoY3HAG792guVrzQTqDtHw	2333
14j5T6NqVPEW5XUn1SfMwTpBJSx8Pvf5es	2333
1MXyu6z6oFdJGXjZiEgAthRxGsZLFpTRsb	2333
19x2CQFchTLyPcuQRQ1uZLVWTa2Dc4fdU	2333
bc1qdstj7m3d70fcqved7ealumflh9ecce4ldjwnhp	2333
bc1qajcnx3h36juxe3a3lekvzfv2htqnvqpm86qjvv	2333
1DfenV7sgU1p2ST4sAzx6hX9ngAVv1HMRQ	2333
bc1qcq2y4l50sy368q3fhav5h3smk5fgadvyqsa5ff	2333
13yzBquoKPHNzVasoWHW4jUfHdPhGCq4Nk	2333
134tFDByotVWaEWUWWJY3tSisyuV7NALLz	2333
1M37gsukeGNrbiXdP9RZaSJuTRkWhVzMLm	2333
1JDEj37BdjvtLgDqfReNAhtzN6AiJD16TM	2333
bc1q9m5gthnwdyydfyrrrktyh395p9hf8kwf4y5fjm	2333
1Dmb6cnGAd8nfUJsGQxSj6MDZFmGijLL8o	2333
1EaAWaDLqNWsh7azkzVtnFvNmTidxftnVi	2333
173jz68C4MyZE9V7CmkxLuTGo6oC1P5n57	2333
1Hz46xKjjrh22nTisxQdR7Q1SKXEnP3SFt	2333
1MPo6DeVvLGMPqtcK6Vz77kkocZad3gRwn	2333
12n3U7R3Qew1LbdEcYdWPf5JoFTyqKNoPk	2333
162LFPxJVcvqLgoPkBwjYJfLKexYLRHYje	2333
bc1quy2n6aqpvl4j32e6uf7pthy0gpexna8ulecen7	2333
1JjS5yLSYw5oM7GsAKL5Gzoaab4cYF7ewy	2333
1GdPhDFCDWgRU15x8Ja2qNdUukLFs5L4RM	2333
1CBKnGyCkKCCUrD6F5G8wThoNTLKL35vNA	2333
bc1qgv0lyf2r28063zmu4sxpfpx8q56z8nr5ht32dl	2333
1Ago6VKbkBra83Pe4G4iE4aK136TmQLgBA	2333
1fnYckEUybcKqXULLGZywSmeMC8VLo54i	2333
352pv5aRNYCUNjXRxUZghZFyEgMqYzo6bt	2333
bc1qwpz9h3jjskt8rzky3nwa0y6y5xwzm3x6fqut5f	2333
3DdTq59YhN1Z7T2ucqyqnNvrzjHFPyzuBD	2333
1F8CZaySKja5su3xsN1mwqjBUbhD3napww	2333
1JChxsqAD8nns1yxSPVSqShWfUY7tSQiXK	2333
bc1qnr4tnw7r70ce9k43jpmyyt0p672ha27jvm59a5	2333
1GJxRWT9ZKJdYRJgkGM2AfhAUtNudWYfAL	2333
1568mQdtb4TqKQS9CqbqHmHBmTPY46uTth	2333
bc1qsd26s4qczqsew749tcjpxhyxt5uqumxh9sg9d2	2333
bc1qfvx0k9a4djc3jhsy44qfa6q0t3vcwte5x4kur5	2333
bc1qku6uav2xdnw86u89pme68396u0hnwuvga6pqj8	2333
bc1q2luw7997sl2pqznv34lrn7c3wq0t5s2grsjcgq	2333
bc1qcrm97t0e5z8wungg4xfhkj8ah828g33ypjslg3	2333
bc1qtyfurfu47rqf3hn55s5er8kzy8vt7t0t3fhhly	2333
bc1qukk75zqp9yg6gax68a0zt0t6dreplwydk7ms8m	2333
13NQcfimgkkzgmZc3NFPXAmE3YPGghPpxJ	2333
1Mxko21gKvXF4mdv3C78SRyVJ6UB7DM17Q	2333
bc1q8ahphvt4vd5p0lg7jdfap4zme4qqvly52qn0c9	2333
bc1q9zephd4tyk4dl783sej8mm8fy06vluut47epdk	2333
3NaAm8Ti1n3eYZwHRgqncymH5eQqAdDacc	2333
1ExNn5nTK3d3R33vFAWzvQeyTS9Mm42xaF	2333
bc1qswacnl45tu8vze6v9ydpquxmj5axr8m9dq30st5zy2h0h39jr9qsjy6vyj	2333
bc1qqmnen0gd6t3mfv5z3hns6tseaczjdw6ysk9g52	2333
171TtpG3JDD58g5D36Eb1ZjQAMuv4FFA2B	2333
17ngZYm6aVZppqdGH6xeHBrNgMkwEPJsbr	2333
1HnVoMhrQpvX1S8cWodG7nU6PK37eorRfK	2333
1PizPDU9AGhsC9VUihpikg3aQqYUbkWeAw	2333
1NtywMPnbHmxgGHDk6BjuCTYHRKZcaLwvH	2333
1GHpN6DvZQbaDgkk4Q2cLPsvbPnYgEDiFg	2333
bc1qfcsvj77cruprt6mq786d3a9880ks0f7fenur3k	2333
bc1qn926ue6e27ptwtm5gepl0ksnjeq4rue8rdntu7	2333
1JxBJNeGQox7gQJyhaTgfq7zYGQZjFAvVc	2333
bc1qmqj6nvxcmwm06pd4v9rhmrqlz5nzekfee9qhth	2333
1Kz8oYT7BYHvdpfbE4UpFhdjGx6eGYQZn8	2333
1E6Hy8fNkkA8VZHXgPt6QARP4VvzwKWz1C	2333
1Mp56qsTn84pAfxgQQTiwSEuDLtYtGiCLE	2333
bc1qs8qp3mzwfpy5u5eqftzev3ck7lr6kuev2lgkfr	2333
19Y4huGAcCbbGaMBCRxS3dKLiUi3g64ByN	2333
3HntXVro6R5JpoV94QvVYEc8A74gCFe7eU	2333
bc1qwg4d2mwmzrfcg7s5f7ufrd7ruprf5d905sm4vv	2333
1JyZDaaz9FgdcujDMx32BA2a92PTBQU8M3	2333
18amX4cp23aYWbPhjU65SSRJ2CnLzSS8RR	2333
bc1qsz3vntyx6zmyfumz36nl7j9232kxh0y3ejymfe	2333
1KBbLjseaBQdDR1F7JWBtzi8z8KQWN1kbM	2333
1JHfY8EfsxSXrWankskEfDNCGVHqgFVDMd	2333
13JooPFosUkPUGnQEPG2UfxUgL5NrBVaCP	2333
17oD4gxXmPWY1iDqi3DCW8U8njqASJBb3m	2333
15tWRDcgm2ZAB22e28KB9cfZQzhRKJJ2dc	2333
1NPU8xJJxfC6ZzigapbDZqtTfuwnbpLtsK	2333
1MtgdbkXjYH8x6k2thPVBH9T25U5HijNEU	2333
bc1q03wnelejem92s62xp3f5l80e3943ac0s7837y7	2333
12AzpWbneHRW4aWSggZ69J836WA3ZoQXF3	2333
bc1qv495ww3akvj5r2t2nla7hwhe497r5vtxt237ey	2333
3FhUU9ib9dmJc7Y3rA6gdtm7X1DovV61qj	2333
37kcsAjiHc4gp3HmB6py8SHeKR2Up6zDot	2333
1EEiB9KJrWV9SYZpJzVcskzJUaxJWyFUzP	2333
1MmVY15wFDEtvrYEYy3HdvUfurLmax9GUJ	2333
1L9iqcZ9CtpEbN9tkM2tPGfXfSFjuaSRkK	2333
1Pa5DT1keeCjDqCZcp5H7wTXS2VXUZqYZs	2333
1Hc4dWJ2cp6TrYhqpLaE1hKybpjwekiKxD	2333
bc1q9ul48fzsxzyk5swgf2clpklur5r6t3rxlwdv7h	2333
12MsYpCzv9dXJnpT5RRrjF6tDKj7u2CGe6	2333
1D6a9CVDRDGJxKEqoDbaGeGgKvSpvRNAQf	2333
15m2vWAzstxFGwihM16zQG4RJKWMazMeif	2333
12pYNtVAoByhaW4VL9TpvF9UakmHt3nqqX	2333
1NfKwAq8LN8N7fAAKayoruQSbJRv5REkQV	2333
1CTeVwv93DZtTBSuJw8xjfem3eqTRD9svv	2333
bc1qeg4ef0srzaufyuzhlc3xntygf6v0x5ekzf9mjh	2333
1PgJePqy2dTgdBjk7Jgtf29NabXpEEqA1z	2333
3ABUgTpmnyZFJHrLB5MZMTrrnM537qwNdf	2333
1CrMHuAUx7mbV3B6pDssdbLX88eGwngdZP	2333
1MbZWPX3SbkRzfQsu7V4N1mm12Hfnch8w6	2333
bc1q7yhexy5sfjk3wmy86yq2gx833kmvrlexr468y7	2333
bc1qa7jvctpqycf36t9qkg3kq4na4kkp2ze7yw0lxc	2333
1JGpGgrinUksAjaynE6LtX7D6rv73KwAAv	2333
3AEb789rq8QCebB9tEWUP6mTvvs4Dyj2bT	2333
14zzqZerxKbLnhmd6Y2pMkkWxkSspa8Wqj	2333
18emt3BqVisiEKb6i6oJM1W5zDMN6xWfMA	2333
1LsbjAwsvSLfrbCfzG3ojqRDYb4R5qMuUc	2333
16JGF6x6eHRYAmDJLn7MRUiQBnAQyTCta6	2333
bc1q97t4e27uh3ahhg0kjalk5vme45uknmw5hr26mx	2333
bc1qsl6eynv39e5ggzhrrqgxe7nf25vt620ctrc99p	2333
16G7SGzW6QVLpUFL6z5TLFtnbXsfhuQapB	2333
1NH1aCcHf7mpXhWCbkVoDHSznpqMk7A4pR	2333
1C9x8AmyBq3sfJf4EfZEfEkxtiiVer8SJh	2333
13eqmXSvCaxG81MYcJNMsqQWe2vTx7ZGpr	2333
bc1qmqwtspekacd7a8xdd5pufg0cnqhxln4spd0n4m	2333
1NNnpp1L7hQxpM6uUzgZSffXtHKaswFibe	2333
bc1qvl363ck3328kv698pt0us8l9arn0rfmfx9l8qp	2333
3MgxRLuM1Y72odYUu9gY5iAnQZKdekbJxw	2333
bc1qxknap9cpymujws64ye2pwh6xry0j4np70uhqtk	2333
1h4g78MqE4WipYBQsRm1Yae8GknDRTLJY	2333
1GmZWN22imq5Dfi6QNV9gU7CEpHDgDn9sE	2333
14duFXexKKp2f4xHqDHJda3JGkeRSpWn3b	2333
3LggqorHkTonTpiPLBNGwbmNaQoB4kM7xo	2333
14JbDqBhqRNVBSxVDmcw5kqX26FkvKkSL6	2333
1EEi8YC9nSetGGz118BTbjBFCkF6HG9Zy9	2333
bc1qafagh2kd9qte40m4qkjyfatfxd6wnvavussglg	2333
13cC1HG64KqCy7TopKoeU4ANqE7h2AFD5N	2333
14WAfCK1waRr5s2fp3myHUUJa5cFH25jKz	2333
bc1q5k88yjdmqeq6fhev7dcz7anq5m7yteenzwqff38cdwapx0uvrfrqj0mjvx	2333
bc1qlezs9pw6m3xs5rstwyz29jgp6flqxqlfwmwvjr	2333
17EBCE6gDDEvPXofEXvG6bzRAf66nU1L4f	2333
13QsXujjTDRb1cpfiMbF7AQ41UbbBdCtT2	2333
bc1q9wy2yzf6hqkumn24je79nawdpky2m5syc4vpwx	2333
174o2doqJyQmiL7EcNMMwPQ2YaCrp2sSBs	2333
1B74bES8nh38qcp9L4fHvtJsVSjdsu57A1	2333
1KnMWP66R1aVVngxxabrXvGw3249b1HMVd	2333
19NEudBvh8KHrbcLDibds51oUx87Zj2K7X	2333
1379zYUod8PRjoXEyGj5pNG5KQi2acgmWs	2333
bc1qzcecjky57gwalyzlecqs86rqm89jawjww0883e	2333
3KZMojnDzB1a3sq5zT4WgrpjzkT1A32d8u	2333
bc1q2yrqcmd8wj082pyldfdwfcq0h5tt2j40mft7ey	2333
16TNGvz9Te8xH3VbGHRe55hqW4FWiBmaDf	2333
1BxgeNwtU6k5TpSvBoANCSK776ZthFi1eF	2333
1FZcXFGo3KDnpnVV3zU7JJYYmLgCAdcmgj	2333
1MkxqhpJJtB35rz9xTphHpt2r2LqEqRTb2	2333
35AVme7yGFQvwQyWYfCq2XmQKoK8hgsoF2	2333
bc1qx6c0alqlfn6g6744wr0vs30fduyjtm422gr5x3	2333
19mivyfomvzGU5vQRcz2pbQBUuM8jd9Swn	2333
15KJCotxirkDBTSrZ3LtPAZ2uYVTEf7SND	2333
bc1q0vxrwdg4t29s7jvzuq5z8w2w3xawjpryppphxg	2333
bc1qgjqwe3ndgmrdmng86ht9edc0a5t6gygpr45mwy	2333
323S5ftM8CuNXuRSuTPac2jeFahUtvugHz	2333
bc1qu5nq3m53ja6rn6paqxuh6pgunl3z7yw2d5jl55	2333
1KqgWY7B2uwWDEramr1WDXCG8yN6JaAf5X	2333
bc1qnwln5ds7dy0gny5kfz8pcmm844qahmaw6zfljq	2333
1Bu4UVAGQxUo3PvrWqq4cmDXqXGaMtk4Bk	2333
1EizMdVDmAMA3rreAErA2d6zMYghtcDqXh	2333
14A2J7KuLTu93mQpb2WqqoMgw9n1ZjEKwt	2333
19WYViFivnM9a6FaymFCPL2Zontz9ST1cy	2333
1Bp2axTK2iviojqT6Lc3TNtXvdPJskBqWc	2333
1BoKy4kyy1bFoKUpQLZA24dPXje7qQAw4K	2333
bc1q4map8r6v3236v6g3zss4fdtphwnpw0q60j0ywlz0vlq9yfc5yd4qya228m	2333
152TN3HGcDhP9Wx4nkbtFzbqtp9DwP7cM4	2333
1LRcd1PQ1Kv4P6gG3xPC9QvvVP4mAgUvnr	2333
1HQH44gjWWy5qJEiHdwEA2avFdXnevvRj4	2333
bc1qk5lnxhzdedxvnd6mrk6y63fvl4jj6re67wpz0c	2333
1LWjXpYf1Po9XiV97nBRnWsYgpxTWEqiNe	2333
bc1q85r03gj6qwuw3czh9fcs9h2meh570qgl3z46uv	2333
1Bp4Lc34cJCBGJoiih6EEFM4roUgUJYeU3	2333
1287o91kDTCn68znrfWAgNLhBd5gaCB5Ri	2333
13LZdr2JsBSJeFqajATrhVBgWee8qPiJMe	2333
1KKmmTwMSFBv4pkxHChgQkLzPUT3Bd2ZyB	2333
168Vk4dRtn58ghx1BrdLcDYWobXzBptkNN	2333
bc1qaptsy8qay4l8qm8jluspdxr0cwdw3lfm40zmnf	2333
bc1qc4wxxgj5s6fmx0g7pjsr42up6s7k7pufu6y2lm	2333
14WAUyHvGvySN5FbUBVRuUFTYnsuovdgSz	2333
1LW6mHW9JMSkgtqgk4YT3pTYzHqJwidnkm	2333
bc1qfmdjtn0hqhdyxqfrjtydnez39men7e3qzxk94k244zqgd6kzkq4qxfdad4	2333
1Fd4bD4YUqJjuH3qWv64uzgU7mZQPZX9oy	2333
bc1qehlpf2e5xxnrxhr3rrty5kpkgwz0aj6835av6a	2333
bc1qlcjtpl28pevdmmhuecakkydy8s4e0x0vfe85se	2333
1HXv7mHcVfSd9XA4fPRVawBCvoBubNnown	2333
bc1qd0yam6alzvx2x4yd0z60mum9nywlmux8hxn37y	2333
1Kx1zjDqmUptS586o8MBKmqaCKiwY5LjYv	2333
1FBXGMt5YfiX1ZNjq8t8swhmsvVyhyRhUw	2333
1A8UzA5LZcTpxzEfmab3TZwZuL64pYA6Le	2333
bc1q3xt9g8w7ee2ld6ezett5ve4h339s7d6f770xvd	2333
13pq236DU6ypBwzRaSK1MGG5zjLJosgSN2	2333
1FyHMxnH3fv1TTgdCpDDSWYvhiCBAYKfFF	2333
bc1qlmuc8gdjjsg2uevze8kdcvph8jd09uqcrqmh4s	2333
16pnrMT445wD17K8ULtdFFChKx238UozXq	2333
bc1qwn3mu3r6s42fmakvmhn4z0av4uvzhju8nnfzhk	2333
1QGy8vHSJVQW76fXGGtE7km9MBVHGpkYpK	2333
1PqvBtKEUu1hcgx9efVwpetxj36pzCZFKC	2333
bc1qfgkkq4ncnuj0vypypvww9du9pdn7e6s3pfdljt	2333
1r1GzMdnzuiNmc2tgpQFrnLgphyvCkyS4	2333
19Vmq1RSH5RfC7k6a6nBczmK8bDkKRQCeF	2333
3Fias17onFNFv57KrpK3SYXUugr8HXmsQC	2333
1Jd3CtqumJJTf3kTnVgwx4BKce7cYcsrhR	2333
bc1qfxh922fltnx8r3ct7xrswtqgf6nxqwyxrcwsvq	2333
3J5THh9VJcAC8vHdu3AwwEUT8tohiKXNpM	2333
1GcxmMp6xraoSBUAKKsc5czxmXBzJffjRD	2333
13CYFZp3RRq7Z7gjnUuhwU9atgKKG9nRBm	2333
bc1q3ulhnrlh7t4hquu83hcg8e3kyyyud9huhgkh4u	2333
18sstxN4iSXC1Ct2UwwTB1NxCTNCoFLZoG	2333
19czYW6QaBRYeucUjYhcfVth6Pu5X1hxTn	2333
1D2CmaM1sBZVupPN9dHcZ2yv737nckQUp7	2333
15eBF494J1LbtHbd3fEaPnfGWXLHKi2rtN	2333
bc1q5zy0cvjarewuqt6rhq443w5n5rg8enh9etavsq	2333
1BWoPpUeY5YowLnvf54bPzDrxFMfpkXyfW	2333
1KWD8GPxj8nvVBNeXKkBS4HQxquEou2wNp	2333
15HjByYyrDhYjbag3WUfWv31qUciQgJe6R	2333
1YSmQXKrZqGqMCmG6VXzpqMfeif3Ywr7a	2333
1B91MoCAKgaNL3GbiJf3EhycTPBMP5d8qa	2333
1Cv4SRgpM4ffdhHNUgd3LwANWamAoE1T9w	2333
1DxTb8Ujakr4J3HchDA4ejPdSmQ1W2PzLY	2333
3FNtTP8J8foGA8msgXKeQ1QEdbFHCtkXFE	2333
bc1qk5hzur22lmac5wqmcm2tf68temramlmwmtvy2y	2333
1Az3997cn9WA9GZ4FNgkK4sXTjpVRFGFr6	2333
12xLLHHKePks9V2RD6ASCMiGUjxYSE1ZNH	2333
18P7KvkGGPEqCh7hum61mCUPRFndzssZ8k	2333
1AqgUPB4ntJBZQiiGyhf14oELjAAoyD7zT	2333
1GNPBnevzgrhZkAPLsuduHd2n92sbPriD1	2333
3Az5z3mvQ6qYh7LPW31YdpCtLQB7DP4stT	2333
bc1qmtdyegljw2fkj3ylxafn3eyvgn37x77dqft777	2333
1HtRg65iQF9viVMg7FiQ4UEaoJujTQgjpA	2333
1D9UjkEKX1d5g8Xz5QwVbG76uTNBLvHazi	2333
34wbVa1XnQkTzUdFZDhh4tY7bYATMZKmdT	2333
bc1qlp3e9nmfz2gq67d7qxr3s69d8zv0xu634m6fsg	2333
1LfZnPjVRkYRcg1yAUgT8sLx3FHNUf1Mo1	2333
bc1qnzxcluas3zpmu8w3x7nhqe9s0xpfse0xwe67hu	2333
13DpZzJdkH5sRaCgzJ92HoW6GBcSn7Mz59	2333
1n5LiwvmtP2KP2kQdTNLHt6EyPTJmBjRd	2333
bc1q4f4dl4ynq4n882jwahe9j2664kn3qlalv5pymu	2333
bc1q2qs2pt2ardm0kach3xzn5e990q880dtcycuhyq	2333
1J7u32sqmbhU9wBHXE4Yd3qBskf5AcwwEt	2333
12YjXp342oS7dEuqsEAScNRpnrdFYyxtzN	2333
3QFouyXecUqrdm5UKJ5mGJSREeNqvQooCr	2333
bc1q0thu0c89lm58mdkw23nc5yrkuh4nc6jpjmhu96	2333
bc1q882kk4kdtykhelctacwrdg6l7pc55a2ux6zglz	2333
3P16E75cZdzGRiSCa8gRNPGJQq7TDyVvTt	2333
12p5N7NY4722T8EkfiupVjQCYtQJDQn4aU	2333
17o1VuKR98xbbbzx9fJ8ZThXdiFnhtDuyx	2333
18zfPeP1QPoHYm5VLBEbeEQuEdQkwEmyM4	2333
1FsxLfhpodQDyRAzj5m99VSGAGe3QCy4C4	2333
12GLVtgQrp6n8wAoY7NhwTSnAq8pUEH13e	2333
17UvPgBPosHKPGioJ1LprjzNYz5951Pe77	2333
1A6nsjn3EkdDBU5bAri9T8Jp2EGdg5qWCN	2333
14BocUJCvjBB6WHxCQehUVmw2NwWqqAGon	2333
bc1qlpr29s4dge3hclyy6lmlmvc448f7ku6yacys6c	2333
bc1q5q3mu0jr2karmz8a2kzemt2y57alwqhetnc24u	2333
3C3pjSLt8bvWu9V3XxbvAzHzFUJDGH9W1H	2333
bc1qu9gw4sjyvjsr0eu8uq6zgpfcc8pxmt9x80jhrw	2333
bc1qeng86snl96s25xhpyt82w5dlu0z4h39c5lvf6r	2333
1MeGgWQxeV2st8fSoM43szf69xNza2ebjz	2333
1Eat6XzPFUDiGu3HfrQ5dv36BL32p2B9rK	2333
1F8Q65xUCb63dHCsHWyBFpzwmJdin4z4ZL	2333
bc1qglwnmmnjzppw5yhr8g0rmmupng3pvjrlhyhy9l	2333
126CaxSwiLsGmGRLPQKw3NzQZcRSqT3iDS	2333
1QKLgs7mdh66viT8kS8rZD9QCapvD6Pp4p	2333
16NxX6h1iwr1adWrand2f69Tpm5hbEeXBY	2333
1GDkAFuR7EekYJg7kavrv6yjoFC8TUkxaP	2333
bc1qrq9usaea8mmkm2j6m0ek5gkq90n99rm5vw639q	2333
3849UeoDTzq2EhNsS44d6u1FWSjK8yHH21	2333
bc1q5nsh679zz6665xch62uf9d4740cgz8ve36fxvx	2333
16FaMJougxKLeVeBgiB1W8YaPvbYWn6dvM	2333
1Pt7DQXvfSBfMqJUXUVSgVFPuXd4TwLXsn	2333
3NWUKvc5uKn9T6W3d78renZYtZiWo6BeeG	2333
1HB8w7UuEDMxtbK31ofMKVps5BKT39abXS	2333
bc1q6xpg3z0kxud32mpp7krkma30yev0xf3uxh64wvcvhelp604dmkvq0rpq35	2333
3EKqDF671TvPzBqy2BYRDT8BSuSngC86eJ	2333
1CHAdhL5weAbhcNppLtwaxGrwrHUwLNBXw	2333
15brCnYFsLrYVG5kdWRSZfd96SVN2321uV	2333
1B45jJWDNAo1xuptkQAoasscfkRjCeZos	2333
17ymjF2aVKWKzUvxqYZCgxqNGTWCKR9xR5	2333
bc1q0rlzp0hcwrz348lysz5hmezfrpzjkl0fxm4mgp	2333
bc1q3dv4snq8wrvkzm3knycknfskc3tklgntgpszw8	2333
bc1qz8tf4sqgr7cuw23evxv2p0ksajxrxrz4xqslxm5n77m58jfrlp9qnvkr2v	2333
1JaWEFScX4ChmjvLEjdC5qnfdB2JynwQxv	2333
12y2Bm7pEZVqwMZcQTprmq916kihTYjWao	2333
18Mq1KiKc7tHFSkyPEoubPcQXSfXTtfXge	2333
1JXNuAHuvVmm3GpnnNshtbjsjNiACo8vxF	2333
15d1L2PUnqmkhCweE9TdHDaYdrjVPrraxz	2333
1AoBK6o88pPWB1f1AMUSKPGhoEMCfXhUwG	2333
bc1q8fedsugdmfjhmkma74377x60f58agj856nulnx	2333
12brWvEqc5JJfa8o2cT4x4TgmVcjTq2Hph	2333
163UoudHUuMBzaQNQkwptCLTUV9JqJX51a	2333
1B4sBcdTMsZsTBZexuELB2nUfvAKC2wFAW	2333
178xxEAu1imEiBbHnUqD28b9a65bnkimdb	2333
17mCTJz2sGuHXLHtutGEt9V7t5z179ygKt	2333
1HqBikA98tHbnAejc9HobTNssmNwEQqTt7	2333
1DQwKha9QS98T5K1NBwoSUooqv7niXU7UN	2333
bc1q9qhgvauendr0khymv6396anp86asuu5lwstemp	2333
112SZgDpahJ5GFtbaH8En1gy8wKektLg4e	2333
bc1q6vlwy9zehjaqw4uyc09a3ffansx0pjrt9vj0sx	2333
13i3dgosYQ2UC7Aht4qvgAX1RvrE4SofLH	2333
12uLPozGN5dMSbqsFfRN5z28VhQnpSVcZ8	2333
14aada6uvbC2HJ1SuCRp2LhMSDodGo2Xxj	2333
1DNSAu39Fd5fNqi3qewjrnnqmmtDnvLgsC	2333
1Kp5SczrXXSprRExviXrc2UW6zxX6qyX78	2333
3C1CAbDrYrRGnF3xiVHpNKTXbTNk7h1TQs	2333
bc1qsc4ycf835fxtf7hg4uxgz2rakwpkvcr3ednagg	2333
18Z9yojsYF8rVTjDwGUo5Xwe75bnBQAWh7	2333
32ntPjKQHXGuvxw1jymfPh9iYYdwzXRZ9f	2333
1MVHbKV4VVd79AoesHtQt9mwHWHAxYBNoZ	2333
3HZokTkCQ7RJfYynH2FzJekr56PvN7BqgR	2333
1GWEknhBDNJc5BDxPHBiRJ7157qTLKcMxH	2333
16QMGaGc1aCUTCWmcWkP7fPH812KrGAfZn	2333
14MjMBqfa3VCw2HDEdC7x3m3PeSxtjBd7o	2333
bc1q4nq02jashw5dup69f7qwkqaerlnvs35f62ncct	2333
15HeoHD343TuFDDQJJuEcBPFH6twpZWeoK	2333
bc1q503arll97vfa2k5l48uwkgt6779p6ynztwl3fq	2333
1HDw575tykRekZbHqTpe5vhyo4bdoaSVXN	2333
1B7VCq5NGoqUcAE6UvM54VBWu1wf6Maigv	2333
199ptQfnsfj5JzziUEh9P5MfAkMJpDiFcY	2333
1Hcy8XLTpqsyFpSecuE6XiFBDFA4RHxKjp	2333
1AYrhjx4Spj2TKW9PmTP6CWv9MhW4JyuN4	2333
1BgyEx6SagfUXMHrncxxDavRXq4p2B1Jrr	2333
3GANuhR8vauPVF5W6cLxfukAoj7wuNbNDE	2333
1NvDUGaUoba1uy5S1rCTbjQMawkYKKueVK	2333
1DxTkdye46cdBChQZp8e4xNnUhJ7uyPzoY	2333
38oirYUrM8AvogS7f5zjpUgVsfTggSDm1R	2333
bc1qx8pk9y2ptw4ka94hd9tc55y394x2yjpa6rwmwr	2333
1Bvcb2czwep1kULxX8hjjpp3nrtfDjn9wH	2333
17sts5VR4a9rBHACgCo3TcF1RkcHskxV4t	2333
15sKaS9U2t2gBQXsMUSHaAWxDEYC9Hm1AQ	2333
37YNEwQsmVZEywsUjjiDVrg8BVxoTmE2zF	2333
3ArgAUsYK8FPXjmPwVRYxXyNzg8riw9772	2333
3M37UG2XRQfT9xAW7DgUgFNmZwmdbZm9sa	2333
1KVkXH7jR9sduixKu2aTJhan1oW3PNjrTY	2333
18MfYGJ221SmTg38SKppLafxXvpzKdecPa	2333
bc1qe76wq0g7drkzwz9mtrft9k7l9anzglqwxkeme3	2333
bc1q3cd0u7wvqg30lsy4p37vvaqhf4u0ycf44jhyuw	2333
1QGyBsZEvnzwJ9BNyt6nUhhtG1LtsBvZXu	2333
1LFHjqqrZCTm4knwK4afWMKPuUdtdbxbni	2333
1L7my4mxUmnf9X7tKwxiFpAHHDRDeVvXrs	2333
1HEJATrU2i9V3BRz5endyQ5yMFnjAszW5S	2333
bc1qk0ytsnynq8rpc25wutra6tjxsnfuzjm44mwdn4	2333
bc1q70awcpwm0vqezyakultqfl3ysgtu4qeen992fp	2333
1PQ4eenoG2ybgFq1HCQ131REbHMfV4iF6d	2333
1DvUUB7U9WQmxTfdzqUiKRdU7RSVJRPEx7	2333
1GNjEtqL7H4BUsWUru1KTnaMxUwK3kJyVk	2333
3NfGwo26vqCdZNXRZmtjScDh2tMJ1RJkUR	2333
bc1q77nfcvl38xcksx7zt946mcam4qzew27pt0rt6u	2333
1EvBU2knppXwE7b62cvyHxyGh2bLdjmcmR	2333
172YRo2Wn8hknAZWGbEUK7vqZSP4J74AzC	2333
1MQwcfZQPcgen5HAMnWAghRnKFAMc1XjuE	2333
18a2BycVDxYVKkoEupTmb15kmMVtLqhbji	2333
158UeftDNHwWytGKhLTYAkARtQQwJBgc3D	2333
1EkXR1agqHGqarHT8TEYSTTPSk2DkdL34G	2333
bc1qhdnwqcxv3vwtc6eyzxph6feehpqmdp5u7cq9ck	2333
1AoTZ5tzMCTeeke1dmR6ir3kghwLqjtDyE	2333
1Ms9EUCcZ1RvqtKcxCUDuGmPZCBRyYCLgd	2333
1GugVDQGhHFdh2UADkgGempusMcPRjis8f	2333
bc1qyyje8ahndtq4new5qxp2hcmh63fr89fwm4y0xv	2333
bc1qhkxr2etmtgf99ehgk3qe3nnqz7yxs9ktud60v5	2333
1Jc8VZUoTJ9PpksxyAp1t4keRUQECUstfE	2333
1QBBTbyeoA4BUtpj6vXbeLHuTCNX5eTVaE	2333
34LFHS7uBoDyzcACkeTAVTqm3qbFGnmTPy	2333
bc1qtfmzqlhpa5748xgt07970ga7z8zs86a3kf8zzx	2333
bc1qph8jvccyz4g2e5rwfnuvzuee44v47j2kxyhqu8	2333
19YqhnPVu8r1sx7sHPy8e8dUzeAHEJuEiD	2333
1Fq3h4v6ywNGwvBG79NTWNKmPWwucoWyiW	2333
bc1qrfvza8nyn6sqt0kxy5mlsu36upalhztud004x3	2333
1PyefR8pPTFL1LhG7PzRLTsAfYM3AKaNBb	2333
1LrEMZgN5Qjxu8gbQM1uviETEayus7Cn99	2333
1A9LcTKWB64hJKXeyNdDdy7ZGR1ogutQE3	2333
16dK2Jh1GibdzZ2pyssMgmaMEBVimz4y2P	2333
bc1qwjxwqgcm8y7pqgsmp7r77nq66a3eq0fa2k2u7t	2333
1C5FARDLWdBaHCnwpdTRTiLBy671WmBHGo	2333
bc1qjgc7f22egqsvmrqx9ey3wtp3ssuy5qam6kdsmv	2333
1H8FswgGzJDRY3YhteVKao6Dtvo2zFTk9r	2333
bc1q3vz8kjznxjdlps6l0clh8xz0pjdfzlud0zllvw	2333
1H9ZxGW7rBrRjmfVgRkaomwLRj6RbpkNfJ	2333
1Q7G7rAouYwoy2MTFncwr7AB5Qb5ndc8kJ	2333
179etCDyjgzZJYvthaCkKdzAXWhTWCqM8c	2333
bc1qvvujlly9w7ar4tl5tud0pq0ds0gcmjdqa4tqqh	2333
bc1qy9amgxlyhlwjej4v6mqq7mq2nfztmn9dpuqjpc	2333
bc1qdkydj639pes79c505ec88rca6e7g9lf32smr6u	2333
1EX3RGdaGfYnezasSfLg1iAMiSvLLSBGa1	2333
19nu5CWsJV6VXvFW4SkSKDpdSuK3vuEJwH	2333
1FGjD3pLyLBJQ3QozWSh7D6NfB9JXoDnad	2333
3CfapRyQctWQP7Qj3Q5oqN5EZtV8ZRET48	2333
16yAaUqgrw95as7mPLd74oEZNpvxGBYTua	2333
1KfGcBBhnNQGEUusyxZkdjeGB6XpFivKFB	2333
bc1qllaa7njnr6nrsn5t0n69tw82w2mksz4ncpycyw	2333
1A5GUWD5GTYvYd2bVQwgaZunmQySkvvof4	2333
1QP8pG3GYAcD6jQPDts2EjnbsUbe4hHmf	2333
385Q8zAWBGVbP2mee7QpYDvtiBcGJxN2AB	2333
14ygSmdkR99ZaBfpWRhQStyGsnoVypd6wP	2333
bc1qr6lpym03smzxaquyu4qlg95r64jq6xswnwmp4l	2333
12Zw7ixK4PkvqShyJfDYqnPy67EUZKtC8j	2333
1GVH8Fi8RiSwptnsq8BxBH4xCM458gAtp	2333
13kr2ixtuyhmXYGWVMDjDMYKHPuPVYquyi	2333
1DT25oL5oeyNBU8dB1a2GjTujXsKJ3zGwd	2333
bc1q3s0utw62aen72fvm0yycz94pcue0g793cl9jts	2333
1PFGHFjHnU51hfttn69xmT5TtcZHfUubFL	2333
1Mkus31Cz4oa58MDLGZPC643mvXzGtEDuP	2333
13fem5LwZR1rd5BZ4Lx5BYNdMUwxx4VvTz	2333
13GebwJ1eWUYnH9Xtzq2TKdWQWdmcMHnh6	2333
1Ac9QtcaJkLceWueznho9bNHQ7pNg8c9T8	2333
1KTFdZ9hPk1rL5CdZbvpNFv1qJC9R6Dvso	2333
bc1qt8695nfrsvkps2h8djl3cfznp0c56vd5e7250v	2333
3MQTXGU58D8VCdSv5nFX43TSKmyEbvPnk5	2333
bc1qy3xdqd9gmmdqsq2k5lf4j3dsdtyky5xk4883xa	2333
bc1qfphjammx6tegxe0lwzdlsv57qppxgt2vl485jm	2333
1FRXN9Hg4LZVxw2k4wm5cA7MtRFrn6VXCA	2333
18s6AUAha9ZPqyL3dESMGuhhvc2Kfezp3m	2333
bc1q22s30raafll88slvsnslfgtfneer57qrrt0kx7	2333
18fM4tyjeaLVNjpdpneu37oEt6fXmz8Mdx	2333
1J8uzrRm8J9FP2XiWQbnFxaj3Gsy2LsEg4	2333
bc1qvggftwae2usgay9qtnprnxvwpjlzjlep6cy3cs	2333
1KN399oBGtFoSL9QRWznCQnBVUCXNX1Pag	2333
bc1q6hcc9j7qus8qgg0qmzggzz4yvsettwh6x9s93l	2333
bc1qruezxjzwet6rpq9l3fxt30etfynmq8w2g8jx4m	2333
1JxJ9TicmyvVTuiCYeGYZhQYwdAxxZ7qpb	2333
bc1q38nfuphzry0mwxvvq09detlprwjjq9pa3uwee0	2333
1PHrS7LWQAkaqy1XMW329dGBAs64p2p3c3	2333
1PYPadJhNni8syrCHozaxPFWyG4PySCzUs	2333
18YQY2BCA4eoQapSLdpfyscNxhcDaATcgU	2333
13JzPQyJvuyB52Vfv429WXrJsCzWXfs4yi	2333
176fdFQVJ7F5hf3Qf9HZzamJpo4LTLJxSK	2333
1M7fBPqqy3XMPsd1YdyqXwLrhsaB3epuPc	2333
bc1qv78ghk5l5rzevq9rjtrsvg207pdwpcmle4gj74	2333
1FuRWttsZEx9ndCPbvwqyDmnur4nhxmBu5	2333
bc1qm3tgs9hjvmpqtx4pmjmyjhz4f5yur25prnhhft	2333
1FTobueWA6zdfhCYVVt5TUjWaRW9FUnoFm	2333
3JACdG2YNNmjbSSoAw8TGMwL6fP5F9ZxsK	2333
3KnwBcNtAXQhyKADkmeNmUKeaLfPwoRWHD	2333
1J9g3VNgNNtwbumZ2kYcuTAGnuY3VWntp	2333
17jA5DtpzXeN5n1q9QeYesHkvm8qA4VyAj	2332
3JXxjxNYWt6yeN1PjSr6qbrqfiY4H8kC9i	2332
1MTNyGANcjHQjANGTjmh79YBJoWGnbYMP6	2332
3Kp51hyGmyDMftkqPHKw6ps6MixFk4eRoA	2332
bc1q3pryagvcmaqmn7mghqgg0m78ph79uzgyjzh3xu	2332
bc1qq2q9zfs70kdcssn5v59u8s6yhtwz6aul45gvf4	2332
12r1wCpbpdUGtYjdKVWEMV5LW6zbPC28AR	2332
126Rjp82KobKFnagzm1K9r8sGk78BgcyHx	2332
3BNW9yqSbhEzJDfNhJNvUcUVV88xYQueo2	2332
bc1qlcahhnxqgyg8qn9wvkvpdxrf52gaz2fylumkka	2332
36xUGKKuRwrc97GdrW4KHFTcFBmy3VLopo	2332
1AZ1kBQt1ovC4noA5Pr7vMTGvQGgQG47o8	2332
1NieQnzBPuPx46jBcEiFj8TvmnTxA5etBa	2332
bc1q3slxzvffqngxe6rl60zyk6lcxscg8janll4yac	2332
15pZGXsh18pvWk3XgPrdkoEEDzhqPvd1jg	2332
3LGR4EyPtwj6FFMq738HREa23qvZyTHuKV	2332
1Hf87qULK4GG8nbsEYttkVVEmtMNypCiBd	2332
1NwySCZHR4TQRsB3XJ3Z8WWF9tHBZpa3Zf	2332
17n2h1sNacBrgeez64FMVSZjTJfy3qiqFm	2332
bc1qq0e5sgks2v6j8g9mwr0wtmcwxp82mcvz82zv7f	2332
1KU35MiwsWscoA7Tgci7aiMEGNLowSbwro	2332
bc1q06pzgcrllzd74g3yp2shvd2ks95u23rmf79ejt	2332
bc1qyg76kljnars4wggfttdqzycc699em7g4ve0n0r	2332
13MDR8FmcddMCgVrfasd6n6XQJC6te8hSR	2332
1JKN9XShEEm9m2L2tBg9RiFvWetaKwEcp2	2332
bc1q4q6avrj2pvw08fsyta72r3lj02v0y9fh8daz68	2332
bc1qxt0f9ml4symfudrc38pn8jn386apxa6lr754ck	2332
bc1qwz9sazu27t9jsa24uq03g55fspev6takalr94l	2332
1LtPWVyf3GBFwWLmtAipn5jTKS2jECWfuq	2332
bc1qq6ukvtfh7safgpvfq6tz3cjrpy5l6ncnqj9fct	2332
1BVfBFzpCFkfiuyqsjAAuac7maB3mQ8p1Y	2332
bc1qz0xsu5exq2gugnu8gx8dkstgycvswfg0hlp0n5	2332
1B3RYUy8eKyd75pi2Zhwun9QCgUnBBpZ4Q	2332
1KZVMv7vrRoFA5byTPC3SXznEEpobyMiDf	2332
1PAQWvfncJgDpSXq1CfPkJPoAvSugdhqfj	2332
1KkUSDtDem4RufM2msJzJcyP5Q2CRGTuSk	2332
1MNqsyGo8yS5yfdo6gnSJ8n4aXDAuto3y7	2332
15K7YdfofT7uCRBSsCWNFJAz3GoNGDWEV1	2332
1CdfcSX7n3oTRv1bEJU5LSKCKN3gMeeTMn	2332
bc1q74ggmhnapnjjd63vt8ckdj3jlke236724qz6js	2332
1QJHRBTxgtioUALBN4GpgJLkoQ6Q2X5iXd	2332
1M2XosEhaL9jsKLZ2gr2vrhKiyEpsEnct1	2332
bc1q6crhfurmm2ud5adsy836z26eux92f9995qsegk	2332
18BeRtn17MiPrTx97My22PugTid4NepPat	2332
1PYrt5Vdbq3aEccxwSRTwPoDdhTSa1zxQw	2332
19UYjxKh15Nw12cvQYqRoV1Z8eMSz85Zs3	2332
bc1qs77fu4m2zus5srug8v8pa5mmv3v4x269ug0tlc	2332
1HEJzMWNmmpTpD7C7zr5bbjYQni245DfNT	2332
1K5NY6n6mwFpYWMqqZkSnPfvWoyHEjxYCk	2332
16HQdXrfzRwjnNsFnZkJcd2kohu6Qa3Csi	2332
127nWfEfE9WofvUM1PppvP2nDUE184S7G1	2332
bc1qqmfuh6dvf4qc4hf397tr5e4lzjwec07khd84tl	2332
bc1qmkgkfgvgw3land64zq65x4t6532xxvaqr7ctue	2332
bc1qzxh52l6tcdrnzff8rh8a3kuv7q655gcxsyv9hl	2332
bc1qd2r3jh2kk0tty9yr25nve0zklhu8l0xzzgrmkr	2332
12cxYwZUTY7YAbEqpTL7926UFnikq6H97J	2332
17NNFZna5bPxYqyfmmWK5Ap4afqs7811UP	2332
bc1qv4567u3cgdrlfnhyu9hvyxxw6t59at92vytl6t	2332
bc1qahsjpe6xfyt7cukr97lheaswa3fv8v987l4xtm	2332
bc1qmh85ljphf5kqzn3ll9z6dppjxzxma0dwsjfvht	2332
bc1qjp3mn8k7s38nmwpw5v6ddh4kt5x7t7yxh8uhs0	2332
bc1qqkfug3gxrqnuckg4llkj333prgws28yxrgrew9	2332
bc1qzj3zjhvtcn855yz3xku209xpald504z3g45pe8	2332
bc1q2wurnv5k53un6zk78fssz7jskcms2m8n8mxxwe	2332
bc1qzqp2qn0kyru3qt8qycp7d4823cqxu74spg2gzc	2332
bc1pav6x6f6dwgsmhzsfuuaam4rffd6p4ezdw0sa3ze4gunn05r2rm5qkcx05f	2332
bc1qpxw269d93scrz32hsuksp8mkwh0xv54acjdr4s	2332
1Q5oYYotWgDHGDWnAhMqdgb9SzHa6Hrnih	2332
bc1qy4xrmjtu8ce5ppll6yxqjqe8ssxye9al2u7qkx	2332
1H9CAbnYFqFTAvTimCKLBWKmqxuS7ngLka	2332
1E1woEdKCLqFa2oNxp6yhu1He3KRqs9TLy	2332
12LQgYxM96WDcZ7cGVnX6xUvpz4bwMpWfo	2332
1HYg6jKGXzBiJZR7akL2GS5Vj3JpJsrYqA	2332
39RqBjUgrXbFVtAsmqEnuWksnJM6fFQWCC	2332
1L4qDNMZgTQg5owYTwz87AHu4uqgiS2WMT	2332
bc1qkjakvedvds2ef8aeslkc4y3t9wd342u0u32l87	2332
3DNsrbZnXgjpsKh4tUkTfJNJhqiGb2cVRG	2332
bc1qzuv8enmaswr2g3hdezlap523t69kehnchxga74	2332
3GmgnHpiZa6KPiAWowfNZjiqNehMUAH9oo	2332
1MMCUj7B1VytB3vsnMW6x85GdzRHF4dECb	2332
17YXhj9BFBtL955XqvHw9JQdYUWidxxL3k	2332
bc1qvdghqn0zkvz5x3xl9r9r304f2cdswg7mwlz4x7	2332
1TfqRp4eCzZu1MdH5XN67JEKPPMGkHqeJ	2332
1Muwj6hbp3DzSBV9dFUg7C1QzSVZeqm6Vx	2332
1DDW2pLzjVga2ig4MtydtKp2e8Wjbaap1J	2332
bc1qsfqlnvtwg3h0u9gsqmlnq8gu523ah3394lnqey	2332
1LznWVyEufxDw5sHbPKtP5JYsgK9BWwo7K	2332
1AQFrcSTwHy2n9jzg5pUr7U11dnChM3bTq	2332
159tczpHR2cyVqhMaMkG2mNmSsbfLebLV3	2332
1EMEcS2BGMo4rrhuQCgxtbydFbJMmhm1jT	2332
1N9k8LPyZQmxPiuvAveAEik9dy3zWZ9cjK	2332
1sujPxHg6Uisg75vskYMfgnSoknUgV47a	2332
1Q2PVaFjTXspWYHwfwK2DeVP6oJqgXSiFk	2332
16vhF3VgvpZahTnLcbr52BXQecYZHBVvh8	2332
bc1q4pf5htlk32j6ga2lexy8f5e05al6p0xxmkyxj6	2332
1LpPDHDvgoJWa22AuJ8wocQx22UNEjjZnJ	2332
bc1qzaxgvqcfzm7pgvwfdc397hnqgdlp6y2zjwkjdm	2332
39HgYQpZ8D763veov4FWcugQRtjm3hfj23	2332
bc1qp3p2vgfjywcfh9ahqm4ylznc34je7mhm2p532u	2332
36zs6wu76XKDLdLFiJ7Uts4LABkfKCU6gT	2332
bc1q3eayjamlcy45l93rfyj4dk3zgp57tq6s9c9y7y	2332
bc1qglqwf5fqwqr7xtd8c6v78t26wzg7x9vf53rs8w	2332
1KAECemXify8vrsnqsJ9iKEa1KuzjCAkBu	2332
3HQQnKap4MRimg27h4qgngjWUCiEQ2RHYQ	2332
bc1q67qn6uutg6yjdmardqy0cgucsvkqgjl8ym32cs	2332
1LCrEEoVrRoMnH8y4EXJEgc3qX7AfPgntW	2332
bc1q4lm6tvj6dy0aaua65mjrkgqpwnx4nsyt35lq2t	2332
1HD5iZbatoBc4tdQcqh9P44LZL2Wku5vSP	2332
1BH9Kx4MPbHCzcuLyFhQ1Svw4CUrMJxBVg	2332
1BMhaATSTZ5Z3Hbb8Zn9zTTr8GyGPmVkpA	2332
1JNYbHWbNK4UmitDsGiNi9MBTAwHeNeVNw	2332
18yHJAt4hP1s8xe5CTFNEuFSWFmvYg3rdJ	2332
1JcnBDhwai73gyFVeFTzeKPyYcDabo1yTN	2332
bc1q4ws8pfvlcucczgxfe999t0gxsu7ua4pfmy8ra2	2332
3R2KgKXtYhm2RrQ6mUXaSm1vEPkkzSBNFp	2332
bc1q30uvk6xwktfucnalmrz38zsd3ln49hxkvme44y	2332
1AbaQempoe3WnxLPik57onWJMTrKZLoNPN	2332
12i9oPeu8f1UyH2dXihEKuMthf2CtNDUbW	2332
bc1qvgyzxe58k8seynjmr9yrpr78rshkup0fp8rlsm	2332
bc1qgqxk9gqakc9la3dacvzqczh4gza90d0t7sk3u6	2332
1CEBeoKvK8yoT2BGy1NYoeqoD1vzdxDRcz	2332
36qhpxsgx9G8Ci9X7FK2XeDYV2AQT89omC	2332
3NCFm7ng4r6UUgLhky3Fi3Nx1vGoKycfcc	2332
1GoyJNmMpTcwxGLozr6jzfgaWKgXgvDVie	2332
19tMagv19Ufcdk94XVMC6jC7Pkm79XVAjx	2332
bc1qg7vgp7gx05dcuc3ggxac67wze8cswmvn7dqkuu	2332
35CVpgAuNKazHUGKsVpqqQnUtczRmMSMFu	2332
bc1qpzgl5ccg550acwah58hspmz9x03q5cgwmmucnn	2332
bc1qyl3quhykt4ryszrsmvgsvryg9jls05qpzf7xe4	2332
3GndTJ4iNQHYTN8n7Hqbp5t556ohHg2uxq	2332
1PmXTai8dTQa2eZWzBbDaLWipG9MhAfHtK	2332
1EzSHgGqY34E1DXBkeuGVJp9mCkEFnznEc	2332
bc1qp260yupwsrtuenma7m4ljg5zv8qmgdvs0u2nf0	2332
1EAwiVm6qjYg95knufCx4czDFit3eRHeKF	2332
1CrdfBMVgwB7YAyNryCDBN7qtGaPkTvz8W	2332
17ELMBGcgqB1KTuqQwZ9Jaewjrau7fBC3z	2332
bc1qrtyykpvngv749k5xdh3u9zwhflrh580n52qkez	2332
17v2HTkrncR248y93Y5w43X48qGjAk1Pnt	2332
1L8sy2r4DdG3f2sShLLdHNKUvptRD6rLSU	2332
bc1qxjnw7cyz29wjg32qdhf887m6x6smzupr9akdzq	2332
bc1qwvla37ddncqs0trg7ph5dls64azfh38mvsr4s5	2332
bc1prj3xwtkru6t3ccnn4g38wsgt7tfw9rz5e7gkg3apj5w706j7ak0sseu8vf	2332
bc1qmaj53xzgvy4u6lrfxqf28f6a85p0fvvujgvzpn	2332
1Q6pcmbJyCakA9EWpVh6fJx2BfXcpopUx1	2332
1BNqvBgBxRVFp4ptMpBv1RcnvQnCwevftM	2332
1AZvzZTCw2CkW3HsipPuzHuyjDqwx45Tsh	2332
14SgqdK3STpjXQY2NL3mYFJaRqYxWMdApo	2332
1CsWN5r3o8rAqnEPHY6j31wsVC7H6KRZ17	2332
1PYUSgFz2Xsyf58oMHtt1nPifemKYNgSg1	2332
3JcmGME86ZerVDxbYkCop3vuqNTu35qvDh	2332
bc1q4uc7932n3f6hcxwdnylcvv3a8rja2ew6s4k7w8	2332
1DKCJG1r4eG6XJWuSddTdVXZVRtw1sTcoS	2332
bc1qn4r858el48n7ujeqq77kdcrzlg0y8064unuvpw	2332
1FUQWXzGPuYhGLLmWEve8d6SinxhG5kaQF	2332
18J3XwKvEV9wZ92tkHZV4ZtLoSuYsRcGEJ	2332
bc1qwc46kdapggr0nu8n4wtthwahglur2xd795zs3s	2332
1A4xopyuUVKMvEwJUjT5KDuKLxrXAsuKnG	2332
bc1qlsjz5xz8lyx4tcjwdr3nvl2tll5yernestcw9k	2332
bc1qvghtlazkx4hsunyn484egc85cxepdujnfg3dkz	2332
12F6jK3zqqsiHoRwbKjQquRofNSdUmLDST	2332
bc1qpvpr4rrtrkzkdcckwtk72r7hjuafzd7ndsc954	2332
32ckSasNiMKnMg847kWxGYKdoMvmHkV9Fy	2332
bc1q2ypp62anpmmcd04u26nfy7ytytfu6kuucsxwny	2332
1B4QUvgRJ7CDQEBuBsP7xEzS3t6Wmah5TK	2332
1Mv8tGf2h7KT5mA9mavwmJ91GaJ7tcM4xL	2332
1LMT2eUacsov7GLnQRZT3dV9JuYnTizo5r	2332
bc1qjug9evm9kpx8t4uzwxncdh9ysrf8c43etywkmc	2332
3N6R6xsxCcMyTsVWzSqzKhVUREZAbLBaCH	2332
17EdTk8ztgSD7QvvUC94d33T6p4W8xocuQ	2332
1QD7PVrTCHFeNrEVH5ABNao9Neumh9aPLt	2332
14g5yt8mfGYr5LUe2ecg3QmTLXaKSvczQq	2332
1JwUAoavoiJZjvH3CEmTZY8mxNxxVQDTMN	2332
bc1q8tu6gl6zdmjtr8jvugf9pceml39ecny7rkh28l	2332
36irgr7ktbK4aAs9MPUh434yVga3pUF1P9	2332
13vvbYJEdybT2g6eLh6cobGyU6164oSErf	2332
bc1qmrrxd69cz72zd6ppnpcq0xnddqp7sggazg7adu	2332
1Csh87XBz3otoAqis4uRSz9jETAG3HWGvY	2332
16rqrsS5gERzZB5ZmwFhkzZyuwgatLp4aH	2332
3LNQTrqqNAxmQk1Xw1QBbMrTbRMW6jb4DY	2332
17nkgS8XrVnAgrRED2JzWubjYWkzorgxmU	2332
1JUnUU8mxEAokf9K66a6dR4gAeTTDWbyWX	2332
36nmxE3ftVkhSawgu6g5E81Prtg6BuQej9	2332
3Qx2EHnxkAepZ33abs2Z4iUnidLNXJ8Med	2332
1Mph8CNdXUMbVFkxMdFS44ZmctPJuBnmfk	2332
bc1qayjk9ezhsd2h63eylcf9mw4fw9dtt0hj9mqxua	2332
12dndTy2xxApEjdFPpcLThHfy6bZttxUX7	2332
1LURsWActYJCYy22KUAFQL46R3NCKdKaTe	2332
bc1qdm9lm92p65ddlhejdx079c94gse7pw22lhvmt2	2332
15RHua7hvXgJ4uKuLs7gvYYFTTL3TyKTCT	2332
1BJouqaXpgJP7NuY7jYatV3iEYTAVJrinK	2332
18TBCyBdgLaUFRENma2WQr4GBCDcm3kcfc	2332
1Bx1F3w9BTRMQHqvaJ7KaezSgytU3mLW9R	2332
bc1qqpl56jw6ue5zalt3z83k8zg9cgss2ms6vzlx2uj6n5l2ansz85lqa2wy2f	2332
3KAe4RdEULMuraxDMrY8z1huiZrLPL923h	2332
171ZpSHeMBXkV2czBHQ61hS5ewqzQb9hN2	2332
bc1qs5k6wcultk2srlzanejkqndvncvpuprhtev2f4	2332
bc1q3khak28r5ww96ufu6z778r929sqf6xz3phqclr	2332
1DbJqvs9XSgoNWohSZRd2EgjKtRnVU1Tm5	2332
bc1q0cxn3k3dezf6n8s5hyfxgj8kvutrjzsjtsh85h	2332
1FBwem3Lo2BxnQj5nHX7hKawXkdnWWeqod	2332
1NWTGVAbtUZcizkrUTS4UGNYAy9N8UzGoz	2332
1NpNrSjBozpbzrJHCUpeK2r8Ae7hzupbhq	2332
14DFfhSsPpr7yPBkpEaPwKAsk8qQpC69X8	2332
1N5hG7h8zXW9R1jffZ2RFz6WVoBuMkD9Se	2332
1G3gjm5wz8xtE5rUhdvQMh39gCe9ZyCvgK	2332
1EbC3o1qBcHQLjzxxw7g3QY4GRX5VXtBRh	2332
bc1qqqx2czpynrkactdmsfhycx96gkmeylx6uc33g6	2332
bc1q46wk927jwe5e5mutdc6z8ejxfcezg29tuvu6v4	2332
bc1q6658dy9u5vjlrtun3q0lzfvv5rpexl5n5guw5d	2332
bc1q9uvj60agrw6lg609supt9qg6hccwu6teexp4e8pass962s8decgq3wyezl	2332
38bFyJyqg1ctgY2ku2wtVbCy1BdnMWQhgd	2332
bc1qyqkav0wcr6xr6qlul4vufrnjtdcw48j7428psm	2332
168ii8ruZcWwiFEkT5yahcKjSMPGTaPiPv	2332
1EDxVAqtBLVR4oiKvxVPf7A8J9SS3b7wuc	2332
bc1q55hxcaway2lyvd0nwn5a8fka8xqwjt9hguuure	2332
3Qyv9KC6hYdSJwPJBxhfQ73AVwnAA55sW8	2332
bc1qs97pcujjce04rr0gtkv3m08722zp49r8qm7rl3	2332
bc1quhw6le25h4dmm8dl00l53hmajrkf9lq9fvxsja	2332
19KW527FmkUuqeYy9cVuroducSbxfemn4Y	2332
39CqxaQ6Ck3bqShUdQFWAfLFVWwJAbRx4v	2332
1BGKPTTzWkWTBKM9E5Qk1ADtUzNrnCj1YK	2332
bc1q9svd0fdcnngcfqemld4nwllj30jzjz2acj7pek	2332
1ADRtvkAKzqiMcccqPEU1rohARVrGodgZd	2332
bc1q0r477d420d8uw497qzsd8z48rrzqy2y25r46hy	2332
bc1q2xac3cgkyc2qmfwgnavt8jlsu5sjt5usln8g4x	2332
bc1qu85a2v6a8k5lquu2wgdlv8leljavpn67wu8hxf	2332
13S1vqEZi8XVtVQd1sv83TEyQswo8BkpV7	2332
18gQGSCjBSxPcSzU8XFs8hSafim9qKXxNa	2332
3Fh4md79ok7jFsXWBwhon1X8PuCfLTUCXz	2332
17KXPRjEkgFktqDq3VMgWTf2KyWhSJXxrm	2332
1Fitg3i4eRsqfi8YZDPSSsfdvadCvyAaXb	2332
3EFj7TkVgdT1FcYGv8NdPUMeYb9CAJzuHM	2332
1N8dcyy5tvzMVBEQoACUzmnTMT2YgJErGZ	2332
bc1q88akpp7lke8l7hwcn3je3r720hjl2sssst6h5k	2332
1FBQhskm1n2ksK7DZHmLB6WkCKSRimn6CK	2332
bc1q2p9ms3saz98qnru6uk5kdh4gnyrr9kyhpdc4tv	2332
bc1q2fc2p5lsedtzprcvmst9kj4zaf8hwpcak0f98f	2332
19q9WSFfWsZbdyy5Db2auBUqcKKYuAmH2E	2332
1JDoushcBguKzgLxYy7tyfy6UZLdFCVAX9	2332
17aeXuhNrmmXEtwb6Yc6rNFG2ni216KUX6	2332
bc1qyamqkzj7265hvehd2e8hwxw5czq6rd36zppdp7	2332
18yAZna3AyQrPi2ZvjEfHBuAumH2YjwRQX	2332
1AMNZ9sGGC1Kjj8UQm15FiLA95DC6ZyFFs	2332
15c1EDkspkdfkd8WLyUE7tWUctqitCUWNU	2332
19xXAh9jfw6Ytx1vMScqgUhFtQbNdfBjLA	2332
bc1qagc9c0h460smkw9974rhldry3zhphm7yjd4uc9	2332
1Fq1XSYHw5si9qGdyPBYVQMV4qLBtT3HkB	2332
bc1q4hhvdyjj8udtv2lgfwxrhd04xy8mwcjy8kuswq	2332
bc1qfnt3eletkanm6fwf22uzxcnagrsfhmz5nq9k7h	2332
bc1qq6796rq5272f747sntn46at4she3yazwjhcwxqxw2wszrnxmvdasg6xe02	2332
bc1qp2pht0fnl4q7tcnlepqvy0eryd8u2h3fk3u0ld	2332
1QBXNkexg4Jgj4s9ZFcqvESg54khWbnY9i	2332
bc1qh5cafsmjuvry2mvttgpn862qm8rrtgczcsq625	2332
3Q1gY2VpvMSihKYAbcuic1QoDtmuy9Wn7j	2332
bc1qnc3gfzm5r4ll75p3n2f50p2g37wg32vaczeygh	2332
19TrpkfqEEp2cQrB5Yd7vqM9jBGo4j19xJ	2332
bc1qpqqgw320ly2jsruaq0jfnk3pzx09j2ykp9zxmz	2332
bc1q3hv2x6hg6ljchctdjp7z8fywhlps4aw66m4tua	2332
3C9HxbwCRb3Zv6mdaoMQsmCTxsok2ed4WT	2332
1Dtib9hYE9TLYLzMNvFZjGiLaxz4VnnG6X	2332
bc1qz82jst0tk0ut0s3rna2zw2lsk5wlh5g2zmvfax	2332
12N6nFp8pthgfSMoroMYW4abDsdPdeAD14	2332
3GgFqoYLZAQxkefaAujpnMAp9vqcH6aSWd	2332
1BNSWJr3eQkAT341jJsFiNs9yREXGXNL2b	2332
bc1qvfs6y7ftgzwkyuz3nps7k5ena9swhtl8x55vqx	2332
14taWn2dSu2PKh1XacwHYThRtDiXFfYMQt	2332
18cdgZqqyXpgwAVDHmp5D7455a3ZbmRofK	2332
1AWdUvkrdkkbjJTdhNonA4aJ8J8BVTkKSS	2332
1Up6Kiey5b81g4psvBxCsxh95CqUSNMQi	2332
151KuDocTR3MrwJq73JhNWPq3hGppBVnvn	2332
3MZTbafibAbaZJL71g8KTa2PjmqebbhzsK	2332
12MTY7e27UzazEz7pkw59uEJBiNMQQsfGh	2332
17UftY4uqPLrQhcxgNasdyAVdFrVxPVw8r	2332
1oXDYDSaXoGgMEnL8euwUUEEMCvQsSt3Z	2332
16SxLSegjs77ndnpiFKqyve6gvZG2d3n7u	2332
13FyVYKfLAzXRnyXGegtXLE5Qfo6hqRx8M	2332
162FXTiqvTALG12kozGMLcXpkPcAYC4E4g	2332
1A2x4BSZ9rqQeg1rx1zxt7LwgsfkSWsMUq	2332
bc1q5464xex3x63z56v4pqwhccjtyn0r5q0mqs45nm	2332
37XA7T4Hkp82bGWExjxzh7QFjuTBSUYv7g	2332
1NBbzqUv2N9LgTpU7VrV9fRKxesipR2NMz	2332
188Gi8jKg48UtBhXJJk6ZfSgTM4gthhGyM	2332
1DeGHWHBV9pm8gUkKbSckYLsv6Vfcvn4ev	2332
1LHwqoAUUe4MRntwwyUt6eAoEPYnpWaZEr	2332
bc1qasw7qml4yr2syy754867qp3lmkrt4k3df43ez9	2332
bc1qtmjxzqdgkm3h92j5l6v5seaux86gd20l598d9g	2332
1Ctfy4BLscKKx1LhLrCaCrUhaMMKjBT4rV	2332
1AQXtAS9mVtPdtatL9sB3D3KXd9C1EmE5P	2332
1H7UiLB5jqRSJvC2N2EL2CKVNy44U5cXsL	2332
bc1qkyeaaw3lqys7fsfa34pgfffxf9fgccajatw6hd	2332
1DXoX7W9LsXiVJ598hqE7RYZzrHhDq8uEK	2332
bc1q2ue7jgnmrwrz70ym8f85zv3w2ajs09grp5pam7	2332
1AWyCxfYEXckXFvCFvRZkgRwS7dEo6E4jB	2332
bc1qnpcel5xkfu03np6hn9y2zkfmeeyq7qumghaaw5	2332
bc1q80xtj4vqr42xazgm5skmw07dlyytjcf5cr8kee	2332
bc1q2y9v9fv3cusa90ky52vz008lym49jchp0t83nuqekckmwduy3xcsjv0c5e	2332
12FzEi1FwBeWn8bnRD42btRxdzEKogoCrQ	2332
16TVW1GJEs5tbTBFoAQRdB18ANRzJQTiib	2332
3Hr9YTriGvfsUvHLM1twvBsd6CXwVvSPA9	2332
1NTo2ERaNDtTvfWbcmiqwGAg7yuLMHoqDu	2332
bc1qkwy5h8m0kpan3dhel458rlu8kyphd875rnjh28	2332
1B7H3xnEuDNJpzeLTABi3bETFdovN2tANW	2332
bc1q7ejf74x8swhnw9sgjzef5pyvv06taun3zsgw5d	2332
1Pf9UEuBgHhoAdzJkFmvPE378xRkAY8M7M	2332
17DtqTMnWNkg7ARcqjxVC6aGHVVKhbHAWB	2332
1EQ5RHWGoa3pmyXQKW5G59Y9BhML44HweE	2332
1FYd2sUZgF7LrvptXXmfXHZPcfPv7bfsso	2332
3FvfJBN36WZbjw1Tp9LREiRTF5QS1vuGhN	2332
bc1qvddh6rwhu4nl3htyuzapa3pwrs5et4nc6jqh35zpjhjatrmee70su6acwj	2332
16cHc7dTSNvxMd4uhRBVYbiduDAbqeSXJP	2332
1JnXpHrxJtFyos8gp6KW3igwHJe5KcnaNm	2332
1LHUYc49vMBAEeZHrNPZHMjCwjiaWk1SBQ	2332
bc1q2qf8z3grrwfyuc3ykwj9jc3e6kpx6qv2qduq2d	2332
bc1qh4z8uzfyvsmked500r508xdzhqdnlsuqygrzg2	2332
3LfNoeFrvVf9Lf2wCc7B5LqfHx6XuyCWVg	2332
bc1qgc389v50hggy437rgh0hj93v5y7dyvqk4fqcz8	2332
1A7XhrYbc6uyjhyhUWxD1z2DHGmXjhtGpc	2332
1MEfqjnmh8uvtkkKhNkXn26HXnQZBpzqRv	2332
bc1qr9e74srjp8dd6w86z26zfcs04m2wgjeyw3uphe	2332
1JBnbsetHr3t41wdxhnQkhyfJMrg9uxLwW	2332
3MDizNU18m9ERUKtde2qMhDvErtqzzCUxP	2332
bc1qsawkek7zq2rjj8jt8ffta8re9xe8gj4clyl80w	2332
12GfRrrbpuMo2yRniXfGR6VUigp5mXBMag	2332
bc1qtwqn5rffdfl4mjr0vzaye32z0cn22k5r7eygjk	2332
bc1qxg78lnrlmcxqsr8h6uy6yls0nsan3nqygh6dkk	2332
bc1qv6jj3aluj85xhze3pqrtwgqlm3nqt628cf4k0w	2332
1JoMWo8UzANhwrM6hssU2dKnr8krrAaop8	2332
bc1qmf5x9scmq8z2ydds6gz39w5clp79fgv80t4jpl	2332
bc1q2wsvrga4st6pl70f2fhfrgsj8acqjcal5nrgvm	2332
1H3dybU3fc2U27Jk7Kgc12R6dvqBkYN3zW	2332
1J5pLMhSyRfYksQKPHVmggk3JA9A517wAi	2332
1N6WS4TGZ9wgfogcSJdUyfsVn5AFhsZ7sH	2332
3Jjq7f4cRE3A9yUfHXykaUJ52kZC9zGiSH	2332
1Abty23d1zpH8TmwxYSC8C9NwQyQnc5GeP	2332
bc1qdyxrcxjnvpvqaq9rttvgdxf7rqa0f7hulgx63y	2332
bc1qwntgd0rh7hjkz7qhudv20m64u28aa0rhsmmvms	2332
35pTJFpQ9vB3RFdBXFfXkra32eV17gGk9a	2332
1BqkzcqYwB79qwciXCbNnB7UAVqHNR2KDR	2332
bc1qxfecsda0gw5aav2r7t4emewz8gye3rrr40h3pd	2332
bc1qy4c0g9ra708znc3apk5vpqf2rdkaudccxdkpfz	2332
1KLx3qTKLHbZhq7qaAYmtX81n3SWP5p5a7	2332
3D8cu6mbvwgWJwF2roorMeVo4rj2Ge4sDQ	2332
1KgD5Q331tjstnjk8qZV5w5jp6QhQ1KfGv	2332
1EViGLupUow2vfGqqQZWvH6AoTvr6R6uhL	2332
1B7qgp6haVwBfhQioS2KHieUXB1nGWkGnm	2332
3AmEHSmM76sMRoUWt13p5ThbzdtzM1VCdd	2332
3HBhag8mxUSpwpC88APgxg8cfW9VTiXWh6	2332
bc1qyu5f02vkh4th68qd0zu0zj7s4rr7r6nskk993t	2332
bc1q5ux2zlsdymf2y0gl87pjpnh32rxsthhdj646sd	2332
1Q57PTXs11oN9cD2yFAdfzBmcAbM2G2GDA	2332
bc1q2257kg757wkrfmtn8ajg405u59m7hmskyvna7h	2332
3CckzfTZkcYVC6xKoBbCRiXMr1kPG1naP9	2332
1JonJZK6ayHSKSotFxgJ81y3o2MrMWrMFE	2332
18MiSdL8CDxQS6j79fipzjW1L7zje1C1qw	2332
1LgFZiuRYr7deCiAeSLegGUKbsbqZzEw3G	2332
1KMdPsdND3DrMn7CuiPi1d1EiMDKJvDCT6	2332
1P1V1NnhRUyUYvBhuuSjfy6DVHrLpifLu6	2332
bc1q2rhca7qeh5nq0f2qaudz4es6dz24aun404a2r5	2332
17wjC1ajSY69NxopudxEkEBKLynbce1tjE	2332
37ndb87mnVN4FxhYwQomA8H6P4tsEhmXCz	2332
bc1qaypkfpgxfgjvmpxt6n4zmd82rxtnxwsc79xus6	2332
1P7LoCFiWszmeuwaPWYEUBmmi3roYji6dQ	2332
3MWH7LdJC58LjNXbWW4iCcEhGtZQD8sqBq	2332
18t5WUC3W7vRJFB7BPxQQQksabuc2gGK35	2332
bc1qqlyltq3368xjzs47mxvr75eccnss8p25v0fwpy	2332
1P1MTKdhFv53ZjhWd6yCNWMLQpxqL3K9de	2332
bc1q9fshme885segfcjs4vj0wuz3ea9rujpwredmhh	2332
16qixdWVYVgXP4omFBhL4iPumoZLUqueYT	2332
14nQb6tzip1yLHAgs8jEdFP55yq2Hzkxgz	2332
bc1qg98c73kf3k7tvflxumzueek4q20zw7vw2398guuz6seez5nl9grq03wsza	2332
bc1q373se9u7z6j03ukr0xef54dzeqtv9qdx309mk6	2332
1Pqw6AdbsPH4Tx1MNEoYHXhcbo7MpvRv4T	2332
13VqS8onabzrZKjqFKN4QFTfFPcFPBPRR3	2332
bc1qe2vjqh4p7sxyk5ent9z52fmectj8e55aynt702	2332
1Mk9YedYxtPqwp8DqkNFwLseGkR3bamL4U	2332
bc1qkdr8grxlmrjey69kadz672v5ysszrxequ3fq43	2332
3G4xXCeDrTie1hrarWyEtiT991JKo3mRWK	2332
3KpKuFAMq1qJJCB1XjKTCoZaVYhveHnDGz	2332
1CasjCcLH8kRtHyZ6GZgxwdz2ymwww491A	2332
bc1qft804c0nwn3ycjqy6y7s0rqnhhu8fewehfjgc8	2332
bc1qkqtwrjy9lrr5a02cqhwhjay53cet308g5zxr3n	2332
1MuctbMv4ebKpkQSJkV6jQ6UiPFLgebUw9	2332
19NZsQxmLfEBhi7gmg72RJ5hsA9t2r2XiG	2332
1FhYccLWxcP4fXiQpL16XnuHgLzTZdYtff	2332
bc1q0slf0lyyxulypvqttjjv6tyvd5g9cdlvlc27z9	2332
1B4i6S53nQhmfvyi7dAvsHCiMSadcs8rNz	2332
1HBiZX4FKxkXcC2Rhqz7aCSneztovY6K62	2332
1Jjoy7cGUnvr1r8mwyHwDwKz3FXFKw9PX5	2332
1HjRByNeCi4swLXefgu9ognSPco94ZT5Cj	2332
bc1q75pw02krq94zxx9skr2anh540e74g53gx23m89	2332
1PzYhkKigx5gd2TDSih3kJefqa6crYV5U8	2332
1NaANaZA11rsujTzRD95VLRYZfTN3cmDCS	2332
1Eu2MknxeikjZQqWGMhyiT3Xipd5gqZjy6	2332
bc1qlc2dq98njs385srve9433x32e0lkdsrttkm3wq	2332
bc1qnrmelvvequz5fp8egctunqt4n8hyp8eu28us08	2332
1G4jvg8sWXsrGpL4U6cBUjawEgWuyBa24j	2332
bc1q06wkskr02rlaymxy3w25k4eze0f8f2wtm4x9tg	2332
1SK4NRrfkK3pMMYLJ9FRa4AXZ38vjYxXE	2332
1HLmfpwnF1jGhqZBog3oiDsUe9sS4d9HQG	2332
bc1qhs8x5jpx085r2rx2lsvqc635n7qrlaz5tccx4k	2332
bc1qjaf73pe5jatwq4p3ustvunz2xxyl5wxsnzacsj	2332
1Jj237UgA8Q8WXyTfjvo8DJhHCNPbG34nw	2332
19Cq33pkPCJ2DKSdxgwHvRa7cx11ZXWVEv	2332
14Q9zd7rB1AqBJeqYpS4eq8aqvUGwvP9YZ	2332
1DrMnQWDUYwKUxTpW1ktqtBEksLs4KynaC	2332
bc1q8cy829dly9u8j5myeywdtea72vvx54epdmelpwju36jr4sefj0zqxyxcf3	2332
17n6nqctVmJQiB7ngt1hwpU85EStfYPZjP	2332
bc1qpn6n044xxm80vl8wjqfd2kw4t24vl2jg5pwdq3	2332
19KJdVduota4W5nviikdKUcwi6h6E2Ywvn	2332
1Mv91Djh2UCv1fVEbuKK4LvZnzhPT4o428	2332
1GbwNccW49SeYhfQ6fnnCHTegQL3RYfZy8	2332
14adsmLCShmfcKM7LNtDuMmSct8QFMknoe	2332
bc1qycq2yyst5f9n3vqptnnx5hzxzn9pm06f60gan9	2332
1LhuLbSmqazi9c9qKpAWfDT8xH9CbJiKYP	2332
15kLsu8Au6FpsiBABM1UFhyX94uMWyFJzH	2332
bc1qnlxlf44k4nf3ah2tddee97kzt7509wdeqz28lu	2332
1J5QEXKeRp9RzGvgmHBfWVx6wpCjYe1unk	2332
bc1q259hmkcu6v5296q57vuv9hpkp2hawrjxpva576	2332
bc1qsswyvqsh700phgajnnureum62nu2z50y88wvv8	2332
172AD74Tzin9aC2ekBiQKDhZ4C7HpFHTJd	2332
1LcMWNSrjHc17iGuJLbsgLFEGq5ZRU1f5y	2332
bc1qxvq63dx2u0sxmeqg5uepwq45hx6czq3kvhsdhl	2332
bc1qv6ezta6d93vc5juq5d96emd64muc4fefmzfgxm	2332
bc1q7pjrhygs0k3xwy5wt8zjdhzlf7mas4njklum3l	2332
bc1qww2kx7uk0zh3a92g2uvye50zn9ekscw8ls64jw	2332
bc1qrfv8h42hgz3e7qus23479fru9swfzyzaztzpkw	2332
14hkYKLUfys9q5fW4Y92pojuy68cqMia8K	2332
1Dqe9LigsbtwsV4caaWs69xDhECbkhLkiD	2332
13wS8SyREdpuqfTxhG9YxBxzKv8HwwrPPC	2332
379GcYeH616N4yxi2yE55uA5Lugx6N4asy	2332
bc1q8fgne5ceezkfmkvpfz3ygvh62879xsz2nmfg3c	2332
1EMCbXMf9GDGb65T1npyCWHGbCZLPAtV4W	2332
17xEkHNNssitWopg3xxLwXJ378httWhFJo	2332
bc1qmfy95gekx3eahzk3grreneeec5pnquxycpfct9	2332
1MJgn4HScSLj8gEe1khuLNjK2mShC6tqis	2332
19FfwiW8GUhBSQYWk8qNBpvDCjnNgpXdLk	2332
bc1qpe7qpf9mldy4jut0swwt2xkj4kp2y7mtn2hqz3	2332
1LwqxzNM4QeLoMGKHrrTPAkzhkT4XSSzZG	2332
13kzENdpFj4Mf1kNAgBfiH6mMJyNDv3LJt	2332
bc1q7fpmgzc4wfdhja4dvnq45ry0f2uyw6und7k25z	2332
1HAgw64wsieHJXB1R5URxyVrpioabd1JUV	2332
bc1qj7adxlezsnmmnrmd3khzj7jjyg6nkcdk0ywehl	2332
bc1qc8wd8vts0stwkz4hkau56wcyafr39ne8723w9g	2332
bc1q9c9t43rw8wp29rdeklpy7rrs5j59cvcg8h3szr	2332
1Af7rCwoLwcBxDMeHAsEbpQzrhiLJxsiZs	2332
167NRoeHodMdwEj61QgDafumAwcv1bKvpz	2332
14Fp4YftrqJbmQKMYTpMYkEe1RD5cg5Rqd	2332
3AyihszcnvP7SWf2RbmuCnwZGitkrmLywY	2332
1MGEVMupvRnV5xP6WDdoY2Qucb52sgKHAA	2332
18iFELcW5nwDa8MgRqsiSZPAkaCoRkLRap	2332
bc1qkv8udcazg399lksfxye3lmkzdpqz0hmpmdyaly	2332
bc1qy4pr532zgj28glfqhyxckr9vjtf9f8nqf9mmug	2332
1Pn8obH6TME1KC7jXKoxxKt9xh2v6wz3Ky	2332
bc1qscky54mjxl6rme6yxr4m0znpy75u39gg64qvj2	2332
1MbP6aXLLcQxcPP1bwzgSSNkZKZZrCmMPN	2332
1GfgAkNGBREGzWtKPB18LBqAL7BNAuPwrH	2332
37GKBUjpHj5YdB9gd1H2cwxEpD6cDpth74	2332
1MUjnHw7a3nTzDEJ4GKkfv9t42bM8U9pj4	2332
bc1q8fge4cxe85t7rvue48qa45xzw0k6g38ws76vef	2332
1QBgJr8GoVfCZv32RDSApt1upV8mWmtS9Q	2332
1GYgDfGRJXQqP8T2F2FE46YAFGSE55XNt9	2332
157oP3UUtmS7uZPLhdNADqV16jV1oq6kBn	2332
1A6Z4kZvfyASKzn4NrVPBHJqaieMZHXPpr	2332
172gqfX2oXAHrTZv6S8hdBUaacPega8KN7	2332
3AjtvvAcXN9XmMQ3sVZaiDQ163uyJaSiqT	2332
bc1q8vpl06yl7a39ed6gdhk4zqxdegtlhkzz7pn4ea	2332
1F6VSA38MULo92ND88Wyukpmku7FFaqGx9	2332
3LXN8frky6eS23VLYvxcpPBoCgzCfmS317	2332
bc1qrqg034sm32zqzyg3zy6g2gnw4lqpapvxau0gt6	2332
1GWEDEAGPNCCkttVb7fgd277rkqAFBAgdj	2332
1JpGWaVad1wjKBGDjs2gkZk5HLoMQP5mGw	2332
bc1qv63dzlrzd3hy7nsnjqaelny4atkkhcff345mpg	2332
1AxgygwPXEhkSrWN66niAv2VfP53fwDcR4	2332
1DqMnSYpd8oB2ie1sBjfJHRVebqPdJX3yo	2332
1CcKWma9NqGY6tmjgqSx1gS6YvVAAi1rv7	2332
1NUYCHNfyKgVkZXEskPR8aJC2L1ajvDJoT	2332
13hbCK5ezoqENKgxwD89DYtUQgYB649XTJ	2332
bc1qyst7jeyncfzrtlslg5hjr9cu9dsjnsgf975dp2	2332
3QF4vqzTyUC6M2ApS6mqc3NMt7YZKMAomN	2332
1DUYbvFcXkxdhaHXu43stfsWBYm5nRV7A8	2332
bc1q7fa0snzv2kh0p3zanpkxae3rfjv2chpsv0uuew	2332
bc1qtwa5ajjwngwjl2ejmu7sqz0m0qv3ef4mmht2dz	2332
31iEpM1MwEZf5mfJL4opR1eCu8t2i6zc9R	2332
1D4BNYq4AHPWWsZpzKrCe12ZEka1iC68tb	2332
1JSn6nrRbEV7CErA1ABuTmeZ6TNfb18Uxa	2332
1JNwjdimz389w4sAQVFHwNxnKuh9MM1txD	2332
1HH8rCt9v98Db6yhS1hoNnL6o4ErFzXAWF	2332
1JseZhT6BLK4ZR5ViYfxxz2E6nurkwNPMY	2332
3JTdPZi4Bu63h3KaaZ8ggrdeqdL5nvo8JX	2332
1P51orT4at1PduyzeRdF78AjfbnPwAUT18	2332
1LE7JNcMwfzqBtZvrhUZNutdQZ5QR3dno4	2332
19dnoag9Ptu3qfyfVnrUQDR7hvxDvxSUM6	2332
1CufbL8nLkT2JH2sXdBo8KxkWGsv6Cr434	2332
1CKQvicwzE4yR4DmeYzwnEwfV1irXs72WC	2332
16DVfv5CmVKARGDtaeMeSKHw3kDJ8f3kXC	2332
1KEuEhcTaqsx6qqhxHhncngvzLFvHW8TPE	2332
bc1q5hfarqkw2y9snnls24ce2ggruwcmrg6ml7s2rw	2332
1P2U3PS3yzBvNv9cQiAma67Wt5ahV6NAfH	2332
bc1qlnd9zkldvgnsudsxq6e00v7unmj63u642rr3gu	2332
39qAmYy3kj1XCoHqe2S1Yqhs4twNbwhoZk	2332
bc1qaef55caxahxgqz3a35xdt2g9ekv2a9e3hkt630	2332
15VzaWeyFNcRKLCuDWXsRCbohNkPnymfa4	2332
bc1qjxmqwal0740x7fpjy79g33mgcall2jrz9sp4hdl0jmkd8llnfp9shffpc6	2332
bc1q8qg003rr5ugdm4hznlmn0m4ch74fjuxa8p2urq	2332
1JA6SmaV52iqrN4CDJqww3ekYfrvKcxA5H	2332
3DGGTyLoLDTqcvPrhfeWZp2tw7Dqt1kVCy	2332
16fpXtWvP9mFR1tJVd7d5LW1HTQF11r4ou	2332
179xkNcF18Cz52r9siKZVF28MrdxKka9J7	2332
1BbZFGXSmueZEA2SWAXMVFhyZbAJGoF7De	2332
1AGgQiZc1JtEeQmnSVVeujYoPGtgVABfG9	2332
bc1qnypsew36mwduskaxavrczv6vwhnknv58vwxzjx	2332
1PKpcjzp8uGKGwFYtKdoV4HqFCLZ9GhgyS	2332
15qKTii9a7wpcEWBYeAwQVu3kAZxeP1u3H	2332
bc1q5p9678r48y7xz4dn2gslm898jyjq5pnvxmyqtk	2332
1FxYckfVX9JCECtdMy6QoRcYEBsUyD19oX	2332
3B9mWRkQSQrk1MwCAn2qAGQacawJraUYhC	2332
18F81KsZWvAAGsJn3qnYYJp3sGa5eDLV2b	2332
32noTQtwAPpxUaQ8fS2sv4zv4v4eyRuuNK	2332
bc1qgt9u0pqqffa7jhuly3f9dznush7rhfkfyxa90p	2332
bc1q933yhvpqd0k2ys6x0kj32rg9fam5ylztzg3nny	2332
1CfWZVQ57QUWiFLBZ9fhD6BMGxsexn3raP	2332
1G8aAQSjK2wkwhhyd57kuwEQGoanjsRcXm	2332
1PZZJBT4KMWh3g7v9zdXnnRAxV9rCg9JFr	2332
12g5AiNeGDK5VBpWVLLSbm8SXxcTSb3d21	2332
bc1q6z7mec2f4hv7kkdrcg7t3a9lays0zl3jvp0f08	2332
1C8FPbZioUB4AhSX2NFFLN7r3azpzqFx7Q	2332
bc1qyullvva28knq27c7gqguhy9n644ne4c838apmx	2332
17T5jfkkxNGDqGqvLFgHxdWyAqjaATjj53	2332
19noftL3oaRYZ3LD8dhZPBxnF6vXjdzkUj	2332
1GCPjnAX5HnUxtEtir1HeVT5Sms2Qett2P	2332
12s7zqzs9CK8k4n7jdHzLkNpiXu7mtHmEx	2332
bc1qawq4et9kylesa66ph3dseet34qqr8ua4q7dzuu	2332
1MuxvpKFBsBiZuaFEJcD9ELqajc6cvgFtU	2332
1F1CGQEW3p8VmWoAEevVNBUgVjw684jNNa	2332
145A7BRbzu5BfooE5qg5h8qNdKVCAyZ4FE	2332
1GWNT6yxqPj4Sbvup6yN4iJEdtzCy9aHte	2332
14wPrLSt4Mu6oq6DxKboHVYDsmsZkZqGAL	2332
bc1qlhlcs5qw9qs3k26n49jn8v79xftqx4r5rdu0y7	2332
15joksc4ne7WAyEM4BM1SNHTbJT29z35MP	2332
3DB1mJXoJZ2NAsra3DWnQnE5gBDFCwf7c1	2332
3BPWynPRYGZRZfCgwchS9SSTkg8J1VwnMc	2332
17Fx4hYwwDLr3BHa3zrGPajBWMLTR3zcei	2332
3JLq3A1ZabYEzdygw3RDQSe3GozezgyrRE	2332
bc1qfvatt9rs99293hujgnxg7v54umemlkv9hr8w4q	2332
1AM491LM9xDkmb1eRuUYruKVMYYxCjks6A	2332
1SHqvjWvKZJ9VA8vX4GtuNTNVS2gF59T3	2332
15SKyumokiqPpDV5FSCLtKCKor2p3NwBng	2332
1B8sZvsCcDZiQo5i8urwocTpFoLJbsN9Xn	2332
1FNbunXH2LKj4kAoU3W2AD6MrAAR6eW95Z	2332
1DDkqSUs2EpmFMesVG3cpHVg4zpaksS4fJ	2332
3P4gn3cwQHkDJakUwJGecykRqmVg8oJyc9	2332
19hKu6UvCHm41PeXhVnshPvUcvV2Y7LETP	2332
1NF33jfgQkeH4wFtpJgpewofxiFmngJnvv	2332
1Myu8hSPre4cqMYEuP5e9YUWtPNLZSCn2V	2332
1iN2tfiTnEyip3v952NWT6KdUogoQTRZN	2332
bc1qudep50zp548t4vq7f6fd38ay60r6eghscgaecm	2332
1Lqo28VNVMRbtFRHako9xtUY6BuMdxm6iE	2332
bc1qcz5e2ejzyj5pyeva38wv446teql22q5ed4va38	2332
bc1qty7deu6uxs8u6drg83qtzcqk34ar0taxkfx3j3	2332
bc1q55r903t7dpukc5fxelu22pqn0lxrf8v50ez3zz	2332
15vVcTna35AFY7XK25MEW8DzmTP8NaHvoD	2332
1NWRwWuVmPgFSzbJnJzVRbDJG1vytSBNGV	2332
bc1q5epmcqzhcg9uf8fvqtdu8kjnj3alge8kssanl9	2332
bc1q5572rcx0h2g9j309m25lgphxs4ru2z55gvh34v	2332
1DCkGEbTrH4uKXX4N6cRnDaBA5ZWULWMRa	2332
bc1qfls4e5zumqg2qlat9e0puf6rme2eulctfk7wxp	2332
bc1q4wqka65c4f7c67v7dhkyzdlhxvv8wqkqujmcej	2332
bc1qwkd0k32hsyczxpwvkg0lc8vywpn7x8gj9xw72c	2332
1CthemwY41xcnnYB9kNuK71iuPG5PiE7ND	2332
1M7jzbKu8XeXj3Hw6YFiLuGjntxdnVvhbW	2332
12n6bW9fZmAhjqsn7p1xBBgkmiPTgS4MTv	2332
1xFmYHsGsTuk2qEPiMBEwUUTQwn1FAUrX	2332
12BdtwHH9sUw4LSRdezMwbUHY4Fop4H97D	2332
1DRocW5eB3ZS3WFSAEmK5WvedqMVgCPa8C	2332
1vKarSvG5MLCYKdQ9JQ6GYqNXn4LvfbzJ	2332
12zgyf3SRX9jxwfXHKxJy4MSg8wrwpD5Xs	2332
bc1qqdfuse08hq2keynp8adctejn64uw7dtpapv7xf	2332
1EXYecGh8reQmR7M6dBMpHDVBUWt6ioCrT	2332
bc1q9gg7cds6u7n209xujw2w8jx7xel23289pz67ec	2332
3FKM71f3ZBGpj8t8ZagNnGD3XDZq48GuuA	2332
158n7VjjVuGurVrpNW8XkwjDWyPnfip48b	2332
19arRS7UAbtqXnEAgg4EusrZvC5TqTceXs	2332
1EPuXvchg6D1dNuJcQ9SzZt5Buao7vcJaF	2332
1DCVcqkP4mdzMz95DvXUNqTT2y1vx8QaPW	2332
1EZ4njoW2vE3xhBjgyrUtCWWF8vQEwcgFA	2332
1L9m2yWYnsdEsmRJcaYgHP2GtTTqXtwcjY	2332
1DBY2L6pffbrqJJX2Mw5XGeG1aCnb25xTN	2332
bc1q4yj5sd6mzqq3yfwd8fvnjgv5afwnd6zeeykkem	2332
bc1qadfe9ep6h6fzttruxg9rqtw2r6j8s9xw76nt0r	2332
bc1qmx5hhtjvg778m5ffj4g8ct7sm8gj6yk0m3clhm	2332
1AD3wpWpEZuCiqZo1zWY4hL8KnVhijYrnm	2332
13N386p1brFiBDH49QeCRcW6Jg6yChxosJ	2332
1N1mkTZ2YwgtBP5anGSbE5Ja7tuTQcggAm	2332
1PKMCYBKyXbSqkASiKQnizbHQhK5WBCcM9	2332
1HCsR7kSj4d2XMG1FGuko2cRSFNYudd8XU	2332
15w6mnHfs7575vrbWkEx3ESNVCssvaBBsr	2332
1FSJ4qAKuRhSL3deCKWVqRwk9NFwXZnUcz	2332
19Tm4GCZwUnuTZcH8wnZVycZbKHJon4Y4i	2332
13w8oQYqnE4JC5QKV5q35HPhdAnZCVigw8	2332
1n1JxXr7oavHYWGinXBepBK7CNNAn16fY	2332
bc1q6rk0fgwf2ewde92cvvh7pg3qqpfwwf8cj4n2zh	2332
17BAAbLL7Bgr4igUZNoMb4s11rwK6A4Nem	2332
bc1qpejcyshlvaa06jm9fazu5chqfaakd6y8pt5dgy	2332
1JXgwvUurLCZFtBh1JSX26kkTHEgqatYzv	2332
17d2ziegqJF6RAAJ25uRyyPKXcUDmAskxG	2332
1Hbvay3rsSR4RbcvYWu3AAJ75jR7i57e46	2332
1BCmnHZnosS65pLUc7TxErrxNJPK4pvFzb	2332
15SqtFpZTYtiXLnGHYaJ3Sf66nrKKzFTAs	2332
16PTVdkY85vSczAjVazQVuxyfyZSsovKK8	2332
17K153yg526Z7ch3QGNDZkt2nVqRQKMk4s	2332
bc1qqszx5pudxt0w4p6wftg4sw0lcvzdulngzldea0	2332
12Krcgj8295rnnHp23P29DCmnh5BdQZhyN	2332
3AFmoNLRJJz3hjTf97S5JE4W8caiKCVVAA	2332
15gqiDxb16R9BVitxpLoUTY4ZtSsxN9ij2	2332
15JWvniYqxose88bjcCTWV9sBEuHV5JhM7	2332
1SfCivLntWiV9oExDGsWadU1hgbtT3dSw	2332
1GrW2YuSBehKWR2qSxzgoQceMi5258CsXy	2332
bc1qzz6jgaj30dns8y6jqktw57ndw2y95umwjqr6qs	2332
bc1q0397rdqvmqpwyhs844gsgx8phay7xp9asrkp3x	2332
1Fn8dAhAUjXVcbDZN5zQStYfz4qoJ4U2vu	2332
1B77vo6DcgF5cgRjFwEFSaPMM6SVAWvn8n	2332
181pMq8XDJKrY7tuGdXtbQTPuk3FXfYFHB	2332
12iHHxwj3dbMTMLfD5Af3kC89k7urNsmdV	2332
1C5KXyCX7nPUCN2kNP6rn7WfnUaFd94vef	2332
17JNMZFu11tCQAfcQpZpw4p9aPeCXLrbtk	2332
32KmcMQt6Kfb6p5W4jtxyu4UX8e5i9bGbq	2332
1ETo16ze7BeR61Cpfjnod2LJuR1V5otMo7	2332
1PRaEzKThhR1rp8w371avpVajB5uBksbRP	2332
1NbsY1CskH9LpMjdystA4Jqu6NhshMweRW	2332
bc1qf6mlhj6kmylsa608re6hyj24568w25zdtc067z	2332
bc1q69mu08dcpraugfqgdh6sthqqx3u94srat0k0dd	2332
148bizw6bUmJMTVQ6yoTCE7Je2QNsb6ZQ7	2332
1AmZL3cjh7KWaH3Hvn98hnaMBq6UrYYCFh	2332
bc1qjv6mxlaezgm429j9rgc8hzdsfggmm6d8w5w5zy	2332
1N5cQw9rDPtWWLxJXKMJ8KmSST4w3ejEUb	2332
1JExxHNru2sYErNmDkc1sPFhqjxiGbtXzN	2332
17uvZNUi9z1bA85ukBiqq6wW5UB6WFS3zC	2332
bc1q35hzyqfh8metec3e7gwfh6rw3h2dn5hnd5p320	2332
1MMC4GouyBrJqmFSytZ38WjmmMQ5JBNYgr	2332
bc1qwxluhjs4jwcsqezlqfrw5hctq3vh7wr7hug6c5	2332
bc1q6sph7urgslq4y7ed8axuveahxrhgz6rehmp35p	2332
1CxQY7QNfP78mArdDWxw3ufJYF8bACc5GY	2332
1HDRb7ma9vxmo4yc3PG5WPGVxuaUhLtrwn	2332
bc1qlaajy4tedzxd22vmvvwhey389hm6dcztnm6j9d	2332
bc1qqdu434npx5a3d7n850uy944hcutnap2sp75nax	2332
1Ht5kbjaJzh48zVizF4FFQCVDE4Pyqwrf2	2332
1BiRdSUnZRBvUgrovbKbEavEgpBQ41r2yQ	2332
1GVrUGXFtJ9yNX9pLjztKf3ZtVpLsmXKgC	2332
bc1q4gz2t6ayqma8e2k4lg492gqwsnhfpn4vqnulxu	2332
1B3jR6S2to2Tq29WWguEpBrkLVmri1wa9i	2332
1NyHrKpmzqJnx6Pmkyta3MJUw6Qhi4YQfX	2332
bc1qtxdju2ltydhkzpr3emjj0ygetpp0nu6qvly5xy	2332
151q1ByDxt9G3kCkFo9YdhoLZ3dAMa9MCP	2332
1PjtFAK7B8e1fQjP8B8qH79rHssK2C5K4r	2332
1r91djcVv7K3MbperYDpEdcNs4uWxyjtp	2332
bc1q308pwn4yud6trwd8mg3emvk03235q0ddume76v	2332
1GxmCBaXMBG7dSJpiitSEFeXcyzN5AhR6P	2332
bc1q4cne8lu25ptzdz5gchx2kqmkrew8e8q4qfjdq7	2332
15qYyK66b4JAzqFfcH1BQ365H7Xt8Ht8Dn	2332
14Se8XnNAmgqfQPq4ERYAvsWPFPmL4rbmm	2332
1ABoDCzbHjCapXLdhR9wDST3qdte6tzqtL	2332
bc1qylygpvzptsyftpgvs8xk62h6m2uzdrtcvmpdnm	2332
bc1qa3l4ju6nkkvwnkd84t0gqxyyshd2tm9r4pufaf	2332
19t1JHrF8k7FgbLgzRN7QDrXEqVTQVRFbR	2332
bc1q5p9rggur8pqxfxt8q5nekx6suju3e92xhmgeux	2332
1F7aAUn8UdnWYKVCowCaY4f3NYkWwMhTj5	2332
bc1qtrl9shstnrdv6rektn4735uyfs79p9nr0n5vqj	2332
1K9YJVn63YqfC51BPjCh7HZceLwwiwPXx8	2332
1L5Vn3z4ajepUUyZwBNnd44Rsto7KFHE1j	2332
19LBsVJDiHBumN1e13DY7NPLmoWTp6G9mb	2332
3FKgjdTfQd12UpSx3sGw8VJsrfGda9vPND	2332
bc1qd635474lpnqh3lkyzrq2z0s47yh2yakhra7ynh	2332
bc1qhl0kt8j28pwss4kusfrlemy7v26gw55cj8fnth	2332
1sgceAAB1QeWxmZrWRofRVo7cvT5okvrL	2332
1NH3iT22uVkLYgLPm3kCXRWDB28sQnS4zM	2332
37JS9fp7yCWmvjf8iPVuqsyC2LW5CkpYco	2332
1AJrW1pqE3QNqqL7oApQmNPfXwWHo33bkv	2332
1A61GBU2XNpZqYWeygdviPBTgmwpGFkyF	2332
14A6mC3ADQ6hgKRGbocEA3ezmvcRHvEW71	2332
176R4cyq45zJAbDHa5QEncH29WYc3acMi6	2332
37AizB9TBo2g5KbTVY6rb37wugjPrJXr2V	2332
1Ceyfo2euASUgWgwybKDMjaiuV7uwreTVP	2332
1JcLLVvEoqcg4WcJGVzjTXWuB397xDsVDu	2332
1PMhZ5XpAVgqXkYh9Fh5W23ShKw6FFGaQ1	2332
1E1tVwdho9LGi6GAb8XEtGwSWtsG7io3p1	2332
158kuY6xfXfVfukEcmV5NgiAnWpJrhytsD	2332
1H7SHbFQznFPRB7B5kXSrFuQtnYj7s9CPM	2332
bc1qc3zakzfttvwwd9djz3czptx2z2hustj87827n3	2332
bc1qesky45kz6xl49gkrxxgx9ws97m58h4vyhsqtah	2332
bc1qdafq7jan5f72mr7yxx862t596un4z6czqy47u3	2332
14HC5TqSUW1d5kFRiJ325k8gU1tkqQCcbN	2332
3EVfLR4FhvspbTfzE2u5MbKe7FLBRVigcZ	2332
33MCdVQV4xoMsiQe5LKUX3zfbsjDy7v5tb	2332
bc1qlmvrslek23kx6xfawamvkpcn34hegvjqcv7sdxc72thwyy5q77zsj3p005	2332
1D7rbGV5SkCw8yfQRdoXaFNtnKJgfZAb4U	2332
1HoGvCAoX28Bnu9d4UKTjnr8PMiN2RrXh1	2332
1JqMnLYU6JMriDdMUinfJA7Q7vuWEuk67r	2332
1FdMa8RjxbgUqRdqUUmyRrjzNWnHTceM5d	2332
15kZdYiJxj9k7SKDHqwM1f6hroruJYxSv2	2332
bc1q9z7vy0khnp28uhn4tvukykl046mpgekrqglryv	2332
1DmeSJHfRPXQnaCueNfC7u3FdPGnkjDh8M	2332
16W6a6hLfL9YdxknAJsj8M2h9DJAALRvEY	2332
13n9NMkLquoGHdK6ydtq8H7dtvfrpXNri3	2332
bc1qw96awqng0ne2wu4qdlsr62vtj2syvdd0ukfd7d	2332
1KXSKBpiyJZqYxnKWvvRujUNGcZTBBjrdy	2332
14r8d8vxiGkEbgF8KWBdFANPoQp5utSFGA	2332
1KwMMZ2A3p8cTUiamgatVBZD5o6T56MTmR	2332
bc1q08z2s9ahtt4sj32lkuqp36jqa0qawzmtl85yat	2332
19rwwCtvsDNmLoN9VqhrTbyvLFszbsE2wB	2332
bc1qtlkksgm6lqaeyu4n5vl5dvcs4cgs3ekw2u73ty	2332
1PrpVgnbicuyGuk9oqvbgeagbAhBx1gFog	2332
34x6j64jSzaoAuDhZjzDCuXBhTThW1R6Ba	2332
1Ncgstvg4xi1k9gzvYzgAF7DgEp1y3fhT7	2332
bc1qy2v50d2qcxyjj6azappmrkxfqht2s65f43eum8	2332
17Yw1WmGBxWopLYx27ZTLXLTST8bwFDeqi	2332
1BxsKbfskr98YfmZSZF2ggJ3p8rit12F5	2332
bc1q0lnj6u7mmskamklv8ncgjv2x7gcq4wna4cj7lh	2332
1LHH6RCwfHekoSKBxhe7APGxsemSPrHEB3	2332
16sjGeEu4611M7Eu7GPrSq4j6UK9hcXfGv	2332
bc1qn4hwx9cqfddskjgmm6curlpfjgfr6zdty9g0ww	2332
bc1q90vuy7j8gm4umsgutp7x2afsa0plpfr9rvwu7z	2332
bc1qfzlzx9jqpp8esf7mff25nw24ykdtq4mcdvmtwm	2332
1BRfmGmuBCgiGenPBQBV7x18XWd46W9qfo	2332
14dKMm4pngSdLiGzoQui2ukeSFDPTSpb35	2332
18XHCBnRcSeunB1JLXwY29em1RBYAHjaGn	2332
1D7djFSX78jnQr1Va8Wpu5q1xzoyR35tZX	2332
bc1qmh6t6y9t2kvqdnpfytumrrk6frs06vpj4cfm9d	2332
3HxgPZDafNfkPGmGmGthDYXGxAYBdsnSzP	2332
3GLnoqmk26A4otdhGKrv82sRKyh8A7Wopv	2332
19kYdow9ZTWWzY7G7CqzkL957RfVqqyNfh	2332
bc1q9lt2eerf0lrh2nf77e8a9fam7x585zqn6veaqh	2332
15KJVX9ucCB1CujHrcUzhUhGkSAbxMvGnc	2332
3EuekRdd4L5KKacFmE5nEFEqyKxV4nw7iX	2332
bc1q3fnwsann8gpw62uy97736r3ay3800u26sn7t0f	2332
3NkFSQKATcR7bn3c1ZDY9ePsisErv3jo4t	2332
bc1qcjavw7zf40pj6a0ze7py4ayfaw5rmk4w27yy5t	2332
1Diiyc6j2GRJfD3TtFXnDKdDLkALThDPTy	2332
bc1qj80jnlsqxamesnqng0warey36xwfjupkhx093h	2332
bc1qrpwx245cw3tf7pf737k3z8hngv50h87wavrenv	2332
bc1qud2k23pcgq3jy5l5ej0nezf4pc2zt29dh0ekrl	2332
bc1q5awk6jmm05k4knardzr79c2yrtay9dkxsc9lzu	2332
13uCyPz1qa9xLn4ogCUPKFetB1aeo5hPaR	2332
13t2PRer1KrHE6CVAZ1gLgmYc5czR9WqoM	2332
33rijy4KE5wZqAz5qCGuiswX84CcNMKVJi	2332
bc1qehk8a5hnmtnwcxvdz0y00fhjg5qntnadg6xxna	2332
14Kk6Zn3q12YaXkffPH4f2E6akps2cz4jz	2332
1GHQmPF5nnUKB1eXNydz6QtPqYR2Hgmmoc	2332
1BRVodmin9e18iA9Yc35zayXwBG6UTieMK	2332
18mEgYZRGhj68GvWgdDsU9u1zwyii9DBP9	2332
1PNekCkDyHXdLr1uHtEy7T5v9wiF7XwycB	2332
bc1q3fygkqn6tmlt8xcuzxfm29y6yaatc0lky356nc	2332
1M9i97AbhdqNWSGJbwmNTva35G6D5dVnvM	2332
bc1qcuxmrsh7m4e3ypkchva05qfjy5kwjqm7gdrd89	2332
12o8mDmZzGZUwCrYeaAYYVXxjGFmwKqqWj	2332
1Gn4UUmiLaAp5vyp1sSs1WPPUekDmUKL2j	2332
1JS8cWfY8ea2sjbNPMaShoxTamXifSwJxC	2332
1KopAAA8jogGXw43qXKy23ah1CaeGnthqE	2332
1HK1dBtm8oZBW22vxvdz6vyiZfCyjmJqyW	2332
bc1q09fn4yzwjruyp5vyekxfm5y23dz5uexclc757q	2332
bc1q9qzn3sq22lyjg280yd8zyl7d5cezredkw2eyea	2332
bc1qws5f7988qm834e3x7qml85rcqr5x4h2jz5d270	2332
15V6Erz1yRQrbtJEEhJ2Jwc2cryBC8DT27	2332
37Gc5sQts3d16bPMT41D1jUNdaFFDLJpbq	2332
1VuKxibghAsYzA1US1a4moRjuBQgB57kJ	2332
16fwZ7kAXfBoEdxbrKkgHNTfAhyn8jm9Y6	2332
1F2yGsGgcFHoyY8QoLhwXMEMPxu7p3eJiU	2332
1Jn1xsm5KQyt21bKDdSvBUZ2ezdSJ7ZExP	2332
bc1qu9cu9jt4q5jrckjl5kqt7cs2n5l03m3vjcrpmy	2332
1C2xSQgPVBXWfA7TtyXr8GjGZZ426bD1Dm	2332
1B1qn5qQJB9zoNzU6GDLaiW8oDXmCKHucW	2332
3FKbdDf8bjDB3j3K9V8fSDFidsEmuvHtia	2332
bc1q2llcvu952ht73qah2dxwmgjlhwqsekrdruxkrv	2332
1MehJh9nyGk2DbQpMYjjJYo1h7qkzJGy6p	2332
bc1qdlwe2alx9zjrl4w2uvshynjuqpqzwq3tenmkkt	2332
1qLfRTjjPSswRaUgRVqHh5pmU8aWsGjJB	2332
14KVA6jsEzKGwcQEE96JBpwm6afenLeBVf	2332
bc1qs3rskqaftpwz3cv06fcdgmnfau5vfgs0gxprpt	2332
3HnA3MvLxx5CRMJGodjnXvHbMKPmFSEWEk	2332
1NipXmTGoumoUpV9nYu4eJaunRuCFMbMjQ	2331
3KcPXat61e252DhAvbQs2egRLCzkwRk4dk	2331
bc1qzc200w6tsmtzkmv27k2v7x4qgwy6ezw8ualjly	2331
15Dz87nEnmeP5mErA7sa4eHcaS59vpBZnZ	2331
bc1quet5vsmaf5r9925y7g6r0aq98nfjnhtqv9faax	2331
bc1qzaurzuskuflxhxwhl42fpk9zwpmd3a5zw7yhf7	2331
bc1q52gxwzhz8ad9f3n5rm5ja4k5v03x5y3k9rdfav	2331
bc1qhjpsyss5dxe74pv8vkjggsrm4p5dx6t4vt3tt5	2331
137HtdzqP5MKhCMXwSRSh6VwSqmNEgufhe	2331
1PPzVdBEwEDztvVtXJfQzAgJ5jbrQSHa91	2331
bc1qf9vqhz72n5nz4cqrv6mjv5n4zrzzuyzv2lcals	2331
bc1q49ezz59ahycczmlfsdpxlrhej8akehdamcjqym	2331
1C8VWGeRjPcFEQdkRjuj3ZtNTWRtV9A5zA	2331
1GXyUCYEqS63RcdnV2e2Vrpsfvd9mSUoYw	2331
1CRNdpy48LuRUxQA5J5pHx8ZodjaYbhwiE	2331
3NyEbYkran7tRFPrXJPfMxPKWhhJgRfRN9	2331
18omy2r2vR3Mc11EWH7DkFXJ9Es8d4oGxR	2331
bc1qzk7ydyeva7522s6wquqe27zy8rc0nasnguwjzc	2331
15V5gGuXHh1BQmNUWAT6hMEyQFZJ1Kv4Gc	2331
1EEWGo4TpoCZJJ6d6zM6AAMHWF8EsJgSiv	2331
35TaAjFJog8ZZY9bdqi9Jy7KTN8BPCnF4v	2331
1FwRGJRo3HSb8WYPsWWJ4vn6kMVjg4MgrE	2331
3EKfobAw92gzVnVUrGACZca6MhiPZmDQoe	2331
1MdR5Jbo49g9HvLsZDa5Ztz2p7pRC5ujT4	2331
1BitKJtp1CvJFMpRcTx6ew51McV3PyiBhD	2331
17C2zth4sq5ZWDyUjFf5721Gt5DK3g9mW1	2331
33kFEDLBBsNANFwPw8rda3Z4txVPLg7DBk	2331
15ZZrEZZGF8p8csGWrkrMRpRRQnvHy9DbP	2331
bc1qtmnt638mcpfdy70ruqven4hwlu9zmhf6mhpewh	2331
1NEJkGiUWpeZ7rupmKUdcqoxyToL34BPEs	2331
1B579YE9ysQfsrNe4midQwiER8nVF7myQR	2331
1P3zMzmkJDnCFSemNgn5NNE1oKpiDNU7DD	2331
16f6RpwN6wZVTRFQvtrqdngGRwvw4vmKNg	2331
bc1q82d39lt7ggvj5f0lp93evdmh9gcl3hec6fun07	2331
1FMSbfVw9XUzJRbX1edmurDTJHiLSU53jN	2331
192MLsQNgiC7MoZm3r7dujKHc9VozWFdfx	2331
167Ww3564aGnM4rKjZffgkuULy6q5CMLih	2331
1NnDosqaaCFD6Jd9u2gzDZYe6Uh34H68e5	2331
1HqmLhoQrYiZAQvxf3Mxcp526fFA3mZUXG	2331
1PoRe9eMJYusA65BgJSKZhTNUW7hQW4X8e	2331
39ooPUgYKCfZMBaXUnSSNfDuwyvEJb6X7F	2331
1GyuWF3yyp4oHjEBVVog3jXYxjePGVyPJf	2331
1CysnZUnNa8kezTQJ53NatUm1VvEwZwjv5	2331
178ApvmrYyCCZ9ELbhWaqJp498KXZfHqQz	2331
bc1qekn66pdhz3w7tng2qncec8eermpjxg80q0g87c	2331
1FrDEK8yDEW4Svyb8tNtEMvMoYHK876bmw	2331
1G5y9eE5xEkEPQ9BnMAVJido4HbFeFbKCN	2331
1F5M1rhGAZXP4aZNaBvhY7uZnyYdaHWWua	2331
1JbgxhUnTpX666p6b4mgyq8Js8deAUzEuY	2331
1A8Dnd16dS879musyu5JtqXvmivZgHBVYz	2331
35rnvp2cZ7EwsPHRoXiVbjaBXMf7C23oD1	2331
1AUj2Q7SruFJyLcSuBduyKysEUs7LXM6wx	2331
bc1q0rkwflh6zxf7sqqm3lh9vwr8x3r0j7hglulecv	2331
1KbDwVEjaFvxL8Dqt7tgvsPsEr1XPvkBmc	2331
bc1qghevlql3dsrfzmseq2l3gzlmpnh2fpgyv5w92r	2331
bc1p3f0jjn9ym29rdpm67h9zeclds5wdz4h7uzxl0p8ytcsrrd87uslsy4a4tc	2331
bc1qg4uf0fcv9dt7p8l0ce2rmvj2esnvpjdp2k7wjd	2331
1D5UNNAjq8gRZRawiUB5WV7TXbbzpWnbf9	2331
17qkhs6ThPkrN45bXvqxyCbJ3EW77omBiZ	2331
bc1qhreue2kms8qyq9n3kdupzj2cp3qrhvprg3cg07	2331
bc1qpxk78c3nq7scx9cu4t8z5zjzp0nxu3359t9xcq	2331
1E3iwYMAYaBw3KsW8nNgV4Cqf5uwunEDur	2331
1Gh6pVNVqKRfCbh9i1bYVJoK8EFT1MQERb	2331
16QNy2dELPMQ1R5XSUKDfBvrFTcR8BPHUT	2331
bc1qjdp673hehygf9xxh8nu8352c568x509gmxnvymsvyeyd9kpkf60qalj087	2331
14xngoUULeeYUpzFViYEewHyykRH1XKHCv	2331
1Kw6TRy9teqXciWWEip2gr8Tyz6kFZCgd1	2331
bc1qgqkjwlhrve34rylm764cd3amgk68hdp7k2x0z3	2331
34mJQVVvtYCrSMFUq3H26Nt8i34iH5Rupi	2331
188kMT91x4JVe74xt5Jp2nAYb7TmKsetwS	2331
125ccniHgWrYFKQKutQo1wSbtApDPctn7J	2331
3GSVskNNgmT75jSwZsDgxfv7idw4ehva5c	2331
bc1qv8nesv8jud80hdrr32ahq68reaphg6z6lq78dh	2331
1KtD66o12orqmwBdDLKDhitC3f2xRLi4ZP	2331
3FuChjjsuXcuNZUW4nTvDpPvXxyd92DPc9	2331
12pFQodNFnmVNRMvUJ8qttTA5yWCDo47e1	2331
18wqrogZCfg3T73r6NUBvXRSDwYwQMzf47	2331
1Kqq2hp7qZYuQ9h83yNiJMXyooFNRsVgcY	2331
12dvviwsktZyBJLet7iyA9eHUT7Ccif7eu	2331
34GBVobztc9pZArW3QfEUCFaD9pGAL6Rvs	2331
bc1q5j0lqfu2c94uvm2mu8ttphy98me396dkqs2fhg	2331
1FyrYdE4xof92QLk17wiq72Dr8EKXGQpe3	2331
3JA1RGqXQZ6KnSTJssga8HkLgmguLWB1Zg	2331
1PyP5ergeufrwfE8BpJLkMVuRMjaJw27nT	2331
bc1qffwgt2s2j89vfnpn2yanued9d00yxkha70dzlp	2331
1DyPaDac5qvD6GDmgUDLfrnCtiHve6iyb8	2331
18TNPbfqkN6jowZDm3qp5byKH2ZWR2ppP1	2331
3DrZXcq1RjETF9G83qUUydNhsiwNkw8g9R	2331
1Bgb9ZPz8cnsf4qWZMvAWmkuYTHNic5Evu	2331
1NkAu6aqz2yGSFiSTZX95hW3UybeMg9t67	2331
1HNpfUyJLSxn5RGjmemDUJHa2vbCKjehLo	2331
1DwHALWkoGk9SZyabBQ8osENbbNWdG3h4h	2331
1NNMeJDgm72rYTUawtr5w8a7REnqndvmqY	2331
1DxKvzL3jwbVR2V9GZ8KTHYQy7ux14ne1	2331
bc1qpq4l97glcxhplv9a2nrtn953yrtgr0jph57ggg	2331
15bnFtWDSF6u4qG77Xn8FsrTQahWF7wTJF	2331
bc1qqxsrjg8f6uhjt2f730farjscmx6smwpavqjeyp	2331
bc1qxqsz5ejz96rxcnrasm76aplt2nurx3vvf52a05	2331
bc1qhea5pqgtmtj8v4ndqr62l87gf2aqenvp6e0n0g	2331
bc1qq2zl8kt7g4zame2xd8ehch5avt3u9k7hm56cvw	2331
112DpsvfmqAXgLzVqbpKvGncp8FKCxki7i	2331
bc1qg3mjxcwvfpmk60ur607whshwzuqn27awxsfc0c	2331
16YHkbHsMcjXMqZZKp33L2qEvJDftCsXun	2331
1FrPMTU4nKNisK59twBrKpmLqm5ELL6pU3	2331
1FuV41MtiyTRX6N3SQuiR979YmoJbxpFAk	2331
1JeAg6pMubmD7FkwYvywYk6Tvj4LqjYjgw	2331
bc1qze4kny58dxye4dzk797wtuwrgaww93dwwmv95xuzxgueay54dhsq2yd7zm	2331
1CFBfpyAAXjotCjKAaK8jfLUSUZLdguLrN	2331
1NyYREbKteNHNGxRdiLzhCh2ZCfAsEbP3Z	2331
bc1q39w04q8nhay36t4zrtpfe2qazjc4e9eudzj6y5	2331
bc1q66vph8p490rs47xrywmefdywlyr7hlhcjkaksa	2331
bc1qlmvl9u8dn2l6swhj88mvrth7y7e5e6d469vpxu	2331
bc1q0rfsfa7wpjtg3vwzcyahr9k3pjyk4zndpx373d	2331
bc1qjzn3fg653dl8750skwnzsyy66aah9z7eq2nmec	2331
3NL7j9PAdvw6s2o2sktgqJquvZcGp7CtYz	2331
14PDwEB7FtucGSjx8Z4cZkzZ5PdryjcZ9s	2331
1PxALma2KT5pQpajAQ6xnW7DjE7yX4jiXG	2331
bc1qcuywsnvgl9rwa6fesdcg84ax2tak7cvd0aex7s	2331
14K3sfTKQVZ1LmeRiPmRF4Ay9UNXXT4enN	2331
1D6rXZ4eYREuBQuFpXVyJeUwwpDrgKP4T1	2331
1FmTE5szfk6pk6MJL9VB9WWsmZinDhchkh	2331
1LS8Tb8N7txXqTfUyvHGE6dvi2SEUxf22m	2331
174kdfKebDiqpyxhwrJRpcQZNt6r3KXy72	2331
1M8ndmJ19GXAmUGi9T7qg6ncA6jPnj9SpB	2331
bc1q7rjvuxhcrxtjkj6tpvt38lwvgywczs4q6uxjcu	2331
12UZCj2kSXSBC4AjnMqQmZ8uWc5mcSB8eJ	2331
3PTUH3GyPynd8ifMX3kG8E6wTcM45UmMwd	2331
1EcNmuUNoiLqxAL9vauF36WwZtayPTf5re	2331
bc1q394szvs2cddq8sw0wajracffgdzkn864fvgl3j	2331
bc1qls8uzglcfsct7m73sws4u68lg642fkqwq2f8hm	2331
3GLqKwgNByQw7QPJS1uzwHbD1K2hnGfJiY	2331
1FrfsGhbqvBuomR3j1qRXDrtd2wVWazmo5	2331
18bSzSbMc5fVahmCBbFMUsQ7Yz2MvZwGRW	2331
3M9Lbjf68G2oATGomehXqhyzvYT1pEXnoT	2331
123E67Xnb5fPmcFyTo9CF3wf1YPrKTHJNG	2331
1PDYoAg87s2SeTacRJRgHdQzsojEhNnPP6	2331
1CwMrtrCDcd5MjuSYZjfH3LBpRMBar6HuG	2331
1GAJsYJvgfY3z3s5yL52vNfmzS8HcSxXT4	2331
3HaTXcetDtjQ4bfdmCr5MAFCene7RkKn2c	2331
1PhUKm8yoXMsP89DXuYVAsMTQhVv4C592p	2331
1EyG7RzPavaYwMSp28v2dBn5mU4ZtNTGvo	2331
15pSjK7QiszS9hjuVVXUSPGkVxEoiMdyHm	2331
bc1qt97a87q8q99gsrcdyklq3g64vjcjh72nk9s0yc	2331
16uu4Y6tzqgFsuWDXAx1ULoPBYzDwLwLcN	2331
1PnAkeEBmTi1R7amdr3qkp1BNTCwatWFCd	2331
bc1qalyu2f0dptud8jw3lqr30aczc768e0dz0wt3p7	2331
1164oKioEP7dM633PTgdibL2cHN5EZ6L4m	2331
1Q6tmbXPZwM4WuLSEe69BUY7QTB9cNqK9C	2331
1Goox2kemK1XgJz4HW9EkCR76NJMW5GhS8	2331
1NDPJsHxqgUfzw6YMfeUMxmWEBidzb2P2r	2331
bc1qqzyavp64mlnfwjq4ccv3d8q00apacu8t37gewt	2331
1Ew873NDbAEoLyGznzDD9xM7Ffr9WG6e1V	2331
bc1qt0zdxwk7mccngd6vgh2x8ucnug25tglyrfg3z3	2331
1KzAS6n4BSM3jDQB6meYqCxsz6GuRrFvwJ	2331
39CQHhzXkGkw7C6EJot2dirzkUjU67maZV	2331
3Fdhtp3y33Rhu7YSaTCrGXnbqD8akJjxxi	2331
1AyJU4mFvEC8UoWsUPdT7omyUBwpM6xBjm	2331
1MzJw5zSmHzhmSNvARgWuNdKyCgxtCMqNz	2331
bc1qygy4pwvlc0sp26w6zasetp0ddes8gmw2uryqgg	2331
34XJFQbMA8eERBALhG4zeRCaLWPEsPGbMz	2331
bc1qc9w550zf8n92qm2642ckfm3ldef22lmnwwqatm	2331
1Kg8KsD5JiDhsWXVVJwfNt4mGWTtsmAAA3	2331
1AVpz9gawhJUVNsTQ8sQxApgokYDLcsNUS	2331
122VpQfJgPoMuuXTVE3ahJkrDwYDoSpXRe	2331
1N21qAkk4rpKQDrcynhLbkrgMQbvzDrTm3	2331
bc1qnvk0p8hnqavs4wxrnhgyapd9hsqhhk6qq7nu8d	2331
1EWUGuNwzYvbJi83WYPnsg3Q4zsEChVrHp	2331
bc1qprjmzz0kwwutm6me79x7zdzv3tsun4pa68xr7n	2331
1EsjxLy39t5tgnQn4SHNg2p3uzzjA5kgbP	2331
15hXTSZZzQng4o9VTepSLbPvJa9nzntRMq	2331
bc1qq005maky47msfght9y3gs7elvytj234ulw64xd	2331
bc1qcm5d97cuvak9n6cfntzcx68js9qvvfc8f5c5uk	2331
1C4JP8f2S8C33V6AggYd8LZtb4VAZ1cdwB	2331
1ERdCUnci5bzCWA1DyLTxcUzt3ivuYQj1Y	2331
1Ar9Rt4e1sRhJwuYX3xbWqX4yFs5qUfixx	2331
13hFmP6XCmdN5a2ZxZM4GwAz5HP8knDBjf	2331
1CHJqC69r6C7YfrTKbhjp3bBHGdowGCXqg	2331
164mFsvPkWMjghtfWJQgdZSepBmmVTwLzk	2331
bc1q94ppu99ert5p422920ekquz3v572dy5jmng7qd	2331
1GXYZbs3Hqg9JDLcnXxYn5r9xkXqrUhRkU	2331
bc1q5sz0exkfq9mzsxtpznjwxpfzf3trx55yrjajxy	2331
1JF3Vtcnx77o7upvHHJpB2iCxCGciKkmDJ	2331
bc1q8qz2fjh05j4xc5xlrsmz5durf7hw2h9wvcynan	2331
13KJeiWR6UznKSksfKCAM3cEk8SxhcjGR7	2331
bc1qlg0vue9cragfnwtgpnf8pxx9282cn7vdshp7ya	2331
1NLDZyXsVLxWVo4Whe5o8tTHDkJaYBktVN	2331
bc1qku3wrsn6zzyqhpel755klsm4wseatypkhrllzd	2331
bc1qfafarpha4cz2fsjhtr2mwggqg96vnhukp0x3ndv4zdchczm5u09sjvwls2	2331
bc1qe0mtgea99tyxxpdf7r3qtk3fp76z0tx85l2jg7	2331
bc1qj5xtjmrgde5kntx7q85kqf9a3qpvn98pt2zxjr	2331
1BfT1dmKiSBQwrqKLewQKu3jrtjS7S9F3r	2331
bc1qq3ce5gkc8jefgjdxqmf29jde37ns444rwse3sg	2331
1CpwgrYesZfoVDHzepiMaUgPREaiZs3nZk	2331
38MU8Adm1dT3azASTEcZtwAYkhx1Uwvv1h	2331
bc1qu4gn0xjx0g37g6clh60uefuq554j96v4664der	2331
1NG5ntqxUyuHajbVR66QfSu9nNfVQVz6JD	2331
1FP1NsCCKAhmyibqU5J7Xi6oNFd3CPi6yU	2331
bc1qhrgukqr0tkfstt8jkxr6f7au7ultd2wy7vlacr	2331
1ek1KTX417jrXGHT9Q2mHjdKr67iHDUGM	2331
19yoA3t7rRGsfDBRaCL2oMQdemUmndmMUM	2331
36f3Fign1MNB2SiNF2Zee9venbstM48xM9	2331
17GN7vvWJRMV1t8vX9m2pQpyqmT9HDMGfH	2331
bc1qqexs3tr35unrj74heq75z8lesae4quh9lpjsc7	2331
1CLhLkD8haymfNYg45XbJdPw239hJDm7PM	2331
bc1qk34x6qpwqaf74jr453nagk56vmamq6p9ge56g3	2331
1GdB9nEjT34RrR8zhpEMKzExxvGhjLnkdS	2331
1458yxMAxrG3kyJiYxaJPYE3nqaqQ3jCnE	2331
1AXf8u1Z5EsY5Lt7GmzTZBNjTsXM3KtR2v	2331
1438LuFcVco1h3vvKxw7nRo9eYav1ZPp5x	2331
164dsEgdKBnnNyB36xY5TFmyB1YiQuF6TX	2331
1k1s9viKBJKp2bdqtywMDKta3aoSHhNf6	2331
17HSbjJL1Pt8tzKEwUN1KxfE7ohpHNjdq2	2331
18GDZ22nkvAuS6RxfAAV1ntnDxSHVSgSwu	2331
bc1qk45kqcjkfnhp9uxc50vmj8ecm0sevcud5whkfc	2331
1FWff4vBAKuuCfX1ArCwtWFnGsmQDPfQjw	2331
3LNTHmWGcXACad3W8Y9fEXLMrrei7kAfKu	2331
1NxW6W3YJfPRKP6A4Z4X1njWMaweb5xMmt	2331
bc1qyuegt09xzwxz3v5gj8lumgxr09r6aydv7mnkdd	2331
1Fmd1EVJQNAu13iAMJqaD9Af1AFAWFjZhb	2331
bc1qvynwtce69kfreeqnjx0fn0p54edh35yc4tmtwy	2331
bc1qy077jjzpv628f6k5hwz7tpl9jsswk2nk2m30zfmkjvp58n42yfgs8qmg59	2331
bc1qe77f56287lamkpk7eazet2jx3y7a97mfy0es9h	2331
1FGiTDv84thV677kxJDjJck7fNhYBuynGY	2331
bc1qg9dd8zljejdwfshx220ypz4srtn8el2lwuc455	2331
bc1qjdr4k7m2gjcetjrhsww0q52gcwcy3n4et5hzlr	2331
bc1qlph0ctng2yr44e0jkkljxjlr6vcc23czvhar2h	2331
bc1qx8446djk0psprpllmef2lchfsmh7ygttwkumgl	2331
bc1qe9m34tkw00auuf4yf6ayh20msmtv76ruhntnpc	2331
3MUDWi7AwwcUi4BhWBMvAgM8rmodqWGaVB	2331
bc1qyn727sjur98f4827fus24n0jw2nwegsf5f0gvw	2331
1BPEf5XKj7WU9k3QpNomVHZNB3FSQDeJv6	2331
bc1q22zdssremtgk9y7jalgp6n90jfw8ka7n7taz2q	2331
1L9EqYVYpKkLHQYox9pHqdAU7dF5i9wx6g	2331
3BH7XhanUQvzpfeYqqnKpLBM22z8YJwYaG	2331
18GXTamE4HpPz81PsQvBqMUsbmKNxVFc1e	2331
15x7WfXc8pvbqHb63dFyA2mGzh9ogN8FpQ	2331
bc1q85e59jz7nn5la8kqltg7pmg0rzjllh40jhgkf4	2331
1LTWi2QwfCWHTc5T2yZUpF1o6gKnSFdrtz	2331
bc1qc7rh0nj5yluttypz9sucx4ym57mqzh6rf0at3c	2331
1H5DV1i9PmAuHFSdo4mh48H7tpASj8KfSp	2331
1Cv49CAjwK6gENArvei1tFVhrNUTnrDfzX	2331
1G7ue1gjnqdd3DrkhWAzZfQVopvNrFe4og	2331
17JHdDt8t6ui5d3ryKPRxMNmkLpeZSvF3t	2331
1P8qvabixVDfQpSWJxXnkxvUEmZXAo3wTM	2331
bc1qmsgqg99df3d5g2jfu5upf3v0xr39es9n0zunqs	2331
1LpVHsCurRfRuHKfjC1btayJZjg8JU8A1P	2331
14tJDsC1QC4UkByFKUhowX5XvvfNq5xrfN	2331
1FFMo5AfgmzDcDedneC9ADkX5Midwt1EWq	2331
19yht39XqR5SZroc16gxEpMPFkmWAZ1os6	2331
bc1qwfsm66vhmjmv3c9ptktdknvlqty0682p0jg6xd	2331
bc1q75th32cgwvnx4sq9s9t5e7vj0vly9c2p77nq22	2331
19jzEXS9KN2mLzYhqSxXZvZVRaNWdx93p2	2331
19uzUG675Jqfx1EDkUfEjBGLkooA7Ghsjt	2331
1A4rrDAK2bzeGaHRsYqYzZgc1e9AaKU9X9	2331
bc1qlyuxj4vzrzc8j8e82dvczhw8yzeqsspl0cepyw	2331
bc1q0ul74rzu7jk9a2pggxfwtlvcpz7l8egvzvu5km	2331
bc1qdeqq5x4qlm8nln9t36auu54svjs5acc7yqxcyn	2331
bc1q7qegwrw7z6y2gcekacewzqxmzu5t6azmnsu62h	2331
bc1qpfs26m0dtg64t4y07snvzsrj672ee6xtkd6ssp	2331
13e7uLstKtULLQEAxkBVwj68b8yP8Uu3Rg	2331
14P4TZHkBfyvGQ5JxPirZho5rDTn8GNciK	2331
37jRPd4Ju6C754RY1niATPCH1j7N6MKfb6	2331
3Moir98RAWwpmx7V1JxktpHHhETMr4qnUB	2331
3C9Wf73pPUHmNABH6phnbEVMszfvf7QdSG	2331
15axYn1JsdRhyLcEBEK6yzE2djaZjfthyq	2331
bc1qxgt9up6p88s2dj5ny3t0sm4jlatsdwffczq7c3	2331
bc1qg5hmnuqnh7ffgws9j9n678jdqj5yy6vgeh8md9	2331
1B3zehe96krFb3edNb91VXCiw5FuzdPGV6	2331
18pBEFkTiGeK8YGVSD72qvFYb1g95zR6sK	2331
14NrP7W8DcspLs2xLk6UTbm23RK7U1GCL9	2331
bc1qd0zfhgrumgxsmzv4dxk5zv8ew3023nwxt8uv2n	2331
12pQoadvQuihwDdMDHqz5pcdGnXyNZEj4Z	2331
19LHrRYQQjs8Yh7cE6e3gNY6CNZdVdqYKs	2331
1CfbqQh6Eh8qSh4rhbUNKDwPEbmtqYcc5	2331
1JQsmV8rUTXwVMzGpScAyGryFHgoakfqJU	2331
bc1qlpf7gacw0kg645k5sdd8p4dnjgr9a2xxfhv2cz	2331
19dTwit4NYBKAt3LuVHyo1x88YTHE4rUKE	2331
18nVfVuB3uup3Es4pwq3TkM4PKNw3MfkdQ	2331
1whAF1yM1ZHHsiNWi4BkMq3F3TxVx1v2N	2331
bc1qvhe6s2s4k2uerwu0crj46kk8ek3u2g9lft99ef	2331
bc1q7jejs2s0pz0rxlega7df92xxm0qmp7yw92ly9e	2331
15BviUqukpaJKgMHArTG31UNc4pATvZmJc	2331
1PBpAjXwSbFDywZYHsxRmLo8BSrXbzafPq	2331
33QUjQJ5UM6himCexY7Nbqq4hY59QETWYM	2331
17TYbQFbJgZ5w1ZG2NfERkqiz5N47kjaPT	2331
bc1qr345u6v44uap3zek2pqqjkzrj6lcp9lg64v9q6	2331
1Fn5ZByXBHmNnUKpZeJaFZDjwzPSWu9SjS	2331
122ebYYKPiufPjDgmryqex3qYJLhu6Z119	2331
1BDBDc4NzimJGTLuRpRVUFtsBkDVZ7cu9K	2331
16TdwJ7TU8yDRgCdJp2vxoNPPquL43fSwz	2331
bc1qu5fwe57d8kct6kyupr8sxh96d09mqee6fzfnzx	2331
1HvpjzjUF8kwNS15HqQXSFmXDhtapVR8nw	2331
1LxociLyGstor6svfQMvV1JkknETckA4c4	2331
bc1qx734dsc67a4v4dcatp42n5e559ay8snkytdupy	2331
bc1q26nzgyxyrznatme9gjaxsgv784nlfvl46s5jwy99peq5sx32qxmsv2hh7n	2331
15MqfgpzWM6DskaZkK4GmQbaEfYBWheD8K	2331
1M6oNW5xKKH5nwW2F1uVykSxdWxMPKEeQx	2331
1CnJ8f3p91FmrXgTDDPJCFkvwepzVXQBMK	2331
13DrDQ34LX6U1aCmhXfLqVpZnoEFmcLNgD	2331
1NhGrioQqmTLVTi5Ry3Pvcxb8fTbZCPLYt	2331
15pSPaNutbiJqhfgzZAnz8mYxCuWf2xGC3	2331
34ofCp1AxDiqH9ypEiLzwcCg5W1igB8mdK	2331
3Di4qPYaR4sA7RKCTBT1ZeDAo4peAa4DAb	2331
15t8oV6e7HQXLH7Akd1pxTa174d12kpzJR	2331
1Je6AqabMFuKWFBv1QMgow5qNQfiD8BB4N	2331
154cCizyApSMndfLxLAYuizgK6cBVYx8TV	2331
1BNyaSVyPZhrfyFyeH8ZXRYDWChZxgszxv	2331
1GRMTUNnb86LVuw2BRotdbVL3oGSuLVbYQ	2331
bc1q0alvhvwxtn274s3kjd72dd7tt6xf4f7wfp4y90	2331
1EhGe3bNEMdDtyQEMb9M2pJ7tPcmtTDvif	2331
131EbvgP7GWeTfwGujCtiWwnRtzj3ZARXf	2331
bc1qy2xu8hadl6h77km27qyeejqgzkw4rnwvd8g4ke	2331
1KXvpLQbt7ytBWU2ZqtDaZzy6qpWG2MmY8	2331
bc1qvvh765uhv30ejycdc54dr0xenvv4rayz82usma	2331
1Kr5vWxX3jgQzCAGLfh9P487xoGTegmBbj	2331
1NiHzVW9vzgqdwnh4SjKQt4ih5dyQEWgxf	2331
18wLVCaZKUdXj2W6GNYime8CbncDCN55Kq	2331
bc1qnptxs7a0e20d5g7jzf5axhzvz2mexhktxvsdqa	2331
3MgXQzWCnYSmiAtjRW53pvvmPeFvogwtZU	2331
bc1qjvlt0stvlu23z3n90jsyntss3rjpzy7wwnd65y	2331
12jDYBXD85Vfu6sLYAdjrUs6San9NSwghR	2331
1PtLNE8q4E3XqZBA4gNTU7PS2WGZWPqTWb	2331
1HTvEp1tvRf1dnZFpnPiKmZfxRWjJvWZp3	2331
13coyngfGnqbFW49EAtqd8euLDS8TY2VKa	2331
bc1q9mes5gs9mpjgtthfwcwmjldhzxtnw6e78lntp7	2331
1LTtNMbqUsUBubBtC1A6qwVwU2YxwWgK88	2331
1Hn6hFAshGbSKEyZKvDMSmy97oa99FM6rs	2331
12Z9umU3WLGEG8adtKWZwpKa118bax9M4K	2331
bc1qemhvszr8ls2pxee3n8a4e0yfj2zku43udr9u32	2331
1GsLyKPsYcxvefU6oETGhH6GQd3HAszTsX	2331
bc1qk8jkm747kncp35sl0r985rrdf662gstsm7dwmu	2331
bc1q0mpu0u628npxgfh7nncypefka5yj5skfsqx286	2331
bc1qjvq8ygvqwepx2xtqdcu0eaws0zxkh9vjtmz87g	2331
16VZU5ZsTxuoN8XGQmW3ETDP2gbK9j6Xnm	2331
bc1qcxp6djfad38mwuf2sqm4kw6x9dqjajqd3ddd7j3k7tn4nqaezpkswtejcd	2331
3JjmoE7rWJhSBJAtMz4LSxFvka2bZbE3pM	2331
bc1qg5h9f83d762093y826xqjwpl0n82rwrmrahrm6	2331
1KedTXYRJTFDy9B4aASevUHJJoTTLEvr8c	2331
16t1v11Y7QN7fH1d9LtwFT8sRwjUN9b9ax	2331
1E8kwarfnY44tD1KUL5SSajL9WuDE1g7ow	2331
1BaCuwFgynCQJqRaJQseutwf9kpRkCjiZL	2331
34hNRrtEimtzEAMe5Hr6m6ZnmKiibd8WJs	2331
bc1q89zqcu3vf9ds57n0wyzhyhde2mdrwylz5xgq9z	2331
bc1qeat2v9nvlnheudzax9ytcfpdjkpnm45pcddcul	2331
1JkF5GuYSNAGSp5tAk7tii3yNp3Pa3XVWp	2331
17U7qNr8M5ZhbFjAPD4GuESsmUwdWogSok	2331
1Pxggg3LqXjjbA6vUC9wCCv9vMhh2AQ7xr	2331
1LPDjfS1ugp6pg8o1UWmtmjxNyAVAj6gMk	2331
1Lw64mdMPsPWfEMQk2WsNupV3X6KawesDx	2331
36rNhHKRmymQtEpa2TQxrd5RWiuLkvBWSe	2331
16v57v8GpWtAxrmu8DS5tG8XfBGM1yTdEe	2331
13wiWacx7mGse4YKxw7KbLVUhCud3KT3K5	2331
1AcH67WTinyR6VRPKNGEmv2mp71qbt92qT	2331
bc1qumzmnj33g82fgd6zpwf89d30cprgr2ee6w4zj9	2331
3MXokjRy8jtyRd9rDhWpDUMunwHv6cxxzr	2331
1neTikryFb1gr11p7RXVG9JyVDu16UYS1	2331
bc1q2wfaprhnkyphhy4vtwat3g45t4d5yshf030l2n	2331
1PRtiJCsexwpdnghFnv19YMgnEx3ZBPSn1	2331
bc1q2qcuwxqhnfhv0cfgjatze8pflfcvutuna53z5f	2331
3LDsEQxUHSVonpJyd19uybLDsVeRDkSQuf	2331
14jRyLmFDgw62rzcFuxxjEZf4NDjugFRpv	2331
1FJzqjsTkUDu7dJWtEpwv3WC2wHibUk729	2331
1Dy5HzfhCDYNwoSCeShuXbz9VmFYxTabM9	2331
3AYPRJdRg1zcNvE83SooVHkJA3zV7553sX	2331
17rvv6w7q3MptZZV5XnbvkWrXXbrhbe2tf	2331
13aLQTmJLLU49sngFZAnie9X3dGNtEYF64	2331
15VCHxZUbUu9FoHMKrn3eBUdZLYRizNLdU	2331
18g2jKJiSP4vtEVT3pEPxTjLoBC4aVi9TP	2331
1GRoGH7aburtYj4cEB218DJtGJ2DCk9jUW	2331
bc1qwwc4k7mc0vp5ra2nxxvsfk25wgaqmap58jjasmsjj7emsmthn0rseq8t78	2331
1DhvduN5iQ4teMLHRvUqRnykuGSYmzePwz	2331
1Eg9sjtGbkJLUy3mD8suNd4upAEFMyeUKv	2331
13KkJNT5V8ESuM7yUxt8d6UEUeesWgyNoA	2331
1Mdau8qEyWb8FnW3bq7jaB9sbH5pZyJ182	2331
14vnwG2ZXhbS1hXCEev3Mz7ksCNFFEKb7G	2331
374g1nMhuD2Di3bByKZK4hxic13BsEzAK3	2331
1Ldte5Bpqo21iWpKqGdNrjkCHg1zQ8wpVJ	2331
bc1qml5w9fwpz0zekjpnkdgdwem33f35gg90uc8s7q	2331
12rAi5EbV5HnjuTAqpQKeL9jWGRa17NMFB	2331
bc1qpge0r22vaywxd60yxqcek9sd3ez9v630fxxp5x	2331
bc1qqfexl38lvf3vt9xfxn7awn3pl5hr32yxuhemkk	2331
1Fzx5WiVJv2e9v6MSN2HAuwk7LZyKwXn4D	2331
bc1qwpv89macf24gccjq6nmcsw55quh755mpypeuza	2331
1cAo5vMspuipRoxYu9TSfZRCjiEPBR2BJ	2331
37bQXcvDgqDiCuRmxNn2Wq5gsMujdSGCgv	2331
1E2ipuTfMt7TrBPmbrNo1dQyLy9ns2s8u4	2331
14mfue65eqj9dXbZYVSur7LyPZSKWbZXHG	2331
34nuebetN2q5p1XVPT3VcwfTArFH1HMGjN	2331
19w3dKtuagCQ6fkRWQkMwGHF47fC4aBvpx	2331
1FgyTHVcFNkZzUHnCa3sGamX9ndzmoPhao	2331
3MpSjH1KFm4CKg6GEXwPBeTy4DTryjurSy	2331
bc1qve2h50z6643kzvjruyz9umv4ykzt2p8va6ldw9	2331
1G5FTo8XaoL3qJdUo9skWCytyz8JRewu3X	2331
1KboA4vSppKJ5xfyD1mEyCmUYKXpXZDNNw	2331
1mPWs2BbV8sEpoXm8s9jXdTS1U2Cu3MmH	2331
17reEPttEY561xDczQQbJcqKdkb22FjWco	2331
1NZvEpAmY1daWuc53CK25sDToDZLJfc7pW	2331
15hGXeP557pYdMKSabFn2erhQJeFWW957n	2331
12Lukxp9cXe7N7sUyqv9hDbX9r172buoP5	2331
1fVuBRDorwXPnyXc5iyoHEyhQ4j1A4Dgo	2331
1NrFY2yUpdG8nkb17rnX6wjQKXHGdXYBXL	2331
1BeKaDMjTTg2ZwbFcsgEamwSzeqtXH731i	2331
1MMeCKmkLN5LPhFvrExodLgyxBmwRsJnSY	2331
1JpUtPpLCRsQTaMGUyypY2QQNmKPuurktJ	2331
38aabroRnQRfThkzrgbRDqRbdDUyqEVo1Q	2331
3PFQKPqstwfphfMKn89C4Fmxi2Ydkq9a3q	2331
3GAvyftZdb1wCWN3gbi6ng1M8mxgm4SrwG	2331
15QSgGojeLNbYBPZnNipzdJANLSmXcEwAL	2331
1LTkmXYR7qAyiRBahucMhGCeW4EpsiC49t	2331
1Kf84DvVhCKFTcuHw6n8dcPxpGJL7A649K	2331
15pPXW7WRxmAJRokepr3oXTnknNtden6zT	2331
1LAgymSotJwYdaLMcFT9hv21rztRsasPKT	2331
17u1rpSGY6TcuiLuy1B5ELVHd4wA8bzKut	2331
bc1q63vrxg3um6lvy5jkrghk5uvzlx7l9uj0ylkcxr	2331
137BZ5X7oDL5cunLMRzqiyhgkmxSp3qoDR	2331
bc1qv20gj58zxgxqqs4t328942zydmy9ee528jsdtv	2331
176P5WJBF6FwYiW3UAwEPyMnh7L3T8QE72	2331
3HPxLTQEshGPKA3sbLFtTDB2vk5JAssDx6	2331
18zj2RKtA4jyHBtygkz2FVbjQfn6ZsgxYJ	2331
3Fzo9t7wP8uAd4gXSiANamgkJB4UrDKWZk	2331
1QEkuHDQxCYzw8AhtNpbzpcLf4P1YS4S3Y	2331
1N65iFbGVpo61NnHNyD7eeWBoCitQ18ZN8	2331
3MuAsUAMueonVKZffCkk1JpvPRTLw5z2r4	2331
bc1q3qhewekwynx02nx7kttcyah4xyuw2sxkjlkhp3	2331
bc1quy2hqtya4q7rqgc6h3j55swmwycvk3606253zz	2331
12y4FXzJEM3EbeWbfCSSh76cjhTZq3TKcZ	2331
1PrCEXgKVTKdpvzHEknFFTxw44PnVZHmmJ	2331
1Fo1nbW9vCjGCt9Wqov8XxELoLT4wjsauh	2331
3Bwexxv8huj7yXaZaWhvS6xR2ePes9VwkJ	2331
bc1qakkf4846zsmrvr8u002hsvt9w26z2hh38ju5rp	2331
1KEwSoKgEvHJ5S5gXdEiJF36uewr7fZbVn	2331
bc1qthv83e4zq37y9zfls4skscwflgac2yn45lgp25	2331
1JMn579qT8DKer16mnmLgNZ5ZGFsBprBxF	2331
1C13jggDptSFTVd2tFjbE7E6CnpfHBAoma	2331
bc1qu0sj9s4p0r6c0nqqmuzzrqz7wtefrkrvgm35pw	2331
3QLQtMvkJKiRsqJkycNofX5Y9yDUhdTHGB	2331
1FVUqBMCueoaaHGHR4wG3GpmTGfDNQYwvC	2331
bc1qnv7d9dhcsud6u7yt5xhx8hp8q336dkw7z0sxny	2331
1346Z86MZ58RLVKr2izC79TVZBChb65ah4	2331
34LG9kgRfBv84ghRLeyQtFAMNxLGok2bgS	2331
1NbVxPXrv8FcW7Vgj5xHneoijBt9QQuY3X	2331
12tFFEJAVbCDPHNDJMq2x211FCNhS2eHrn	2331
1FA38FPxKp6H6BbJK9VsPwZz7b8kCnkGLj	2331
1N1ABPHL3kA7zeK3fYpHZuMdGQjc6pAzK4	2331
15L8NCE4WWLVEd9iEyvS2A7jqFdG4tBuRL	2331
bc1qk44ny3f390k7q8rfemzh0e5nydxpxzkhufzcnq	2331
bc1qpku3e2wyaj0s7d5szuhwkxytm3u7mqcskmsr8w	2331
38tHnx5vZfswT7VjXk4q9oxVCUn15bV2zy	2331
1Gi91zu6ANbFQyBcptJzrYPgpiX2mwTiWC	2331
14rryQiA6He4rTP31epeVEhU3FrtcqL95o	2331
18tCMfwvVkhU1gk7p5RL5BCvzintN7TsPV	2331
1FBNeByXAorbSgL9sKraZvXs4YQq2wFHDU	2331
bc1qu63g400y8zyj8wkyzz0csgh532n6thas5m55rc	2331
bc1qn22we6ljpts4gz4qzq6z68vgdmuhk4pw6x3sa5	2331
1Aj2qFHncGYz2ryzQhkywDnDgHMKZSebwY	2331
3LkwJLbtAB1maZBNso4Q8B2TTU4uifR1mV	2331
bc1q4rsq24z5hkgzt5jvc9qadeft7smwdzp8u02dq8	2331
1LPX7z82ycJVG2BjgZuf6sYsjGeZzSVL7Y	2331
1LZM8yDDev96wCiCVfuvYwadQjKRj17xmd	2331
1BagBrs65CubsB4j9DbURjWdY3BzkPkRjA	2331
1LfvchEw9As7dMQH8hvnqmmYhGWuY4iaVk	2331
1JwxYamGYkGJrSNzkjD8KMTnQSQxsqnB6G	2331
18jX2q7u55iZrDyRgRbfUXGVsKjuDXxs7y	2331
bc1q0t4kzp8cteew2qt0237snv62y8qkaxwr5emzxj	2331
bc1quvc99xqaxsxlfp56p62k7mtwkjrv4qmf45sx6x	2331
19tTjm8ZSeDvx1gbNcnxAmh4j8gjxWrABa	2331
1FQrW2qDFEY1NLqQF7VkULw1cZfUSL2Xxe	2331
bc1qujupn5y874s544ththnk2k8k2m6rdzkjcru5fr	2331
1CMBium251vEwd9Wpcw966buiCgPn9KJU9	2331
3NYJox2VUgfS5Zb36EgPMCgHtpnDZihZY7	2331
bc1qe9sq5jg85gfxr2gygk6cs7s2e52j0mpxjf8vku	2331
3HFEpF6mNcbuNg39rKnAsYJCmExJJNrqBe	2331
bc1q8h3wsma9yjtfqyx4kjapxzxg0p358y4wk8f4ft	2331
bc1qhlxnhz9qk6s4qyx084qy7y297rnkn2j0vekhwh	2331
1CSV6MfAHWXJdvARbXtikNCV95GhTY1YD4	2331
1Bj5zQUYQyZ2BVW6vyz3WXDpen6v3Zkzrv	2331
1JCreJpzNFmWf6MdNg3hs4ZohkdyhWxGL9	2331
1CHaGGPoScvUjVyd7QYpoedYxbsi3scYT3	2331
1NVaRQYQXRrboWnkJFRQZriJonxJ1F2gJG	2331
16qGiFDB6ZGabncKPRk4TpEAW1L1jWeYVg	2331
18hAaAYwbUyJkvRFsdaPbxZj5YhA5FSCLm	2331
143q44XERotiDEtAQdYyWUZozoLotCLtDc	2331
3LQ3fqjcLq14hEQKjkAxpBSUSpYXnpv4EP	2331
1z9yAyfGR1Sg7zgCgp9mTEJrWbTQnYTnp	2331
1AKEyEopHFS7p8aWj478nqFK3toKpAGC2i	2331
bc1q40wqjz5hy83wgr0vkv8q4a00vmqgwwh9uaedgu	2331
bc1q4wkt9cquetahw27d76kuc3y5qymmf7c0khgfju	2331
bc1q00ry2064kwktxg4nat3k4lvle8r2uwgcdp3tnm	2331
1HtsfWAwakBTdjCFxc9jCnWVu2BVr5QxUo	2331
18RenYGfQa3sgCySCxDX429U9tLv8rxuDG	2331
35czTnEEBVgn1PQaaE6iVpE4MN7yUFQh4g	2331
17FZZPPsVEqpJr4uUoGifkaXdTg32ov6kQ	2331
bc1q2p3d4xpezgvn8p96leljsg23cpa5zv73c6g5t5	2331
16oeAmnvadBYaPGjjwNjP7aHhEToaTPng4	2331
3NuA8uGNuZrSYYmFdQGsWgzZbb6m3wow3L	2331
bc1qzzpaaplecr2aqxr5vzw9e6acd4ffmhj23xu3zu	2331
bc1q9ndsar7kcpak78n883fpy7wty0cn2a8ythmgd9	2331
1N6sdvu78CkcUZWK4uJdhTi2aeQM8AWtCC	2331
bc1qhdelkqdyca4myshj2t7sn8etu6negckyhhr0j3	2331
1Nwk6MUBRLpGzgXk2ugYdPuFVsMY2pZWTa	2331
1EhfMtQs2HNujf1a15nuKJNo6CHKaC6yk5	2331
bc1qyg8gkhp6s7gx8u8awv4gjm0zfdjme9x6g9fzd6lta9r592dvf0ws55vkuf	2331
1CHSTPJRf5xQHEBDcVyE47xptVwEqXPSMC	2331
1BfmLrdvEZYU4DpD3gxfPVMCjzX6s6afgy	2331
13mohGnJmykZ8GC5wvix3zvL4mBph5SReS	2331
1AWQzT9criSsFLs2ZbmLTUhRh4YP9dyAb3	2331
1CpdKKhjDGuUCy8G35iwHrrpBhU1ntHsU2	2331
17TGuJk7ME1CWkBgnGY2aLyjmAqqg1FECA	2331
19NzSKvLWPCSZtC9r6TiW1M8G2XcutRp4z	2331
16t4uGUXJaENc3Dw4A4kZ17xvY8Q2uqiU6	2331
16eD1qbubQsnH42j1rDVBpJ4YoupGCk63E	2331
15N6KiXs2Nvuu79Fsz3v1mRx2zLspSZ2to	2331
19sZn7g6mCk5xwvzgxTbqpEN2BnEuoVwmk	2331
13aqtc6JaTspLavFy6pipygUxdgsNhxFLB	2331
bc1qvga6ytg47j6620qeceka2d696dvkq9rzuenja39vpwqs84z4wtxsjedez6	2331
1EwxexTAK4n4vJ5u2EgAvRPeG6Z7pVWHCY	2331
13cR1ecnKkEFY7HU7aLStbq8i7NNfKQp6R	2331
1GpycbTUmeuFFTBKMgg4JvXnBGp2ekWxxc	2331
14jSpzT1YTHkNFmz1KZkvTQVrcd6XF8MuR	2331
bc1q9z3rpzhk4ql5f59r9nq3s8mkcn33psa4f7vqpq	2331
1Fzvp44PmVpALqB2upUVd7Mb53fjmB6qkT	2331
bc1qzrfvg6pmsw3nec0ngpnkqtzdzkg6lrhac3dmh5	2331
1HyuRp62PBJNUuPFHF6yWjNWwc6akSNCH5	2331
18RiwN4SWTkD62bqXjUsxP3WTjRmeVBaje	2331
1CxLkjK5tCocaAyKwEDp9EuunWX8uTEimf	2331
173J27qq6VW7TDtAsErxDBQjC7dHAEWPBY	2331
3HHunkM97KWL4Esu3Fpfqh2ZMV8ryFpS5z	2331
bc1q8264ntx86f7argk70j03504m4yaq4jk5p8c39e	2331
1NdnKkeqsABzNKUroWe8ianU7wsM9AgqB8	2331
12hP2KrAdHa2RQZQ9ZHXHf2S2i69p2Z9og	2331
1Mr5juTTafvEp4XDWPyeLELVzufvf1KwVf	2331
16XTQDUsk7v5porxAfUxvH24eV5rNmKYag	2331
1AtMReS2dxWusJuAeYbHexvejSZQDQSvvx	2331
1EQeSWxA1YVevfU51ZcUTtZFMwYzfXH9YH	2331
1AZ2yUPKEZnYwzqLj1QLMv27PgeUSCQctA	2331
1AqAV8oCEtSanWcBMt7SM8C8fxZp5dvm8d	2331
16PK7AdRsuobv84NprUAj9Fjew4ocqcXnu	2331
16MQZwaNoUVDoFfbKjQb4sM49VVycXZhxZ	2331
1BGygPTXAsYmrv9GruX3UUQnz5bZDus51v	2331
14MFJYeNzMNWBMdQsGGAdBAGXmG5Eeg6zr	2331
bc1qpm52sxjsw8ge4xm62zhx4n855sa4gfda2tva0f	2331
16ccnvbxq74zTCD4t83QvdTwPFEFm7gD8H	2331
bc1qlegvy2z6xqujle7n5qxa9384y9fx365djqkq2d	2331
1GRMzme8fRbQtHC1m7zCryGT3pUtXtqSbK	2331
bc1q5hw7tml2kg2vp205rh8lvea7k6mg6m6wd0t082	2331
19b3tAKVBfbnwS2tRcKpkzZ3uUb6vrJwUN	2331
bc1quw0a8mtz0khar0fyrqanhfzp54yg4urnmdxm69	2331
37ztJkhtG9UB3R85gdjyquoBx4Cjo4Zjs6	2331
bc1qz559kw6q7ljkdx4k7hpurdwh60q4fhey53r8lv	2331
1EaCoethAmNtM7jq1LhPVJwcXynihmZ3DE	2331
1Awgo6Z13yJjUin6CwotasE4U1BEZDDFAL	2331
1FoRXap8mq3heQoZQ6wWr2WL1bw8uNVNF8	2331
1mDVtCPnLTfszKqa2wLxosrLTW2WUjNHZ	2331
bc1q00drldvfe7wypwpgamt98rp0vp0fjd5s5acs52	2331
1MYpZcgdvuvjuhcWnBqTKmZztFRwNB2kAj	2331
1711HJ5BRF9HVBc4TsZ7tScyTXG8GVfmfE	2331
1GftRCHwUxyNjzPm8TPMGsissyjw1qMLcT	2331
bc1q8e9n2gma3223grnjml0208ahh4pc6w2xuvxtfx	2331
1DKrCXwVM3qSz4fyssP1vmwDS76uFBoakG	2331
3QXHHLqyBXRQCKT8LfQuM62PuvjtYxFdPH	2331
1C5Yqeux4Ahd8mfkBsZQcCPLki34NVDjPh	2331
14bZmVFesFvGb8GckEn7n1wQaGPT65XzFE	2331
12YVAPPydxWuas8gVwaCJFoy5ark5r33wF	2331
18fQNF8P5QPW94yp67Q2Da4gBTvNHHzgJL	2331
bc1q0zjkqrphgqj4g7h2ptv5xvts25j2f2pkf3csgh	2331
3QgJ9QJKJMBbymJWNxew54NdGktYUa8ANG	2331
bc1q9vdq2g880a3aflhzrwpvaaftqar7j4n8wq9370	2331
127U7Ue4fa4jWa3NnzAYxSg1pU15z9e5j5	2331
bc1qd9xnq7te7u4l4gpguqmd8vhqtdf5h3gmcjamz0	2331
bc1qksxgx9um6e8fw4pguxvh7q5zc2pn3kgqrxhwpg	2331
bc1q3ygp386ywv8jqglrsjws7sfsafgu0ukx2tw3p3	2331
bc1qjn74qyjulcgn2rrcvq7un5cup3vc3tvzntq06d	2331
bc1qd9a4f6psqdm6s9kdf58qc3e6nkz33kfa60nvht	2331
39vtK9Py7dwBrtfxYWKhjofPvNEaVrBLes	2331
19pMPHX6sVgUK2qRb9kQ2brpyVhJiQ9aq2	2331
bc1qlk6u9z7sgs93zydzgvtewc904awutegjjaskc6	2331
1E6kkAieH6hvHEKto8o3c97ZoF8aeJKLN3	2331
1FcrMnyBvcoMomVANEV2xR12XrfjqS1X6y	2331
1MbBwwzNDMm7p9Jkj3w7AfK3E6G8pzNDm5	2331
bc1qjpad2tvtm73u9j7t5ec8mlrc8cpszgju6cdks6	2331
19MxsudwVXia7w2GSKkAe5E6bjHezaQGCD	2331
1FdAe68tLUMkTrNMrD3w1YaHzDNXFExmYP	2331
1A9Dhgh6EKdT89GfKpfCCxtkSeVPrFqcmc	2331
35LgcSuYFowZSFQqNKUphrRc3GFmjfrMuW	2331
1E8Ars5fYXpCGozdegrTMKeDmkGW7wL9Wb	2331
1MMnHey9UPJm7YpPvdvwKp9ScXQeHN7tvk	2331
bc1qa9x745mqhtdwkccznwg7q7p3gn4mcs83xdwn93	2331
39GgP625y5BcsmGJ6QALSVbkmyUgUsca6R	2331
bc1q5pfcu9rwgqx9qzqzqxnd0mpsc8a2sqhlx506m2	2331
3Feqj6F1rUjtXsxNB2v2PiELZaGyuvCYBv	2331
1CM1gDBWrVkzqS42CcwJLLWQt4cvgp9UPD	2331
3Eym3UjdjS3uLd5ijgPv13pB5p3QBNxGUQ	2331
3QwGUbw8ptddb6sEcjTeEDh3uuCHSvHXfC	2331
1PhyvuqMS6tDLiPPwhygy2ZMHhDZDK3YgB	2331
bc1q5tm9gxrlwyqva4u3ywssp93lgdlwmtm9e2t7l2	2331
bc1quqrs8y497enlg98vefkhpmh55vuwx40j2hd083	2331
bc1qlzw6awazrd6q8ykllujkryd6l82r5w5e0e0awh	2331
bc1q28ld9mu7k2093st4wxzklld238m3tw4rqcma6093lnh6nxp5uzfqj073yu	2331
17jV7WXtXY5YfE89ABSZXaGrUXDRrvdMSZ	2331
bc1qzdrke40mn4ghuaa8dpu82swhe7mxvu4mx58qep	2331
18ppRZZrH4KeqHPdveXaLH7tCwo2zQDXvv	2331
1HsChdotZ25c7cWq2TJgyrh7Q47Uv5R52s	2331
137VKCN13FZmw6FjaLb6R1aSEZBz7oQ27Y	2331
1XLcvC2U45RL8ou3h4Ny2BYSbStzuL6mw	2331
1GVxZCMxtKUXxmevD71AKKAznxRc7JgWWq	2331
1CuF9tph7fdVGmyEfW2VrFFJgbGtb2Awof	2331
133DArpf6criKjuEe4M949khreQBBa8CZS	2331
14vxBC9W7nM48ZUhyqwrKdRNcApMmJPf9n	2331
1Nw1wY6vaeXEak9qFXok7KpBPEZpEDktMD	2331
1E6T6ux3vhYXj5ZSNz8qjQhriRXXoMGwKr	2331
bc1q9yg3w9luupvgap5fun937z6huj4rnncxr6nkvh	2331
1NN73rpL5gxLUCce35RmvzHC5rW4nM3dxQ	2331
3GAiY7cUStHb52pznUYJDUotL4AaviFmnX	2331
12esHuPJzMn82oLkiXDk2RzxACN7rFkDav	2331
1KXybFeCduBCkFJMMA9zxgEa4rVh2LkWaN	2331
19FsGDDnUTwsR8YASMyxDUHnVSbb2jLxG4	2331
1KptjcZ45BLMrZGSvBZTxekw14PBzZYByC	2331
3EvuxJzr4vKZYxmdmESUXLbStns7kRvG3B	2331
bc1qmanf6zay4v0zp27cqyul87fqwq6qw3hrnxpqyf	2331
3PLgfwUVJzPUUbFwAjScj1h6zFi46LBCNE	2331
14eVERpCuckrBBhFubFBaqaogSifc4A1F5	2331
bc1qe97ueammcjqnl56p9grceyswtz8gd4h8ldzdyq	2331
1JCEVpUDCaMauY8KsVMBimeiWWMh3yyjBJ	2331
1PLkkbYNKAtwP1Rr3aezVBZnU2w86zwJHS	2331
bc1qxe87mzcu3nvwe3e09tvevlklqdf9qkes7pafrz	2331
bc1q0n65mpvwyrmmrl4wvekv5r52kzdty834qrerf8	2331
1PkNTEUqHgMkPX43ciaVEwbWvoPuTKhTWj	2331
bc1qgalpg0wjh9nht5m3pqh9q2n236advcmyuc6cjx	2331
12uASCY7QLbBg6HnzyaMAhUAfXs76yqhu7	2331
1FzAJwWEi5JWNdcWjK83TYY7u8VRbxK3zK	2331
19W2ZRD2LgABWVDy3nsnYUnhFKvAexiu7n	2331
bc1quknjsdscfc0g2yf0a3ah9xya4vjxn5hllgt0hn	2331
bc1q9tgq750dl8vd8pqf3tcjzh3agv0r66esrgs6jv	2331
13hqMDTekQUYaNKGFHy81ALig9P2aVP68g	2331
bc1qe54q4a6639tfj23t6efpnq0jcxkutxhala3chy	2331
13gJkxNZjp6HXsNTF3Cs3bkutnmS63mnGG	2331
bc1qgm2ynfe83fusshar82n6eek8gl47jtfqpfufra	2331
1H6w2hdU17u7pH4DaFWRJ21ZfsebXCyg9n	2331
14cYSYuejvYe66LcKfUpvQM3KkDW7A1asG	2331
18rgAXnema8EjdhT9C2pA5GRmAtBuFdDJu	2331
bc1qfq64mh28l38aeexkx0m9cmv84g0xs30n9u6arr	2331
1MdkPT7qCeuU53G6vHfwZBvqZWYHQiERqY	2331
bc1q45ucfjk7uxvd9pdhxj4cuam0asyh8mh4gyf8ek	2331
bc1qxdnezjt0wcml5wqmd2ts80x7u6n06h3dmgsc4a	2331
14DDytdsrdRWxUqFqux3Z4BXbpX6smDmCG	2331
1McqZ7o2mms7NPuoeBtBNNVRsCuDgCDHzw	2331
1GBHd2ZckfifDkuCqEY1hhcJ3devcyHfs2	2331
19sUeVCp3x4XGTc1vZYV5B82fi6kCzNXm3	2331
bc1q9jx2vtyjtyt95y5redswpd8dwz0qqd5mqrmtwl	2331
bc1qtrr8ym4rt8mhjm7hmw08xqmlrml8gydwzxy5fu	2331
bc1qxuat3fzwwhxm27z9c7wwj90l57cnfpvq4xg4uc	2331
1Cp7Mk4HLhJcKyWivkBfSj4tRVcDQbrWoM	2331
1ErGprDQZcE532bRr4CK1KyVS89c4fC5EU	2331
bc1qxf8e7feh6z3ch58hpnkqa3e3nacejyus2cgueg	2331
bc1qnldrt75uxcg33gkx5uev8dy9hfjqvlk5d6heaa	2331
bc1qwmc7n3knsah6zrccx5jp2we9jp9qp97w44dl3w	2331
3MCHyWb7U9nWweo6MnxK1WubZCbsPxjvwW	2331
bc1qmnh07g253ftkq3exd6lmv3yu6ml5yvvscep4aq	2331
1Pfodv7saJ6biMhpDfm7sRsc4ks1gds2aw	2331
14TxjcbzJjwDJgpQax5YRnVy7mL6ErEiCz	2331
bc1q7t7zudv4wnues8zppk0060aa6xapaqu33uq5k3	2331
bc1q00s7dysgh6us04pcth8249t9n3vehd5ary0hyc	2331
12JkbhSRReTXyc2QiLK421huddT5i7DWBT	2331
1JMwc4vWoKpK5YV2ysMoUdfuoF9f2gZU6m	2331
16mLAFMrtZc2jD9iNjw3nLXLBq2DD5b2uG	2331
17p26k5iaJq7zhL6WBQxujTyDLc3CzhAuQ	2331
bc1q7e0ppph6zrhzkcnxqy0va7pnzdkndtyzq45yud	2331
1LqVzokKRbKDtstinZuGPmgWgxxkpQEf4S	2331
bc1qz35n909qlzf3phy6f6sp3havsxpuafkd6fqdvf	2331
1HZW5YweLzxhcBcBDeVtPD5KVbRrVmkLKw	2331
1F3VJiwspWjveTE1SJZn5CXiLB4vnmtiV1	2331
bc1qupssuwk2rzhazk9ankznq4sewsff9asvhhgjag	2331
bc1q5dk67l9pqr65zja3hmd8kmml0ven2v6874pzku	2331
39dJQicp7WoccEN33FNQXTfMVFwPUHasvJ	2331
bc1qvsdlr9hz0rvzxt7u8n4vcvlq3f3y99f2lh34ug	2331
bc1qhehzswppg2aytdq0fxk0ncgjt58hyntmrmcdp2	2331
1F19XcbxKTtPfpdYPUT32Ehev6qU8uHoMK	2331
bc1qkvk6lcw7xje9gkuhpqlfzguzwka7facs50fdd3	2331
bc1qhaeen7ds7g3vn6269ep0nqmrlu7rwwuq9tnwwl	2331
