17GNMHgj7chuMbkHUmhviCPY4KeArnS3XZ	100000
bc1qdtxazxc9y9m37h82wmxxck8auh7xqvtfalf2wj	100000
19D9WCY7jnf5tkXuvH7DTqS1qHBQZJ8fxs	100000
bc1qg9tj9pq8c4e0da7cvw7cnue6wghplg9ykchchg	100000
bc1qd8xkyltl0kqxmw3dewayx8j07knz3q93xg7m5v	100000
bc1q2ccdlttvvnjgatesqlq6p08vnpk63fsmyfd64z	100000
17CfMER3W7bct5ygebpi8C7rc59cfe5YZP	100000
bc1qz6yvz70pyvurulfk2jrwy0s2ljke4knna8760g	100000
bc1qvrp0a276knx0na0qeqh272qyf8s5qldjs8x4hp	100000
16juk3C89jv2EvsFHwGypEaWrBptLb91Ty	100000
19R9NDz7Vfr7mKXRDXcLSsHEroAEZ8cpSw	100000
1Q2LBUyTh98aRBaeRS4k1ckaqiSGNXds21	100000
1EZoPz8CAWhZvVxm9wj2TShjxYH3cgjqia	100000
1BDDbDTvcr2YZLERo39Lk99YDsU7EmTP9Q	100000
13hCXXfo5LEqMSWQtWKp4WiWtziXMndFN4	100000
3DcRT4Yd9hPuS4mNdkx5LUHEWsNAdkmQug	100000
1DfEwseYKDfNngoxkH4qQzZxuhLDxJm92e	100000
1CMLrhtuzo8NnyCm4CNZdtWDGnodBKTUWn	100000
bc1ql9qvkmascpj98shhwzul3at73rx7uj3a47zd4m	100000
1GAT8FMm9FMWFPwyyR7tkC9FWP33BeCvuw	100000
bc1qlsdgcsv3t0cyphfd9g7r2vvh5xt4tsatn0emvw	100000
1DnDYFMjiV1PURyGmX3GiarV7rbn8eTFmS	100000
bc1qmn8rkxy7z3qxs4ew4qzxgs2ukmued9lma4mqmj	100000
bc1q0e52r43y8m3kw0y8qu7sym4p3gl0funl3pnkjf	100000
31w42sBYD8SPMdZbkvMANhbMLDHmJdx9FF	100000
3HseJSqew4QTtz59yWoxSBjs1nqpriEwfR	100000
1tnV8ezuZHvYAX9ff37HLLpZ9CzHNY5Af	100000
bc1q8pkyxvlrl78uy5d82tmryypmrnjtxwghrl80vp35sf49aqr4u6ysnm863h	100000
1JXXwvrE2F8d7t5xDRTDJsbUu34wh3eKQk	100000
bc1q757rmsz0j77n26h8r026lhnflptx5kaslsdhcn	100000
bc1qtu0q4950tmrjz0kvtr2f8kjgxutjr5k72x477v	100000
17bQA3ktQcPBcboinSkFjfyZiUBCoiKn8D	100000
1NUQkpg1empHTo8fAWPv3CGUJ36T4vun6t	100000
bc1qd7kpmcsdcp3hym0nne9n3chlvxh9wkkr2yvgy2	100000
15bQauFxnveShfnUc17CdvpefXRGst1o63	100000
13cj8T1U6J1WTayodJcshSf6CgMYHYSjwD	100000
1AD5WLz3SVNwgaPeaXS6sdVxuQ7TLs3BGB	100000
1CFx1FiWBhsvATajDJWqxYiJbDrxafaaN5	100000
16g2pTvrfb2Z71XT7AxeY2q5tHnKh9XScH	100000
1NnNtbLedWua9zFnR5fRyD8JjkxqbYRFzk	100000
17PA9v1z8oBoPbZvDSUeumzzB1ZUByioN1	100000
15GxWQoT77pUbvaZK6hTovhv2TPPk9BPyU	100000
bc1q2pdsxjy79sarrrcg2u582w9005p7j3z666za7q	100000
bc1qvcw0thdzgecvld85e5zgwtyqeyn9hdu44e69xj	100000
bc1q0y372ynhn887dmja5waygcgduqwsk0uyn9n28m	100000
1BqNoTF3raKG2kCiX9TbbMqSGC1Ucz2tzz	100000
1KNGswqY5K3FUUZpGV5F2aVjjR7g9yRJX	100000
bc1qw9ckr8vqzsa095axr4mfsarhgh69e38u6gqftx	100000
14WhnengVnZXGevPZDWFVradWhvJ6aXst4	100000
1MV2t94WLLzMWAab6rNYv9T4Uq63ZZvGpW	100000
bc1qqhyfj0062h66cwkm903f7cm0mtgfe3g7yq3ly2	100000
1PPKPSZUPJSQL65peX57cMuVq147BNLHyQ	100000
1CSE56NcCn31PoLBcDKa3zqNnup9mTvQfH	100000
1Fwuk1b2a2gbMD2eV5ontSwQsK7eTuV8HL	100000
1CHTyG5ec2AJs6CGu4zm6mL3BMsKADtK2J	100000
1K5s8hKQCG3bLtLrP3kwD26Bxw5ecLFr6A	100000
1Bt7V3Y5dpJ5wYHZ4nhb6uWhNXGWXhK2nx	100000
bc1q8pehfxjskdkax7789zwjslgg56pecejcgzc03h	100000
1BuiKU8m2dPAHbm6xEyA9P7tEm1SKXRWpJ	100000
1CWT7omBDMS8hxvE3z1kgHHrFXzeZDGbDm	100000
13dAccqVYCozWULbXH8mbSMapB4iSnzhzY	100000
3B7S7jpnWz2xgRRy94iJJPFnKWYQov7HS9	100000
bc1qhmjsu89j3cg5x6ukrv6v3vs242mgtpceuvnhev	100000
bc1qq0muej5nk6c07m7asz8pppdj0hm822s83ye9de	100000
1nF5Uq3GFuEpKqjsqXE2SNa8fKybVkTbx	100000
1KubGKXCdcfVJtLsFdKPsRdtLMhgdVKCrz	100000
bc1qz22a5rmt56n9tjhc735r4p2ec8vj7pq8jwy9vv	100000
bc1qq2nv0vjy0vlpwrm8etu4g73kr4s5zzvp8gkk4f	100000
bc1q7ms08g2xtfz55uwlgsp0grc4n8jent95wgykhlkvqqa8ef7g72zq4mfj2t	100000
1C6mzzX4TaT811VCfiniAJRuMm32dw8s4V	100000
16puus2q8tPx6roGKgeBJ2SqxgUunsbFaC	100000
17BbjHqxJG8itK8SpmPQXbmFKkPpzt7coa	100000
1BzNoBi6j9cGrz9ZyLhHM6tV2HTyNxU3NP	100000
3FTtnN8TJvdoGJLjD87CwjwAF6GaRRcUdN	100000
1LAjMN9hodTLkBRksJMq9Ft2S8mZwzvY9P	100000
185mX7HRCYeuGU9efY1RSkSdbK5cWebyJ7	100000
1LGioXGgTzWqawp9z9yPd5t2DUCDMyYC3o	100000
3QpxrZ7KLv7vWbWiSTPRLgRgNtek9kixxw	100000
bc1qj7u6nynhc6p5m4dkexj9m43scmrxvsp0pvxsxp	100000
1XAQnjK1acphZKomDCvnxeATrfLbahG1s	100000
1FXPH7wTaB2DeGsNu1rD4HKhg91XA9Bgcr	100000
19Grz1QKfHkH2uh3m2gHz4VoWQMrJ5mfeV	100000
1FGNk6XMdK2m1ixdavQt42wYtH67Rc5Y5G	100000
13vse97WR34MopEKnTH2AsePoe5U914jDR	100000
1Q9xf3KCKjQYSuHmnAHB868jaidVi6R3LG	100000
bc1q453apc69ct0zgers992aadk02rc2mtyjxvf95x	100000
3L5KHVP61fXYZiK7mBXEyQZorYjV83X8Ty	100000
17ZZQtqoVErCT1hi9q6vqtvGhMdAPuSRYB	100000
bc1qvlkdpryqdyl4hglp2em52j6p0z37xh799qwurj	100000
17WGn6PKfztb86UUkQNEVSuuQzZDzVrJnp	100000
bc1qex4qpkcw3s7xl0kzgsrj8eu0ztpq7tee27qdfs	100000
bc1q33xy87uja2gk2v9egvvahjyglue2new33c4h6x	100000
34CJikoM7GN7JsoZnbwvks9USL9FQhppbc	100000
37AZhDGsBmRGXBpf18Kpr53WdjnJxnUfTx	100000
1LMCrJRnRfRzjNf6KpLheP9vG7RKCW8Qk7	100000
1N2ipy49bJeXHJ1EGH61BN7wPV76bb7wf	100000
1G6WBXTytfH9Q2E4tUebrDrHAZ7NoRqBeJ	100000
1FJpF9BGxTVXwev2K5trjqGkEjgauqEUbm	100000
bc1q4hk25ky8x85u6t5vp2ckwav87a5v9m2wznjw8l	100000
bc1qrcwg7qs0ws7faenkxqpjnfnemuqdttsl7exudf	100000
3DtjZrKa6DJhBroWQAdTNxiBB3zjxyBuLe	100000
1EHZpYnGEvqgVNvCyR7wNdMbqws79e7ovG	100000
bc1qypcjr2er65s6kmw9dq70ct48tfztc6gnjv50ml	100000
bc1qcp07q5znqkuknq5yqv8x9r50a4afrnlsl2lra8	100000
bc1qjfc2ex0rm54a2l8mqr5x9fygt769tkumw2j89h	100000
bc1qckqtxx0d0zyt6r2kng3qcemnrzcpx35z54wthm	100000
bc1qhx47y4meuuken48scdmhzcpqfj36p647gump5l	100000
bc1qe87avp8v5m4anthcpvx8znx4r6cu4v7g4qq39q	100000
3HocN5q7GcsG8voNHKz3Y61ThPqjYTaAgR	100000
15qbkSLNpH5ZxSgnvPuA2JoWGqZCEZbhrE	100000
3AGoX2PdoLgRqZGfQREF5SS5DDwxSuMZFF	100000
bc1qhlpcdc7rn47s4slwmsrhhkgtp422mt3z895c6hc6ftyd5sf2p4nswenxch	100000
bc1qv4ca2750xuezpj60a99v6xs0k5arqhcgaqh94y	100000
bc1q53w2ffkwe8t3eyztgndhh7777tknvnefr685mm	100000
16SR8Jxkup7EVMmxidEPAn1e8hknwTRCi	100000
1FwhVfTUJGcDji8gW9CE7CCRWZ1PVwkcG3	100000
3Qo7jHp9G4hvnkJC1B49rUFhTL7JBK5WfZ	100000
bc1qk2ym2hnk2uykuveh4gqpdj2eu29ceee62huy9r	100000
bc1qqdctfzk85c3cmuve3fzluydy85z0psransnz3u	100000
15mscGAivzhF3UH9hp1fJwVzZvRnMN8cEa	100000
3NJE46kTH27A1tLX6SfQr6RhesAh4icr4Z	100000
bc1q4dwexj0zstlly838zyt6nap9v7fdxyzdl3qfcd	100000
1DpCo575CbM3R7s8PHKmoPD9ipY8csAqps	100000
18tkbuieEUQZVtjdPUo6RcEPKQoMESNr91	100000
14D3AQuckkZ7UPD2yFmxPA35aYGNo5ixiC	100000
18Qu55Hpt5ruTmxFAZhEFuZ7BPYFxEwvSv	100000
1Q63YYyBU6Y99W73NEWTHZkabSiqL9uBNB	100000
1Gie9rGp7hriBo8hPBRKG2AV5G7MLgj6mX	100000
32fZNym2QEY7LXRq8kuWeaLaqcfjTPeZfL	100000
16ShT4CKXvuzBEX6cKdtaMGDVwtqckXtNB	100000
bc1qtv7anrsmussm4jyk6sgj8t9d63ur8eew8nrq3r	100000
1AfSPvR9RkuUgvFNo5joshyjzYFH52vLzM	100000
1DxKj4DHU8QhzHGk8F56M9V4xk4J35JWoa	100000
12FVdJEeKZYMkQSJfV3f7j9b7x89gHUwaA	100000
1EYsE7pPssEvWZv47A33VsA8HUCLSyrTSS	100000
32h5AUTM6gJJfg3nne3y5nzsBZG6nsbaRL	100000
1KiL9MCbqMNQTizVDiCXn7K6poJz5ErAfR	100000
13So9B7h1YYzA3ait3usLccpdY4LjoX8FT	100000
1LEeTfAnQHkSQvDRa8vJtj9SFUzfnwhfET	100000
1BsYu59vTGeBC1vSKzNRW9NGFV56n2XK2S	100000
bc1qj7j70yd28dlcjqck2ayk6d7g3deyl0cfmjhhlz	100000
bc1qjmxzwv866gqxu8pk55vn5w4ecqdwhm69xdjgdh	100000
bc1qzrvk085nefmnytal324jf60qx0u6xnpzrdap08	100000
1ENrczVatmadd1mTVzBL6r1AdLWwXkED1k	100000
1Q3vfMAafNLdSuKR6Exbp8FKJrwfSKjiAS	100000
1DsnW2g1HWxFc81xbMWQRQrqowKgfngne2	100000
bc1q6ynrtr4mk6dzg4jd4k3r0l5nfvfudapee4tdts	100000
bc1qck9ya88je6tsd9qt2676m0usu35y6d7e0as7gd	100000
1D9ET2SrSjSDGmLPf745UrN2osaVaHxzDd	100000
1KzQVogKYrntchrRBtMMBcBFavSauVeHLF	100000
14aYbBSMTTeaVbGwEnBfT7feWTQxYErmvF	100000
1HBB9FodZWzKiUL4oZy1bzr1izczTQ1F9a	100000
1E2wNEYGgAKEHgkZPNC1X4yzEp48g4Jag6	100000
1H2vFA47ksvB8opTBR6SxG8icTFxPEm4ba	100000
bc1qm5zkhmsxpkggm46tapyhtdh3tfhh4a9kr8qzr4	100000
bc1qe0lwd6tevrqun9hhrkvnla8q2yyu7sjt0904le	100000
39eugeQwqkj4xy3dLx6eH9ZJfpWm4cTscP	100000
17t8KkxpgRzDgP8ULzLSyhMRhMgmnBidur	100000
1CzYQ4JA7Y6uv2nhbSixtJcrnigjmB4jrQ	100000
176pp6XjaGr4CwYGPNYmagW7EuVAYLPmYp	100000
15exZvSFsjUG4Q4fo4rHw8Kp7EQCvTdhwp	100000
bc1qjjqp2z4upvru89uxxvyga6kzhqlwm0we8hskrg	100000
12oxkiVo83zroFV2gwsctqwUrjTNPePBo2	100000
1P8mPyEQU31MprDBCiyRGqXz1RhbD5C2km	100000
1B2egdhqBZ9qPvE8kRM8tyoBhL3w1XY31D	100000
1BnpKujn2WoQqykjkpHdaNv6JnekzqWvw7	100000
1Gq15DuWD219TutZjVvS3UZ6bTYH3zzs9W	100000
1A6WFnhe1tZezk2MWphXQioYB48u2SHPVS	100000
1K7NyVf7f7RExe5Jti2WRGKDfQhqCb6UNM	100000
1FchLXp76rfKUf3oizHVeNyU3E16LhzPsU	100000
3HTpdUGYYxes8g5LSqsoUhWqZnHRxcup2r	100000
1MWAe8QnRyVKUNTqkF6uiKn7V9feURn22S	100000
bc1qlttz06jhg4r3du35m4u477axj6hljychlzckej	100000
bc1q66pkd6fuj4mt3srpq5qfpqylnsmjchdc0nftyx	100000
1Mr48GQaKPQ6p9nxCTEv1Dqh1DQSmgFQKt	100000
1EGDTrA8VQvBu3rsKE3Aqn8jxshUZAnrjq	100000
1Esj2GL7Q8p2Y9TeAEsUt5KrrCjCtsB2CD	100000
bc1qxvfp3tgnv4kmg037usmh0nmrf833xghn6yfxw3	100000
1A767QARs3STqrMaP3mVedCyhMB8J36BG5	100000
1NJQp1Mctv8bgcrjcz1kjHDDi3ZspXcQEp	100000
bc1q85705fryhsqv763w4sgp2lrw07kw6efqrdetlc005q2v7c2akcaqyjc37k	100000
bc1qgkl8fxfc7k48zggrp9rrzc8lyygevtxqncqm7asjy6l0wre30etqlc4fah	100000
18xiVj6SazrwvcMUF89xd1z5t9WHMk7r1W	100000
1HDQfvTR7a6amf8Z3t1UWTmJPyQRjFH1M4	100000
322RqwAfhciYmRGmtvxaxosDKzyzwAgxmY	100000
bc1q9c9er4rl7ajn7v04m3x23wzywlhwsrqlp2uuv5	100000
1FJWpeLTTtfBbsM3kR9fYFVhLbg2j659kb	100000
1BHxfqe3Jb8jbYST18YJLExpMjkZebbXg4	100000
16psvhAfdg7umsS78P7qFWvX4ibMbyKZKo	100000
16n1hyPK8VpetbniGCQ5VdTKuCFBnpU7x	100000
1MTrjE6ukFS3GV8nvVFBm8uVFWyZEjUceV	100000
1FzcB52RP7dQ6mdhkww9SJpFJHgjDkLVTF	100000
17iZueFNy2uRjrqdvk7g5zjyFmS365TwAD	100000
13U8pxZwNJXViHaChpRmsohLVxVfT3fQiV	100000
1Kk26TMvgxFavxuLTNdkmh7iHzs2A7524y	100000
1MRHDU9DK6fKR8GXi2xT3vq1mhKvkxeihJ	100000
3JrL6W6gsGAQidq7UDQKTWUKsAGXx4MZZa	100000
1C8WD479CkTvairnNNtVkHdGYpd1Ai39SL	100000
1BK44NLDx5EdnsrD9cp4hD9PQ6SCWydFzv	100000
bc1qgchzp86kzz9wn45xcn5ak03x9f2camm7wp2z5c	100000
39pNoHHBJGD7x8NEVzHnd8T4RuGUtfu5sz	100000
3HEzLuoKzRXz2Zg78CSFLBT3v4sRbutU6i	100000
3LjtiSf6Kmoo3LWSSWnSh26c4U9GCGaWkG	100000
33CrQVtaQxZaAfT1RakhAp72Kq2XnbzCZX	100000
1CZmkQfmBKrR8DqFmyXoY9P22AXofp7PHT	100000
3BMEX5imVMZKbTKHghmrvmE438cHmgVG2U	100000
bc1qy99rnuhn3wvxqd87q40ne2lrexh2ftlz2mwfl9	100000
1B3u5MtE7RkALa1rVpsoXGtcmHNa1C711x	100000
bc1q20vh2dgwyjau3mj0vr7ld645qwtt5cjy92zff0	100000
3JVdkmQZQuPBAXxYxmZq2PaNwjFwPXhs6K	100000
33p7KSG36dCeAoRAjv5exMF7uKw8k6XhvS	100000
bc1q00hgfwa83uygacyrpzxlcnkpc4c69rq84zev8k	100000
16SPvWNSu1HXYrHqSfrsHtXaUhpX2QN71A	100000
17w5Fjkwa4XKP4pXV2oFb8QB4z3hH7zN1N	100000
1GFZNt3HMh58T9f7HMhTPATaXNXLFo7S3v	100000
1AyyrGkoPJBnqjfz4zEKKzSmh6azZRz8Sf	100000
1NewiDqjCA6H3hGCM4AkiUkWhhYkwGGYYP	100000
bc1qa7mt7qa2gfpxvx9sfuaygf2hyepcv5edavhrgk	100000
337Nn3mzxxyfU2BuKXMK2gKXLzXZJhqWNp	100000
1FoQsYWuYEkwaqP8z8CS45Wno8CrViPQg	100000
bc1qgd0x7aapgvfq59544tyl5dzhk8enjcny2uc5t2	100000
3GzM22wRfwiZp8kB4iNRYxrNFBHg3N8JxQ	100000
13igHg8YViUAwMZKbvH5qpcGMRZFSmKUFB	100000
bc1qqvnzw5pngtyhh28msur2qkxc3vt3s7zchcaz0k	100000
11To2dFZsaLaBPvey9xtxUQtdFbWXvLUb	100000
124WSYZzt7BaS6pYZfczjbY85gnHYdr2Vv	100000
16PdVKpjFULRyEcKsY2yeaxywoygsE3afM	100000
3JmJ3PVCHprhuQTgUSSURWpzsReqyDZPGP	100000
1KwAXki9ZHJYx1frbV76zbAUF8ob5y6DcM	100000
163TBHKYZXPo2Fr16LUvv14Rb2cTMS9EyD	100000
1AG8iYZSKdtzqrokkKYZ6bqEweYnYo4QY5	100000
bc1q4n04selvfq923w7gq53j8wvgtkkymq2y3eqrwgz85y480jvydtys66r0r0	100000
114PZJfcBGSDB4ebE2MGjDUXwcAmQv8Skb	100000
3AHeitMAx1P5cw17amJBEYgzsYbVuj36Gi	100000
1DKQ7fhzKP8NYceRHZF1dsa2sU4xeN1urw	100000
1M8mBfz21pQ4KhFFotwEozZLfnFp6gaKVX	100000
3KMfcgkpHcmRmusBqLzxPthhBxVT7LkVT3	100000
19YuYwPaVRA2Rfe4dUhDainL6haGghABZ3	100000
1Hva13t5zhab9uuxNBYzgQ5JgwRFTjmvNH	100000
1Bk2gohWSRpz46vVWJgRAwUSPKhZ6BRj1y	100000
3BMEXtnUZSTYfhZ6UWVZcPuNrK7VCD3UJV	100000
1KLAd5fnxYnFbTGqtY6awVCa9n9v1EYPCi	100000
14CxvdK1Uc1ZGqyC9dRkg3fto6M8GiYDjK	100000
bc1qrwpk4xu68vtjy5tny4xyykdf8xhaanjxvty5wm	100000
1GRUYrv9uvk2GG6szvDsC7Nny5kHLAVnCo	100000
16yvxJv25EWsqxup2Nf1zRV3nys8u7PWbf	100000
bc1q3u5q9axh6alg2wxuc47j2xyuq8u3zqm0q4ku5m	100000
1LFMEnpA1eMevmK4AAeeRojEMmwVVLi2bB	100000
1H1yeMrgkW3bauSra9bGKBYiMaPfrybic5	100000
343Xfxeyg524Ttisp1E8LVA4hUZPgKrm7h	100000
1B73HyoGC7twHpjpsMc78zdnXjhx6PCMe5	100000
1PLAz9xKrPmXVzhLEf2hePvZZx86c1NZHk	100000
1AW7WhkhSf1qbjXKzC3mxPzBhyi7YgbsvS	100000
1DGg45JFgej7PbMCKrEKfffS7yGdrHDZBh	100000
1Dx73pa5M92Vw7UPH9NCfXY5b1kpq7zQzV	100000
1P2otAFpWzwP3FjvP57Aku16h3JzxHjQFX	100000
36g83cX3sC9cNfdnEo6CLPP4KniDAD4Yo2	100000
1Eq1d6ymtFcuJn51okmcrVErdVp2kV5jBb	100000
bc1q35da8gc4z74dxmqlqsrlzzpdsderlmezztum8v	100000
1PFiQpodE8vVzBiQgCjeFGgkD6KVWuCt5Z	100000
bc1qwdudmwp2dz6l9edgr93acgac4v4a2cd9aqwx0u	100000
1CfAYtPTRfdTn7TzKr3XwA9MZsWKm5S2kX	100000
1DTu9KuKmiTCpkxN6P2UBiQTqfkQSEzuh	100000
bc1qhvqsh9nkx5cydlw5y83pq7l8fgx0qccpweqvmj	100000
1LAALwvejs6MuYxekpzxhNctWoJVBGudsx	100000
16zSiG4L379YUR1Ja938KF2zBBNmXwePR5	100000
bc1qpj6t4rjq893qlpwkc6zvw5fdlxlym42llrxh88	100000
bc1qcgtec94tpyxng0e77m3x94ms9te6j46pkfwv76	100000
3EUJpTYpkH8kf3UNcmH82rY94w6dRQNY3y	100000
1AKd6WxP74HrJDVCCHGqby9PZ1VET5VJxy	100000
1G1uxDaxjBEZ55gKreKrrYiXf21WZbatkp	100000
13fYFsJ4jKJXsZh2bYQBzFSGKqfgZcgCB2	100000
1PPVSM6ATHhf3siJUtr2Nc3tvmSYXoNxkZ	100000
bc1qu2spfcmm7c7lqqwrv9wmvn50kx8xapqzd5qdr8	100000
1BeBXJeMs3LnpRx7ERxR4sbHyHAd73eX24	100000
1DyaktYn4PmqafNzCjzfm78iadqzjcsart	100000
3KBK6PZB89CNtCeeiz8fsbhSYE2HzUg3xM	100000
1KGw6aAvqvPubBZXXYa98tseqssLNt8ACE	100000
1GeiUmjgsAgMUxJjorckSirKAyyY5ZKFNG	100000
15q4qTyAZSAie4Qiy68CJo3wa9V43EBmGC	100000
17i9wQidjGMQ4hUzNhxEmnoo9uCJWpQTHj	100000
353sbiRX9s761VBfiiTm5hR4FVQRm9N1bn	100000
1FFpxupQkHFGwUu5dPcWTx8zwbDpy8F7sC	100000
1EAjfJ4AS5tZ22abSTtH8sYJUBYMWQbHhL	100000
bc1q6tkl8lp49dke3ve5f8k7w7hndam47m723ngah4	100000
35df4EUinNxmbJgmcKytnAFn5rtT1SgEME	100000
bc1qnrrfz2wl3rppqnu8agy0v0nlqkpgc50gpr38gp	100000
1GqcALSVznx1YtHs5DJzhTgb1pt5ek3XRL	100000
3P1b69Z7b8FELvnaBRvkT3wp33aNT8MBVP	100000
18CzzGcTfB26rjDmx4RRUUv2eKuQGHZq1C	100000
13ciCkiPHHDmHzcZJBYrvMFSZQ48gqbwdX	100000
32eF5wz4iUJpnMpiShnqMGBiK45JiTmj18	100000
3PGjHR3mCGRaJgToZ1H3aEXcVjrCyAYPCn	100000
bc1q5sm9we9lw79mpfa5ykgcme48wmjv29we0q50eg	100000
1DAiEwS9wbkhZkZmKz6PGTifDcS6kvevrL	100000
1DePnYEeBjsbn3R53TcLSVaYg3CQ3MDKGW	100000
3B1wViS56NnNmraybkNX6gixUMNBE639CG	100000
1JBQkYo7xW3rzPdExvZSbiW7dHjK6G79Pn	100000
18XcRXAy3xTjZU7zyCg96qFYbzPzN2ihxB	100000
1AJpMBLy7BEQv72mWm1K3GSRydpu8ZAMAz	100000
1ELp2mYN8f5JtmKmJMV1ELgUambG6ydz65	100000
bc1q37tlhzjx7u20kqaj8fltyf7x4uktyze6knkkv3y99857an9cw83sxea2qz	100000
bc1q934g8qzhgknelu3cl2smpd7e8yqyzyrv8k95j88vq63g6279ssdsvfze64	100000
bc1qrpptsn8ukta5sfrpcsd08xk7l827rfwe2grjdj	100000
bc1q7chk63mpkyj97fwqce4ze80ss35vv0vk085vhg	100000
bc1qc5220mjuryhxx767h8gxqmr0jqlulww83gw933	100000
1B2Pvjg4ZqzES7BduvhfAiFzBNeTP6WnQ2	100000
bc1qgt869ttkn756pdz5ste3sp7hj0mdwxwe4y9q2s	100000
bc1qcupk7s8muat2ehempm5a2x5l4v368j3tr3u4h8	100000
1ABb43eXiVXhR7bmoJjBBsFbvPSrWWKbmx	100000
1CvxqZdiwTkwU56cd9HStRrBF6g9AQNHB7	100000
3Qfgy5DhXcde5d4y69Q9uue3nYzJG2Mfoh	100000
32QX44JYp5Axh2A2ZqJ8saM1Q9981my1fr	100000
1FQxqCW1W6CaVmX811Dd1g6476tQyEHQ48	100000
1CSCr7faXJhYowRj3buDYLAmot4xpiBDEv	100000
1LQPXnqC7mGzcGAXhMECX5hibYVXCCrnY9	100000
19hw3Y3fw8H216Gv47rvWa214vf3BSYxBq	100000
3JrSRK9MxuA4ur4Qp9nMeho8vLsmmwwWdJ	100000
1M1opDDF6rBLrismmTKMf7QzNbKcYT22Pe	100000
1Q25x9ppcn6WXspqi4a8nf8yJh9ZgNHk42	100000
3C7UwT4km7uk45gKxQXEmnbF1AtLNDTGK1	100000
1JWfZHLAMCSmTZeW3aYoqd7ggYsu6igB6j	100000
18t4wk7H23wfSonnHgpb7kFtEtAC8LVNHj	100000
1CjncLMJCawtFGT2jr4cVkPVuCXpYJnFFj	100000
1BGCf5WDCsRUEvmBg5bJpjnoX9y7sxjoJJ	100000
3HpsRjLi7HwuZZbGbCgNGVE6zmxqFxs6MS	100000
1Hb3JQKei6YHM7D3Bj6ngDPT3QyKLQxQmD	100000
1LWJq2rhNpv2FXmSivtKTZ6673iJ7rNBAJ	100000
bc1qhjqua9nuhg3rukw0nm0yuqwern7pmlvush9a4n	100000
34gmDKawv98xfiJznhdB5aR7KKLikjJt6L	100000
bc1q38hmju4se8eephhz9czvukjvafqlvdaz7l2nxq	100000
1QApMF1vBApXavgV9s3yAiiSnYJjrP75ry	100000
16MibWV5cuckbJerbiWCP1qczVGkLyWiKU	100000
17C4NVvdhos5dskL8U7h7v2fu6B2eWMgWM	100000
bc1qt90mtcasshs7pmy7pre66nqu9z9tt24nh0nn93	100000
1JbnPZZ19geKi7N48rzsMyED5XEzAudGxa	100000
1DFCZvtve1DDgkVGZ2D9gRLBGj3CmF4ax7	100000
1j4aVNytSfgYyekWL6UXYsLyS1J7YWEgq	100000
bc1qjk8vjd43jwljlw375npr3n5pd7wsd7g5ynkwgy	100000
bc1q470pdxva7wqujd6ejhncjjy43qkxyjf05mwyr3	100000
1KP39pZszgfTcYAurde8eEyVjZDsAWvc2k	100000
1AgYGpBGA16gzgPptNYnQEBdgp9d6Urrki	100000
bc1qgd6hwrq0kwvvevcqcnjncv7hyqz0sp4wpwpqqr	100000
bc1qya6h40ptzg70pfc7a2w9um0ahd3c8gfr3xt8nh	100000
34HPecCMY8sTLmbgBR1ebDGeK9Rrkb5Kdr	100000
bc1q504anzfv6398et2wrct3ttpq5zyy8aaykcu2yw	100000
1FwAGKLeBdPHgWmonwgtELF483rYgf6dxa	100000
359oLuhPm5YdQ7m6XimBxi13GxB4t3hVWE	100000
1PrAe7wBKosUjk2yComqQYfUQYG6neEGtX	100000
bc1q83xhweapp3jqt34zyt6n0as089y3hq9vh37cnl	100000
3J28n2W2FxRBs98yiqPmnxaB36HzWHtxo8	100000
1MMjw7mojne52DYBG5C8RkE3V38z668isH	100000
bc1qql3kxe37qdy4km27990lkazdl032tqyqryy8gr	100000
3N3BDzWGAV19yA56rA3ndbTZkm2KBvfPwm	100000
1ProctorBmM7tWtJ84bJ99ZDLLdy5jC72p	100000
3Ep6EeA6aiRzj2MfCrDyyJrvz2aAe4amXV	100000
bc1qudjd8xhpu9uj2nrnshua7d5txt04ugtwdqpu3e	100000
1ErPGeLpeoZUYiUg6H5wzafBsiAyU5RMUg	100000
bc1qx8gfck3660qs63gqrk88n0s72y5ty5cy42ex06	100000
15Y8G2z2K7G71zBeUjv3gQgLTmFy2zK9zP	100000
bc1qp67rscvffam5l6596rxp5gntcj5zjxfdhupheh	100000
1Mp5hebkPt8XoFzb4cdDgfcnjzmQHCyhij	100000
bc1qreaw0lt676mcl4afaynm2wnn79kd84gz63ut4l	100000
1MZSr17iKdvbKKt3rrgfSua5RQAXp6djPZ	100000
3BMEX51QgMdxuLD23Q2C7MRPC5dcHiXcJR	100000
3Hg4GEukyi1uNkKRPNa63bwjdVRBdFcG8i	100000
bc1qz7u33z5zwmvzshnqtydqptuekzhehrz6ts0q30	100000
bc1qluyrmdujk3uk9sk83g6twekws7xv5dujgvpkz9	100000
18XgipUcuhWQcvXiCbKmVpRSGuWNbGM1tf	100000
12F6Dj9AW68XBNtW3Fqb3gHScbfLLEuL7w	100000
1Caryx45AFXrBxxpyCYmt1gfgA7RUsK7gv	100000
1CRYp7DtM7FCKg94QDTHFYdDRMrc9MLg2h	100000
1HLSgskCVN7GJfRR2rQz9YyuCjGLbYGDB9	100000
bc1qqa5ws72ql8h93y29waszjf45wnr4n0rmtypwhf	100000
bc1qjrd27f95xfmv6xpftg92vdsvdqyl2ra4hes7d6	100000
1KhpGHAGKK6rMiJU3GmV9FdCvvgyqmgqNX	100000
1Mb5KKr8hgfd2yqqoJ6ik7CbExwCQkRsiT	100000
12m7WrXdLZStoPB2LeajvQy7qgWp2gNaSV	100000
16gCkbPfPD4BADC27ZjEvh3ePnV1NDB7H9	100000
17gQYFMxQJzqjEQ3mRGRdxgnxPbhWLZpiB	100000
3CaWZUN7jEgPqZGFzRnGbQzdiUCyD14dCo	100000
13Wzr3yAnc6QubLFLqoDWqRBR3iLqdz4tb	100000
bc1qgush26qxsluxsv9t2q8jtzxgx2gtvdxg55sgjl	100000
bc1qsmyga4eec20j20aw4c6yu6jccxgju6x4f6tzf8	100000
14ASrQX9vR8GLhgrXFnnTjcydmFTKrfdw4	100000
15H5dcevJyfevLk2o9iPMb4hHf6VUvWqe6	100000
1PcEdSvyKei14CtJjetbiMDSaAmLKcV36b	100000
1Brdm1kCh1wrDeKWbZ6jD8sW4dM31VuxUD	100000
bc1q7ttqm47mvt44vzszswqqc6xug6vpgqumhqehkj	100000
39U1gV3hCZqtspAjic7kRHvp8UXx3Pxayk	100000
bc1qxcj7srku5svlves8p320dl7v2hd3j2rkyqhyer	100000
1HFovXVVHH9KP4Yykz2tYW3NXKhhJhR8Nx	100000
3DR3Nd2jtgyVvFKxsbuetEwGPYyf7t95JK	100000
166Zw7SH7uTHnDtCyKZ3eZNSwwEzsQWjkT	100000
1LcwPwEBWTek99yvzBKoc4aFEDGtP7t7pL	100000
3QKA55TSS9LxKo75UAfiLH8jvzjWkCJx3z	100000
15jBrQuMqNcjGjoSL14xRe7hfRte7JKArD	100000
3NwUyDd1ZAoYiFZtmFy2fjJetfKj8pqGUv	100000
14GfAjFZ8r5Drx6vGf3XKW3bBekuGsRCW7	100000
1FyFzMN3rDB4TGbsjsrStvnYXJSdPcU8hz	100000
bc1q5608d0rwvl82q8g3xpketexa7c56wcr7zdndlq	100000
14XgMjmwrb5kD91BqS6nNp6MeVktqBfLCB	100000
1NPsYqw79YzjbxRPT69JpcarrgEmYLNdLW	100000
3AkMvja3XtSMS4SaLxh1fsPXuWQDxhVGom	100000
1LoaHWZYXNAWQ8MuwuCkBXaHGL2jA2yaT	100000
35mQo6EedMPrxpkNa9UexXJetZcyHCzJxY	100000
1Doaa6P1BPugqp8RE5fMTanwKxQVD6hPZc	100000
15gwgbryY88v4EKDwpsKSccAhWCJKcAs3d	100000
1GWinYx5hGiA46vJNfKZkaVFX8torG8zxK	100000
bc1q0vecjx8ry403nxdeuettlteqx9vzyht2f7fdeeh7q8dyulpvzkvse5th3g	100000
3GE5sy4Q6mfHSqzXnng7imaxnGM4YnEAGh	100000
1P6GrvGZ21B9Kt8DarwNWv4AqAfCmksXbb	100000
1TSmDtupzRC8qQxC33xDGFRVYaxS8a1cb	100000
3BMEXN8AWF3jumLURbZmuoCPv7gHSckvZQ	100000
1FtdQMjUJCgjTNMGYefJfUrDc6vzbyLTok	100000
1E6VQr8nGjJSi7unmjpbZgREx3ja5iYfCd	100000
13GiHgrXhoD7evMDVf9NYKKLim6RK5zYGe	100000
12PPhiyVD4NcinApD167QQhfTamv7JDCp6	100000
bc1qj798pdj542usqe3u58swa4yvqpurtr03cxj9ue	100000
bc1qam0suc35eva7rayfmsv37k2fkr9aqutgpu6mnue20j935v3zwt8qwllcff	100000
1GyVtZUdi1w8VFG3pvQz3yxSgNM9WpZfzC	100000
1B1gv9qnat8csAcjTyvtZkrWWwnuLbnTLs	100000
1CoUUijeBmrb6GXRU7A5NNesLpmswtNUKK	100000
12mTFqTc61i2qyPtCba6k4p2TRpwvbe5ko	100000
1ADLR8ZPWDgqM5pUuRYiyAXV4LabaCHu2Q	100000
bc1qmpy250letp6l33a0r7gqcgut0pcw5q96h4k0hj	100000
1fL187mHPRvjtziY9xiTM9Ne6ZZKfYmnB	100000
13y9evnGWwY7Yss2WLFpYuqBwLQqKQGkPw	100000
bc1q2ecym7nwx7qh0lwmzurvp9t8gm548yewm2vamaauzf2jjaa44jkq47jeh8	100000
3BsyV5vsvKupiJE6C4r4QTyt3L3rBK29rF	100000
1AFrRqx8VNAm1ced9CY6yGFiiMGvWZT6Es	100000
bc1qeapxmysleygm0vtx5xlf484adljvlzk4nhek8e	100000
bc1q0lfsqqjsm7e75lq66whsyddd98ncgfs3ljxk3q	100000
1ApiwCNtyiCu1UErkHdk77NU5ZtJGVMuQr	100000
bc1qaeuymgjyuhl3mdhj5jmghrwafn3pfsack3jax5	100000
1LpZ1V1Jh2FWURWdqVZqaQ7JK2XaxXp5yr	100000
bc1qqeyesd7w5e096we0nn26tnjfmg2p2xxt8p62ge	100000
1977VJYRVYsz5AsLhQv3tQTf71GmjvQXdT	100000
bc1ql3khqzw767xnsvky4flk6es6unekj3jte6gdl9	100000
3BS2JTuZ9xswr1oR6D3aM6jbSpMk6gUF13	100000
bc1qd6xhx69ayrgmmwm0cc03ge46rn9pp4ynrz4phz	100000
bc1q5pw4rqwm4a8uasjnzs73pew4has2kktpzdkq30	100000
3GWHtHQifMx6MaVug93hMe3pUHpXyeKf3i	100000
bc1qkmtpq2jdg3wn0dk29kah23r6c88n3g7rrekv4n	100000
3G18PR6kxNR6Y82ZfdkzSh4esRwKykcUvJ	100000
1M3Cjnq2NVnBRFkuv5bN3vS92HENxGkJgv	100000
bc1qscf7d2k26hv9h8clhxhwaz8r7nff2xdq6umnrl	100000
3G7pBGaZrQCxWAMAfMh1HNWb2q4hxEGBEu	100000
bc1q7a0rzcm365w40elwzlwr9kg24d0r49pe22nrms	100000
3HWhhZCUaECzYe8SNiJRiWfug7wp3qB5uz	100000
374rToXvQ9ztmn9QQSS7gUqgVC2YdELemG	100000
12CC8fxanCMiDsnLCvtdRoGycCMDZHV9qT	100000
bc1qk96hc708x69su5s0n34q38ym4mg8pstysq53ug	100000
1G4t7AxDaEGGJPtJuiAcHwGGNLhG97Embc	100000
3Lcc5JWJkYYHSQ9i2QFUYjEoojw99RYnA9	100000
bc1qqzqa37awcgu26yjsg5hzeajsqh6kzy5vv4fg5k	100000
bc1qz34ekc09l8ensnj3h3sxurt88qrpw9zp86u6xh	100000
3CxLbNDYD4PDaL6TpwWpNKydDsfLsSuB8T	100000
18jhUEurwq5aciG7pXmxz5Cjnk6CiXH2y7	100000
bc1q3mya3w5c8axplv6nrhx4ek5gmrsm7kwv9e38vc	100000
1JwBCR49ugn1K1z5wRsHC1PWq2D7nMrALa	100000
bc1qzdcue0sce9v0yc6zmka6lqlrhjdujr0y34ur9v	100000
1AxxMeSnHhYs6jhWGUxcFXNgMhgrkMcPCm	100000
1ML8qZ4ADiRpjE4kh2Vp4LMErdVhnQ75B5	100000
1EBixNCpUvNvc9GQe2ivpz6Gb1mvynn56z	100000
12NBXZiEqADtncejPn7Arpwkm1pNHCfF9d	100000
14muGRJTRKMeiptrT8X2KaKs6tzL5c8ZPk	100000
19WxJeAsQduv3iQgMrxvMkAxBx4QLWm4Hx	100000
3JCw8aNYCnwTryXqkbAP9mhG8bDLcdNDiB	100000
bc1q9jqez3kg626ctg3qt3lzzc7ll6pqevw0u6zt8u	100000
1LVvMcdeZpZ95aL6QfXD64Ab97QKv8JvS2	100000
1JV6mGWifsokeyCEdxJsTH1DJELciXBtV7	100000
3B1pWjTw78Qm2PqGY3oThU1V9DYXoLpDyX	100000
1JRhU6P2B654PwgUF6CKDAagDRnH2mkh5r	100000
bc1qufqvm0cgw94yv2xqazhefd8cl84ew84m9g5tad	100000
13jxiLNVBFfus95ur4nRCkK584tFTewC2N	100000
1MN2h8FFs12cjyuESvbmknyp27KDepZkvt	100000
1gQ5Vr4mehbSTw1cb8TFRHUoqu6qsmePK	100000
34Wzzt7Bt8AVrYqN9kK6ao8w7yAnXrsdqv	100000
bc1q4wrc5cdhevc9s5yyvq0p7p55tmsy634rnyzrga	100000
bc1qy34f28rdd9fqxc2hynve9jnthwgqj99r44l6up	100000
bc1q4933y75gyqju7yqtkpvcrcfgs7fw6yh5w3a8qw	100000
1Ptbs3jRXWFr2NTpCdELAdoBNj8DHWNoJ4	100000
1G4xjhmHNxopRhA4AWuSV1BfcXR1cK1fQc	100000
1K2Bhyvk3zDDdq1rufy18ShpRnozCL7wtW	100000
bc1qzf0ktfu4u8t7hgueklfwa0kuz5zlyduypt7qqw	100000
38vm3sx1NyxQ2ezUELAng2NpKC2hnessGz	100000
1KpipHZgCJrX3AhgFXdojDLqUwcwfSLGDR	100000
1PW3EmnCL9LEcR7KuyJrsoyLSFpF2JH43Y	100000
3BAabWzi31bs285J7JWkPomMXpbY5u2FcT	100000
1kieLK91mYV6hQeyLYcEqhHRkPAKmkHud	100000
bc1qspnxjdhhrvhfd4kfghgctjfyf60m53u6w0hm0y	100000
1HnH2G5eUacHdUvG64rV4AuKHq7vwVNwbd	100000
15NKy1augNGuYbyL8VNA1Ct1EfBqoQp1Nm	100000
1EcC1u7DzgWK3ShoiGgLxyrs4k5xZqkbNM	100000
17BboNoyw2FjM3vULRqcTZHQefbUqspY7j	100000
3AHgenSFc1G83G1S2QvYgzmXPjSxRDf8Je	100000
19yobtvKWnmDKDv7FrRrWV81ijjNkqpd2x	100000
15G8FVpVN4jS4d5ozDPkH7ismhZHuuYwK1	100000
1LPBaYfBffvqm6F7EDxNJ5DRp5SKykgiuk	100000
bc1qefjnf07t0lcl09sqkz9nw3qc3kzvtt7l3qax9h	100000
1Gh7GP6uxEhno4Ax3Qjba4JwSffAuqTWMN	100000
12NscQ961mednfm77iwwm64EMKAbtiDNS2	100000
1FYUfHeA38i4vutqGyUJQ4hwRJ6KQjHLq2	100000
174iAptrod4r45Mx66PQ4vmC4JSGmhKHna	100000
1FkdqZZ3UGBgtAxtPpgKBWdfui1YMQe5vx	100000
bc1qw8n0d00un0w7ye9yemtrxp4kxr6h8vrd9dwall	100000
bc1qld7z9yxn0636sdfxav9cwg9vft9efk7ede3rw8	100000
bc1q8eyzxyzlpw05nvvqn709r8p7n9yj8dlffcjz92	100000
1EsmNS3jH4YuddWn2xUTNbbU4UMwCtid5S	100000
bc1qzer20pg0xjglvea680fy3ds79qa44x0j4dppc6	100000
1DMnXJf6aShuC7bjCdbdYn3Rbyj8PPJgeG	100000
17opFCsBoJBMdJNB5zAYtUp892gieq3aGF	100000
1H2kCAxZsMiCNUQEU49FHsUkJbPoC5mnfD	100000
15gHt8h8KrY17Hc6NUtbWJYw6w8qQkFrmW	100000
39A6ZtG1JbLv3SzP2geqayM7Lfyw1uYgCo	100000
18dLnjJfmPvZHWEG6PgFpFtVKVUcVWfuhA	100000
1D7ghCud7DqL8R1ivAyhYmhESC69VgdjFo	100000
bc1quqcp03tazwlh0wacvzp7qvkh9m897klnz7yef2	100000
19RsMs4FSUG2oWTesQFDmZiKUnV3Bvkik4	100000
bc1qjaz8tvdt0yrxh56klj4z485wz5zyz6ht0f5vc2	100000
18jKoVL2DhWXvQxMyU3hgvWrRS3HThvp1C	100000
1Ko6FocLtJRHLc25wz6tGUjRgWwV72WBjf	100000
1FvHQ2SgZCwp2SSqvjSuGtVywLGV42W5uS	100000
bc1q23620ddlq3agwk94da22z0agah3vf4m00dvr62	100000
bc1qnpeknlnvjql6ehg259ehcttyucvl5vk5lphuc2	100000
3EX2N8WSVNDTwPdQHMSXzq6z3HsLdY1paH	100000
1Q1UGDdqZriqgEEWtX19jySDtnfG6aAw6D	100000
1CjA9TkW3CdCs3PqmJGD5yJtYREMa8XXss	100000
1Ns93Geg4tjvUpuiTqHwBuZH1UwEa5ib2G	100000
3LfGeHnAki3sdveu1LAjrEsManxUeBDu7E	100000
1PbhNPp1kyki3UaKqdcD4eNkUE3xmWrun8	100000
1G5Q9G6HHEEQzNfKAmDb777J4r9CtRLniM	100000
12tUjpnXRA4YzdViC8a8RKdEXoSgYb9tHP	100000
1BKqSQDnLXN1LKvzMQojavTVvcmwN349ZN	100000
1MAS1Zka2sw1DWjubjavPDC9ePsVhyydtS	100000
bc1q7kv9ltghmpcytjqwczyy9nw6ah5uznpekym4ux	100000
1Ne22bT4TmsnePPCPhfoWpHRAQhWbWdE3b	100000
bc1qptegkdxpcvhytuhndtedvkh8gkzkd258rasagxh0r4p4qg88y9uqj3k3uy	100000
bc1qxa29z0zqte52yhrgjwm9pn090tpcszq0ek62kx	100000
bc1q93nrv3rpn50uw7yh34remy2hrgsx7248dczzwl	100000
1EcoZieKio9CLpaTN4X47vtFZXxjTMFtho	100000
3CqRxaTpEfAgEFT59fqvoMbQ5qpq6h1UU3	100000
1NKNK7pUwMGxLawsCVa4rEZP4TQfWbWe4f	100000
bc1qj2e5ujl0fuqelgmv8g834kkyvqh5wu6j8hezkp	100000
1GnRc94Brm1G8iMpm1TBoTpU4V9Jpwp3JK	100000
19Syq55TC92qJ6biYLef8tPtpCDYZrJ4RS	100000
1EAU62Eizi4j6LuEn9x7e8UWvoxAaxD9Jz	100000
1BHJFBKrVUDiDEEMsoynnkRVbqfWou8tSj	100000
bc1q52rcrwt3vcmr7zunsrpndec2jmtjk6d7mm6jl3	100000
1AESbTo6mdJ5BpKANpVc28NqQFu2Bb5zH2	100000
3Eucswwb52s7LXerUviQRaMUBoxeMJXioM	100000
bc1qr3ydnahcvlljqzjr00xjus4yvwfhzf68ma8m0e	100000
1PXLNNkCEdYmsQRYvEZC4UqLXwcuHqvzDH	100000
1JXMEpaHYN9wCUdR1EAC1WhVVQAD9yh3kp	100000
1M2ufffJgVk7xgvBuD7BNZkDR4fEAoe66g	100000
16g25xiUCRN7WWWMVvzDiULRSLhWq7kGTi	100000
bc1qslps3ngdrw6z00w846naujku08rm06sfpg22rc	100000
bc1q6uu6cn2wt7szas48k5c2zvllzuxejaekcys277	100000
1E71MfsbGLUJXKRgeHEyHd6N6z6F8mkx3T	100000
3F5t9ChTVxwhfB5Piq6tTWbaeP8vUFG2UF	100000
bc1q35cyjaqnaxwlvp75srz8vdgv6vk2ux87q9lqgz	100000
3LYuyBebRyJMM47jXgFZHkeyGPYrPUP9pT	100000
1FWuydPqJXJ8vKctPXj5PGN4FZYXuW8uJ1	100000
3Kw8v2N6DAV8Tg7kMPFwcbg2U1Aace9xkh	100000
1AtF41U6c5JxHLB5ajU7ZNHCcyFSMGY1nZ	100000
159nsKaFxV1afGg7sdNfzcmwJJYmxu1PXR	100000
1Pa6ikgfQz8RA7WxkNz5CbahQiVtBd8bex	100000
1KvAZsvSJYAEFayheVTaySfQ5d7KxvySgv	100000
1JzPe8SaxqBzY1V4DVdpZqMdnMUK5arKnk	100000
1HV4VeTjLMof1L2iQBWpNrA8opXo1MeMoy	100000
3Cr7wJmYjGBjEPqKWq5Z3ZcocSRPVitv62	100000
1NfWU48RsRwVkDd6yuXpgCjGC2kW7yFDoR	100000
bc1q77a52p5mp6g72g7acsadcaq8z7dlsmp8c4uene	100000
1KkK1SGsW55SYxJz44JFvt2PBZawHEJ731	100000
1E5tTwyQz72oB3GfDBEeCxDzibeHw6PZ8M	100000
1Prpb3o3D41FsntFG8zipHc3VNbvSH6QbX	100000
1CSDv8Z6XRwd4mEr1NvFQmUb9rxyycuSgH	100000
3HHrHhzi62jVnGpZMD3ubytKRSetyq6i92	100000
bc1qnzqykjyjll65uddcn7m3lfnqdn432wxr7uketqq250kl5mn07thsazys4h	100000
bc1qm4uhxrucfufw9huc65426lms4ft6ahzrvudz6z	100000
1EVT5uuVMDNTvwok21pY5pqTMcRV2gyNyT	100000
17QoLC3Ac6t79Ukd6LXmUJZrz21LrMzfA	100000
1PENFjR1QwU7Yz9Dh9GjQmbiF6K3AgXsEg	100000
14CRXtmYZAePuAMT4Q7G5stfR2ihL2uJmL	100000
1QB6BZHHNTKZjcnfbvb8nf8XttnjCqdjLs	100000
bc1qy0cemts6prh92z80rjheu9446857mcznysnq8m	100000
1Cx33KjQFeeLYazqfjwGtyPbGp9yzTS3r5	100000
1BLF9tiDoexvZnUgyGzEFsK8DeNxzahK99	100000
1JKVzoyBj2PJbayfMnXEPR9gC91ku8F46v	100000
1JYZnghvATkh4EJcduZCxN1sWg4gJSvFxX	100000
19dtLmC5GeY8Z9k7AHzMtGGtp5dY7GK83R	100000
14VoqhwiQoBSLy78doaCLamZQ1vLQcQ1eV	100000
1EALqAu3nHPBzKqgZjpuDDdHxegFC7593L	100000
bc1q9h65alkqej60vj6w58afj8usfg0vh2wjjnww4c	100000
1BtdVz9M2dPs6t4qEex4MDdBmzMYG4ZxM4	100000
bc1qvrvlxyumegr9knqdq52f97rhlr0qu54xka74wr	100000
1DTHENEfRgck2dxEHYvCyTZes5hzihK8XT	100000
bc1q6h2jvyp989gf89gscdpfwzzycfnp36j4kyqlxx	100000
1M6FFbPgTipra4UgxpvEHzn9VgFD4iKxdk	100000
1BUL4GquQetR7VHx2T2bLv3YHb71ynLeDa	100000
bc1q0pajf6ygx5evhwnpeulsqx4n68kwfxcvcmnc4z	100000
1GoKBVEoUbkjBLpN1gMdcwarNhNZnGtXQt	100000
1AAGuo7mT37jVKq9fU3njWeLh1HFYWPgbm	100000
3QJ3UVp1CietGJyQAz2VTUnFfuxTebbPWh	100000
17CUBG9YPhRnFVCB1noMMg96sLNAiypsoR	100000
1rFZGhLe8Zaikkzfjiet636VXa6gH1Bhp	100000
bc1qmcrks7ng3cvjmlqrza3rqshzq5szngamsw7q5c	100000
1PrjNipjsgDHRUJKHZ2p5X86rZzCsvVwyn	100000
193FVFPy5ikFqaQ2up6YGLSiLvPJHCqJyc	100000
1LfpQLymL7CVzHosAu3tML6F4cxUV8DzyG	100000
167Z8AsNBjcxYg93c4UvRvf16HQ7RJCqkx	100000
14uYKWqCBecgqMNCB8X9oWTzVazkucRhfm	100000
1JpmjeGYn2sgk6ek8uo5uqde6z5n1LzqU5	100000
1N4CXVvyUhzEuYeGvUG1QLArWsDNxxqatx	100000
1CRc8Rq8ncTttbPFVKWCF96mrLFaG5KiQj	100000
1AgFfnpjV9oqN5REkXLiJhUZqeFjhKrnuF	100000
bc1qha5hctn2phhey7g5x3n9gzzfk3u4dek8ukw4w2	100000
bc1qkve3vpgeau9xl8tru4vhkxmn03sj0xugaxgm2f	100000
bc1qgh9nzw92wtyxnqy8jslyh3m9j9gvwurz5358xe9tt7s8xwj6e2qst5u5xk	100000
1dwi8TiGoRua5iZBKLptQAoDbkfoGC1fY	100000
1BgxEVCcwiWvLVcnLmDXEeixvQerdWeFN3	100000
bc1qccan56tzexum7zlkmfa42a5wgt29usj2sdg0n68fsyd4sesyhpms8d2z2q	100000
1KM2dQjcR3Y531qS8L9bia3wsakj94hSmy	100000
1D2B6km2q5RU8uJNaHKtWUpVGJsGuE6iV1	100000
1JRKLiFML3NQsKZNEbgVgTuCWmRkzHp1Xt	100000
1C6Y1pMPsZKMYtki9qn33NAtpVLeyUxZN	100000
12oA3eTQ87dKEfZAYjQ51nTzsnqthYGLWQ	100000
16LJ4UCjj1tn4SdC4ik2aQuRzXuJHCHm15	100000
1LeJwoU1c9wwp1Q7xTe7ue5Sq3aayFpRWx	100000
bc1qjeksvyl6yxhp7jmryturalkn53jctrmjndpzfk	100000
176YUqRJdT7QLtvTaP6R1hWvkeQ13pzUVA	100000
1NusherbbLKho4K81eJRBZzrL3wSQrWwLj	100000
3QRQiohUvFknt4HKtmWwcp3hmZrAjouZsc	100000
3BXJwMC1rA5Q1g2L88JK5Wkvb59UftiW9A	100000
bc1qcku5d08xfx54tt9whw46s8ajgq66py4a6wyssv	100000
33sG4vC3vxVKpy349MZs6uLGyqqUwpeBSp	100000
372PCkxwYRubMpbCnmHs4VQr5m3h3eCmLU	100000
1DA8WMNtCfu446iRfkYytW5qDcJBwfuawE	100000
1K6nCJipo2SbSXiHseAVELEQoGwV2V4WCa	100000
bc1qtmtfv4tpwj9zg63c305386hnq956c7yw0qpvtj	100000
14DHutUsdoQEMYpqCd6ejJ4XrkNQG8CmBy	100000
bc1q708f45s9mxhxc72p34p6fdt9aqdglxxhutfptw	100000
1FiTpFZi2J8bRBpk49siAD3HQphvdR3BZo	100000
1133q6YBuZsugUuA3B9EtVapq4cxFT5PBK	100000
bc1qw3t2qkafh7h57m2s7udthy3mtlkdcwgc9rtf5m	100000
3Mnsee7XTZG6DGrrjnqq88cj5zyj46BCgB	100000
1F6LHHgevbBZC5zudPeekqgXr97LwSLokM	100000
1NJDDFEaYYn8Y8p8wwjQFwkngQ2aN83FuB	100000
39oSq8k2GRK1SbnFid2EqCoPq5bphjQeXU	100000
14uShf1YQjKjwqvQR3tmWmUxi3GMKCEBhv	100000
12NHr72sTd6Se7d4FbdZCuwnkzH2QzWvHk	100000
17o8QPF1DQNFLF8oXWoSViQrnwGrqDEn5a	100000
1BsLe88oj44JpJjJeniRV2FvhXKzuEbnTo	100000
bc1qtr5rkhp7kwz0acqg22np6c0l2exfhwrr5e8jd5	100000
1CDfF3RYYejPxSPQFeybgPsJY8a6XDCbqP	100000
1AMfGa9vNfzDiiSoNS9M6xKnZrVNrfAw9x	100000
121jmFeLD8aDi4zkPHX5ekoJ9CNiSXcPoQ	100000
1LKXb5JSSobwN4xFxemitFLJH2NPc9ajgG	100000
bc1q2m204r82tsggd3yysp09m7pn9vhv6pqjrmd96t	100000
1F5uD5Jcx6NJx6cfRsTuwj8vEU2JUJhc8D	100000
bc1q2rhmex6cddhz38g70wfkgjjn50f40ykprqu7s0	100000
3DScVLo5Lwa9PDnSmgFNXGVvJEG5dZpTii	100000
1Ei9VHKhWucTrEqkjSf3fK1ms2Kww7zXw5	100000
1EmwAzPUd6az426YTcyAP5hGGkLQ7bAJoK	100000
38y4e6m9s9YvR42xRXQv9RTNNC6MxRkd3U	100000
bc1q992dra089x40krtwccrwefjy5hw8e3zntn782x	100000
1KSikzZ8HCPfNV9rA7YicfzmdQR2wYcGQA	100000
1LofCw5wCvrPBbEGo1stigXdziinfujhcy	100000
14e39wRi45teLVLHjHi73inXt72987eob6	100000
1LoYdYTJBm5wMYXwAsYeDxKPKbRiqYnb7i	100000
1LsGnp7AfLzp5yBihMgLbtvNs31f1XFLMC	100000
1B16Zo97qEFeM7usFDdctyKS3gibBkkpfj	100000
16u6JrttpGteYmNeMXLazoiTnbrhN1Xbbk	100000
bc1qq8lrvzdc6w4a3l856yg3smxd5vwy5whm9p3u23	100000
1A1W6Q4w6Xcds4NSVTGy5mwWkW3B8uTUnq	100000
38BvGke28PFCX9xEZzgsEfNVisoJhkSGmB	100000
bc1qgwkhh9w6t6743jy4cavjpct9s830gjyd97mctm	100000
1VmGMriXVduUvfcMfUrZVhAgjGEoRi4Z9	100000
13X7DjBop5zQnYp5ZHbRMFxuj4EsT9cjSp	100000
bc1qglge9p3dd0mqffullur889kyjrmvdprhsqyw7q	100000
1KVWpHyzqWRkpsyT25F8w9ygZew3SDgMEX	100000
3FKUkCCNKrXj48vxhHNUHowW33uG4qxVG6	100000
1CWDuSQRh7ACPzdEjwXtzbvivj3e7McvVE	100000
16RgvrKnLbTDUZThnyxCVeK4mPJJs2qka5	100000
18cJ3q8n6NPG4EF9tPTZg7x5F7HxU5cuSp	100000
1HSA6nd3h2oDDRLmkkMKzyEjUEwt5nrA8z	100000
1ABdbTfDZvLSzZbDpq3t8awExu9kuKX8Sf	100000
bc1qy87tdu986mxhuhk2k226u295q3dh7v6gpwraea	100000
bc1qkz7cthcqtjumjxwtl9udm6k8j2ngxrw7vhlfyw	100000
1FYJNbVvqpSd1LgruMnqgnv8ACZr4rwtVU	100000
bc1qemtv2j2z7rpjdrwsk700s2rspa6feuyg3g37x5	100000
1Hxmpdc9zK71eeTeoqTznqcHbKbzp3PCT3	100000
3AinFJpmKm71rKKCQCqpQjTXdZsp4SYMJA	100000
1JVJF2D3DaVX8L7iDwxMkcVaGQnmg8yrak	100000
14ZrQ1mK7ZHucUDWYs64j87MgdMbATDEux	100000
32xmSxwyuQayT2rzx2dCEQQnWtAH7Qgz51	100000
185rvWBbhBoZeU75MymcspgR4eVeXEoHzt	100000
19qyogLq4GdSdcc9owbvPbMDEgLLvZVJZr	100000
3NssLAHXZ8gS2hLJWzKG7QEJfe1XLA19Vb	100000
1ZJdRksRwEiDEuoJw21A1w4YYx9tkif9F	100000
1GCFnyKA49LbNR2YpHGMvZbahWrnx4Tx1U	100000
3BMEXUrFSwQSos9otxxDTN23QiCh7AH4YG	100000
bc1qgnnh935ceaeyd7tu9pfmfln885sr7pdwrgar83	100000
bc1qm09rkg4nxqxf4ypf3uaa5h347f08uc8hq9dhyc	100000
13xbiWRDC1J37BVnb4y5dDKmUAYnMY3G6T	100000
35fAcpvdu1JAeMieabuUJDtXV8q7L37dL8	100000
1FyCpN4m23eCEBXyehjJPk84KFNiRJ5EqQ	100000
1DyZCaZ99H4aFHbqaRTrbspnmAW1rVgLDx	100000
bc1qeqn6gd98tk4djcf6k7gwltq6dxq6dk28p7le6n	100000
1Nm9sbjkQRou3DX1xzzexVR3a4DbEpRPiT	100000
bc1q4n0uarshf9ajtlwangl2fky6w8nnf08sag2la9	100000
13Xn4Bq9kyA7Pe1Bg4yXm1cBBtWpt13JdQ	100000
3DCvSL7dF5HzRy1t1ihisnsZ2iWrwKpdtr	100000
16MbzNd8C63LV6RyyynP2nGfVwn2Fwbs32	100000
3DxKbqaUztj1ifrrEw6nCEAdk6d77pmjBU	100000
bc1qkqzuqqupg0p5y5m8vjmdq4jw54t8gfyst9fk6r	100000
1Lbr5LpVP7jTz1pBipoMpXJj3zZ71PWts4	100000
15xw17ca896LkuqsjKPhAXaJimED1uaxNQ	100000
1HMJwCu4afV9o47awXCvd5Cu5YkAupkDGZ	100000
1LkWRBQBAMsc3hZELdZdBwdLBNBKfjhTty	100000
bc1qpuk5sa9x9rtfdn8qwwfcwgju8sr3ceuvaarlmd	100000
1LZzpSk3P9DW3gcx6iPAUuVejYA6SPJySA	100000
bc1qd0xf47l9vf8tyvqagaxfgw3dj3spmphquutt6j	100000
bc1q20w9qkhjh9f8q38j4fnsplk3pjy8837smvlmtm	100000
1HpUNusmMCz4YveF2MJaaBkv9qG6czXjnw	100000
1VBRFLkbMimULsmu28Bu3VgJpG7cgyFfw	100000
3BGnP877FqUBAWCg8vVwSxD4UdcqrnNLzG	100000
1JB3D33cwhEMky46qKHNgyHFEeoWVaFBFE	100000
166At4y72Es6JWPgDdD6VuXix9sUwy8tpm	100000
1HZWNdThvTmQY5KLjNgezNLQQt6D4yRjCx	100000
1Q5sBck4QEEx6xjUrUPQscHNNwX2QDGrfo	100000
12Jy8BxDFuvuQf5M6KH3CiWuFagL5iyT2U	100000
1KQbcE32og3bWKzTPeQ8PokSgg27VLjTZ5	100000
bc1qnk2vrr6n06qj39jsvwrkctttex6599mrz2fwlj	100000
3A5KsuvtZJLbQv4PFvU9WSd7dRHFgeQpo3	100000
1EL8vEyUqDss41fmcUESmfRPBnftjd3b8Z	100000
bc1qddxakmguw2q0dw6dk9k28wppm0vxyye5m5r45v	100000
bc1qcp5p44r7y23u9d98tl85jezcs29ywv8hgplyer	100000
3NYTwNg3XFppLuayBxgWgf7dDnMiu9LkbT	100000
1Dzwdc5fTtPhH9ArjLW2DKzSJLWpP1L673	100000
1JAv7owP1MhZ3v7D3WLD3RUtshKhXNRMLF	100000
1EM9QB8K3VRUKkpRWra1UYD6Xm7TAsD8vj	100000
165GXtskztFhMtvYkhxPH7ke5fGzXwzbAZ	100000
1AuWrXomr9nwjG82qT6nWv68Y1dYsDis9f	100000
bc1q4430e0jjyk3aatlqxa2a8y79w8fnc9cdzfsaja	100000
129p2h9n1ayMwCYEQ6zVMYB9pFKej8SSNk	100000
1KSqAd6VkF1QJM2hpFNqvRhcuGKc56u1Fh	100000
bc1q66c9p3nknjrglk2wr2vxdft4eyawdqn5cwj3gd	100000
bc1qrvclljas4nl8yjtekl9utyx8nk5eqx89gfq3gd	100000
1C4fdgmQ1LiJNrTEVmj1tURcgmGvpzAwbq	100000
1JqBNHaUof3wvmfW95YrzFEnae9PdAeKut	100000
38rxwWwtx3D7gTs9n1inp2qdHUNvGFvmpY	100000
1Hy1PE4XAFLvt36rUctZ6winRT9peR92Aa	100000
1JUHs6FpaRtWsNVtht4xXQYCZX2VajpKHx	100000
3Pm3BQa66pSZTGhrWMyBniRs8BLqDpyHMG	100000
1LXvvurpvb4eicKxSCPTLeBV3ChEbNtBru	100000
35zCBmVEFVXoiXbAQ9oQppCx4TNyF6iAKo	100000
bc1qs8nw00wk5l0yw4c2w9s4lk2e52cswtpq0pzaur	100000
bc1qrqu27507ljmtje67sn69873vdc92j2x468x9fy	100000
3LT8UCBGRYJW7qjYv31B7PP3BzskQTvQgp	100000
18etQS3DVYgV8ELS1tPS186QpP6sX4UN7a	100000
1GwMRg63Jg5DUdZbu82q1fJMcN3rvEHCjA	100000
bc1qzvegmxtn4sg3qypd2epv5qag5u9kx8nwk82gkw	100000
3Q1XMdoZXbtitusg8VVDXiVhdFm5sqfuS6	100000
1FGUd5wSqBAFDmFbc8VnWkwZZRm2ZrL21G	100000
bc1q9kcpfkpe2mnz4muh6qd094e5a97suuljvyjqnc	100000
1DpugRnu5HTcWwav83GKNGjS45gBcZrGz8	100000
1DfdvFvGnmuucYVt2LUiZ33s6dGocesPco	100000
1NVQs6dpud2HzkWWmaVEzHucdqZ1tLSjXd	100000
1PK8KzebGSkrjqEdMM2bUJtjxTsg4GTicy	100000
18rHnsaTZywvzCjiRtSLEpA9x47MYwPLMF	100000
1EkrNxtsSwQVjcCPbhEhMonVKTcKsqpQC7	100000
1JqG2GFxVveck3L8VCwBvAyMVksWJfS8zC	100000
15v7VT9jtsRefMBZwq6nQHysJcxmXBQ51V	100000
19D8ZmnwovURrKYJLLr8oXFAjqRPmFewkn	100000
3QSW13wKpKVEZPcrqrhpp5112GFMWtzw2p	100000
bc1qaw0gyrtaa8rf8l25st9yxae8jjm4hv8sp6nlvx	100000
13Pbiz9EY3NFiEk7r8xjatm9o8wzTX5rAb	100000
bc1qzlx0k3l657pe8jczd2wl02ld40u6vlsstjudvm	100000
bc1q835xepwgjh4atwuwn20ajhmff8x4p7lwtdhawp	100000
37DYMngqSxckA7tM8qo6vVgigw3unEEtzm	100000
1Koqs3EFCF9kQBgGySKejUHYi8PzhVy7ab	100000
1DMcyr5Rj8CXQiWAjTmSLhAgVLFwUERYnr	100000
1PX8jmeN1uvn9ALotf3pDC7MWLsXTt2car	100000
1FZBQBJ6FWYV1AR9ttPMqkcrC1dARDo4o3	100000
14Tkr1j8FaTisbPu63danWwEa95X3g3J4t	100000
1MY4xbcXAeN3bkmBH8RKLNZbWDap5vV3c1	100000
bc1qda3pz6drcs6r7zy5lnccqv4spmhs5n9zq7csth	100000
1Pxr8tcurESpmpCohSaVV8rUVP55W3g2kM	100000
36XzWEZkRBiQqpwtnWXX3sjv3ieRbNoeBx	100000
1CxyX4brHBEHD5bZ4d9sRPFrVecgDdiSMp	100000
3JNNi6BxLH1FBt1iRMQNYAUJXM8MyLNzfX	100000
bc1qzuerggkvghjg2cukdyxn06cgf2tsm0l72rz79a	100000
1TLCBttRrTfF1Zk9VMpbH56NnSr1W9qS6	100000
3P49X5pL9tiEf1Dsd2s5brK1iBrj2pTqaq	100000
14L4WGowsckL4tk3QamUVJgBaKgoRHmPoK	100000
bc1qa9s4nvl8wuxaqmaskncmht9702uvr54rvtgf83	100000
1FMaymf8sPqQjz2LQ1NNxHxPSKzT6RYL2f	100000
17QNdCnhdc7P8qg7f47hQzeZp1fYQUFK5B	100000
bc1qjsft5z5hdj3hq9umq5g3d683xnvhp2ler86lrj	100000
18gBFGPpDGMtgCjCfwvu3SyQJD8KhrDhAh	100000
1HtZCwzzaPTsJsbgaEmS3wk32duAgLHEtm	100000
bc1qv3kp8r4knfuansyx5767a6ppatj4mfnxecwzwm	100000
14piYUyHaCAAgtfUGsPi5tDSZTc5GcqyEP	100000
bc1q2g993yv29q65w5pstl5a6dnpkwkfkm98gy8tcq	100000
1QH7m7Yy8peyESGTdbyZKeuTwWrTpYsMe	100000
bc1qutt4cmsej56q0c0nt9lw8lk22hrfsuutc6qz9k	100000
1D23Y52phHriN7p3ELH59BVTX4FvPXaVdT	100000
3L4CgScnqy13PideiQhbvK8w9GhH8j7ESm	100000
16XLfc88UiRFaFgfxpUD9j65bQ73Dm34nV	100000
1Ka6CxhdJcK5jaopWXqHiMps3dmphez4Xe	100000
bc1qfr64pxrksq5y54remh6sy8p9zn3lct9ces9x2de88wh8l05yllxssxqvvv	100000
1PxXvX2JWv6KHMPhub2cgeZwRFB4v4ZhkD	100000
1HmiGe8vRm4to7sbXS25vSmDoY7bVanJCd	100000
19fGWZn2qDcTh9WtMeYtxQAqaE22dWSoFJ	100000
17Ej5eVJ7ccfvA6ehBqEMhzVLwcKD5sgHu	100000
bc1q3j3sm0hsw66cg4s9ekapmupyj3ppepe602ul70	100000
1L99U4Tfm7WnnpevVUZ4qppqUQReyVLT66	100000
bc1qn9k7avelrmurqmz7889jsa50y07h3u2v7849us	100000
bc1qy04k2s6sthapkn2dal0vdwd25vxmgdm4ft3u07	100000
1AbGiSYbVbRyqqh5teAcW1TQ8JiCkRmVt6	100000
1PFS7CdALoZfRftY3r7CiTNtavVam1Dj21	100000
1GnhVZUW8oTgwApU1TekcET5BGSuFjgQY1	100000
1FWGPa7XwudTsoT4ykfgEttq8cmCdfxPHm	100000
3G4TDkN6nmgT4Nci2tnH3b1pgKFAhKz3xT	100000
1FSpbkRA8d5WMkdKAAHbqVGVzugyhGN3m4	100000
1KWTFpaKfgwwg5qysZGLtorDW9QcWtQu5z	100000
bc1q5jnysw08nqjwsaffxdlterks9jkwqfr58p3estmvuzhmtmyhk2fsx8y667	100000
bc1qyft5rkytf9jjz6dcuwre2vke3xseqal3zy0ecjscz4s739dj2khq493rv7	100000
34VSYwHuSTYgzF5zzVFQk483pAQfM1Tw3d	100000
19sXRHekGoEexgZYiuPQXXrHuvxrN4YT1K	100000
bc1qjjkpy4a9f7lsdsnskmvm6m9nhg6zcsrgg90lq4	100000
3ABfDzudbFfh6AVeUPDiejNFEsJSYQCZAX	100000
1PRHAW5HGmD4yqdxzAeL447iK9An3YDxjb	100000
1MQkFrNApQvk9xj6uuVPTVmbHCjfiM8iGB	100000
15aGZcjMcoeu3UDNCPUBLkD8L7ACzrSUBQ	100000
1DnYWv4vemE93dFfr6dTY98JEMoA6NiUTc	100000
1LxUdTDBQT1SXtVFAhsr5dqqBmRkVLCMQf	100000
bc1qz0qakyvd6u6rxnjv3z045w5y3wnf2e8v8t880m	100000
115HRW9RLzPbWasYASM6T1CPxSnV9QN4jQ	100000
1GRoMekq5VXTLkT4bvK3mzPetRCq3vXtX1	100000
3BZJAenu11JQKTPpfLNAKXDPEJy5xpVFke	100000
17wqRs14cXE8nRihwyWAoNRxEXiP9TFHfe	100000
bc1q65trt7r9ddeydsu7xhurn0dmzzjlvhncv2x8z4	100000
1Gau3LkbsmzWc8TvPZQTuqVXgzEsBd7RQa	100000
1Ec2ds5yCUCZB272Z6MMmPpXzC2dbK3QCX	100000
3B6xgk4H34tbsMRbcPSCKyhxbWW43Ft6YA	100000
3CqVdC9DUTnnaTdVvmkZN2pMSPPNeNuK8y	100000
bc1qm9z6qnazfnrdvdg43s0frv0ulltpa9fya9tjf4	100000
3Qhexn55DSEtXuJ7vQ1gAxkohGuYsnwKJe	100000
bc1qgfgpcprxm6xuvt2eqjeg2d3hgg3k2hdhnxktk8	100000
1Gd4frQDrSKMw2kQ5sA5Ba2u6xYromkdZ1	100000
1rN1MwqaLKZaFhfPjWDaN6Wxe2HsyMVrz	100000
1FwDVqSzpiPFF6WdeVuHe7JyhU5EN3Ba4b	100000
3LUMnNKMGnzmtdXG5qSt1n7AU9iHQQwBKd	100000
1NZ5eqHsB2DSVDaew9X7TpJ37EzJr4AfX5	100000
bc1qw43zqd24xkaugwflfmp50caczjrhjr238z4wrq	100000
14fkxvPtCzpTjbcggiyy4CSu9SoJAz1D1a	100000
1LEk3NXcmkRTcjB68WzuSTRkGjA8H1CbDr	100000
bc1qpmy7ua8x0f3pwpzenrp934fymqzrca5a6t95de	100000
12ee9jjkvj7hHsfo1FbcW4JmV3Wn6Dgsk5	100000
bc1qzwmrsg655t2gqr87ggfacfe7mvl4dd35uyq5nu	100000
1CybkdGQhc7U89n1EDkshjx42m97vFXVsb	100000
1LpaDCyvVjkDEwfWwdQqkf8ye1S2DQbbxm	100000
1LecKrYF94vYf6vmyqQx4jm5FXF5RvDF1D	100000
1i95DuADPH4EPWgQm5KduEAC5fHxHbiqc	100000
35LJo4pPtJo2zJ4Wx449YVWx56u8dfrGPA	100000
1Nxp8dQqHneZUkTMobHA7WJ41UHQwPCB9t	100000
bc1qyzlc7s9uqk440mdp2vez96zd4fgkf965080zn4	100000
bc1qk2sstn8c24uhqs4ls2enzx5umtds7gj5n9x26x	100000
3HB9RqRHkSUaudwCL3pFcDEsnEgBG442t6	100000
3Px2pDShTWmZG9XFqDCwpKYDCd3huL1wCv	100000
bc1ql7f437c98etxxcq5ggp4rymg4u95d5t6n8re2f	100000
123o15YhgpafHsbnWbdRNX1kHBZhdjmsWY	100000
1F3MCVqvmQUg4Tb9UxcVH1hi2ByWdenv5Y	100000
bc1qwc6h84wnnj6rpnp77zvyflt690d58tccvr99kj	100000
1FTfLSLp9y7icDXWnTLLv3fMLSJRLYG3Ft	100000
1LqBAj9hZ3F678ENf3truAB4FLbhUXdLG4	100000
1LRGyEpioCo9RC82gGBKivvehgTw9PjrzT	100000
1NBKGwpez6qFcEg8fvrwFA9gzGrLUEn6fE	100000
13mUPNwfZmehAmWtFBAaw4ZxP72R8qcUku	100000
1HCs5CBUjy34umTZyt52yTqrQ5iCdhQwHn	100000
18sr3Hi3HkGAFFyZhu2vULoTwTT7axzkYn	100000
14yvqgsnaj8jKakJ2GAVhSfqhLgBiHogBg	100000
1MQr9R2K7mZcwoBCK4ba11kVEyZs7a1LuM	100000
12dwSi8jJ6W4PNPpet3t5FuaYNJtuxteXx	100000
bc1pl34fjm8g0e9sswmarhrm757tcv5nswvh4gl3cpcw59ud88xtm75swexnv3	100000
19FMqBMiZwd1EPqi5kjsBYbZo1yTb2X4ne	100000
18rrDQnWdtw7uh1VkFCZNogHKJJx18HRTv	100000
1BVC9ao37uJpQ7pdsdXeiS5uSxyeJt6RpG	100000
3PJmjnndbrctn2UexPFVPnq25zLCAgS5uQ	100000
bc1qy9tjhr9rt699n4t0k63fn08gq2sj6puwck85s4m9ac6zrca65z9s7rt3nf	100000
1LpBfR697pSym4Mv9iGCho5btfLPCKqJSv	100000
3KQtZfrQ8iH2hTrkzudArTTZQC6b3SLaJk	100000
12jpV2UiWxYpFyaXXZxYQncVzx6ms4ssqK	100000
1E4J2cA4uWy71ET5pV3Vc4NoSjQi6aBAPH	100000
166EKFns4dPwudXzZUEc3rqtvosaDKMmXb	100000
bc1qdg3f66jzhx83jdxwelrnxfx39glfdsmapwlgem	100000
3KBPPiazyGNKcE8U4ADQ4vqaAZDvzZnCRG	100000
1PavtBc3ixbJ39wACF1AryGHBUzDGmCL7V	100000
1L7EiA6NaFgxo8A9Umv4YUNuj4XFUWoTYa	100000
bc1q232uta9a7j0zguwzgdw52pwgtg9jssjctvdtws	100000
bc1qqraudehq023snzh82dly3f55gmrny9ggdp5zg9	100000
1N7ChcHbRx5qrMsjU3VPHAPKWDn2LMU8gu	100000
1Lb9mZtKk4Pt27Pqe1LFm5zRMaLfzjuM7g	100000
bc1q6sk940wa8ef2f4gw2grh5nv7cjy0t2fwyfl2s9	100000
bc1q3amm77dc4htn2tj8rs6773z58kjn5dajhws498	100000
1CDgz1467YGtVMkVuus6QcggkM3Hc7JVMT	100000
1FMg2adEfZ1yaK3p6wxNRUUi8io4t7k8WY	100000
1HHqAWbsjDAbRHtnPW3q142YZNEcmZ9b6Q	100000
15tW1q4UtcmTSDWkiZLKrYyadjubLiqAvU	100000
1HEfzYbtYfR7dNwekBmC9sWmkCMwPWjNFp	100000
1HBJfwHQY9XjFqHSnKJYELU5KeuwAtdRTY	100000
3CKDutK6gMGX4RGFtE5NRZzQm7Ma4xt3qp	100000
12c6NApqN5qxfbKdt8zi9A8X6yT5XZW5uc	100000
bc1qwcjc8ghh9hkyl5dxze04s9cd9d7fccsq2cywde	100000
3D4SgZcTTGkcJjrpbNRT6GhXR6YgsYUJC7	100000
3BMEX69wSr2WgFJCjhXhKzdq7NpSNf8brT	100000
1Q7294Fmi5Xdy4vLpRQXGF6rsnPnKdgYpm	100000
1JkY4U789HPcBwDu4HMHrYoBYQXDTyxPe7	100000
1BYFnUasr7YDKr427AgHRJ2dCcx7Sg4PRq	100000
1P8a8xzw5UiYVfZvR35A9qo5RiXJ7kcDvY	100000
3M8K4EwercEr5AWo57Q5CDhok2qKEirFwG	100000
1PNEdMQH6BMQq7W1Y7KAWRdfGp57CpHi7n	100000
1EXXNjZzzd65g3rQwNRs1zyV21U2mFHcW4	100000
bc1qy58ecf248cev64txa6uc2t3a46lrkwztujhg7p	100000
bc1qk9cdjyn4p9zjec526krmp7jkqcjaf6xz3e9qqn	100000
3KvUeXthoSZJg8CebBTxQoUmnPa35K2vDa	100000
1MP1gkSURoLpq6gjH21aTESwdHrxhk5GKZ	100000
1BaaxrLyMN8aPkvkRt1vLw5CTYgd14sdoH	100000
1KQ2WFUZFgh7uvMVzzYWvXouyuBWChDt7f	100000
1fWS35Fq1k6EcDUho6esfuwQgxgLPXpD5	100000
19c7TVQhXC8xqrJktvcJu6w8Bc7n4722q	100000
19U5tJ9dWZhWDij3PSHCciQJPRjkYfdsbx	100000
18vYM2smZvYKFEnN78A5GD3r8EZq9SR3dd	100000
1P1TVVhsdfCQAiPHjpJ4vab3uUditG4zuT	100000
13T7uQmxQZfaydgd7M8nEwVRQvGsjXGt6U	100000
bc1qlppe70k2zr4jrrlqulyprx9dsznxmje9w3w4ma	100000
14yidpZeMnVdsJYWFYdgGnYvfQ2djjFUED	100000
bc1qflxlwnvamt9yfm2fdyw2972s94ss9yyrv6gjgr	100000
32sk39LPJUVZftqH897XvD9LRKp7m6nafD	100000
bc1qwfshsvwfucgg5s6n2r82hdce25zak2729r0x5z	100000
bc1qt5tksl4gv6c2u8d3ww9taaysksx38k5mzz2dut	100000
18HFbFGrc43HcAuxvzSQduAXtjLYv5PE1k	100000
bc1qc6mw4y9sk9egv4dj40ns5qsknflt2anjkkm98w	100000
16mVJdukJS4bGbXDrU1pTHMkLnanGmpGpM	100000
14XTaX8MrmrUnBPiJeVWSKDkbL3Lh2djt9	100000
1JZz242UhQFgjR3FNfuzH5ETquZtu7pHx7	100000
bc1q8rmse9lhkuknj65myan0tmjmc9a8ad6cxz2ne0	100000
1AaLr2Y4gqtUDnQ6KtLkQSUVdhHZQiopkJ	100000
bc1qf2ql2xf6dzsf0me9cfncc8jmjdmgg3d69fg790	100000
1K32LdsmhSXKt8PXysVP7Utqnrvvnk1iLE	100000
bc1qslq75y5aag0lds29252k3lg4mcd69actl6cse7	100000
3Me5A2BsdbYj25DaxWcT2KupEsLwWJaqxw	100000
1L7fnNVA3AYhtpBhvq7aJ1Gq1ZzYkvk3xe	100000
bc1q5phzzt7mrg04vrfcm2sk9rm52xd486fr8ezn3hzwx0h6w9pvnxjqeeq4vl	100000
1NMtS2HLcy4wNwJEY2VrPpLVSUfTR8vLBb	100000
bc1qats74qvn6mt7d8nluvankxnxgk3fd2nj6gxxlt	100000
1GVN1G6JpFjQLVqT3CSG8vyYq94bemKunj	100000
1MSxa3TNWoCcaWHauwJsHJWMmfP6Veav8v	100000
17fmDarzkqFVJDWg6eq2XuuGyohkaSYkUX	100000
1Gp43rxLRxjmffgSJzsVN37oTKgP8SCYCZ	100000
36ehXr3hJDsjnVPUqgnKghEY3a6T4QP3d1	100000
1H9ren6km8oBmywuoqPMTPBEv8SSKqh8bg	100000
bc1qgddgfmsa5w2e9xu8md23agjh4tmypf0507lhtc	100000
bc1qudwnf9dt76j5zc8zpnhs5pmg54pyvqf7zvdh2h	100000
1MUbEHgEDNF7z95FspiuAhPzYpQr9q6AAa	100000
1F3FUyT1PHZnyxMFAU6PWv7TLCfweTyqVL	100000
1D8K3nk17zmVypWhWTabKKXtZW3HZsEvxH	100000
1AHCMjcRsKaRZ4M4xohyKDgL7CU7FSsHPW	100000
1KbpzspeSDdKr8b1vrVjvPwLYu2Akz3xZy	100000
1Geh3W8DVbqpbnmDdSNgDhSQ4bzZ6Cj4Re	100000
34XjutPHV9XSmJERbX9tXG1gUvrPbX3uXe	100000
17AnDnxugR9Su12JXYMvpeErSbqAQUXkoV	100000
1E6GQ1wPQCUsS9Dq3Gz7XcSVd4zjFvwDie	100000
38jT27iCw2PAKon7gx9qkE9CPPoBhf9j6h	100000
1FT2VQcdeGDVTzQQH3EdVxigvDt3PZcGcA	100000
bc1qp7hjmlxkqhc594kyh2sd7rtxetr86adnvy24ch	100000
1zhdgHnDyF3vvxuWZSNEDUdBpJ2HMVpwd	100000
18ZgEkAhqVvX18idh2B4y8iJrzo44rknkC	100000
bc1qzwpwzu2xjt7a5vj9wdqz6tydvujzmhvm6r4v3w	100000
36Cye6gW4mtjAC1CEkCxjcZ7gFtzQqQEFu	100000
1BWvFTBNBZLFqszuNNzHRCNEEvNe3UtzYn	100000
31m2TDgLyRvWqiXzJbqxwMCN3mZFweP77H	100000
18sCasyUdSHEEVeUF2GPp1fTTuXbxsQ79o	100000
16mDEaMh72ogCp8fSzQxx8KdPJMV3xmxN2	100000
1gwXPkGGJCbDoZr2L986cX9Yn8KRVTKJ3	100000
15GZJrC9kcwQFirjMW8yEpYEAH9xVSzhXp	100000
bc1qpnjrvx48hs0zhtjq0hugcz0ypnftjf8s8p2ns5	100000
3MRGLy7CSouzrzzJFcFK643jPM5DYBtVpa	100000
3MMjuRS2pY6rpKdZU4b5TJa4QsMqmwu759	100000
bc1qv2xef9t52xzm7vy5umdvcu3ttxwnyhfcm7sdha	100000
1HSyBC9zsDStpGfPzxg3pHBo6Jb9XPSngW	100000
18yZUYP66wfz3CF8x6oMsQUrwj8hqychQK	100000
1J1gq5fwiGwaV5xoGcAm4drX9NKsdBZrWW	100000
16sHqDfkiSQqb3XrUNS6CxbobuSAToWdec	100000
14KhCvg8gR4UmiCos9QoCSqRLQKFJPU6hH	100000
1LtRACx2UX16o4WHGUqpw54fLfedhTbVJ4	100000
15Kdf9dUtSaFERbysE7syywToSfrzVyhA6	100000
bc1qd69mxjxag9slj73rxspkp7lv7yddfvukrc8jz7	100000
15RhpotSkgFYCJnT8FrczjddHT9ZMKNyNE	100000
1GueWySuMH66Er9BaQFnbCXM69GeW7XAm5	100000
1HHCLTZtMfHbwdRsX7DBXyw7npq7QFfxbt	100000
bc1qwz8e2l4xlddxfd4g0vktcr7k9cjftsq3kl7w4m	100000
bc1qredwme0ggujppl35fjzzwlzlyry0z5gjh4h8wl	100000
bc1qr8gh0evneu4qrxcyqzya2j5uuxdp2ctt4qfvdqvyu8vgtar5n02sqvdvtw	100000
bc1qcs4c4ag4pra9s65wpjn8ala5mf3mkp4qwjxkmd	100000
37ma2SkY964XW1Mcak88g8a13RQuLR1mGQ	100000
bc1qlet5myt4anlfm3exajgdrv306kpqy0z6c0h3gz	100000
1KWYJc5EhN7ehmrfggbz7CRpw8UkTnQmwN	100000
bc1q7uz9tdev55dlw2cnjv2nsfnpt459gcaeg3235h	100000
bc1q7h9na4dj636ej002v53xzwyh7sp2q44fsv89kl	100000
bc1q9pe2gwkv72gmtvfa0n0t4vcjr6ksp8aqfdswez	100000
bc1qfpn9xd5kc0e4yxhuvyutmtrlzcyw5ujezjzqm7	100000
12jqDPx7MfTYZ8wQP6WZXLZkpub41vV2Lm	100000
1Ls85uqcJPT6MpvYtmF3tCfouf6FyX1YA	100000
bc1q22e4y4a3rl2mgvu6d4l26a8tj5lvmhttjcth5n	100000
12TpjxfnaAM8SbCK1Du8cWrbh52H14uaCj	100000
1NGnWca1XRKvd1S63qKtTFwK7WvxJhWrgc	100000
3LHHTs6PyK5Hy3cQigTgaaZSSKPLxY23SQ	100000
bc1q9d3r8jdme06fkgksgljwhcjsawagmlm7jkzyrx	100000
3EQ826gyd2Czvd1v2by4sKpkoh763jvQLN	100000
1DUuqZ8M1s94mUgbPrcYhY2omd9xVJMigk	100000
bc1qutqjrkfzjc4v4dtwws96c7kck594k8usvpffz3	100000
1DdKLsad5KNNLGiraPimjZTZ9qHmsW6epo	100000
1B6prrZNSZTMGfwt3Yg2kYoXpc3FChnn91	100000
1EpVTpWN7cN2FptA65Cw5VVvWg6oATGF2r	100000
33LCkCuk6pbKMCpzbqwKE1JKkb3X3Gwou4	100000
bc1qy5pew45x3pmw8rkhpp2d97amjtzy3wc2xs7ken	100000
3NARsEL9KJngpr8cjXEsNankjuUnQJwkXV	100000
3EUEhVoNESZG9PNZJTu73dLs1sRy5zbNaM	100000
bc1q85a9j4j3cu9ay52hnygzecales8chv7cpz3wd7	100000
333CjkawaKHYhxHm1fav5Vr2yJEoCC5qR9	100000
1ASQS4ZukYRZnoHUFXokLmQzcj18cqjr2R	100000
3F15WECfFegCjVuP2ZaeBwtVMhzD5ha45A	100000
18Mkpr55rqmXcHXJG4ZiCSEeXZnCMfzczZ	100000
bc1qgjltvuenn8f6290adlxc47xfq050sh8fv60ury	100000
1chAdc6zYXbZFk2yxVHpUEdScV6APAm63	100000
1BXmvr9kJxg9xG9jNLGH5XSf69zitqJr5w	100000
15vDaSM7CF7JB6MKDrzMG6xYd4eChafSvn	100000
bc1qq989vu6uy6mwaylpa59w06c6x9zxr22m3jev9n	100000
bc1qkfdz27mah7cc7ax5lefy7a7puyx4vqun57ja89	100000
1Gazuuus5f3xKGWvJRoH9z2ov3B1rF6SHh	100000
1Efpz5DAWykbHdYacdmXpwqqLtRgGvQDW4	100000
bc1q5hf3rxy7l33az5dj5qzfxjneesjte2psww40gg	100000
1FZdaputL2hazXdNDXqnoVRLgH7u1xdUoA	100000
1HFeG4TfRvzcV9gW5vrsJJ7wFL97R4aCq4	100000
bc1qsy5kazqann5h5g8ml7zxps6advk48wjtmz7np2	100000
1Au6LjJU7gJqgpYDxruMN6iMUxDjNN8CQw	100000
1KNNpCoiBWprP8BFEcviH6TShZYXC1x3hG	100000
bc1qy0rexpxzlr0fr4lshwetm7lq7kg2c96cn2f5vg	100000
1JzcP65GNmiqdsD2MZtwnWK1suAfB7BZVM	100000
1KsCh6sVAT7v4LVmAqRFWS1cUk8BKJfG1x	100000
1GDvbfGD8EW6TrCiyb4s9Wmd5TNHtfau2w	100000
18NumjbJePqvVenGz4uKMt2DgH3gRtwaSt	100000
3G1k7dU2Q7BMvsTxkrncHfP2gL88ow1BG7	100000
1HPXtpsBzG2tgaTzT9CZ7G1gNChnyuGfMH	100000
3BMEXytDCHigXrNkbWKLrBpet3cggQ5BeV	100000
32UeCQVcYnwG1wAJFPo2HYw7aJUcoUgphi	100000
1KZwjfKEUbKaJCj19D743baKqj4FJjr6Rb	100000
17MDzKPZignMw8Cj4BivRiqKr8KWHruJVg	100000
bc1qgkeu6vsww8rht6vmrgy4m0zwzuwqa7l3xyl8cs	100000
bc1qm7g5rp0lhwddc23mk5taxvupuqq927algtnx7n	100000
bc1q005qvsa87pp9gf7ulr2aac6efuglwunl4ff8gy	100000
17MzBLA9ioafMr1byhUeGPfbViYDrBUnSm	100000
1AKCTtUAR5EFwaC3EjYpLgt88qcxV4farg	100000
324SunN76cUumd14AoKeP3Y7jjMdKmDBFN	100000
1F2NCYd5gaCh25PaXntQtqgxf29Ao5MLYq	100000
1My54Z5N3ccnArd7rub3iSJfMdsyH9xv1J	100000
bc1q8ra3fymrz6lxku2wdcvka0lksqpy2xrx3qy0d4	100000
1DfgU2fQwYkBLwFppA8ybJTNqPD89S2RGa	100000
172uUypUG4y8HDYd6UsqX79qex8iHotLMc	100000
1BQxTpSmfxRszfrBuUKcBpHVLpXZpyWPV7	100000
1LoRzfaYKD6NxaSCcW5resswUFm69NjCBS	100000
bc1qcvj7dujw0raen4m0t4uam2hu42sy8as3jlmfja	100000
bc1qcq9eg2gh28hm8py0q8pn3gg688hud0l8n4x4fw	100000
12e1EUX2qZTCGRckJxSBrbhtfA1LSzD7qm	100000
1DEJomsJ4UTFJSE1B6hY8F4fHmWJ2t5a5R	100000
1MJ7AQA8ba7v5V8PMV6ETBD1mZBp3CTU1u	100000
1C641mxyfQWEoM8BMbFPxtALTgu77WLxaS	100000
1DKsvd6ZxVKJVKqfVW8jeaPn5GaWAoabR3	100000
1E7JxH9TpHtC9d7HQq471Qmy968z6NYkLJ	100000
1BN9VyuRkCJHAaTbjc8oMgng2bsZQjTCae	100000
3LU9ypuWe6rP68PA8nbAaN8aQRd2bhdnxh	100000
17HKN1ko9t8g9dB3rXRn4HPGq14SApMWaa	100000
1F9DQ9dpY82WeCuvYWsj8y17JVSjkoA1hP	100000
1GBFP5ZLqtffStQZdhzZixEXpY97b2oktR	100000
3BMEXjyZvPc94SsWUqzgyGNpsTv29gXhMd	100000
1Gu267zDexqWUb2bXzL7cci26umvSg6Dgv	100000
1BymbZGNB6qBSuMvSWZpzgLs3B4e4z7ySK	100000
324kAnaV4SsEzaw1QcrxPJGYLnZnUNngTB	100000
16uWvqrziN5e1ZTFrF1uLryfgpzcCHJ3kB	100000
bc1q5s8xwsy6aqla9jzep9tl2pz26mv38dmxs9wgtd	100000
3GvkHme9XJANu3sjWtfcS1mkMmxG9w1BCP	100000
1L9hw43HtZPCijQmmXMtpVKZJGxiMFPVt1	100000
1F1ws17HrM8F6ZKahHHwgTUowpAqA8R5JS	100000
18Xxnr7Q6CqntE2So46Qb39pznAv9b8zbB	100000
bc1qhjefchat6tt6hzzkrdsusen0gwkqlpcejxkdtl	100000
bc1qcjrwc7th8rcyss80lp60363k9m406h432jnsfs	100000
1LHSe4TkRjps6h9QNCF2vpn6AcJ9AZf2sq	100000
1LiqvXqUu4p4wVFAPfkixt6c1YQ48mdzV8	100000
19ZEdjyHWwdQkuHpknGKYpnvUJ79kpZZfM	100000
3AaXaQnxbYHJ5wGDs3t4zBxKtjMeNRmytw	100000
bc1quh2dra2y0wg6emrc49vztg0tdwxp6xyu25uvjw	100000
16mabcbzDd7oPnvteBHJFBVQyz1XRSxtPP	100000
bc1qemdj92gpp6z0w2lyzrw8jzwtkn94mcj9zn2zxm	100000
33DQ3CBpSVmSb1Q6acpnRkBdkS8efxrgQe	100000
bc1qrft8rlapu4pax34m7p6y8mqqnpup5dz8pqtfmg	100000
15k5Ufb5dCpNzmuYBvNmPFhZJzFemr5ZmF	100000
1PbKnnGz5gSqKM1cxXSskWB2RiWPk5MkNB	100000
17zDQM3E1TQK6XXqtWtm2B2MmBTqnRJ5Lo	100000
16Qt8mziY6neT3d3m3yQsmiX3bT3a4rV2m	100000
1FtChpmY1XTAW2MhZdoMSRySDoDL2Bm7ht	100000
1Kc2MbtBB1h38tWRfu5LHmUUPEYTLpdnSx	100000
1AgPtMkwhDLeG1dq9FWBswgCcJL5pqHeYE	100000
1Du2soD9xmgApnrW6xijr9X7NvjVJqkh92	100000
1MXR6mnwxpzkcmbFQiua6sffM52KnHGavK	100000
1J5bTcvB6F2XM5Yk4KcQECaDvRsxFshoT2	100000
bc1qvjykveplhfaces69nyzvwykjjqmy6h4x80v5j99an8g0x3d53ycqqv48h7	100000
bc1qfgt2frcjvv9q6yfu493z67ruyj5p9l76npwtrc	100000
bc1quwvzq8n83m0p63c7yntla7d7veg5mush7ku9sz	100000
1NpGmh4V9Ab12rNmsLW7YgkXyT4jYJwcGY	100000
1EiC76EuVoicq21XKdi4MED4Wf4JhX3LXL	100000
3D7XgXp3TLhTE718Eq8iyXn2tu7pc1Mowf	100000
1F5PgSK4tCJrieMp519UQuH2kpcKvPN2YF	100000
1A3nuyYXLkEGMhQpXrLCa4VdkjMp3dW9x4	100000
1LLvFtR1EMUgKRSktyL5otSLfip2nHfq2e	100000
16NhWYAuKCjKAC9h6YnHifqZjzHDhCPWEM	100000
bc1qc9ef8njgazk7ysgl7p98f7j6j2dg33gz297e9u	100000
19wybkqiksspoH2g41fh8TjnLirYJWe4G4	100000
1P9pkizNQeh22Y9Lm9RGenWjLJXcXGqS4Y	100000
bc1qxsaxtjz0x89yl2wlaej6huhrn2qs7sljtleyqr	100000
15K9oy596DJjd5B3ss8Qs1Y6gk3xMzryg1	100000
1DHDwWbf6ycunGDhTJhDg6fswUTgXNa3YW	100000
bc1q0v45mfy8a4hu9h6hjkfzeuuja72xkzzve66vnh	100000
1BEQR6vmY2FhmGALgbsy7WbKTEwgo4Q6Fy	100000
1KLHVaNkg2ii1GRhCXaFfMMkEmUJNh8xZS	100000
15eNU3HPeXzVSFs9PuCHrhnzG2qYY8Zas4	100000
1CPkj3hZSXjVbKWYHPJb2GmCkNEQ68icZk	100000
bc1qf32hu800snyt8t7ut095xh8rf54zhzcjzszdsn	100000
1Gkqk5gSNG8M5kreLPk86oqvWn3L2igJzj	100000
bc1q5yc02mlnc937mafrrkkz8waz3pzd69m570gvu6	100000
12RXnSMc1LxNsPtSYCa5cL9Q4vdb7Fju1j	100000
1NbxrFYZ6HDKxu492V4ArH6EGyWQzJEzr7	100000
17P2avTGSg2C9DTiQ2KXN99cQiCFe4ywnD	100000
bc1qrptncft9df6ywrke40fpx323e3u0843hwmyqwl	100000
16AUnnd2tpWgQpNEXPLv9EtWrezjWaEZGP	100000
bc1qwj97ujjshs2drcvqxaav2vmg7gw6tuz9c9g7gy	100000
3P5Z5gjjxGutqCjk4AeiSevbAx3kYfupy1	100000
bc1q5zav3ecngzt6uvyp9jvk9hyajf4d4l3ds4u77c	100000
19RLmecx8uQmaq1RoH1ptu2J6REjz276ni	100000
1NyEyAEBkGjhWWmRi5wPczzSYvGPR3sSQD	100000
1MCpuxPYoienE4Vh98rMQHo1NyXcAfLxTz	100000
1BTc2VkMqzs78GTJojRWp7nmqDX5wbJ5Ei	100000
17ziXCrwgwFcAsEaRvx1nL5uTHnSFcWt4e	100000
bc1qdkgrfuwxh8zysy2dm9hx4r404nyt0kaw5454vz	100000
1GmUCDz5tnsfVRnWqsknoq76FEYEefmZ5B	100000
13rGxSKzoX8m2hbCAZJQbi7MGXBC4KTvhm	100000
12RHFt8Znki7ZY1zoH2puCTRQ6nbRPnwZo	100000
32Bugr2KWGi6co7DuaGTthpy9dXgnwb35Z	100000
19Qp22HsurWqfzTknoehaJ9mk1XggWxhMc	100000
14pDRULqmMdevNGppt4giiboErNocQXUko	100000
1NNAbn15ptJTawDwgtWXuxSwD3VuQFVr8f	100000
1F7fdCZpUh1TBdtSfFEg4HAbvsAxebRsM1	100000
1BeFGckAsdHWvNr1wUCDoRrYL8QdwQdr8o	100000
1PjF72QgN4XXDGbRi1prNFm2oPmSmmYQww	100000
1Bk2Va1uecW2vjuSoFqPhU5pe9pQ6677Nt	100000
1EJx9UDqmXcoPAZQHDRFzjtz2N4TPiCGP1	100000
1Ekb5L1Pfzkxa62me7n6C7RYj7wZ2LQkDk	100000
185WWLtU4GWHNKqG7VLCZwYhse2RnYk9hR	100000
1DM4aFuY7YL1Az9qmd98NBQnnxpV1yLqi1	100000
1MfsFSwogd34uypFofxFVwAryfDJh28dYA	100000
1BUPEeTFoinWWhJhJ1MFUHKLciEHsKkqjQ	100000
1Foxt2BiKdFu4owoGCW8Dtm7vaNL8mkX1y	100000
bc1q07f7r2zy8vqyhfnq6a9cee7jkxdudu22hmd43l	100000
17PKCdfkstBV9bjoK9oo22oahyiFE6KTxt	100000
15uYndAdHnujPjEwkvbLQqejmg6uzhEDCF	100000
bc1qtgezy96yrvevn5zsj6ltvj9c6wnsrydsh7h4tqm8jpftm0mfjylqjxezg4	100000
1Ejnqbv4KSVC5EXDNPQgEEKqaPpvoom2gb	100000
19oymfxVeLDevxkopLcnHeWSk3nssFmo3T	100000
bc1q9nzqdnfj849jljvzpp075z4zputcqlwwss34ty	100000
1AHFxqc4JLnru1HNcZBhr3sAPjWXhgUHDm	100000
135tU7bftCbX2dhtdR1GNpPpN9turNiyzy	100000
1LjQS5jsed8nzKY571nPQRCHLZyV2ngiWn	100000
19FfdXJESQUirrv1SdCMkxtb2E8DHyQt9T	100000
1Db1tij53Y6qt5RfDkSX74d1qe25mtHv3u	100000
1B51WCkNd112XUT7MxFZbZmmnHgnWQnpnN	100000
1KzxKyFJ1R6LHk6k8TWeQWjpzXM3VsQaFm	100000
1P1pB5ptVYsdev1gcDsPt2bxjqz3UjBc8N	100000
3LFRgrpb7o2LC1HSnYXu1tA3pKQcZDc4kU	100000
1F4zMEoYm7dVxiKyVFPC2kxwKLyYPaivQr	100000
1Kpxo2oJjeHEeQZ1jt8kFbGzLSQx4FTJEB	100000
1AM9GUrwYuKgsmJaCi22qsMhQmbJKSg39i	100000
1FwXBy39QnPVtEXU1PXXuUvmyG6gtuhEZU	100000
bc1qud2rfne0c7kwys92e3xlh7wmcjcwfvr69mzlrt	100000
1Bpi4bpcTJiNYns4hXJAc6tHGRzdFj9zFL	100000
14bpoJVZEiqNckm7374auePYMpD9fg9JMt	100000
1FqJhPn44MeAektNzADgWrgJDTsr7zG1Zk	100000
1HwQxaQKnPbT6gTXz6fi2MuLwxm5XXwzdd	100000
1FixvZ4nMRjiRL8tECNjHqGc7538vPyC4j	100000
bc1q506ek42vcuwepy3fe5avtmv9entqye89e397tw	100000
1CD12iu9bCdWnBtgrbhJoZWSmPBKkV3qQq	100000
bc1qq7vt08y8kp8lh69tyelmnalu4u3gymdners6ndf3kptvdv4w9d0qa60atg	100000
bc1q9hkt703rg30rfmcudd7duqz3emezc8690kas2v	100000
1FFV1MLdPW2Yc4xkBZAyTymomaTpPFfMKL	100000
bc1q3smh7hkelpe3qst95wl4j26u7ay2namw70syy6	100000
1FmojsEMDUt77EwJ7LJKiBWAUfkBxUpLVs	100000
126UH6npaYrCDocFQbyPdARbyBsjyviZKM	100000
1N8s5tyfn4Cs1W6DK3XeW4aRd4gaLoUk1j	100000
1GjgpYDFQuu7bXGRo12BmbjjpCYRub1Zi4	100000
bc1qvnt8nkaz9k6xf39gcl6q826fzpj47wn7ut7mj6	100000
18ZsCAv5LenESnpUAEf36a4JznVwZ84K5b	100000
13hQGA2oYJiGirMXjnWvpGhDMLFajqD5YC	100000
1PcLwVbKuf6PA7UQ1F6Vj7Dao89zgRXqg3	100000
3KWnjWoL9ZVLdqPHhN5ETXk2ojGmTBBNPi	100000
bc1q3xg052d8vw0rwp7h5t4le0n3tfkfej9vrks8qn	100000
3BrJL9KHbkxw2n8tzuDQrYut7B6NhrkzvH	100000
bc1qn8hxkrmylagxfgmn7258rgmxm9y406fxmsl0yr	100000
bc1qfhm57y9qlkxtx58gfseynfvxr9gpu93pj03wn0u0srtfy5e0d3mqkl8p0l	100000
14CL9DHfbZKWPQpY6dKPD6LXKiJ1Q2dnhT	100000
1MidvM2HbsvsSv7sxSRUxgJBu8xkdLT1om	100000
1EcHxub6DAwvMy54FgiEDaE6adXr5YYjwP	100000
1DoQkdV75xyXZN5gpcua7Nesu2b37xC9kY	100000
1NuhwXY49vBkTBDvQRoheHYu4pf5Eq3Fky	100000
1LWQpWQND6omAEPhyL4FtcnujQP7PpTcse	100000
bc1qeg9awxnce5edtygml5d6ht9kskqx8kfg6sa7h0	100000
bc1qn53aenlmhh40mnxzt56ephtjqt062zgxtdccrm	100000
16oKa83ut9A7BnkaJRDozebwBDSdph7VU2	100000
bc1qfq6n54sngt90nu7wmk2djjtczxxz4ujsagresv	100000
1433MmoEi4S8tRArHDCqdGLbwztiq7sKpC	100000
bc1q2sag04nt843kh90nf2sh8x4jdqkch2hy4w5a5g	100000
1DLvtCDkTR1gi4imPrZAcXax7irGDM9yEx	100000
1u63zFekjhYvqEYAGHfUcLjx6XmNpW95Q	100000
1PUzMTVQBvCdBPkGwqWAg2ivBheK4UUm7p	100000
1HcRmGCc5MLnwoGbmBHMYVEPAj4uAM8aw	100000
15jWLxK9iFSsN4jRKzZaRgPGxdQFEnozwf	100000
19hi77oPAHdXVH2rGeyzGoCpe5XzGEzxAC	100000
3CzpJikWRGYczxDvGD4DRHbB8nApUrR47W	100000
bc1q939mp8m4muh08lru3f8954706cyljmaf6xsx8s	100000
bc1qkx5h30m2fltdartv0ru7vx7n6hamnewnfjmghj	100000
1C5Gei3jCyXezB3BkD67pUHuRyRAszH4Df	100000
bc1q5hyytymaj0dfsj0rwx5h8ynvy5wkymfkl9m9sk6ne8w739qwv26qcxecc4	100000
13Mm5aBzU3dXcT8rHPibE4LmvVHu6VgnGL	100000
bc1qzenzx8ytl4xht0vk0967rjxwlnlkfmtg5v0n26	100000
1PVwdAFE3YNh5esg11oxpNSjEdAMevJgAD	100000
12v9efEHEoJ8Hqi8u8P9WJuEGpuAbgRGjH	100000
bc1q570rv5pcnqwzy0eu7c806s2fmdmgcg6az2629a	100000
1PJpDF3oheo73GfFK65G2B2dZJYvnCvHDq	100000
1KddpBj2Z5h6mCMJYx7e31LfCNk2HmUYTW	100000
bc1qqd5zqkkjh5g7ruxqq69yfzmtkxg7n03r6c3qpr	100000
3DwRN6rDQndmDZExUunkffvJ4e9QtShV3R	100000
3LgtP3bAyZyV76jevS2UeHn9FLP4HHmpSe	100000
16gFeFR6pVPCdmZWoqWVJMk1KXsvmNzzFj	100000
bc1q7sfe3v2xajrq047tmurhgfut90uyj5wnevwds7	100000
1LgNzKdvSJKzYZkiMxsUomfKiQgu5dNhWW	100000
32WzbAbWC3vECBJ2FzdgZQWPNkkgRmrnZQ	100000
1FnU5sfijgasoMj9dgMoa29GMtjGhGmaed	100000
13sCKd47ZhZ74JVuGQ9o3p61tYDoGpqzAw	100000
18cf7TGKQLTvrf8GM1BTAgP9bR3WKK2a6Y	100000
15kooozJhGHEKb2oEfGNt8noVK2Qx8hcUZ	100000
bc1qlnuakfv4re57kefdnewpvhqpl8jpz75pde4uy9	100000
17DD9M38yLPdqh6fT5tuS5KpfpurfwU4Q2	100000
bc1qrpxmxd9mt652fajechh22dlftcuuhe0ndhywr7	100000
3GjmLwwBp9vBAYyMFDvoSQ8q3bZQm3mfWy	100000
19oKLSCXTMG2GuG8w3wX8coo5cYdFUESfF	100000
187xvh2XphRJfJGp3Nk6SMFXhHobse3zLt	100000
bc1q0vqgs5nhxy2m3d3cy6kkl7c7lvzu3wd5qz6x8y	100000
12FNippnuC62d4bNmdPRw6cQ79CbK5Yrgi	100000
3DHvftCj9CFRSmMDcDM8fsNvoAzhj74beA	100000
3MsSUwp7XSjseXZJNHTLqseK9ZUSZ6R53h	100000
38ZpCvkhcRSg1kZZJBfMTcXecHnu6RR1oB	100000
17D3pKcwLyVkpeFbVk93Swu6AEFh8JE7qX	100000
bc1qt6ufndvlx78zhhflg98evn0hepk2x3cagcka8y	100000
1JpLEtikGLTyw44nYvqDrTSP29mNZWs3Rn	100000
bc1q06cvfldguu0vsjl6fg3yd36rhw6l32xyujplu6	100000
bc1q6utlfr2c9tlf096emh9yjaec034adncx5zwga0	100000
17kZewM7DWvfjp4oBwMZkvzN9jwSQs5KCL	100000
bc1qsrdjre7uj7u6txdct5c5cdgjwq745akyz6p90a	100000
1K3taYG6du6G4KkruYEi2zGTdUPMLBDweQ	100000
16yt82bv7ydhc9QVoPUVKRnKT2DYGJ8vs	100000
1LfrNaM3TVFtwkQetdioAM9uKpkA47J77C	100000
16T3JanbcfFNyBov3Y4xQ27MEXbmU3CHG4	100000
19RJNzGJZTYdNEh4k1AxdvcBfU1ukTcyi6	100000
1CNh3AFBDhpWcRxJQNtLTntxoYFhJDbz1R	100000
1LDa8s163YiSwPYSoieNkn6zP7Epx8j4kB	100000
1PaE7rRdcH4pqSkVFtR3hjf116iWra1RwJ	100000
37MvY2a9s7JeknxJekLrVRH6jP2qB2kZqK	100000
19MwvwYuRqyb6ajYkF7XSpMCwPL1wuNFen	100000
bc1quvcxdees3gfkrtszfzzpmzkxt59rpgc5pg9xa0	100000
3DAmNf1HE88eGpMigPRG1GL8FQrssfQEFw	100000
16aFUxLR2ZzDUHdG2zoNWQenpM5rF7SzJE	100000
1PvFbVPcSYugDCQJPZKxCvpw37JH2j3HZH	100000
1ESRVvmM1rRpPExzStWecu6Hy2NnNRRxRj	100000
1M5YJjX8mPQ3TAzu78NLNpPWsQkmKZw7Py	100000
141qEekJtuENEYdjQnpzg9o6rhzpN4cUx9	100000
1WHff4zXzUSut6ZYvpAHWez9woyVJnA3H	100000
bc1qvvjzdnmp9l6vh69dedrhzhmre44cp2jxwa9rkh	100000
1F3VYyVM8cZ2U18C8ni91SFxEhM7WVjY27	100000
1GmeDyrGfmJ8PpsoTB84k2ozxd84vf6ex5	100000
1AqKebe1XXn2XDUxsbUM7AzH8PvFaunEFz	100000
1FhRGVSdTny254aTQ5nHAA9JMf9cFKgJaY	100000
115R9t17QmLXoapYMUA2pgoPcthoSxF47M	100000
1HXS1ps3brQLL17Kxq7WgzBg8DDS6WT7AH	100000
1CndoHzQpoyGT2qTbJcrkCP7BcD6ELp4Pm	100000
1D4BbctX5QYcCpxQb1bcxVBgBjv4LnMaUD	100000
1F5ThYJYNUao7uY6BJYxqLmoesuiJefoV	100000
bc1q6qdnspm2h45v25rrwlcgmsag3zy0cst5cpc3c6	100000
15jGMJpnttPyn22Z87dLzW6YTT54b6T4DY	100000
38iaGSpngEh4gjMwhfrCCBweJ3zRGUi9Rd	100000
bc1q4fqw6uydtxhx944hsr7nemnnecxwgjlzrfddp0794900rkqsz49qq4avpz	100000
1N6kSZ7JRxafDQPfL2SDYwVmW7Z45kbAVN	100000
1JwKHJmvv9ys8uMh2KXX5nwX6qgmhPFDxT	100000
1CcnLkgAqpgcDGebGzYrb2e5vGf5vckaMx	100000
3BMEX3KaMt8bDBDVy2HQ4mjAT1CCvVSQyE	100000
3C2UwZmYGKqs8crP3YQZq4RocxLgViPTGs	100000
bc1q5zsvmz5l575l9sqh0kga80p2vu0sfve62dgqkz	100000
1PWQjJ155A4wfhxjtjk8J9Rvxu9th6m2os	100000
14rbfJh6idF31u21wmP2oLUotAXhaQuatg	100000
1KcrV7KCeVbSoke8QnUFtryHyrXNfGsN6K	100000
1FETN56k3XqDnjazRPzLoBrfAAj94CFauQ	100000
3JUjveFKKnxoNhsStERzjY5fyK7bbgbTkt	100000
1Pf4yVww7MwdmJNfuK2uzKy43TQNC35C7	100000
1AEx1Ss2RrD2TKehyWLTghJUGqwjc6yRzU	100000
1LrGPJHT7oYVxWNLFvoGZJwk7BxfZwNUnt	100000
1MGhGZqYMC6shr2imEFZU7pqU7zgsrSWpc	100000
18v6Rv6bHZ9rrHcXzsLRtogE7PejVzUaho	100000
bc1qh7zww74scc09krvgyvq2llm3xzwv59rsp0dfdy	100000
bc1qr8k4v0c3a9ahv8ycuysvv2tkd9pxhy9y3yyswp	100000
1CxjM1qSvoC5oCvGUKkN6CymnCY1V4zF5o	100000
3FqdTXaPFDoCoF8PxLaBPD2hCRAzaJ7ZxF	100000
bc1qzfc2tywgepss28u5dpm6x9eng5294jxdnf74mf	100000
bc1q4uapa0qwk37j647r3pzvzn37aqqkr87pedt6zv	100000
15F4ZSehjA8kHL4u6WhQFFAWgF4nJQ9Yx7	100000
3QZMEzTptHctutd7MYCCLMWKxiKUhA4TFN	100000
bc1q6ufpyekyl4uddjqqmkgm95xy4yt8r53hwlxm7t	100000
1NpHBCLTKRCnNaqWfBJ7J4HfJe6A8XJr5d	100000
17GrynSKTsHN7GFfMkoqWAq32Y8kBA8taM	100000
16KWKH7tEnPeVc1neTg2ioWS4KKbAdug3	100000
38RqHHjiSjb4HfptDirrifn1TsHC1QrDdJ	100000
bc1qm3x5ttn58zs0jh0grkvqmdamx294sjalzsw0uk	100000
bc1q05lvwp2se43n58ftclmde5vz40x2e65n7rf5ng	100000
bc1q46rfgk5z9gfztyjvwte48x7e3hh2fq9vegn886	100000
14KPaUm6ixZurLGppv8YZnQRaHTBwjLCdM	100000
14kjyzDS95eSDKHgTPRmij8wB2BTJrTe8G	100000
1JCXQudy6oCH5tG595Us2Sqo8392fcqc4A	100000
1MgLQAtcZcZYG94ywUdGb2n9zfzUfbaQua	100000
1C5nvthFxJX1hYkvbHEQfz3U7Vavm9iMpy	100000
3DEnsBuCoubBTnCUqhGPX5Tq6WaHougHbc	100000
1Ly6ho5GyCHmyjpskbs65TKpySBEd8VEFN	100000
1jnKYpeFc1NtzgMSQyM5n3njyfgr6xyMn	100000
1EBNeA6G1eWhqDz5rSYk61Aa5JthF2iFf1	100000
3Nm7CUJizwQymHbxe2AFnzELnSjNUyo4Le	100000
1KGJW96eN2jmYZiSJsd4Sa4jhEmVsNMjRG	100000
bc1qpu0p76jhxl8g2gf4yhj8pntw3duzege9ta8uk7	100000
1JwKva6XhpAq2EBoa33WTMVQgfRbALmtuW	100000
1E9mbVrzhtqEyZveQe8on8ZcaMTV72k5i3	100000
bc1qfsqym99xjxe6wx4s9usz6pejr597r8r7xg0ws5	100000
1Fe8C1byPSaZNcqndcHDgbdf6KZMfuhQYF	100000
1K1wPwXY4nfMhgGq1DtxkoLdK3g15i8TJY	100000
bc1q5turveu79836rx4k8nhq47ggp7v5qzhkhpj8fszxmpcgf83s96sqy00y5k	100000
3C7CNi7SrzJM8b8UXjsVfLAJ7YxS5uhPce	100000
bc1qfy3v62kh29az46lcgcrxx862qdqynzr0amk9lq	100000
16tPUuiL93EMpuWtZMYoi8ZEtNEwETB4dd	100000
14dcsoAN9ndZzvbyDBQy9qc3tHp7yuLqau	100000
bc1qsw03sez34zhp90e4430ajt2pu9jdg6axaxgm6d	100000
19oNyVyNdjBMNCaWYgfHKNtq47aRBi9bwd	100000
bc1q67g6qkj9n7k0f0er69pmw25cdschutysvqxplt	100000
17JjywQ3vY25FDsL1UJ9vsrsHfM8qwUk44	100000
3ACfi9VSg17mEYctzcYcVFbpTbNwhJbzMZ	100000
1MMd9BMDB8JVSPhLgLChWwH4czTsEPWpR	100000
19hhDx5d9aJYSXQzYjqvRdqGc77oG3A8Vc	100000
16CJsySBTyGaHsA2G176MBCghng37dBj1B	100000
1PK6K7J6AJAwf2KaDmhDKUfpiVf7QzYzwW	100000
1PwQBd7SrDhMKEShv7kEkh3bHex9QpE7An	100000
124Wu9qmtnTosFckGSGgib7X2pvYtCRR4m	100000
15x8TjaSMkTvkuY4RfCXF6AEVFQuSu6RPp	100000
1FzPR2XcicqutyQ65ViNhko2Z7o4aik92A	100000
bc1q6n8lrcjk5x0xz2rtjwnqm85xams9s9uyt5waky	100000
33LKq5TjmNgRNBPVKZxBkmNEadCDvKHybp	100000
14rXEB8UyYMSkiyTBB1LTN2oXMwjSQZDTV	100000
141qdHHAEvwYYZRLVQgLeLDJqqGs8LCAi5	100000
bc1qnl72t8r3jrrhtfgqe6wnq0uxg7xslj49catpg3	100000
3HQKTxqHsQX4o4KhmJ9WmVvYUp8nyQXDSD	100000
bc1qz0kpsjxgdfj0hkpnhw44qeukgn2andt74kp8kjhv9um5w4zcqncqm20nrk	100000
12vpRt4Z2oEv8VYtART2dkvxczU6koqQ38	100000
3N87w5UheqjZsvNndkJpDSWMPmGRWgs8vY	100000
3HRDKFBktCndQgQP1FWK8m3TCA6Y2Nfrhy	100000
bc1qegznnq06grumqzk2tx8y2r0um47krvxqlemvwtm7k362tvvznu3stnprjg	100000
1GXyGg8qsB7q2q2G1Dn8hQEc3YGqANkMLB	100000
bc1qvqu4fj2xj80zv6ul8st8jpgyl6kfvaac36uzkl	100000
18Bm2cLNdhbEES85ZgWVhuucdNbFJRzPt6	100000
1JmNBY3gykCej4rwvEuo6NbuAakYjra1hH	100000
bc1qweklhnwev7s23k7uzjsgky4ec4euw5sgsz4qyq	100000
bc1qdlrh4y8m2tdtml9l80av3we4e7h2nc2zjmcjnu	100000
3Q2CLc8eHgxUko2uozJQ9XiNr7b1Ta32DP	100000
152DevbkTbdtd3GL5nAZicngVbY4fLFruV	100000
18DpJcW7GcwpYKXNKFD58t5gz9s2PFekDh	100000
1FCUkXq7doV23YAsjfQPB4H6BUN4WPdb5S	100000
1BLjbVbmukkEkuVtzzfy8pyspP38yASTK8	100000
bc1qj7yjy2x4wtxwtu2el6357s23cxkq2609fdgwxn	100000
bc1qadh93nkm02gpy2cvwklmsdd7jwt6p6p0hkpf9t	100000
14RFTiKuBQAD2kdiLgx7oqRec1b2NHHBVo	100000
15De8D5n9oBFcpWYH6F5kr2vz8auPG6RVB	100000
15aEBNneAcsX4aGtMj8pjuN8eK5nau1bpv	100000
13GZSCtSB7AreYqRETzRLWrWFgAbfXkbiJ	100000
1BTPg5XM3BpwfYMNUVofEBK1ATwNYp2Nu3	100000
13zHX6yRa5fqprMonsDhQja5s5sAC14qfV	100000
1HbvdmSGjM6fuuxo2VEk9NDj789XfWvwEA	100000
bc1q334dq2aeuz8u2hkvc0phw96gkpw8u7e4s9kz6r	100000
1BM9FMxKvkZ5eq58UGc3cmrd28Znj2YtXA	100000
bc1q9rrsfn0szvgfqde7y2374ggymx06kx4pzpff4e	100000
1PLsSnru7GTyJbJgu8ayG3SyGC11MbUyGu	100000
16CtwpcnfZ1N87op713s7LUHbcAkCzk6iw	100000
12sb9Pnu5pEvjSZCJaFoQLup8sUP869RTB	100000
1EHwsDduHYWs9DuxEVrkjYLddgotTPqQhx	100000
bc1qdwpnpppeljqnq36sh2q2g73ug6uhmu34kjh5jc	100000
16pmdJQ3xvFKy6cWhXLi6HrGYLYRV5hLpT	100000
1Ja8LywdcQDLftTQQx9vu8AfekvVJoevBd	100000
3EgXb2TDZActwBMwB7pLvEJJTP8NRRA5NS	100000
1FnintW7HD67AG82Atz5QsaBk6txwYwLU7	100000
bc1qtdfvrttnwekdwqgekphs9n37rzd24gt09rd6zs	100000
1HoW91yYzdjnCbPRZF3GsATpCmd9yzB4dp	100000
bc1qkeuqxjr8rqls4zmfwvqw0yhs0rdmg5mln04uku	100000
1G351Q6FaeqYHwXDdkEAAE9YTovixxde2v	100000
bc1q3ntgnjnv5txy9wp379760ccrj2she757xm4ety	100000
16HejmcVwAM5joRtn37o98YgDEWPccUDeN	100000
bc1qtymhc86f6m4s9nsjd49kqv5rsv7jjc8czzfu35	100000
1CMJDTmp8TWw3879gTsGqrgCxjW7LTtKuM	100000
127JutqFnkQbxjt1m5J6voiscxNwpLRBiD	100000
bc1qmexpk27pmca5s0j3d07fgmpm3vk48kt4d9zrfh85dshtt05rqsesey42rp	100000
3QdW1VvMY4G8rHaFLtCySziPAb4vwAWwHL	100000
1HbycCkC1ELbZeaL8BpJpP1XG4QdVx3kU3	100000
3MDQQcGymES61xxgZ41t2WZM1jX51uLuFi	100000
16RT6CbzvUEza4hvvmkpL16chk76mnDzVD	100000
3QrFwsoWetiCHEyA2n8buFykcjcfhncp6z	100000
1LRravJrhZnQPN9F4Yo89RTy4GkiBoNi7Q	100000
3J2eHSzW4TK73rCramEhNfxmKKGzGp2c2M	100000
1AXjVN4HmEfb2aQav7YL1wBrvuV9VDo1fi	100000
1LphkSe1a7Du6k2fggcSZ4N85jNgZxBzH2	100000
bc1qung7dxrgzcaakjpc477433sthewhevdg0f8f3r	100000
34bXFVQUTSW8GTgWddgzd4j1N8bS16kKTb	100000
bc1qd70q7lzn3n8fezmu7pqmwh28mcxargaj5vndh4	100000
1KmM5b1Zh6nbL459cbHzEsTbHhEj4pw1yP	100000
1A4Et1qxQrLnUpiYsDeYzhh6VFfD7rfNki	100000
3PoAuVX1nvhbx4ZZeP7UcVh72hYY8ySZsJ	100000
1B8aaYMWK8xP3Taiu2QDMrakfQM4vdXTrF	100000
bc1qm597798lpz5ju0eg9tkgdq2ekklyr9gt4e9jxl	100000
bc1qetjfgzzqymc4rwf5sc2x9fw9rmnlzhlvmuut2l	100000
3Daih31jH3Hwmgh3qExJ2hY9UvWDDSavoE	100000
3B3YcWHXArd2T12fnW162TPDiFRLrrxMS7	100000
bc1qynvmgexz6jlalyh5mzys7sdlrw2ah69s7dygvy	100000
1FkMhLjGSjbGXsHNczvkir6pUrFNJLSciH	100000
18Pcuod63vuNwvGKbahJqUCi6naWLMmXU7	100000
bc1q9tjpfqe5v2kt8m4ae02y8z8zlfafa04khpxt50	100000
1JgnfU1tA784dGnoetJo64JmioNhA4xx29	100000
14TKmGM9n9wosU1yhEaRvfCUJmmJsLYWSb	100000
bc1q53za8t7vv3y2a8tzcdnvtywxpkvs0028lxq64p	100000
1HNAF9ncQegJAM2paBhDiW3XUQRRuizXEz	100000
13E9UjHxfuZYnihdVkSYLK7NU8By1Bgegd	100000
bc1q3k3dc6r8rmtpnun5ncu9frk4wfc7k95l99mczy	100000
3JJCKpScBjkYQ1gwrfmtJWVqXzopArFVvf	100000
1MA1cGovxpZy1z4XnwW4snaK6SvypF2B41	100000
1DeSJeWMSet8k4yhDTKGhv4pA7wNVtw7Bi	100000
bc1qvf7zer5fqjqyjyn7em6sh3shhk72gm4npuec5j	100000
1Nqc3jBFMnRfLLP1dw6W8v1YnCsYoCM3kL	100000
1NZ37rZgo8FQFV1MtqqsZn667uQ5wt87vV	100000
bc1que5che4jdgjl42uefleggcvlqn876m3llwv7dn	100000
1JYndBgh7D54rgBbwA24bqt7HpXf4NPCXQ	100000
1DekespnzqiSZnMaaARFWvBipx2gcmrsKi	100000
1QJisGDb5kj6uffxeykJmsUBNNBYUCYoj8	100000
bc1qkc3hg3upqe5rt0ajhxqgzn3nj0jw0j70hmm5cqz40wy72wv99qes5hwnr7	100000
3PRb3yLGZPeqfensKK5gGppDCo5ix5YcYs	100000
1MTgD1UHkzeQxA1o5Ttn4FrTgK1F6AB3Vy	100000
bc1qwkexlcd603xuemdr6glyzmh9ercnd6grsuvsg6	100000
1L6YeEuiZofphAiXabd5BmakmpNGWypgGv	100000
1HcphMhT9vMtbEpuPDggrojYRYAxcbTx7T	100000
1BD6SWVuHnh1WdHDSv528yVaTJRBM32u7z	100000
bc1quk5cn4tg5kyqfq9avc2gh9hrvkkwn7uru204c2ahgst5seald6xsr7u6yr	100000
1NwhZq1mzEa4bjKFtGZDxGQwgxPQ1jPp2U	100000
bc1q4mwvhxt7fk5xyey7ff56p0gnqre0reag37c6t6v4ynu2t66tv65s0pzjyp	100000
bc1qn5wd85j0u6tuplgfrju9wnlnxpwh3l5alwe36a	100000
1JiZzNDhTYtE7K48kgKyFoLoPff5i9Jty3	100000
3EfA17t5DkigxsWSP5UN7FMFreJx1F87rS	100000
1NojCcBpWDtGF8nbLwsVbWfV9EjD7AwmpK	100000
3LZVHcWgTTQZ9953JJJ8bPgwK7vXy8SXvz	100000
bc1q77pzxrrg44racvkk7qw75c7tny0vuhahjktam7	100000
3MeAotwJU3R1FsGxQp7JxJWUYdTM2pnKxM	100000
3Jai2wP19aF7Nx7FYqBedhciaoozGdCDxK	100000
bc1qsunzhtr7y7vj48aqp6r42ptmfshkrlqq7xjng2	100000
1KbimUsUSTD8R7QRv6AGPJJQviCvJg2f6c	100000
1FxLyNcGKjmX2oShFnZw2tUJSdhrcCmadh	100000
19MEgsi7zw5UXtVPZuc8A5LjnEyHynTM9	100000
bc1qpp62v6334wjnnh8dmklux7setp9dsgyn294p06	100000
3LFAeXtUF82oQfgZG6Xf8caUG8ttZAU4vj	100000
13iw3X2W6NBQ5wFnnVs78e6ix1yxNZgMoa	100000
1KDZaXzDvZvQaqECs2AWYjmFrufZ5fB2yJ	100000
18zHHGeeZFwhME9BxaUfApdEc5BM6jFHXS	100000
17SLP7gziDZkQw6H9BQx5S1rPb1zQgWyVT	100000
19DcAEgicrmSXo7aBwi1vxL7dErxuVWF3M	100000
bc1q35xqkqnurkrwmm5rnl6j3z64sn7jypgvzeaj0a	100000
bc1q78dd0rxs9xh2y804tvsg9mk4ryfrrt6umk2r4l	100000
3DzoN2xFdZ4eTMFgJppL5SRYKZXvoWGkZq	100000
1H1GRhYoPzgGW8yZT8z5h7yquv7mDNseFC	100000
12s4hDfDTT2ap429xH6Wb5FwkeADQE4TTE	100000
bc1q5wcnf50kgrvqw2y3v3063k4z4marpflyh7p2jq	100000
12J8ChJuUTn7oodTaSAFESquQ6BpjQK3qy	100000
174KrurnMFphkc3BKSvhXRkP7zSiG9M764	100000
13ew5SrwgGJ6CW9MRozUTfBmHUsmo2MT7p	100000
1EReJQDx3STKPLX7ndfHiiuEBh9CqH9RcR	100000
11ShHwqdTV6LuuDvt2JPwZJHy7FKYLnDJ	100000
1Q4wKmqjkRwRUzmwXrt6m8pEe1bmZkYwbS	100000
15QbSisLtM5BZAH4fanjrwHfiFD3SrPKyc	100000
1J3BSs6jP1JCKdMPmuvZdn5znfJ4orxzL	100000
1LgsrGGLRXb3cgc2qTDKHXgdav8q7P8szr	100000
1ALm3XBERu9jQEjckUADJyT1WiB9s7ouQ1	100000
33diJsnR5wKi6bfcmMK8cXYwEZR3di3wPQ	100000
1BRvbiVA219QmBUjdUsEfJ7Q18W6RhNdKw	100000
1DytgsNEe77tz2qF8SK9h4uhSoTZsYA3T5	100000
1JPBcPHteoiPpSpdRh41PKh3ChyJhnHCM5	100000
bc1q2ana7phzsnnk2ut4kt7qf9g6g64x850hyfnsll	100000
19p3ysCD8PGMryKMn6HZv8gQVBcufRBhQs	100000
1EWBdCvbnsfjFPYGKHkinueEzHYyUj4vYi	100000
3B7J6T8BjJhjyc1uW866n4jSxSpd9Lz7iG	100000
3A5BGohKCpop7ai9qrrKQFWKypfCbrv96f	100000
1FnLWAW2NotEosN9Dk1M4tFufJLfegB1EF	100000
1PxApqMoMCxvL1f4R6T1xf3o1xJFXi5rbp	100000
bc1qkyqg25ctwknwm5d2szngmew38m6sep7sgsuj92	100000
18625rPkXr9sdsRR9aovjtKxHqaMivD1cj	100000
3DddwxZeqPJQ7mY4njGMDkUPEVa88SC1wZ	100000
1DRxUVqH98ebwbUEzVgrc4Wy11hsL47gcF	100000
1KC3sZ9PVQuK1z4VP9WHQvnb8W2fHknwGJ	100000
bc1qs6ua2pkthfauf0melfh5g5ru4cesg2q6mm2q7j	100000
1HDi1BYUBdWAMNTGSEwnapzJbEEZAjSvQK	100000
37fQTLrxqMRGQSviPePAgaQWayedJ6YLGn	100000
1GZown9yNLoBKDXpKxwes8gYSEuqfyPmVZ	100000
1ME3ZoFkQrpD3mKwPvYrEyvq38uDFt8YFR	100000
1EbJGvbCngKRJ79jtZKsT9yz9yQ5VDeu6B	100000
1GFWeyQaFXW2KqHJjCtNdkBFUbctGECj7x	100000
bc1qc7pzxfv7rd0fz3qmx3nwwdu69reqp254y7err3	100000
12iPkaNqz45nSqLFYQRRA6D5BzPA2qJD2A	100000
1Cb79L3KHiQkFQTeD8P24pjJ2waSzGZGRj	100000
3LavRGbqrbm6m1EJQJA8ZQCanPrUjpJ8bG	100000
bc1q3e2jhl767w9gqx3y6z67j03kw472y9avkccrpt	100000
bc1qnrn50yjflarfk298pl7jkyjww42gj0dtt654p6	100000
13vnJKXs1EHjSAVMwtig5t7Nrn8cjxr7Ng	100000
19P2ZqVVwcMCSvSGQqauCiBdQQCzsMb7pF	100000
bc1qlnknxp2txxdgp0tv5u9sy7wkd9ztfdk8mzlwvv	100000
1PpK8QxduiQz81xNbr4pEST2pEC2gyp74B	100000
1uFQ2Q4LtBSKvt5tfBwu9huaknU7pQSDc	100000
bc1qcgmrdg4atfq9jwygm2uzes987n68trcllv6lgw	100000
13rA7SBvw2ZMxPUJ3RNyfvmv4TJGUQ7BSS	100000
1QJ1osayUuG7YdDqziUchBYzr7MaCNwrHA	100000
1KQojeemsE2Fa3nAPmRDpov9YDArZkVYxg	100000
3QrhD97MFkaBhbk96xmvPji4xbnVKwcWzD	100000
1UAKqHWFKf8N85rEeJQMB3L1QkJyvyTDr	100000
15Y4uBVdM7nEnJL3xRR7xyWcLjbvvm9Mxy	100000
bc1qxy9shsak6p2etyz9d04py5u52tg8t4wx7t7w37	100000
1GzEDa6q9LWF4ff4SD2KcTLqusSC9Zn7xr	100000
1Bf4PYdsvgYQAwHGRcBFsbxYhh2C53bFi1	100000
18imj8hK4u1odQ5fcKB6edzi5eh3vgDukm	100000
18w1bFw3wWr1PKSrDxiu6V6dWyaFqn3kgH	100000
bc1qx7kvfjjqusuhgzxd2py03ul42ksafc9ks54nm4	100000
1Lc8q3DNNTHhSaQd4W85jyjR53va1HPvBp	100000
1NiJxUcB5QVtxNHzKsYM72kjCWiBZPPxDA	100000
17R3JxewefZw6Zzw9rEi7JUyzDaSMaBywx	100000
bc1qk9nxfawvunjyud2p92x6u8f3l3p5uw2lu0tlcm	100000
bc1qghtlmn3g66vh42n2h2gadxj99p2t6t72z77s28	100000
bc1qdt0n46wsv2ktkrchsykm8ws3r8tc7ymkcx6k26	100000
33sYtT3JCHG1NsTBiaVi76niaGtYRjPAcA	100000
bc1q9x6t5jaf9hsgxk75x0c68dvcxdsmlgyj54eeqs	100000
193cmaaxiH9cpFGWLWbQURPFq7ACUsH7WM	100000
1JasQRijtFRnUscaCS1QqybFP5RXy9yFtu	100000
16Wr1J4FUFxwodrLTqZBt3RqM1wwgC26XC	100000
16uhraEvuYgLak4Y12WMHdXuHBhEwC8g8p	100000
17hstoc2ySzwMUAv2TpuHLJhhkc3nStZho	100000
123Lbp9nUWZrSh213npahEGoWSEeRxyg2f	100000
332Joptcs84U65W8Nm6tPsnB5sVHgLTdoq	100000
bc1qnsn97n73jhnqzyn3p07csufu3hsy604ls39jlg2unyga85hr23zsh98dqj	100000
3Pw19SbjNmphZvrg6YVUek5TNriFAfS1PE	100000
bc1qeznvr27j5vp2g66r3sl3l4au3qhq8swlx7n306	100000
1BjMbKnDWbCvJMqmnn7w3qNCCGohtiNRWj	100000
bc1qh8856q7j5r9adn7kl529uwhrruzv9er3yj6e8z	100000
bc1qlqj6mp520xgc8u85x8v7f4uc2j0tf5hl4x76kq	100000
3EDYBcC5QR3ZrxJMTUyi3Nx94UW5FKSqo6	100000
12KMVDVomPXKtnwuR9QxkK4jmxCSLFzvz6	100000
1Lv31qQzZaVp2ebhoumR3ebL1eMBAvTsPv	100000
1FDrajUNjx7dZiBh7KNwuaRDmWUJ7mVFRo	100000
16Y5t6C5K3MKkN4iWLLNY91DJokmzmWtdK	100000
bc1qgsh7dg6ea7yecl5a36szqq7xmwtks5lh0rn0fv	100000
39QdYHtEKE5ws2NYJL6UeiDGVLdbeMb5cS	100000
1NcWpV38p2wVsUTchop4RpQ8Pm2sYf5dnd	100000
1JwPT36SQhYQ1Aqkw3jtJtHTNgEUZ4ismT	100000
1MQzudq94H1DvANUkpHhMTAKZsusLqayHD	100000
15enMyedG172qvemPvD4Qk6Vm72PZA2vNG	100000
1NJRD2Yyw16fqu3P5qtvKVV5WaVBJZg3jk	100000
1MCVdNhq5uDfj6ydGe75KnHzmdE1CiXtig	100000
1F2sXsBZ7N1snaqtp8pEzXRnFDnJseq4pr	100000
17AcVZqMCUR1yaWhjnfd75ntfQmSBHTsiJ	100000
bc1qwya6y09e0kwzcxujezpn8cc3gsuxeps8wl9uhc	100000
1Js5wn59mM9Kpxg9PmNQJhawiPiSJ3D1ZC	100000
bc1q5c9th56rp0gt2875zqegyjmthfrf9cf60pl5h0	100000
bc1qgl2nu35wy68rusxfqcajfvt53r5ysv42lnvwef	100000
bc1qewhn2e3zut3g2xl5k2vtj3awe5dvf8vdtppn09	100000
3KLwqt7ShN5W8mV66TJNXWkEH9k4gWQtf1	100000
399yeiFEiwNfVPfwoG11R6pGph2i2wA6Lo	100000
1P5rhw2Y9j8SxZRRqV3zHH1oqNZjSZge6K	100000
1Cu52hDoZAFiExwCgQ4HhzJnS3xHLqvSgS	100000
13gnQhNnTJPa6TPDoga2qqRpxuJ6MKAu2p	100000
1GVWTkfWVsZJNi91MNDV7fRsEGPa8FQdMT	100000
366NLN7Y1vM3VY8GusBviEofow2XSNMuhX	100000
1LsEHb2QBrW7nfEDD1XUoHR3SiKpuCEAvH	100000
18jwf4Trq5GEYfABrCHjaKnruRX178GAWK	100000
128E2uX4UVaGS7i8xo64qaf7BHFKhcRdxh	100000
3BAWX6ziDUEWi9DPdXPsYtbcR2nGyTiAU6	100000
13vNMcBT2Ygyckje3u9BoPo7DXS4jNwWns	100000
1PnT8vTEDA3epWYQDDg15hAUj7nFtY96ks	100000
bc1q0tfmyupx2dgu27m4lyl74aekx2hnsflwn7ypmj	100000
16pkPVW9eS3RRKtt5GpkRYAs9bKETSS8L3	100000
1Aq1H1xzfr4DH9DjojdEJZjAG8mLDtcQi3	100000
bc1q8h442pvg8kzzl8d995y75aq4rgv0yhqzatzhdr	100000
1A5gb6eRBvXHYucjDf4fBKvo8nApehD7i	100000
1QHrhg6KxrCvJfpzd6pp87ME6StLPiwjvy	100000
bc1qa0vmptvd8yszhrg6nme54r3javnynyawe78c75	100000
bc1qwsf6nntjnfswwr9pa6y9jarw356el32a9lsu7t	100000
bc1qmjq6tenlcwh0xyasg9a40sxlf6yv7s8ys9xpf2	100000
13vkDjaH4LtBRNu63de6UVQoPy1M1n5H8c	100000
1P8eT2YXVwFh82FhcoDyFf8whU8nkdtRpq	100000
bc1q4npzrcv8cwzeepyyhqeqfsp2whh9qhfctltgrx	100000
1F3u2VnG4emTYXpaVdJ99Pi1Way1qyuufA	100000
12B1T968ZNyPwB4a79ReG7AujXtjzR7iSH	100000
1KH4LznoMpLYNWA2Ev8CRKdNtLuoD7G5St	100000
16DiPbSBMcJ1cqDjVULFXomks1oUjU79iP	100000
1BmzS7UV1oPsH9Ltze9Lcog53QDRkP4R6	100000
bc1qehlcxyv04lqarmpuzejqqyttshp55y5khy78p5	100000
1Nn8LD2vLiCst5iyMNzA6WjTQPAMuLTs2H	100000
19YM378fdqETPUqDf3K8zpdak1XYTXrVJs	100000
bc1qzvavst527eex0hrsq5rmx9tjrmrsmvj686k8lh	100000
1WWWLPurm4xcPtMVWP5h7qvQwPG3doRHr	100000
17sU3RkaeXspgMiNmBy6QTQXHAeDw5f3oa	100000
1KszuxQHWd2m6zV1Ukq9ZsRvpyoF3W8ZoR	100000
bc1qhu3976x2ujzqkz2n4fldcl63940cptegcvsa5q	100000
1KGGGWTxHH6bBBdpwfNMzYDTd1m1ffWEbD	100000
1Kj6erAkzN7KTqtVGSzxdjCpHt8KJSaxv1	100000
bc1qs72jtlh8gxallgqnt70j395spa8c3hs8lxjy0m	100000
1HMbCvL2mLug2fxTyHpmhHNMQHArc1DdVT	100000
1LaNJdFGzFsNQ9gxybNgV3o7kkhpaTDu5C	100000
1582SrAVtTJvyL1sxyMMXKWKnEaxG9ggCb	100000
15dd7NgsfyhVxtgGyuNnZFMd8ErUB4c45A	100000
16RSDbtiQHCRRzyxx6AbeWQ1Vc2wYv4NsH	100000
1Nc8nBsRyG4owEAHxqdfxDZXSZzu7pcsgk	100000
1Kuy4jDHRtifwHBiZGBwQy8c2ANV3wVoxS	100000
bc1q3d7hcny4k4jk8h55k894e8nql5qh8azsf455e8	100000
1EGkjFNi3iwkLGQYV9NssxpB5gaggK7XhR	100000
3BMEXstnGmdjkLPnUEGauCRuPvtNkeeZfg	100000
12uPoWReUi76Czxmq12gvt85NBZWcqnjDn	100000
1KhGrYmbjHGaygNeGaGHBNZ9bqFC7XFNsV	100000
bc1qxcgt74afan5duwdma6zws0ge50y5dcfj9h99el	100000
bc1qa32jtxg8lf98dz8v65ddm4wnr2c7rxk9epvaz6	100000
1NAS8joYcn67hcbba4VaV9R2NDm2n6tkp1	100000
14xhv7FH4xL1qq1oGtuw3QZ3av1wmLoWos	100000
14grTDHccbPqyY3b1Jc5RCbb8sbVYjRHFu	100000
1ATzv6mPCRqH7btHfsxSMtBDZTXtxq7TAE	100000
18Tuq8u7bqjiNqHaJWAJLMPubHXuHrmcbd	100000
3JryFsppQBCuhwSWsxjH5W5Kg8vjpyn1Mp	100000
bc1qfh0ypppws66xy0n6h45p6hc54p9pnl5tc05nyn46lj57rey720wssj4eef	100000
34YzHAozpt3sztu5fkXbjEbznGbk7vVvvK	100000
1LBgtsuCDhkRBTeFC6xme9PgAkFufcNLWk	100000
3K1PZNrBdDpnhFv1xmA775RcaSfLDMTALw	100000
1224hLdUwM8cN3zXQubxqMGXHMYE3pf1FR	100000
1PeRT2HJRK2vkx36b53GBHoVX1VvhUZRFQ	100000
1wUTk4ttxn9XyNDxgizgtJBVrEwP8oJWR	100000
1DMC37wSb7nwYEMjVi5G8QVakfToRWCxKJ	100000
1FCYhxtWj6UFtMwga45fqQ2BDP3TSymAHp	100000
1KDC6Z5FN1RZAfgKMHdtGa92WjD2rVayuy	100000
32yTGQqLah3NcANLrDrEAvujpxmcdzq8Ni	100000
12NvTMXWVzSCApSPU47WEEKATCt3DF7uEL	100000
1PeRLqcfvVqWGAuBkgRASggjWWnsGoXUz5	100000
17cmihSuaBPZA5NnsXvAHFeYrYWSdkWrLu	100000
176ZEHRtgGdkx1o4TexBo6LoL2owbPcqah	100000
bc1q5a8tyjy2rfh6y9cqk3susxsp5latehj6mf8cav	100000
1Nw83fnRpYq5B5Z54vvy7peSg9uQv2LCnc	100000
12ZMkpSq5Le8Gnu17jAKYNHpuMwwpmT7Dj	100000
12nfQw9Rw8MKaWb2t8KpM9gG6V2ouNqxBs	100000
157tTG9EDEkj3mzPmReNU5Vqy9S7qm92SZ	100000
3FGrfWSxWWJ3m1UmeYqn54mauv3GP2zDw7	100000
1KH93CUWBsLdssDaB4ekMcZDeH1F3cwQS1	100000
14tBVkRKnTHhPWo24YM1hn7TNiiwqLK6it	100000
3JHpQBPRJqpDuihDS6wJvi73MMdXN6aqsu	100000
1KsvXKPq2NGrgGEs4PG6YB3SpwuUAeZveQ	100000
156nLbTj6TYCxJThP9LHXg3ZQyrtYTLQnM	100000
bc1qaqa5djnvxmr6mja2w4v6r9mpj4q9tmpvmmwm4d6zpzmwu5dgmydsxs0e5c	100000
1FRz2jJtWXfH2bTGQG3G2KoQYtnn87EBPk	100000
1C67RCmqmmLJ3ZjVgkrdyvoeAJv93MmZed	100000
16kTd8SLbrny1CLK5f2PCBtdZg1k8733XM	100000
1BhhTLFS8aJe2fynpFejquTW8QcX55DTh5	100000
1HeWpHNuML2yv4pKa9SBPgrqyFCrQegk1j	100000
1ExqnJSPyYf4BEP1yUzLYZjCiSBzej9me4	100000
135kqXyovz5nF8f9kwQ6qbVa1wRerPGESF	100000
1CVFRh7FLzhz1oebH7dbRecPvRF1sg3os1	100000
1JMjMsDvFrdnBkftSnjrKNpUpLvvEt2Cko	100000
15ewX8FXDGKovJ3tcPnKPmxJ7KHQ5wth6x	100000
1Fuh1j7PR6UebgiPJm7wnAy45DPsw115Xh	100000
1C9MQxRHX8TAEWnDLG2ks54yeo5kg7tFwd	100000
bc1qxuya5jdk8f77e8meg0ljkr9mystw76wak70qd8u7race23famagsldg9zm	100000
bc1qcy4ssnd0x6zqxaevhnhrfkdrz3zg2hmmzmmvcu	100000
bc1qazjftgv0xz0cuppqpdrf0za7p7cq2ndzj2jcer	100000
bc1q2gp8vdm4vzqsuxj3ngqwptcyvj6a8jzf23e5j5	100000
bc1qkdsst42dfl34vtlr3j3s5vffnj305wdc8nhcne	100000
13QQigRvH6iRbUe16NQ9dgBanScBvZgu72	100000
bc1qscnsquyk5qhm3uc8t40q66zmhgk0nmckuuezlj3ke84j2sz7drrswl5uty	100000
bc1q4qzv908we0revk6axwghxllkef2adcjgzezns3	100000
bc1qpr39zymv80jp0m5w6adqemex0xgu8nqfjrh8xg	100000
35uRB18uA7w4qpc2Z54Yynium24QjLevdK	100000
34spXn9sfztJr9hDpniPDrEaP5xW6Yu5Ys	100000
3814cGDoo1NEaQV5XLXLJyFHmkRNBdGZav	100000
bc1qersjjrhlkt6vqdjhh6nlwhpwu963ytchtft8vp	100000
1HebfF61d7szmwhGkM5uCda4SJXV8noTnn	100000
bc1qqqrzxv00n9cazg5g5y2tyxyj82zmvsj5gt2v9j	100000
bc1qu4utyvnqvayr4v6gqpc4sjgp5qrmds7fg6clr7	100000
16j1oLJgSy6vg7N1Gy7HrWwmHt1CuazCki	100000
19a5okHAkSEVmsvP9yJnFtMvxjJZZdnUj5	100000
1HNEfJMbBygcfZKDdaFeXWQgV464FK4tXR	100000
1tqpzYjttgECyd5TzV4FPwWBTaskgqFK4	100000
1AG2swiiNKrtKNMqQdVNEqYZLAD8a6C1zp	100000
1ERnmd8JxdY3m8QZtGvagSWSTMRuTiCR5F	100000
3MEWvzrEqGDdDS3LoiQqKK7PEWDJ3Enud3	100000
18vAySocLmoMFhi6f7cPyy3VaNJ3yoZanW	100000
32w71WV3Chyihc8rzg3hojU4yusxp7VSnv	100000
1BEFuHhm2S7wgXsEmqCSo5P9Gm5BmFtyG5	100000
19hGjE4bgGTKKEEFKsEgT5iKriH2x6wZeT	100000
bc1q5gpdat6mu82wxf9guzr22uasf2vmy5ztsuaxtk	100000
1AqQas1LVRfv4rvasT2Z1ZBeTa9R2fyBrE	100000
1GW2xLywrMPAWkqLSgeTfQ9fTQurrh3sto	100000
1NmTaBEn9FRNeZH25PS84us9p71wDvKMf9	100000
bc1qr804mlgsgzqjtrkh2m3lk5aculcdvzujs5yfxe	100000
13MG7aPz8ghZbw5CR7Nke4wBXbXFJ6x9vQ	100000
1CBbsnW8PqB8BzrD95bAQDNXkgr5hEhJtF	100000
bc1qn7gy647rm0exx4e3uyxpcajyys0tcuhy5sa0h9jzqxuc3a99fwnql356zw	100000
bc1qku698k99u5c8xvqrf58zg20p4987x9lt5uvy0j	100000
3BMEXNJGvGDPuCs5o84X28ojXyaev4j4q5	100000
18ScyEnJDwEj3GJAEouvhhi55vWHXa4faX	100000
1BuSt6iLcS74H2xmq9AjcrTwCxn93JrvFX	100000
bc1qtajxxztg59feat8vr7l64xpqj5e3xzr4jtf2ka	100000
bc1qsvc5nt3z8kddyx8neffhhkw226v3sa66msnk7t	100000
1DY45VYTf4K5AuSGs5D52wJMcuPutCUuKV	100000
14doxcTxTVXGWQXt4tpJJWAauV1BgSa7rN	100000
bc1qn7k5z7dkajgq0z76885vskg7q9gqdpgyf493ql	100000
1Bvu4JvCwvcYVwpsdZfSzdxHBye5BemAWj	100000
1PuSt8XRTMhMEY12oYDsohfRzpiZRwcQUC	100000
17jHZHRVuzBzTFJYzyRPmWavxuDwUBNyot	100000
1hv6Pd8PMmU1X9zcM7XJ966GN8i1JcRgM	100000
bc1qmlker3p3yr2pqu3dch3sq85ygn3efwz0990rlu	100000
bc1qkrvka5kxq5zs8nxwwngk00x95q2c72d9hjg0wm	100000
1NykGeRgMhkx9B8TdpSP9gz9WyZ1xxHdqZ	100000
bc1qg8txdh2pgr4xhv2k43fjqspl3ycaqda2yqjvx8	100000
1Mddum37A1rGLikW4Fsujhk2PshW25aopj	100000
1DuoEVjtKFEaRe1Q9otT8wp3djMrtkEeLa	100000
1Hosa3QQgDWbBpqesjTjdxd2akzpVeG9v4	100000
bc1q9zsm3sv66gmfja9u8at7tk6mm67u7exhy2ydwxvacem8w2m7x4rqvpesfc	100000
bc1qrqmxtskxmftk82th3gzwjlh3ua9dmvqt2585n4	100000
bc1qyu23mjsenuqhj6vdegfdwj64vcjc2clajav5x9	100000
13dE1oE6TijN1MV821sbziQmJZ5EeEM93X	100000
bc1qsmtp7nxvp0zhxkr66mny9auwdsxagtrxvdpsuw	100000
bc1qt5s5g03nlynuy76g0qy5nk033lfw6fw6fxua3z	100000
1KcLvBGmiZ9LeVwSRjNHDtDB2R5A8F19df	100000
1PseVCVPxAL1bJktaJwxipP9511HYsVmBr	100000
1HbfMY9vjVfXy7q7PfJNuFBjEwWoXCGBuy	100000
1HrDqmurLBTh2rC5hnPKiodpxibNWKUnQo	100000
14c6swY6ykkYcQqTUa3LCsjQmuGPbzwTj1	100000
bc1qjq00t6zsqkgpw2trr7zn9wzxaurv87u520v2n9	100000
bc1qtluze4vr2gvzr2nn32dx4r3lywttdtn5uxrxrj	100000
37R1FSauRMgmKBRJTr3DR5pkWWEV5JxyTg	100000
3HB5XuZAgfqXshDYzxQhiLJfHvBATrzdye	100000
15tZYd3uCLVQfdZYYNmLCfhMx19RtyNigR	100000
13PqcdmCLKc8WggiPXgSwqb5JtknunZwp1	100000
18fv3g3pharZKDrdRTvHfCFEdT5YwiBqwE	100000
1BtZX9YLp1PJLMLEyUxBneDANh9vCufamE	100000
1NH4uUGcwNRPjGoYMtXZNjB8UCTjQ9BnCy	100000
1NGC6oh7owHBNSBkFcp6hqKtjs4s15WNNN	100000
39NZibXg9xJzbT1S4QkoQJMhMt1466Jknq	100000
38NuG32df5Y9kD1H8RtyTCtHH5wKKQ7RbF	100000
143XKThR2Bw4Ch9189pkf8hS5qgFsofuNy	100000
1DLhY9utmxysXvb8mxnmwNrtfBs6ZkJohj	100000
bc1qppjmuled3wqsdh0h0f7anauywx844jxh4d5640	100000
1Gw5Z1sB3mdNssg2kTnN6ELFSNPAWgts2a	100000
184yhzVY7inME4MjRdHKNAtmoMTtmH44Xb	100000
1LELxgSdjeH6acB36Bk1FXdobmz7qZ9izS	100000
15LzFhoQdUfDJdQC1iAc32Mipey8PSaQw5	100000
1Nzf5tARP1UBWzoGAYQ2jbJVEKCnKEjR9T	100000
1CoGKczCs8QWYZX4sSqUwvyoP3FpZ877hc	100000
13oLLqVdY44R1JKvzvypcPFbK9JGpZCb8m	100000
3HBDDTFzKV9XGuQPibcEYoBuc9uuHiV3AP	100000
1BMxQAYjqAnopU12PexcVrvDcgFj3AUmy9	100000
196cowE6CyzrQMLm3wyWPFD3o9YCYFtx2W	100000
15Sfr1nJEjpw6KpvRNNeLN8yfrNk7G1WER	100000
188MxSsHXcZhpbVVDW9xeksUvSt2givxZr	100000
15jraj3osEZGnF1iYWuuPLLVQZY5VAE5mX	100000
13uuMpi5x3eymziVPCcDH7DfHEgGySnog8	100000
142JCBRNdtK3sbe3SW5fpzQaxSX3fDatki	100000
32bdd3YqYaxerxKXXApFvnCmPgTrBbeVf8	100000
3Df7FQasBkA97M8tPExNLWovkxv5iQNMDy	100000
3A7eJspxmunhWfj59LSLC1kZc7wqhfSy2V	100000
bc1qrww6vy8u3ut3t8yx0d7udq4ewcd6xjg2l5s8dafa0ea7pc0pte2sd3v7vp	100000
12BbzRDC9pWLuuKYQjsz2kYHoFivtuHFdd	100000
3JbLgbthfFSHNuNHSLKvj3ed4JQrccsfGd	100000
bc1q45mfnteqarytnetlf8lgjxv5psrt3vh05yv9fv	100000
3GCdiMpWyA8mLgP78bEyaLVh9AC1xv9Z3Y	100000
1NcmdAhbfmWDbpt5zR9qFwoWJ1ULjEMH2v	100000
13vebER8mE5BvRuN5QJWra6bZnsY9CKTH3	100000
1G3ixXrUyC1CMMeguncDvNkW56C68VGHcS	100000
1ErzRKWTzEJnYd3VCaKb82tak7Qo8jAU33	100000
bc1qlys2cmpe4ljzthjkze38uymm3kkgvc0zmyx59w	100000
13tdQVPr4FFeugW47ReMtaDHxBX2BTVaxS	100000
15sAa8wzhkmHcgMM2PcshP1BLDFauorTke	100000
1DwShqzPdJZBb1EB88Z3Pm1EHMBLWTXFFY	100000
bc1q9hukykm8c7kucp6qvr3ka4tta27vtwr8chf2ap	100000
bc1qkcxakfdyar6qzh6awqcfpgk8xf9egd692nnslz	100000
bc1q2zn8fdulcrzr7xgzvluzus3r57vrlxafel5pdm	100000
bc1q03aegnxsjsucr5zwt8z0f7sqftjcuxhzs4nnhh	100000
12undbyD7MqJWkHnkk3yfyKCDMJ5zVcK8o	100000
13eSqvCFpZ8tbkwhUQTztGZathjYFrHyXi	100000
193PL7Hb7xNdxgTS2aHUaUjtnANGg8BFfV	100000
bc1qp3yefjq4vekx265f4mx5zuhkkdn4utmvet00lz	100000
1HTPFuPYzqSSrqfQrQqjVwrwrjBaiMKHf6	100000
bc1q0yqw0q3x0aw8wvk89696p0572q7kegkqgf80mn	100000
1KHWN6d8XhSZ1RWiRinP41h4BgrS8Z2VrV	100000
1LGwvTMDqqMChg97tgTJncCx5qbWKh8pxn	100000
38QyDkofnu2fsuqHweJFV1rQKGmT8qRGEu	100000
1zEx1VRdkuMre7s6icja6CYQRwSd6DjWf	100000
1RuFThj1LyrgNVr2m4FTZgHdjujijbwwL	100000
1NEUuGMmFdPF3CYWxAU3thDTSMpLbLzQd1	100000
1JCqhKU3WKy78qo79yr2b4rcEm5fh3ek7C	100000
bc1qfluyep5gcls4fkzsshw45dl74555t5f3q8e4mu	100000
1G5f1wog3xScqrH1ep63iJRGWpHhq4scfA	100000
1CGpeS1KDUTuPJpWs71ftaxRsouwjwowx3	100000
13Mp5UJw2De7KsYjeHgn2sFCnKpcGazu8T	100000
1KQur77nAhhBkU6L46pvajmaXkHK9nGgY5	100000
1CDbvABx2XJarKhuoqALJ54Yi4dwAH9rJD	100000
bc1qnx8m6v0psn6wmt5v0sjt5m4m8jlwynr768mzsq	100000
15L1MR92Je17k3NTULNRf8qh5bKedpX34x	100000
1J4ZUxSQaD9MgFrkXHkcqp9zYF8a3EoYiC	100000
bc1qcxweuyl6fzt35mgrhq3ps738j4pdg4yut2juzwmpfr7u2cqx00cq60zqqh	100000
144Vn2BTmwxncajC8ZsxAwaCh9L25LRYTc	100000
1L5CMnnn8tu9VhxjTrBTq5HcpzZKgfxsaL	100000
bc1q6748etydqd8l05qgjwv7cjvendnky9mn6fpt7c	100000
31tinZhk8P2iioFtaPxJGAGuK32rqjpYKm	100000
1TN54PN4AnGDasUPv1mhRMNXhiV8PHMJh	100000
3FfKLriL4XGe5rNjBX7fg1Qwc5XZiVxH98	100000
37fsmEi5hriZASc8ifKBcLxAMrV747LUuH	100000
3K4fSUdSrqLVjSkjDygzECU11JPQNEU7VP	100000
bc1qrs6q4a24l0ap7hqtecnvplhkxp5jmndjrsur9m	100000
3PpEXverVpE2beL8HUA25DP3xzVboaNgte	100000
3QvcxYegAp6aoZGQAoRaXwqR76rPDDR7JU	100000
bc1ql8gxxkltsw0q6eetna45s3f0yvuszlm3untphk	100000
1HM9ALuw783nHbSyfsxHXKxHygP6w8tKFo	100000
bc1qls9g4jneychpst7le4djn3gzrmg7ma7whwnd9d	100000
1ENugDdEyzYkYTQWmPw9dqD6sibkwo8iBk	100000
1G1odsJCQz34BBeLWqDKEYWrsifnyvWESk	100000
1P9Szz3zHvYjYPGgey957ZFxFtKdJYq8SN	100000
bc1qgr0mk39fmvk0zrvyjaddq2n3752g0ahz8w5mc4	100000
bc1q6utch47g2cqca3ekhklmn4dz7z6u33uvs3hywl	100000
1J7W5BuvXrfr5HrD6L9gDo1MVP6XR9aZkQ	100000
17cqkiUbKw45Kcvhpt64JGSgeENZnfv1oM	100000
18d1koUL9m9gut7yRvkBMv8JVU1hT1dZpA	100000
1ArWQcLxZydREKVeovqwmNNDVHi8dYdMDt	100000
1NAQ7nQ94M2BuxL3t9YuQA8fMWdoPKKjGo	100000
15dskwvPLYah65pWfi7S9g341wxRmivAG7	100000
14sHx5JZ5FKBzit3c1swwRQZ6ShjYpNih8	100000
bc1qkkptuaz3xnc0dpukvlqk3l9qqu4w4f06xkzl2cvl6z06da4wfywscj6zfu	100000
3QjWC4xxkfzh9U5x55vKeAEQP8HFdLcHYQ	100000
1JTDX9xhtJ1W4Lpmi2gBCFn6fm8Pox2QWN	100000
bc1qv7cskttn9slfpfjruujc6zlc2yqrqxjjzsdx2l	100000
19WvedWiKBVarRqL1JsH4C2drEx2a2ZutC	100000
1JB72Swf4FnjB92G2c1z34xznvKdbjD5an	100000
1BktyKWcGzbKAb1ejCJnB9NmnQVNBiXSqv	100000
bc1q335rsxwap84cz2x4x6ysxl9hl7hls9k3ntl8ws	100000
bc1qpwaz99f09zctytjhwt5caqfke88reuwrvj4p47	100000
17sSesHaELxpKTiXsQveKN7sPAGSqZgUyZ	100000
1LWjMqqpEYJabGhfNKfnXtNPjSyVM3426u	100000
bc1q9l75tqxztv5l5v0ezs73xk3t9kufp2l2tzhn6c	100000
14ejXujRnRMmR7AffoeAnuTsEnGDGcTXXA	100000
1G4BqUdXigmTp1AAb6RNkm1Um95deK9jRz	100000
bc1qvu3zhf9856cfqhnp28uspqruw0sg2975n25dlh	100000
1VPjVonztu8araRRJ1CTpYfLxhxPKftop	100000
1NBqPFZPvGumsMdPYC6HavW1pQyszMCWcv	100000
13DQM2SXuct8Yv7yJkfpz4pyCCcm4hK3vG	100000
bc1qqjue0tdgk5wgf4ew22ycrvsmyhzrm52vhjt6mg	100000
16PNJR3NhgwsSHdaDN8uSkJzpjiaTmJ2rd	100000
12wfsJcGmAhJ5QmNFVDVBdwEcgASDCu4jt	100000
1AssEorVM8THZS44fU3ahuhZYNTV8VW9Lf	100000
1CywctTqZZnxSmLDi4xNvVYcweBsavwJ8W	100000
1N13HLAFZhxSwSoKuZRLcJtote4ZwWGT3g	100000
bc1qvc9f90dheg9mfjc4dma9fjajqh7nyxuyummvlt	100000
1Ct5swRgojVRewCZRfGpvouhyCtDD3Mumx	100000
bc1qyge7l2x8dh4rzc9dhkyq9lwye2ugtt4wqd3rx7	100000
1BXkW6CgRVVhSNjFcV9cKFtC3zoJKxBUW1	100000
3N1cnX2BRGRTvWYx1axGumLLu1beaM5UvV	100000
1E11pPbUHHVaAoKo136wU2ndh2coiUrT4H	100000
1538KhijHFemU9KEpHAD8ceeLGi4yWvphM	100000
15VdVtE4m7t7bqfF77J7AqT63XtiGBvMHM	100000
37WAMfH1BbNogY1M89k5wNE93tkc9CKhU8	100000
1H3yqRVJM7USqg1gb451vzuxeqbPyHBsS1	100000
bc1qjssqf5gw8czvhk828aagfy84xfqrswk95du727w379qunev5an0skqnyp9	100000
bc1qmjkfc46ca9anglz9pzn0uq7hedpsgugkjeuqzr	100000
17u2P72zsMxYFNEWP7MC85CuXSUhkgrDTx	100000
17RhAaPJBUxrDjhjW2GKkxVwNu8bQ6N7AA	100000
bc1qvtnkl9ffsd3tqchk6zwhawvekwwht9qc9usfdl	100000
1MLuiREDMb1peii1QdATs9rciCR6Cj9u2f	100000
bc1qvre5d728tujqttwl2x2w82jjrmkj9jhr0kxgeg	100000
15z48vsGTsQY6s7CwWcjmsnbrQxQrshr6T	100000
1GNUPFXDvjccc7of7W7kPcWFQbzkkw1G8o	100000
12CB8rMtYFGrSu2E23Ur9RooWXCJqhEAW5	100000
18b6khhVx5UoLGmeQYrB5pimhceZC86pge	100000
12JNSbAHzuA9KTRyoGuP47WMNJnVNUwkMZ	100000
1HrTPAYGf4Ky5FDbPBUuq5SJaJo3pmiswx	100000
bc1qc577slw22aevwmryr329ur780drksc0l5mhs3lpp5xyp0000vkrssk4ct5	100000
13xjd2kP5dU61XCnUvJzfimYjgFVcN8FQT	100000
1QCnpKQr8fecWvRTf3stJHP1PFCHWPv9Hr	100000
16Uieex6iRsztYrrCg6faVDpdZ5FTCoaDX	100000
1JfPchNf4nPHjJB7WQNoRdUapPeJAZbySV	100000
17rQYy6e2zdcXk4No5jn9WsEksRZbgCM9i	100000
1LaVxajpyrUn2eP3WtPind6JmSxN4A9kZZ	100000
bc1q773ufnxl9srj0lrdxnnk4twhkhyej2msm85w09	100000
1LLLB2tqcoVQQaovhgQfNz7HYAYuFzSscP	100000
1AyXAdZT3YDcekfrZ2WYEUjrMZYz6vuTnA	100000
1BS1KkzYf3gko8PohWfH2Y6hJhQUgZn5Fp	100000
18k9z5RJsGh6tgCcxrHnbf7xRSLbU8kkJm	100000
1LFNfo5GRhc6QontPjzPcBvrj4pYxcNCtB	100000
1HoAAXdQWyeP7ozbWNgi6humy9XyBvP2Wo	100000
3H1bsboCJZJak4EYC7zK6eRCToPpgWahFY	100000
1FRvy9NTa6ZvqB1LSLECv4bE5XtVTWNQLV	100000
1LH1TB3WkKudWAsQE84vW1v1yC7C7QyVK7	100000
1Ehmn9FsrhhVhMd3okD2saeXktvMYALLta	100000
1F7ckvBuKjLPBDhTSPCzdVjoezd8qGEaeo	100000
1VJAkGxNvGzHuNfe8eQep6mZDDZUhENmX	100000
3M5LFVC9juXfJRzRuz5fPZLr9USorks3nv	100000
1Ju78oTiDUz7bPaH6f1MbQSciyZwMjcmTP	100000
1PnRwUWcQgFws2aZo4jHViaMTzHFVXv72B	100000
1L38kgp5cqRJS2gyPPgCSMuLkRK5iTchcA	100000
1M7qU5wREao4Cv6XAuDSaR52RmKkLhSjeT	100000
1Gr7yUxG5CjTy4eMJ52fxouzfXvesdYpCH	100000
1CyjpjARfxiz7ph744WcMA567NcZYKw8pr	100000
1Hbst6qfsQh48HkAE48fpNo5Swp4R7ZcEK	100000
1SaWBZxrpvcum2uz3vcfmQNqWg8UNWHX2	100000
17cskf1aDEHsYDaWu8L9JDxLhTnWXDWTqP	100000
bc1qhf2ru9sm93mugmwju3pae8vp92lqjhznsv6hh3	100000
394vA2xuptisSr1KGa1vENdenHrXqPXjgr	100000
1FHii454qfCJrZ5fx3bWdA8WjAfTkx2bUT	100000
bc1qrpr800amflnw6qh2q6dpvds5zsaghu839ufav6dnye2tqs9k7rfqpmuw5l	100000
152RSRoxQ2JpHhd6ssza6irzxfqmPqW68w	100000
13cG6cGZVh362Ct4aMZiLns6kbsRQkNPES	100000
1QHXkVjVxQYbzC24VaCZkBbgckAoitroFU	100000
1A147AWsWnc3saqUiJ7WK5hf7o5hWCd7xd	100000
bc1qj2p3gqf2vzyd00fcsdcafurjruy370gsksv0ua	100000
1J5rGJEtpSmqViDZ2n6prR6wEjMsw9Z4fL	100000
bc1qmduc20jl8lsyw4tmphm2aqf320sdm8e0ykvpfa	100000
3NjDuLoH3NVTk6hmQPQQYnLpGgyPxP25zj	100000
bc1qau5wzn67u7qg4drujs4z37pn3k364zuu2ry38u	100000
bc1q0za8xnrulqazg26vsv4vedszdgk0vxfzs6qzgr	100000
bc1qmqnse9nx4rnhw4mdgr7snhpa997hct77ca37ck	100000
13EKyk4m4odGF6QajZUvj7y3DHA9BVGY3z	100000
1EsG7EyAvBPLetixcyiuCdGnjZr6G2fj83	100000
1FCyhQGSri4XJPxhdWPGp25dqisRqkn8SL	100000
17KpZYkNfe7dVRKk8GxLAAf21cg7xf7Jni	100000
16hd6vqDu5cWnn5FTm9cdi63trRWUSJc4g	100000
17bLUNNNr3AMAdHua1QFNMPb7VargGDSxA	100000
bc1qhd00yn53vdlde6eq63xw4lcsgjy2h88umw93m7x7m6vpcfwhdzasf0mt49	100000
34c4uEitctJx61ZXd4k8QCYSdNzWxNFZ1r	100000
1F853TmHFDvmBQCkref3THamsNzd8YVTqi	100000
1Q6UCtvp4cBqsQUPQxZG9gCzBECVxghDrM	100000
bc1q6kf7ea3m807fyl3n4p2q3suwqatc57n24mn96rs5scawxle3frvqcrass6	100000
1LFXJEBsd18DrT5fjw4MTfFfXKeG7ogCtN	100000
15u1BiJ3Uyn8VxceTxFW98sXhDZnxtwQbo	100000
169ovvtudjtMYznWG5EeJaSHKquQqNjvf7	100000
bc1qgut2me3r6e279rmlkdjmalawtkqth0s3zln36l	100000
bc1q7lhv09t203vcr7s5xkcvsk7lpvlm656d0wq75v	100000
3NMc4aXAHfjoPS3X35yGG1YrBBS4HseWQb	100000
187qjgmZ6Z2wKExnR7KaoG88jVZ4gJMFix	100000
1CmVe2pHJhHLdQuZWGKFkU9FzhovdyhVXW	100000
3AQsEpaQSVGjjx3D4MwtiQx6GwhDyTwuQS	100000
16MDE6S4NZoKAGJQrvnfKgVFmkHBuUffrB	100000
39pQ1WKkvucwjw9bSuEUQT7jPsJreVRkXc	100000
1DPdpnSpASSh1738kDNE7n6XkMFHZQCDWU	100000
1D6yQ9AbSp3CRrQkvpz25gEqzkcwbxkCq5	100000
19c7dinHfoUjQ8AL9hvshd38FRVtbVbC6W	100000
1B8G4vUr4HjeEUreM3ng9f7oDzgCEed77A	100000
1NxDi2zTD7xkPzQpEqxjJkFVhaDh8VigE4	100000
1Epv1r6E74FTL3mP5qwD58ENdhSjtxRNUr	100000
1CUDVY2SCXAhbQb4yWoAn43BnFJ8iUa69N	100000
1KSw3ubJYs57xQSyT1qRNVbtjUrof9zWAj	100000
1MC2evg79nxRCbGath53UVtqK9qK6pcnAN	100000
15sngxK1v285cp8haU7MCPzFCV5bdc6hKh	100000
1Fy3xnnoa9REgv5YSnQyWsrBdmxju9aTpr	100000
3JCTxGhhdcBg3jFZbF4vvAbFeCN6YBhWm4	100000
1AfWB3kxYq2hfJQsEznEsf3JiTQrDeNBbb	100000
1FbGq7eLEGRRVnZ5Xktjv3jxTSagNNNKvd	100000
1FrcAcmFCocUUZQfPdzJU4UsVQ1uNDiS47	100000
3GmWNySPLbffqPaPkFLB9zgr3GP8Vk8FtQ	100000
19uDqpFj72pKFZY6FcbWuwxj4mg88gBwqQ	100000
1EQ6jakDMfWN3dBd23dz3iP7s6NbeT59tw	100000
1Kxt6Q3dWhTbpW9cfRxaeVza3uXdK8C25n	100000
361bTtTCJoZD9uFa8CqVsgGa6TDgJBMmoK	100000
1HFaPkxXXKHsA2bwEdG5kpPTwMAhMons2A	100000
bc1q3h9dgzf59klayc80hfnfdlfvvt3whk0qwyr30v	100000
bc1qmhszrh8ntd39s4xv2djdfvy4zyvx9dr752z3lg	100000
32Cm4M7UFdTBr6x9dxCSXHL5KSEoNpaPsn	100000
1FL6zd9cgM38N611DGXEuQKRnw9nbPNbpy	100000
bc1q3zt4ts3v8a20vees3dzk4ns0jvnnp5n2v08wxj	100000
18WgtJ6wv28iambK2a9ap4hcphLhnC19tz	100000
381soVPHBhxVPc8S9i5EgNM8SKRi7z5bqY	100000
17ux7J1vEBLVUUJGb9QQDhkggxesMmUqz1	100000
1G5y23ovUBiDp8NdvtCVU2rE6pSxK1c9dT	100000
1AVY5Ad7MbWErpU5VixwJBN5QPxDVxEYbJ	100000
15FVZDboxDZhekvpXq4vFCP5pGgECHhUR9	100000
bc1qtvukar7d42g9gt45nrl0t46sllakfa89zenqz4	100000
1mJZgR2bWXFakDKkhygSBFfkrSrsMAcoT	100000
1J6f5wdBQGPjwDqAWsgsRXUxWeJ3ShXLa7	100000
1KATQopLJKf2r3ZekRmHmfHUwGhh29z3GA	100000
1P7aJjjrNcNrfzpvYcJoX7qauwXUTeSp5D	100000
1MeMShjMGpkgrf2AVxsBJN1EcaP12jPGCC	100000
1GE5jg4V5iMZzY3teXWhbPydQy5iHm4M6i	100000
1MNnbmBBWkajZWXndzTvjUuwdvmQoETjMG	100000
1CKMEdNurrFf651qkMunJd6kA2zoQFHY3o	100000
bc1q0tcxvzajfqzeszx8k8rty2thf7zvjlk6u2d7905ze34dwh6lv94s4623zp	100000
1DqRJrVrZKhHTBzu2RSKnczYDhnsPWbgxh	100000
bc1qvth6dk5mljtvtq4033htfc84fzpssrnz7yvdcc	100000
19FMhiCT8BYf8T8YEufvV4u4BzQNYix4oo	100000
bc1qmcvku2dzm50dhmpp3dv6qkt42392mngu6q0wup	100000
1xp6CNBDGqFqhm21Dnd3xXzdPak9rWtCx	100000
bc1qaeqpj8m5g7t63g59lj8qzava04n8vc5t4h6yy3k0gnchqejlkpmst9ygxd	100000
33bXvgpcDSx2PyurGHQMdLAcTYH184oHj2	100000
bc1q6kpmcd3m6texzyh7u8yj2dpc72e7k4cc40ffy9	100000
1H8KHSxdaow9jibnvoz3GqqMByBTB3Xcce	100000
1CV31gD3xdBvx9ByzKo8nhz55F55wwPZMG	100000
3F2UqKMXfU6QdsUEZikt17W85TdMzUNtVT	100000
1NMhkSkv5nLL6mrc8BC3vR3CvXJYhdWspS	100000
bc1q08rnk9wdmpz9svultsc7cjuu9k8tt222cjsl3a	100000
18v98aUi7VG3ZM3ywzSzCipEYhGrEWKz4v	100000
16rUmgSE8uaecJRv3jUZDK1MHRpmydkQLZ	100000
3LwBHzKF485MMWHnyjs1N9ghZuXtHoZtUz	100000
14UCUMJ4i7MoZCLZ5hqEbDDpa23qeHddfU	100000
3HnwDKejcDejRGNcipwNnFAn16mTFU1kPA	100000
13m16WHqwj5AhYVesm2CRJAREvbAhcYSf5	100000
15SpeevUFYDoK95x9K3dooAMy4hBfyYbsv	100000
1HkBNr7sseuV8tsB2kGWuifr9sm5mQiaot	100000
1RmvuTmYuoPGxxPhdTaucDuS3mHQUDyRR	100000
bc1q63ul44dm62hvxz83ekwsf23t4ql9merqvzv23h	100000
173TPHqVTMN52G6TUajAixhWYnAEdKajTq	100000
bc1qyvr07am0jfjd765ynp5jrw8wj6m58dfruacent	100000
bc1qqc6t0y6gqpl4yr4kq6kyudz8678p60kcanxaep	100000
12xoBxhKBKFd8o3jrRrn7ibC4Z7oiKbVPP	100000
bc1q9qndq0utm990zgdt36ephcdypwm7pzcc27rhjh	100000
1CffmkhB6wjXgaJmCo7mx5kg8HAfUdZDJn	100000
1MQoA9J4cs2JboYSxxVE7jAPceuMJJSVSV	100000
3HC64g3BUTnbZiHVDSXk7ir2S17w26BSgs	100000
bc1qwcksktw0frujw0kjcfyy4venn0as3ydu3m4up5	100000
3Knw1A2gtXef2ZnKKRpjspjRTNtUP2y7PW	100000
bc1qlfq6nfqwlzqhs6n2uxxl8l09n93ecjrfsv7hlq	100000
13tFc5c9AARbVN4bhTY9YadEvd4VaPm1K1	100000
16FuE3FWo3pgzYU8m34ff2BZk5Aj5kGDr7	100000
bc1q8y6vflm9w9pcr73tadgugf3s87vjmh40m47508	100000
bc1q6vhzz6wkstc4pgd36hgs7aqnr40q6q2mevn7ed	100000
19WkD8GKhQxXYZjGEF2v6DPczKfbQbojQf	100000
bc1qjuq62j39k8cxtyrqykua2g77k27nepgm2tmgef	100000
3KwQdjepdUyuxk5tw9YpEydxTNhHKXJwvu	100000
1Bgvk16FgsBvYAJbjkJqSHRGSWb6qEeUho	100000
37ekSVNbGjjjBuywar3yL3MHkPDYabNYtN	100000
bc1qh6j0ulk3w7gnjfa0ha27hpefr48fx6f6rfzp3t	100000
3FmHgK3857S5WZv7Xh6QCHh32eQbNkgbup	100000
12EW1iVuPTVmmhaUDuBUjcGAGWdpLaCjHk	100000
bc1qe3uglr5wzt85gkzstnvr7nmx2mn4vxsq5rr7am	100000
bc1qmqlsjt6fcjuvc7yh57smg25cdvpm4qmsx5a34c	100000
176yNku5FDKiLQDm5vWxqK7FjMZtPnPdga	100000
1GKLHz7XfBr3vK41AgHDgjMn8568SMGii4	100000
1Js6j25bptctptuRWVCFEjP33KLysQS7pT	100000
3N1wtyCW8rgUA8ssVyubDQkaiSXmodcZCR	100000
1PdzyQWypV4t6eYfRxDgM1omkFPMtcooqE	100000
126aVL6AXcZ9JaefoeqC5FvdWVZ17FQJkT	100000
1HH35fiKU1gEvvxs2EjmsMh263dfu63Na2	100000
bc1qusesm68tkjcqwycnzntllxrvxuc8x2u362d5s2	100000
bc1qwhmyd24ef72xxqs7hjm48a8477zmm3t8n2h73s	100000
3FupB16dfDy4RqgUPtLR3Ti7peiX4Y1Zvr	100000
174h84PtudHd37i6EVedhmSRaqbMPyccY	100000
3D2zoE5dpbKFgXmG9LJ93k5qBu7e78xrfU	100000
1Fyksr9cqbeuzoD4Wnt2GmwTD1aJ5kZxMC	100000
12Po8excKCkFVNycbSLsWgsyuwEFPUqqfo	100000
bc1q5zh4xsk0wlree5sn2phx256w0s5gwa8me6dg6g	100000
1HULU8u3XXWgnAeBkQCb1uuGS4gxK8CGia	100000
15d46HHzhHZHhHXa7de5XqCHxdbFP1MHJP	100000
17Sb2JHH4J9Lg3sGkwGhpDrw1SK3Ja51TB	100000
1LpQkFBmBhCVfgpfE53yRJgWfFgPqMhCeU	100000
bc1ql03yywu6nze2edk30w8gm4fdsnte8k9l5a5ekp	100000
1NfvpW8t29coMR8F9zpbiJm6CioMhP78ym	100000
3CbYxkswzp3wfoShXnfpBacrKTM4whdrcX	100000
16FyRjzFzJx3hmnqGPmbrCUB2rL7Z7SbXi	100000
bc1qdmtgnkn4z5pa2ae6d7hlzpdfxa70enslyeprl5	100000
3KcWFnQmJTmVY7DcabK7RRJk7DuuARHdEM	100000
37NdDrBwnzbVdddbt78U2Y9fEjp9ka3jcj	100000
14qmxi7P27MUnwjy3bQJbKsbUdYZmsrnoP	100000
1JKutM7AmSP8FjLyhseFheggqyFeS1zsWc	100000
bc1qhwgms9d66jm8qkzzvtaewqjtl0kq2ajx7yqlnulh7ld74uz2y4xspcl43e	100000
15NUXqPkGLrtcAdSKcY1KqkyYmVkuKYgaJ	100000
1KBWqYaUFHV9pTixFu9cJSU4dynuyejaWi	100000
1FDotV9ZUayRyYk6cWAZhfZpfmCdrFpDg5	100000
bc1qn6ts5th2e4cjwu34uc5tfmmzvtkj2muecpx0kl	100000
14h9uky81Qv1V9vWAdpACmxLWp7bnfDECd	100000
13kgRHvFWEmznw1siHypSgXqvBxfsXUNWM	100000
bc1qsuq2an7lsa0xcpg3n0w24w2xt4xw80u5sg72rt	100000
bc1qdnk29pm9hmycf4g2rnzu6fu9w607frj2dqytft	100000
1AV6KDCfTBZD3d9vhUchuqtZyUAQseBUA3	100000
1mgjAX6uJmgSkR7mfoM5suTibv6S32BWD	100000
12bpEe128vSPcuwrykXL3JUuHQZZLWEVji	100000
1Fn122b5GjSf95xqr5mnRsLfSVGh7gt449	100000
bc1q88v3000d9fn3zd5m8cd2yvc0zku72glaka5rh6	100000
15F3FebXvQR6MMSvoEHfEURWzn3ijczgYq	100000
114ftFR3WLJxJ77n6PnQf4q2NC37Y9Fh5h	100000
bc1qkw39gx6r8f0apq9xwrzsd783ld7nllzchul0au	100000
bc1qq8jlrpfk6wsfky4gfjsa5xycy57p0tvgjgrex6	100000
19ULMWRfwe2WUDyMGKnTZzqi7aBgqm7A1a	100000
1JVJYEePbWobNMjBs1FnmYJdg8KsQ6jQsk	100000
3KLZc8sdRNHncZZrZ86DTpV8Dbg4uDzw8d	100000
bc1qvddgf8542h2utqzvrlmd8lr6smwdw22hjuuvt8	100000
3BMEX8KoS8Fktyo8pjRu26215GqBGXQ436	100000
1FfiAagN5T4N8AzjhRW5QeufvvLKgJfoQu	100000
bc1qr5dv6fj879un8ednl4f8503yywklnwnw6g7f84	100000
bc1q9auvt4zkkdxde28rsjz6t5vxlp2thuawzx78ny	100000
bc1qs3lfqw2h6vfvs79utpufugxh4erwqr7hrjxk69	100000
1HwMc4QaunTkrXLvBF9wbGMPGoGByM6o8T	100000
bc1q7n0wfwuvvvtgvqsgr5vesvxtclahmpv5s870rahjpx9xvnh7ksyqj4eftx	100000
1EfcSUM7YWA6dr6VEpLVtsBqKpuj3yKTy	100000
1HYN7wLkoBrRjhTqDmbJYL61Ht7VrBUtQK	100000
1PEBk7jH74H5fh4uDcosuzoMoftQsSghsw	100000
bc1qjtddz0reasunn3j5pne992s57ft05xjcemnygprxnn4u9sy5le0s2yv05a	100000
1LmqHXxutc5rnndUaEXSE2TASZdmx2Qro8	100000
bc1q4h8rpadktkjay8z8ns0f6y2796tyql5k3d2kp8	100000
1HvfoEdHEHtQVRrt7JCXhxiGjw4qqL3rh1	100000
1KXsPqjTvbN5fh3e7n6FZas9eNfJdawcqA	100000
1DjGapQeg1aaWCnCne3Ydkz4hxmVBUgYQY	100000
bc1qkeguhuzddwa35xknflcz5293w8emmjcms345ua	100000
3A5iM3S1iH17YTAfbdupn38R9sUCkP7gbs	100000
1NnsMjiMkydL3qKRL941ZvaNZL4g2i6sa8	100000
19RP7ZUrsem8XuaufzWax4C2qNoKMhC84b	100000
31oGy5pGiUM63m8NBdFGb4RoKKvgZzdw29	100000
1FQCHTxteSgi3EscfwfLwSsv3Rt8Qv4bLc	100000
bc1qt2pqn2tjgfzgttlsjtham40qe5e74pxhewl5u6	100000
19QtmNyVfhRcx36V1ce8ustEoKmqGRHcsU	100000
1LZcYWUdmFTSv1dSmTSu3cL3osorZsDtSP	100000
1Jitef3FfB72JqrSnYqwEfcJTDM31VaaZY	100000
131deijiRYxZygpk7hCVMr5mkbqCVmzb99	100000
32EwqC8UWo8AapBQysHgkfnLfHYYZB3Teg	100000
1EDCDVJ6QmTq7UzFpPcRAFYMvdG1RronTr	100000
1NwaVQ51JAA1Bx2ThCUMZCrn3PZWyH8eEm	100000
19DxAASGHfDF76wpMsrtHqNAySuj3TpWok	100000
14w8VeWzyX2GX9NtEY3kD3Ab8bSDon9DgD	100000
1MkEvxrBAHrs2ecYLdzXY6QZutEDF6L4aQ	100000
bc1qjpusqxc7526hxfv8cdk06w53ntuz8aqvdxux0c	100000
bc1qk6r72s7d2pgzj0hjk5g7jx7vt4u33x6m344wur	100000
1PQsVPENbnV5KjN1kkKNB3AmRwNUJW6LXy	100000
1HYRWY31QjRELkfp8CXtjb2KpSVa1dmpgk	100000
1Nm9UPgTgzehSHJ4gGaAQUYR14MGpKQeQ9	100000
bc1q663axnnzpynlmpv8pkrnmngs57737z7ry6p9mz	100000
3MsWgHdNH43jJY4JbXXwZWgaihjjaa9SsY	100000
1NZWjJRR9261AYp8cWvxhqHaUoEt2GKZAz	100000
1Lkt4eqyU1eSbWNZ8F7ZhghDZzcHA3JZXZ	100000
18N6DSMBqhrXXisN1YitDXNLicwZ9ErqdE	100000
bc1qw299xwhz2eywt4zy54fxvu2fxjvnjdwwe2tzh0rwefezqf34dtkqtjmvgj	100000
bc1q7hntvmn22tzc0f7zvmqnw2k9795272jv3ckj3v	100000
1tipa7PDGpypqDcvhzjZy3tN96K5fkitL	100000
16MGf5XLqu4JVckYu3hcK5EssXZ1PfwKyL	100000
1EGs8nBRMPBm9bYdWoZnXtSwjS9nbnDd4N	100000
13QAs8hyt3KfKr1Cg3yE2KuLMdYGDbkyfJ	100000
32sa2Sct8a6wfsqGarxdUX4tTmu664bmXW	100000
1Huatz7iNs2FdWfkLGjk7QkrnUj2RC1cB6	100000
bc1qj9qanp5jlu0twpen0yd9aa7z0dsch75pymdm69	100000
18rAFgWLKvviVeQi1DEyWwJN75tw4pHHef	100000
1Mk3jzXa59xGGxzyAzx2Wfbwsm4eBBC4if	100000
1GhoW5UKYuvND7aZc9dVptTDaWi97jqXJM	100000
bc1qn5w7nncgt6xh5crlw24ea0emh7dsu5tnpdx2uk	100000
1JYdcw395cBRsZwkyDuEyby4AU6qZgvkwa	100000
1AaafjuBQEn39XrJL7NfK8t1AxYHVxoYqT	100000
14C3NkaCPHX6aLacShE5A9TMgskMu6jA1F	100000
14yDrwYKVm9tFxfSmUtSLErDrQhfNKtWoX	100000
1G5A6yFk8Jx24HX3UoGAwJQfVQpmPuGsan	100000
1EhXfcHEJXVR1PK5GBQK9yAGko7pXrsNiy	100000
1NuK67KFYCL7x3FzfG7ngcjcpTp3Q76eLR	100000
1MLxFeWkYLwRAwChW3wY3Bq5t466kJyAvY	100000
1SwfNqyKE1AXyZnxxKXbd1GEDDMXnyqni	100000
14ebuhYe2SqdHeZrnd8CqvpMk9KLGQ3Df1	100000
1LncYSeYUamq7UnUsyfoLs3xofQC1pwLUk	100000
3QuNnsZ1o5NuL6LCinun3menCiQsy3XuAY	100000
bc1q4mq93r7uvtn8v4zm8ad0gplv6r4dwzwlx8qf5d	100000
3FZYTbPMkZv2c8pM97EAcqSGQFQE6qVDdS	100000
bc1qpf4rumucwuxdmfmpp5lh0hl0j74s238s27cmku4azh8z05evf05q5f8frp	100000
3DVAXSaGXXFocMVnQwFBEtnctA9iVU5Cbm	100000
1J8gt8X5rNcx4pn25vZYJTLNMmndE8XZsM	100000
18uVVJ1jJhNMi635WnkTMyigNDs7KYeUQy	100000
1685MxZR7MpfF345NeTwrEnTDLZxiG8xx5	100000
17MTk8GmXJUwdgw1Vqj5HQ8LV3iBeNh2xU	100000
31zbAHdU4KpfRnrPGN58nCnyBQxzjGh9NH	100000
1HmFURxkj7uBf7kUzSKtCDLSw8mhTGkD4z	100000
1Fd531HGr5dsWSXcdvwJrJpPgGR3aKBCzv	100000
12dcR4nQ13wxgLBemStHx5rDq1eMPHcvbX	100000
bc1q23jy39gcvnuljpkxd0em8xhz4443zly4m5lmyy	100000
1Tvk5hjDc8mVCgdf1TRy1E8cw4fgWcQsN	100000
1t5oPNryhiJ5xx5ox9ZkyiymKjUTuW7Qg	100000
1L1sRX47sUXa6ksHygcvjHVsGh2Pnu1vBq	100000
3GgPuHQsrxdhPBHKx42dxBAeie4Vz9UtcH	100000
16YJiEvDAJTQKSrhEswaU1agnHiTKu4bUM	100000
1A5DxviX7Ccg97zUHhTa2MjrdykKRuavxu	100000
1PYbSnRQ4PH8jkkLegs18wAqwhPc6XQ9x2	100000
1KVcGUDUWb5YpFJGDfcWDv659e1bX99xhP	100000
1LB7iAcK6aSQWxGWywYz7rm2Ym1bBMqw6	100000
12GesoCpxT7FeKR3FYFYgiQaWqZuDGNeAk	100000
18YWvYhLDVUwBz7CFrQfsEcVjysqpPF2hW	100000
13rhTLpRX7JmgCA7sZUu2ptKHTvhP4dCRD	100000
19sWGAtSz9xtqm8Z49dwukG7QLHpZD7emL	100000
3BGBDzLyBeeWj7jFXPvvgTXUrp1AQhVdJj	100000
14xbiJQVbCUT6WCWskdRcLyzBUn53QKAfA	100000
1MbHs3PQa74TLpMbAz5U4bYSfr9NvnExLm	100000
19EMhdzMgdTwxtwFh1BYNBWuJ5aBkdWFUQ	100000
bc1qpghwhwpnw6ykwztugvn5a3e84t5506jqpgzcr9	100000
1KrfzgtM19dVw65RtHBzSZS6bytBoB7bFp	100000
1BZEtkti3WXTJikRqVQrFrJeNpv1wx53NR	100000
39zZSPds8nU38W7j4bW4aqNuscdvmHYeSU	100000
1HpaxLUUFoHfZQgeSYfM1ww2RFLAqnyToe	100000
16Q5w1KiJUVDUXYSkpgYcGe15i6QN5MeE8	100000
bc1qxr4w4m6n9zkaujrp9ukauftw3dr3rz3l29eytc	100000
1DeYdByrb4kL45EoAgAnbjTjYeHz8F6HqZ	100000
1Kuw6zXff5WB2FXoBL1y2k1MHGWon3xibM	100000
bc1qy5kr86l36dylk0yeddurhku7mw7zj85krfjket	100000
bc1qccuc6f255cm23dlxa3kma0jmj4260qu25cq0gy	100000
1H8XqBoTy1f8dMymhbChHYjwXymnVxpT1h	100000
17gUEZyrp5CkjBh9gFFsQQcy9DEGKgAp9s	100000
1DBdQQTFnbUgfFd4riEpBxeKgwTy7TToLz	100000
1E8qn7Pd8Nhek3bWZtsaVsZsPVmRSp3mvn	100000
bc1qn708uc7c50479c8j25ajfmxn2c75903zrvz0zv	100000
bc1qj9xaklpn490vuk3ts8vyha7vegm0xqqdpdjwxr	100000
1EFx1fmNkYkmoq2rEYMXiWik3TxERerV5Z	100000
1EyWNFsNRfdJybXGJPx5EbD7fFqJBaC6AM	100000
1KUAjnztqWMNcXJ55WNkd7VEEmSHEFsx7s	100000
bc1q5slxcq0xk4q3jtqyjyza7upd0e86llvsps9vat	100000
bc1q9aaw9c3wpxreldps25x7hzv2p96vnuah2hqen9	100000
1CPck5LBv3ifXTH2Zg5p2BJXMa3ag1S3uZ	100000
1K1weLWSgsKJ6gdZPuWYYs8fymwh1dbhGT	100000
bc1qeavas2pj5sfdfte7x3fagvctvdg0plrejkcxku	100000
12bMQFX79whnmEr4R5uEqkZQ7GJmyWujcf	100000
bc1q0xfksfne7zrpm3efqsgp735zrhyjhqptp2tgrq	100000
32vhVtLKKHLWLQzTywomHU3RLwvn48ggjH	100000
1G3XwXvcni8qiR7txiKGSNxkxUeFvmzhw3	100000
1BmLa8ePHayb75gxfat3U6Modxc4c5TMRk	100000
1EjzDiPmY3VNHiZBhEYPwzaaGiD2JbP3ea	100000
bc1q7nlwspfht4t9tl9lqmrdajuvvpsvpmr2j7dalc	100000
bc1qnxrlzxgncslz6wye63ygezzpuxuug057fhreke	100000
1BpReZU4UGneRmnguZJqbcjuzcX8vrTyU7	100000
bc1qnglkuy790aeanp6q3p4jq9nl6na4s87nvucucz	100000
188WPn9GZ8ioK3hKkG5AjQV5sjCm21h5Xa	100000
1K4DURCtCcsJ24MRCTECmp9uZAQ6s34U46	100000
35FQ9DkWB1Nzp4u3c9iSyEKRuAtNjuJj5A	100000
1MFUU3eBBguvxff8xPNH7q2exUUDAVMLoG	100000
17Fee3ABFtNtbCTp4uZzbnijNKDopQdqka	100000
3LstqcySH4trRxmcjRjP9n1hCHw73QM3aR	100000
3DDYJqD4rNHd8QvUfcKuNAzpnkCS4onxf3	100000
1HususcoZ6wMWMukDBiZAf5gFxtL7NrJsP	100000
1KQ7vj4HbitxSccmZXPsvyGttXjS5Fv3jx	100000
1BMApWAPbgiHKNor28rwkxaowjPcwBfKDq	100000
bc1q0340x099lxx4qf5ulvyqcmay36akdrawrw32wmly6pmdt924arcqwgkcvl	100000
129QBBddaKWzoevWfgeCtWR1R5RoVgdUs7	100000
12R8x4z2siDZ9GkLchMFoBNHpTQ49P6Bpu	100000
3PqKcpoAbMyDWYagdLgp4Ki9vssZsQNrMX	100000
1PyMsEyB3y1FALtft35ruEWFcUEyExyFzR	100000
1B5qLGMWest2P6tK3nZtefpDBATRU7fruJ	100000
3LYwkQVYYseKTkwKvT5CnDgy45uDKB7fDG	100000
1KLBoeBSAEX2usEBV2urtFv71PmK2jYsip	100000
1DN5YGUzDDR172sucUMDJqWCzhxkaHWx2P	100000
1HbJhBHaZRTNejYnRT8HnYZwQaKWguW91z	100000
bc1q5wr9zfgks3ga79y3tygn59ey48th2fl28fmea4	100000
1KgMUv16kT6gGm3pF7r2gVXcKeoqDbyj4V	100000
bc1q3chvz2pdh5qfgmnke6afh6ltttkyz0n5x8rk5w	100000
1Dz7FiASaHf6TpPYV4GMxxK3RrqVNCDARN	100000
bc1qq9fqqtu5p86a45endzxjf3t8vcckx69z9la0up	100000
bc1qcmuh07wgp6dnur8ny7qrmet7qkz9trlsqt5f2p	100000
bc1qmwekzx26xsh0ta8lal9uqzaqhlpxlcwuq3aqvf	100000
1hxwrdzLS5G4xnJxrfX7U7YfKcrqENftu	100000
13dNdEy5QYkY7U1GMyi5KKK2D93PV6uRVm	100000
155D83diVXsM8baSgT7ifQWYqCeJ5YUKm7	100000
bc1qprcv7pmlen84p204syq49mtj4jyphra7yxw2kvn0cl8gxlavw47qxpkf45	100000
bc1q4ptm06letraxqazg9nd8eg3eeqcu4wttlqplew	100000
1D5f1CrQDxcMXcDJuavyqUW4KoSxQUfXVT	100000
1F3dz67FwDETVfwbK3bbWNVa76fo2gziTq	100000
3CQz71HeDfNDYnoVvv8B1ABPpe4AvG8XsM	100000
1FWUpPnrEV6bmm9fpTxrsVZSDsPFfZwym5	100000
1P33mCx3CWE79ogmdF7pXztaGeoRbUpnxJ	100000
1Q1VJ6CbbbT3ajxXHimj1XqMcZgYwiELB9	100000
bc1qkwdcp6ulu0d78jwz78a44w7kyvsaqhun4tp87a	100000
bc1qad5kpgqrrrxlsdn9zh34a9q470rwvuqc72y0ve	100000
1KSqPEVAsvFmr2XNi6XZLupG1kXQw9Tzhe	100000
14jsGVS72mhYWkybq61jt94NWLXwDxPKvW	100000
16giSZUA6yzZZMmQSgcXyRruihiFzpzfRk	100000
1M6xHXrP3hSgCt4qgLuDevmnLfjTSCfGxZ	100000
bc1qsvdgay7e6d2m0kmqm6fys6tqjz36k8lk27dphu	100000
1Dn4hchHDEbtR5ZcEvaX7kN9tgp2paamum	100000
bc1qygkzqtr309xerf5xzyf9t5gqqsats7eye984r2	100000
1PiQtuoXh8249FW7ygkJXxXg86H4jLDWqE	100000
1GUQ86f9m8qGxGEwBNGw28F3HkTrPh6Uxe	100000
bc1qwfgnmsn8nqd4jhn3h04anazze2je985xul7mfq	100000
1BZM75PUrYKCJbDn86xCrtnrRL2kEdEVpL	100000
1H6xyUbhyqS1Fj7cif1C9xoUzcUbw2YGYX	100000
bc1ql866930smmpwa2qeve6axp4u29nn3x2dc59j59	100000
bc1q53ywfpuhskuzal4phute2gdzsr0v4meqtsaarv	100000
1JTJCsgmA2WkYfwexSpw3JHpxGfLq6TqmP	100000
36mbTjAmXYS2siPSj1EqoPUR8TRPn4Abe8	100000
1M184tshrnkxcvXhpePtpkz5xJy9y7sxec	100000
12X9VZ3YiySrP4WLL1QVZsBDSUHTYLzZ1m	100000
1L4RHBhMMWg4fXCGt4pvPxE2FNdHfgLDzb	100000
bc1qnm66x4p0s5p9ut5xyt6cey8tae7wmsp9774n80	100000
1pKPjLDMDkMrAKph7fnPVucmqv7R2popJ	100000
1FDAsmsAPy6owopoVpk8V88xBSdkD9wBj2	100000
bc1puawmd558tyx268depjkrdxdfgxua5qcncmdsd43wdcn84sxznaeq3p39ug	100000
1EeaTszU2DoGjj9ao5ejUT7sZssXHpHZpL	100000
bc1qyjuxztxtxj86trla344s2w6le267hc52qx2rsy	100000
3383MWSkPoMht3nXTj5WD47VurXLnHkXwf	100000
bc1ql3uhng4hjrkxeuu6g9nwgyajxzkdpmjd8tavev	100000
bc1qul4fc3y76ywsmjvwq76x059yykdk3sa3mu4tmy	100000
3KPvDE3xBRs3aSMhAxWffbn4t1Hbh2VHPt	100000
16SoYw4mR8P3Gxxt8zqjEN9Fho9QvWb6wW	100000
1CEh5SUXfjmLwzsa2QQz46vfgWiQcW1nV5	100000
1MwMgS7ARChdER7w3jdX7BAmQaN2cxbP9N	100000
bc1qdm95l52ufsjtr0p6zmh3ey7jq8vf3e78kr8jg9	100000
bc1qyc8unmdenykkdwtghslnrns3qlkfquc0nvr2cp	100000
1DnDQ6U6WwB686Yyd4wDv5SiR1758jsU4t	100000
1LKyUwFz2gqPWMWnpGczc8hQdXapyfj3sz	100000
bc1q2cj8rd59uunqtatm9adhclv2ncz39rlftcq76u	100000
bc1qdmhczy99cx9d0qjurrr6yxv89y7frh8lyfanlv	100000
14aHqAS1G3wA9ibXMiBcBCfqMUwS22Fpfy	100000
1EAzPrE5T1KR6gjCyGgLpBkLSd7d8upD7E	100000
1ANsKhekpxPzG5Jm8RYLsqLn6qyHmaPVqu	100000
bc1qg8tlm5sx0z86hw3dm902fx8puftvn9manya4zl	100000
1HF8VCumEy5Cj3L528KymfwuPfs19CmwXh	100000
1NSpmyDoL41am6EPLpAK9UbCLxpJQza8Zn	100000
3HjMeo3c3s1Rf3YudEAD8HFAJxgkLqJTLX	100000
3B3MDuAoxq6dg3Jo2HJVtXF39g3iRD2cPP	100000
12LcMGjKVj98qEFoHMTQmdjBS7kVTb4DfD	100000
bc1q2y6499fejavjgpl943mk3lhmudeeqss4md890z	100000
bc1qm3xmmkgg5f4tkhsjz7g9zqrgurqzrm8pcvgpr3	100000
bc1qgahfqdsxh24udvkvxmf0lr9094wk9yugqtkut9	100000
18rsqdPxadDZsqNSuvUVWv2C2DH6gaikwk	100000
15kA6cFpCevY94NL41iJ7fPXkqLHp47RFV	100000
15uyeVGFBiw5qEhp3dL8nWhf378F3nG971	100000
1A8Jefk3Gd6TpkwNpcEBARzx1xp5X8pmYV	100000
1ky8UyZ3EzbznuaqHMVUoYgWV2CzZ2oNX	100000
134f1rUruirHZwFaAwbXTp5nydJCMFfkiM	100000
1GM4CQ56JPFspt96TkrjrpANZisgFmShvU	100000
12pV33xnYWA8b1HLsbj8kKSKRZmT6xaXuQ	100000
1HRfHcTXDNPhEUrgUJce1ybvsyVLjvL5Jr	100000
1HdzywgqhpLJNnNWceDRZXKBkdfgDAY6CA	100000
1HXfPuqg86zo2K9rgo41ZN5mt1JwDAsQE8	100000
1HyrHiLRsVwyFkzsCe5rYYvxAGEY76aaen	100000
bc1qnphns4r53yu9cj4le6f8h9scu6qnlmy3sjjf74	100000
bc1quct5yxmh8unlcwanrqalt8duf6ms977rj429vsckktd42h08zy0s7fxwnd	100000
15uaArjPMdKmsyQnThDRtYcM9rkV5ZJUyS	100000
bc1qfz5hjc0me7lyh26y35xe06cz2dggelp5pqg8gr	100000
bc1qszu7u59dgkhafs7r6s87s2e7j7uzd5rs980zsl	100000
1LXN7YC8LYSdbCVwZCVaVkKx7vHyWvSJ6o	100000
1Dh5NH3HpVMriYjBvYcBKquEukNsxqbUn7	100000
bc1q9dgz5qkw0r4jmdt4ymaf9n2p2yntq02we6vg8s	100000
18YUorF7nDcWkceCr8dkRseEESvgAB9iDD	100000
1K9FGqW8iXdxY8NTynwcmNEK3mkbfbSpLb	100000
168hh9wqfj8fVjpz11t4osMNpfE6aAfLMm	100000
18nsZPYJB5SWRFx5i4z1tsh4VnFMDtYnrj	100000
bc1qv6f2l4rr9j3thln7qjsdfwwz4s56dr9fyk7z3g	100000
1AMVX5WPcgitMDVf2wXGM5T3QWstj5R8Ck	100000
1PUUsT8et27dGseCYfGHLNciUNC4VTkmqX	100000
1DMZu5K6QBstaz8fwtvBzT9oJaKzfcXV2Z	100000
14ezihsCN5Po6qNgc9TAc7ZWNeP3W7zfNg	100000
1EDXpZB2bzr66j4TQFwgSAEoch2timYxY5	100000
1NH542D4ULKndi4dqXg3kMz1wJKgDLaU8n	100000
1WCLEoh7vHUTctNQFjuLVHUNKyncatAHC	100000
3AkXFPPUuCXuB7GYoG9nG9ot5bJ28ur6bh	100000
bc1q5p8gllgwfcnepnt43v54wkuh7jqgu4pl5my4k4	100000
3A9vce4od8eHCdYaT6Vuw3xpcBpcTHTRed	100000
17ochGP5PvBaTfMEF8xe4Q2Vua66RNQ3tB	100000
bc1qxctucf70s9csdv2hkhmagu3sctaqf2rxuyqaqy	100000
bc1qefwfcew0fajuq07fdej4zzhw4t0f8un9zlsjuj	100000
1H7uDks8W3DejmTd4fGQTXYN3TAorWvJmP	100000
1Kbv9pPG82xLHeoqyG8WCEX3jJwoSsmMxB	100000
bc1q5z3j8glxstkcc7nkf6hc00hje7fls70xve6q7h	100000
1Nt47D7oAZAum7LQGD5JbfVDkoG4teaEUq	100000
12Y4j88zD2iT8NNg6kQaCqhENoXBcNWEE9	100000
bc1qe96eh3umznnh2wp5k8t4dwgcxr9ucptj4aluk7	100000
bc1qf2asuvs2j7na9lrw68cf59mvjtpyq50ywe573v	100000
3J3M5NnjaTt6Jg83msv3wiLGD1qSJ5VE43	100000
1C2zvX3npEuQ7D8E7DmVrsiEfgdPgbJs4V	100000
bc1q2wemkj8xu39g0t7gprxm2d9u3x685cv2pwkqatl4vw4cyuyqjfusl246ca	100000
1KToPysJAmCZZBC7eB5x8SnkcHb3RxoGsC	100000
bc1qqmtqa53kevt97n2tq6ktmu8h7d03sxcr4s9vf9	100000
bc1qhnljspz0gpkpj7addmc6zww272uvpdw2rh8uaq	100000
bc1qnjkt4p9drhuvsk0rrcrlwcyt0g7uzwzhlk2def	100000
1At8UtqnnAAUvMzfemrcPZvwd911t344mA	100000
19Fo3aukLkGaa8uyXXyfmULbZfpc7agNFC	100000
12AQj3MEqJvSY3PEHNCmQdKQg4Um66R2P2	100000
1NVA4AgNwTwqSphPssodyP6JTmdUkFPSgX	100000
1PhSPMVPS6wCYFPu6RBeT3Eac9wy4pbMyj	100000
1Hzc6msGJaS61ezE69Ev4f2BAaizcFk9eJ	100000
33W7oT4gvfpYFjbJ8DpWVf3CypwdAdy7vE	100000
1HkKsBuXxFjrzbtKv3Cgng81HQViKtXaYn	100000
bc1q7h8lefnumj7sht65kytjuqprg7wafnxsluepxq	100000
137suzcMdtHH1xocF5WbZv9vF36s5SQ9aq	100000
1Cs6KJKE1ektDLEYwjxhig8UFhRjczxvSZ	100000
171P41bPR4uacit4yPzjokAvBC2oy7vc3M	100000
1AQmoB1ENdTSCvbKTbfeENyEFNy9HjnLM7	100000
12egX2LiAC6X8zDzYTcPTWZrWD4qVp4TKR	100000
1ADtqe2dbZUmZjWB7r4cBT9uPSuBynrz9M	100000
1DSdGAvDbGUN6AMMoqt446JdrY3DSRZhmx	100000
bc1q30ua28ywpq50l9h60dd00vj2hy6mv6x560wxhv	100000
1LAdxEqTyGEdwbuZ3h3uzF4whhX2muKtTF	100000
bc1q553v7nm4g3hpjal557sp5ftqjrauvns2l9z9r8	100000
3Q1NmfEpAggE9TLW4hKoeJrtgD8n1FP53V	100000
1b9q5yJXfFmf6Gjmy4szzuZBMfApzJCgV	100000
18rGEPWua3oVq4qXPgWzCBVDL3n5fKLrdQ	100000
1PDZZGKYEQyFxAYN3rVt1yzqVWhKjVT7Sf	100000
13ZyviYPXme8jFLPKmFyRuT5bWJDKWWghB	100000
181iAKXoGBSoBypwajGhgN7HuB5hjx2gUN	100000
19mNDR2jgYowyzwKMkBZ81ow1pDWCwvNrg	100000
3Jup8ccALJ1hYBSoFz6R9Ef7igpG1SqUFd	100000
bc1qf2h8jt9rjat3efqcjg656gnfkxa6jj5hx8pmev	100000
1MFrhJSTzZqc2nvwndo4patB6sK2xTLsVh	100000
1Abbjgee8YjKxUVRXtBN7Ndcn27KEtdZLo	100000
17nUDKpU9twrNCWtetf26h5MsoNCNNmCe4	100000
31nMyr5LfMPnXTJoZSjcXPvUnHAiF9VY9T	100000
bc1qzqlr7ekzjmw767zm6pv58dmg3t5wyreq0m6wsv	100000
158YCdihMksV1U3K91NksQVLBNcp3tuLx1	100000
1Kc2EyK1EtXJeRQdgQ6ChjwnJjtUiDxdfB	100000
19E5eAzS2jxkyUrgtvbTy9Mj7p5gBqrNHx	100000
1B4SzXRJMr6HYBe5fWTANvhQ8RYMQhX7Nh	100000
14b7pwb6D1YwmfU4GVYd5csEG6N4k4BxgZ	100000
1N669yMxd7PNHdYEpX8okx5egK8cHUr7y3	100000
14SR8JVQdoaFtBSnVC9buktk4xP5WQp5Uz	100000
1MuBYQdV8P1xJBfExtkdRw8tCxvPRJdgX3	100000
1DMh3zxxJrTvbBnHdwEfPzZcC2Yihht4kh	100000
1A1ynzSXmCF2ngkEtoE5mp1454pXg95V6a	100000
19HVTdhZhLSTMLaN77A44upDrYfi9TgYc7	100000
1JLPRcUgRRYA5LBuRRiE1LuAdCxxectPXw	100000
31ihVbiR4AYwC4cKv4F6KYaRNrWCYVqrwz	100000
3N9WnE4XT4Ewrug8wvXzeQM9C9x5kQryqm	100000
bc1qg78gfmpqfs0t2d9w9w3m4qphg0uhlknvvy68nzrpwfhgm0z2y9tsewzdxv	100000
3DGJyRvo8yN8zg2Htbr4ioJqo3KBCHavsM	100000
1HKjDvPxiFTZxvK7uMiL2peEWKisJMRuBA	100000
164NhAN8YACdVPsXhRM8BYw5cD2o7Xwedo	100000
1Kvv6oVDThYuZtp8S5K3NQp16R7rJ3QZ44	100000
1M4YRNxbVquC95gnB6Dz1cbNcYAoqqXBhZ	100000
1AFrtJQTSpgY8Hv4wZnjxHbaVwb7VkAMrY	100000
1JaYRr8w3EGX18B2RX82QxPT3qk86ytkxk	100000
1JwZ9sTZehoeycbPpFZyEDDgFvnGTPBvnC	100000
36nEyAp4kxqpbAiydBJcrzPhQggD9sRifn	100000
1E1vtWYdWQVcEQwj1T8NYsaQiR2nbFH6qs	100000
bc1qjcf0m767mxzaalyys2szysjrnsu6mfkh04fhyy	100000
18wcx5soZENVERuhiCgu4zcc8wcJyc1izN	100000
1McwaF4STux8A7ynvg7s4yHedPshWXsGyV	100000
3JLgJ6aCHzmMRV5TYXjwLFzQq6ar4v3mc2	100000
bc1qyygvyjjaydzgh6kywfl3ttuqyuznff87rlt30l	100000
3PBhJFKwVCGTe1v5z3UvpGuebLxyafnsF2	100000
3EgMZ2yrBj7dwZYKjPyrqjHWaLio325L2Q	100000
14d55RffHBEb3qcQ2PsdkrL8PXJR5GmcX5	100000
bc1qre9ql4466dk4a6vk98zdcjy2dzd6u8sugjnmqn	100000
1NcYC8HyCg2dU2kaH56epqvYgAgk5tiM4c	100000
bc1qyhkjuws0zsvvhwjsg40pxvazrx7n7eplhwxrs6	100000
bc1q079fcjxt4wyu9qrqsqtrylfvdml7pw7glveeda	100000
bc1qx2vcmsg32sdav9aa77vlyktglaa96j9w9lkm8p	100000
bc1q75y9t5qhydftg56k2uxlnaz3gmyd2et4j9kylz	100000
1CCekbjDnHuCfvAAnJGrsgB17BRPR61LdV	100000
1Bkr7P8eEx3rxHYvCigpcrJamziCg1kyyK	100000
bc1q2vlajnk0qm9302cn8r5raly207jh28vrv2xmqd	100000
1KUDXccJgyyZPjqGQmQs86NBHNv8ZoxC1K	100000
1LVzajNoACpDVzQyhTLDMy7wvqstSGQ82S	100000
38QR2dGaFuKLU9yxGxUriwdWgsExHrhmhc	100000
1766UCCskukqDwY3cxngZLtoe9ghC2R9af	100000
1GkcgQMEu58x29BaPXV8fm9xUY5EwBMv5D	100000
15TtsUGDEB3xCRPFe7o9Rv5NdS7zT1jxmq	100000
1GPTHRZdbkcf7oSYCoZYskTrokbzZf5Huz	100000
39M2v1JRi8zSik5tpg9dYoFTpjhxErJ41n	100000
1dCmWwrHyVBewyo8SULpANrGXD7wpySuh	100000
1LFc635R2fay9xJL7N2s9g7EM7dTxoYkQw	100000
3KSz8CvYh9JRSHunTywGWAw9oXja2by1gC	100000
19PwyfaiYF4KPNswUBfvsqdmzwJBn829Zs	100000
1PRSzh6Efcfg2zaW143AzZH24d91fujebC	100000
1MUT4r7bPt9NprmAvhUJXdkh96bDcKkh2J	100000
1P2axxcFvRgAb1J5tLDGrNnkK2mmnjyvXr	100000
bc1qjm26r9gd3sw3pem6ywkv6kz3emw7gzn8z9e8sp	100000
1MgiibCPErJpJFWtL2PqQF65jus2xt4cpr	100000
32eeWuwjhow4v4sBSx47J2nzJ4LB5r6pfh	100000
bc1q2are72u2evjz6pxtp6akjj5563n2lha8ekjlye	100000
12G28CtwiZRWFtwPYPvPbeAKXKDfTXrPUY	100000
bc1qmm78mq8t0jqekq948jrv2zej6nmrnwpaq3v7wn	100000
3FzMG5obXS1nF6MRB9j333vzhP9yp4ZptH	100000
1HkjzANDVkPtvDXDPai2hTRLJAXsKfyfx6	100000
3LhAkDkBvkbZf34VHLfcXLnuprRCTPnQmq	100000
1GKRBmjn6fGeSZL1zc9XaXyUzQQZZHDXjL	100000
3KZnpDnNDr2334KcnX8pRzffKenUdB8hpa	100000
1SFX3nso29xYodNkLB6BGvZbV3sUZsVvM	100000
bc1q62rv6fnqqzt7ll69z44kn2k9nu837t320zp4k402a3lwr45g2shq67teny	100000
12dp1cYS59ss64XhdPsTEWwtiu8wbAwh2N	100000
1MCsntTWZMNTqWiPPTGPv6U6cJdkVUca2s	100000
bc1qw9dzk5rymkdgv5zdrddajry6p894pvu0rl4w8w	100000
3KSWRVbTGFDfxsGV4hRFvbW12dzjmHDXcb	100000
bc1qett9wth59hp5xz58jhr0gn7rquqm89nexaf58n	100000
1H3SBNoyPHhDTXgm8XJAwgxdfJNC2JpCYk	100000
bc1qagsgl82hc8rgxyp7tar82g88k92qhaytms2fth	100000
bc1q70ajta85gfytg6k4wu6axshrh9pv4ukpwq5vmr	100000
3FhAcBCeJPaqKqtg3z8pG9EynNDoLroWps	100000
bc1qqacc4ywzh876ujl2vwzv2wrrtcvth80n0fctjz	100000
17mJpFPYqxJpfK5ey6XeTpD6G3u25Cw4Yb	100000
19dFsvbxyJJpRpykairGmyRcKH5VJvHZEL	100000
bc1qyr3380p8g4v26mqpdwa4hp72jftwsun8m75k6d	100000
13CkbbFA3xfAhwBLCm2RH21ihgbY7LZuQF	100000
19AMG1Lf6JL9W9mKdfVavWvKb7xNQccFqj	100000
1MXips28cMw5gVMPgRp19EkFJFLnTg8YSb	100000
1NxxPYRarR4NjHVs1CvAVMgcCuwUyMonum	100000
1KCHmCU15jCxZoUXFdDi6Y2XLdvF6J8cis	100000
16vq2f9w4QudXCdzAajYNhEW98cJR6CsFR	100000
bc1qgff2aly6wrppfrs8ymw6pe3sq3lax262h9vs6k	100000
3Dro8yH5ZW3jdWjezfWmVWkmvRvM3u5w8f	100000
bc1q3vfku4n0rzu78ktyan44080wjupydhm0k6yezx	100000
1DWC2X3SWgwpCs9J3ysX4aDV2vbm9tAfd2	100000
3JmELcFvTPQ5DDGHUPxCdbGdTftcuQpE6k	100000
1H9wEPEQXF899wahEvBpteAnep2gk5BcAd	100000
bc1qatlr94tvem5dqgp4nlqk3p5hx6k7jlxysjg0u6	100000
18sLUw4TZdkXFmxbAJzrc16cGw6h5UHLXb	100000
1QC4vE7TS2q4V6fY9HhUhov1wcHe46pwem	100000
3MNPpuxvwL4pqdRRAV8NNknn6fEKdHzCpg	100000
bc1q64k7c9h7y6w5y04jxa6xj0s3xvlyull65asfmm	100000
19NHFgh8qwtmy8DzdpnpEk7qBHSqrAxRX6	100000
15mPRTWt5vCRHpqtXQnD4ARHub1mb5b8E7	100000
3BMEXrpnDbPgsBKBDopeD33oRBj1F5khz7	100000
bc1qxgmhz54jxkv5ch4qn32n502hqdnm58tcvpvvtm	100000
1234567WSsWDNuC2omZmjXKsepx4L1eKec	100000
bc1qpk4hjv59eq6vr9hlvg52qaxck3xq0jz29mmxj3	100000
1NGh62nXZWG39nvDukM86CYGvLexMjHfWQ	100000
13MA279AKYB9on4aW9LnHmWg6AtLja6NEi	100000
139HLmo3Pp3iEL2HZokJaaMbb65zdEzGDe	100000
bc1qzrqpc4qmadhtzujremzu93ulcmwr8z3emedwu0	100000
3HgCYxb8hr6RSDTQGoiP8QcRfyyXQfCP8z	100000
bc1q5c0366tfqpw03g58x2h8ftcul5qrcvwl0s87vq	100000
bc1qkr8j5cwspqpgtf8fqurxhtsvamfhj320uguea2	100000
19tY1km2Gw1FHx1SQfCtPMEzyk2FaohZTk	100000
3KugnAbGD5ME7gSscBvhqdpGUKEsac33vo	100000
15ch78EbSz275tA8vfRbyBzhQToomkBuXW	100000
18AgX8nmgn3cpkyyeAGBxgAUADLvCczpCG	100000
bc1qq3fym0feg9pqyda7yn46czw3y44lmvg5g9f85s	100000
39QMgpavoektvdFuA4uqe66Rzo7Gbc9yVK	100000
1JehRwm7ZT9f6qzW7t2du3pbsHXDMhaaXY	100000
16VM9Wo3TMZSVWmQWtf1ttBdDb9GAToChR	100000
bc1q6mv52qhrqufsqccl7ewa4ju876ahxlg5evck3a	100000
1Jd25CaBPggAy8Ebrb6utYvQTJXhLsuDkU	100000
1BGAsRU8MDfQ9YsSV6PT8it5nEyRHDvaJj	100000
1AiWmSHU33gAGpRBF1XFDeXNYLkwLw9gsg	100000
bc1qxf3lkll3tsazke8a2kj7eh5247j7s2j4fp04eg	100000
bc1qsgyg49sq6et58gffc26c3rlt22vcuze8fquqkt	100000
3BDJxF91ujV56oeHujtbj5jwb6UCMtDnBL	100000
bc1qsqr76tsnh608zjrtexn06rqhfpl4mrq53s2vly	100000
bc1q5fg4n5me4hjhywg9x9xn5pgzwkhxgulw96csqm	100000
19wFdkYZ5R1ogKAxUF1Rb1z5iBp4C68NaE	100000
bc1qug2vjj6vnk88n5ar9zrk9z04faepzvlf6p8gvv	100000
14F2aBtKhXNWhUdagMeooGCCWDiNmMSdUS	100000
1PkNm3m2KvN88iqkT71eazDNWrEewdph9z	100000
1M3eP4Ds6b8ZpxctdB9WbjW2VsRyrFmmxx	100000
16ngz69eEHBEzPuuUyxQim6n2Ch1E9PvrY	100000
1Ej5S6K75Pqd5qqq8EycWQSttTsHpVkRUf	100000
1D5HATR1TvZ6ePwrYe3W9MFEGWvYjLMDG4	100000
1JpSkbahgyfzpV2dZsg9dM3dxPiweNTRfL	100000
bc1qh7a54her6qdvld929fck3kfhjv265crxrepzm5	100000
19pMGgNugRsuC5bjNhWD76SEBy8isii6x7	100000
bc1qyjjavh4erl0y5fg8hp8hvdreugwgezjaxyvmhu	100000
bc1qqch8x5lx657jzzyfzy3wxk626yuf8z0v8nh5m3	100000
131KyzoAZLGKCRdkXCH33MfYm3enjkHVJ7	100000
3LmVBaFeusrZXz4oiM5zwj3wMd2c7V9UKp	100000
bc1qk2y28huc6g9jh4gzlaj46grss8n4c8jftdq8uh	100000
1DY1fKhYibpkQjgvBUwo8VvT6MpNzqFva8	100000
37WDeKXugP74HMNe6HSjSfvHgUobNUraUH	100000
1NjfYVxqRQ8rZqzmFCnt8iexMstGUGMmY7	100000
1Kny71f18A3HiVBrB3SVCpBFJjBuGYAnyc	100000
1JBNfqPgrpWu2bezSV31J6nD2znBqqAwhF	100000
1EesEwxZb4jxZSwGftZS2EGsFY3FywtzKy	100000
1A7CM5J5Et2eA4QHLfYXfKxWS8ZYy6meyk	100000
1CNN9RRfSp243poEH9iuheCrjhEz78Ee56	100000
bc1qu39y60093rgncd2r35rdmxhpnkrvwx6ss9qxya	100000
16Wg68QRq6csgx2oZ729b6XMZ5dvDCg35J	100000
19iJsJzBoLsw8T7MeEB8mj7ko5mTv5rWVw	100000
1BzkYWpYNUZmCxvDAuZ7k6FiDyRNJLQN7M	100000
1DzsdTbaykz4gPvdh1pUWffCHydxLhd4Vu	100000
38JMZdVz6NE5JBd7HfQ65ZVpgjwz8QXWWt	100000
bc1qkk5wclgvfndr3hxypngtm39l8ak9mx6a3xg2eh	100000
bc1qk2kldnk8apwaqynx2qzwr9k6u55r2ympqhsf7q	100000
3PieRLrTx9en5UJUgxBgVHzq4kJv41bmp9	100000
1ATnkrEYCirc7zjghV9v1HUbbm89bSRKfc	100000
15kNnQomyUetJncWFSxgUZ5LTQBGwSim9W	100000
37jrsmXEkZDKnSTXZXjwt2P64sxLPaLnxw	100000
19zAFK43b9PnYpYqieK4gESXeRRPrQ4xP1	100000
3Qz6HHM86hs4pUiwHd79FhU5QBrhMybSA8	100000
1HaaAS6aX1fxEJYPc4rZs8Dspurs5zn9gM	100000
3HE4GtaB8MqKenTbfUNX2tqhBiRqGPL9UY	100000
35Z723Vkp4BxTGGAVqZcobnY3AncfJGjQX	100000
1CAwMY2UewbwNJkTapLnpeiUY9sREzR9vn	100000
1N62EVjuqyzpKkiLMyjfa2TbtkFwiedRye	100000
bc1qfutuuvpl73jnyva8vq6a6gap0s0nk948ahr9am	100000
1GVnsMfYvaYKoA6gLDSkrXVpjFjGyjJaGd	100000
373BZUkqqT1B4m43hwb3xbqf5gN3fexy4H	100000
1ENyeeRC5KK6eySZoyNsHgJMWKYv4GRnLr	100000
bc1q7ejrxs7c7yfj4j3q34zju3ncmfnz74vk4ru5zm	100000
1FGZBsQTim11kVm8AvY52BTjUu2uPkptfg	100000
bc1qn00ezge4zpm3gcttgpkr09pvqfam9kdkxmxhdp	100000
1ELL3EsjLGr4HJigxMhfdTiJJR8p1HNGH2	100000
bc1qw84pvmjlernen9h2zaazd0za0ckcx3j778v8h7	100000
bc1qqky02qjsgytj0nwx2zvqm7hwnxs9gdrdn0hfw6	100000
398sbXJaLPKLkxasCizMBiASZCMc5VdzfJ	100000
bc1qnupnp6pkjy77pmcxxu4cs5499nxwsq0m850taw	100000
1AoTr4Lrm3y4e4XtAsa6qZKD5aPdERYTkv	100000
16AN3TaVgzAVfL4nt3jJDwWqHWnzeVUxk4	100000
bc1q26tgs3k9yrn4p3j5mgjygfjslzwldftc89v334	100000
1H54UzCZUNmSUwx7ViS2o7deP26FbrcCRi	100000
bc1qedzu0zs7n6jclva3a3zydyscwyndwecl57gul4	100000
bc1qysfc7kd9wqqgglj4940w4y7pcua2kcv6h29vv3	100000
1DMBeztVyz5Xsj1qNZdKmCGnJgg7GC1y86	100000
1E9mX1ACmjW4vgKGHVionSDUnVnUUrtDSG	100000
1CxXnodvZrNk3jc8UMshyj2gfAH8iqrVv2	100000
1DTMDYTxpN4dS92V6kT43GdtY58syCmp8a	100000
16ZpiqNEAfHGChBRKuxJQ987tFy6FwaDc1	100000
bc1q3m5dqmsfxukw43frtpam9qc32h9wz4tseypw9w	100000
1PcRtT3gjmgjYMo3KePquh7Q9PrUa5GT2k	100000
bc1q3ftecjmkz9rqpnk5aey8naf7f75az5jnc5akkj	100000
bc1q7gtkmx6n8zr9nuty53w5vzynvy9k544wmp80l7	100000
3HVYKDBGvQLeSEYDCxqAhpgiP9JwfmgNFD	100000
3QJr7hFghPZTKgDsP283Ek3jNTbTfDFkYD	100000
17Zo2ihpYEFHgee2EiQX4YQMnsWbDdBWuJ	100000
1Ft79Q2r9SFVqYibPTuozZqcrmjdR3LPhj	100000
12S5rp3xZzfQH8fuBJi2rzVBBJ4pvxa1cB	100000
bc1qs4xgvffpxv2jydptfp9ms7upv6jnqhas3hnka3	100000
18geqa1fEsMbU2oymFsvFmVVk825yAFqDU	100000
1GG9AJyzuzWfG8JGuiLtuPHxR4vYEbfLth	100000
15GXMceRzPMFc2wELjvP4YG9h7iiJXLjGS	100000
1CBA8Y7xL5MzsYbjZA7e75uJhh5HYuTEaA	100000
1GUrkbBXRnvWw3mtnLguxf1MnYqHGBUcaM	100000
1MXVFfPxSAxdSXBk3VRFqZf7khdd1QRZR5	100000
3QWg3Md3MSPYmbNG1Z584bFaWmBzAYEWXA	100000
1y1kvXmLmdFEkFgThHGzWHbHFRAYo67f3	100000
1KrcbjdMyKfhykkzQTQx9xw5fNejdr3EUj	100000
1BVFMPKMtCmHB82unFcH5okBJd5zQUhRhJ	100000
bc1q9s5v67kyxt2r229q2nscjnmc4y2dh6wtfj4zcr	100000
bc1qz97e8zlymvn3chtwsf35676k0859ua5jyy5ghzfuefv2fns4c0jsdy0ynl	100000
bc1qcuzcetkkdnlvg7n48c0xc9frsmqj0xhpnsp8et	100000
12UrgtXyGpPqkoDvYmQw4ua7ZLTpSM6Fhe	100000
bc1qj4khgkc4ahalszmjfyaehd8q30tw6h4z6764kd	100000
bc1qxfqfutmdzhkww3cluqwd9j7x62drnyygvwfp2p	100000
14erB7CKjoJu7QMUQZNQCQuaZQ2gx2nyNm	100000
1QCxc3zqw6kmcPHD3XUb33xKfDfKTjVecR	100000
37maKFn77k4AM7gGQ1p88vhqjPP8JeXTpj	100000
14qsQpov6Z7F69AXQkDsavXJ12mqDoawBA	100000
12RUbPk3Yt3KzfBAsjXGcvY28RpW6mE4Rn	100000
1NnC3orHm7EFqri5XTHT9ViVYk3GvcsRkB	100000
1Q8ynGTK7MwpbKMnWMmXFDonEqHx7ZAMRZ	100000
1AfaDRGg8v5Bn62kw8X454SsnmxpeZNosR	100000
19HDRkixaHV5USMYSaFsf2sTnpqhKXTeyh	100000
1NQrS1rBUurQh5aDtfucBPrNXLJ7wvugFK	100000
bc1qrk3ywv8xu3af5kzz8tgaf6wud8rut4m5p4zq3e	100000
115W5xUBWJbEi1iBzjSiV5VNgzB4vSRu1a	100000
3EZSGPewDc9KMDdG9441jhRzbfyL5ctqC7	100000
bc1qudn30m5nzq0q66s3ptj3tdp4j9hlhhh7e9z8qh	100000
1MJwQNUcWKYb7epPZ3BmehUyQFxPht1Dgn	100000
157gQRH6njSQjqkyDCd9mVLMPr8zBhRxoK	100000
bc1qe4pn0k5px9gn0n05mrxce5l473wdra4vuvu5ez	100000
12VmUgC8rhtviyom7hkNgMraW3prHx4sbZ	100000
1GmWs8evXWbfzwWzL6xYJVxNnvkBtYU4Kf	100000
1BSLgz7Uq2aNYk6k4QhampJbesW5VkBKrg	100000
1LgnzKBDC5cDK194Ua5592xjuk4CbzKLck	100000
3PAMTS8rfZRtFu2KYfSqTwirs3KQxFc7pJ	100000
bc1qak45c70p2updsc8s7789r4td3zzn476khp5m66zvrrxq79sd2m4s44jxnn	100000
bc1q57q4ymw5w5h23dttlmqmcvh9s26c4t0warmdst	100000
1KvpFNSrYQmx4Utt86voCYXjLehowqubAz	100000
1Fi3ohsCT8kGVKpxV8uayQvDsgCnBjWfHy	100000
1CzteD5th7kCRCR8oiHBEjsFbWFXLzhuU	100000
bc1qjfwm7l06ekm9vakkz98e4rzsa57prg0s2c7er2	100000
1MkcU3uUH7MF1TVaNaSy5t95QKSY2LfJep	100000
378eYNU2w3eVGUes62XhUwmwbhyCo2oMrj	100000
3A2XLnNo5GwuNxg4xWRvBnYiR3yUqzti9V	100000
1F8ecaNFLaQ5UpAqVEUTbSLi1hE8DCRFZt	100000
3BMEXeXiZTV439MG5wJhoJiZtVuawcNXGC	100000
14tKuyfw8QN5y2M87hm7r6gDmhBfhqcRjx	100000
bc1q3ce05cr75c684577hvputcud22828t9v89xfw6t8xe3gkk47857su4340l	100000
3K3Fap5xG2kSzU4oHGUn8mw42oYRvRYm9p	100000
159owKUtVwhfLot48aXEeS5chWDPKCUmnF	100000
bc1qx29xf0uct9j6ahsu5g6va5dhcx6hzeke2ww0xxzh02n7gmdp02vqvrtrul	100000
1EhWvK7HhtS8pqvny4HX97QURBREMWF5zg	100000
1NTAQT9m9mXVAQftF4HFeMyVfoV6L4ww81	100000
1Dn8XUHncyTByvoPL5vqtzzzsEvQ4x3dYb	100000
bc1q7ajytluctzyqsun3ck6q2fd9shd7xmr8l5dyvc	100000
bc1q9t23lphvv2yw5j4yeervru4r28ufw0yets4k4u	100000
1KGoTLqxmvwtmzS7jJZ8FhELFNXFAYFpdp	100000
bc1q8mkx4vh2zcg7w63qtnq96qhx9055f8fxhuqxssva65wnmel3qyzs0r7gs6	100000
1P5fyyR8s6uxPvsJKhyDNNJ6FhqDp4HFKk	100000
1PcXjtojQz9kCQpUFfkxKNFQ4tEp3BdrHr	100000
12M3N8C6xMpmY27xw6dp4cUsppxpM5km9H	100000
1HpRMZnKXht44VcuGA6CcXCSU7JpyLGVfs	100000
bc1q0f7hl8n6jlgls90fyzhx7ps8gut7rcjjsfnz3e	100000
3MZkRLTiViXTrmwGF5iVbs8WiAB8DmhxTs	100000
1DboUQC1GYJDL5sxG1ANQVPY1wkKEbK2oG	100000
1Mpts4SG8R644dJLFEzGGhzjcjBkTqZbpf	100000
12sRMQ66JVFHPTuiQT25wZbP8G5ApSx995	100000
1M4Q4bisnqRtzf5r6HBKyM7inzaThxsWbA	100000
3A6ZRgcjwtjC3ZW1y51VCQ6nQxW4EqxVfh	100000
167evzKP8VQbNN3oJcHHPeLnMSjW2tX6GK	100000
1GMHtkhjYywcjGfnX4pKXeLwapYumVy25H	100000
1PzufXcMTohCqcQmNyxNR9SsjFu3ekJiLG	100000
1DarfTshpgyFkUoM1FXYAmag76CFAPtzex	100000
1ECid49qfKpfrB9xBb7DxS7ukwNu91Z3zs	100000
3FDXurbGsTih1DjhgJmanGqY6D2B9fpGPc	100000
1BJSwHYkkRBZ5EmGBXMaE2DZ6QBEHKkpHi	100000
1FdFizMiD2azUuQ1sprGEWNAgP25r9yBsD	100000
bc1qa4vw57vxmmelgcmv4pq3560stmxgldyjef526g	100000
1BmSggb8FdH1p4fTNXZfMFrbN9RG3q3Xcv	100000
1FwtbzvkF7HMbhYELpAr5hmPQUjASyXbRk	100000
bc1q5gy8fzsj8jl55l9pnx5h4w2pmv9h6e3l53w6jf	100000
1DQufJKzgFkrR3gD8VbMcZXTtFkc3Lbyeo	100000
bc1q9sej2xymjtnvm5x0xfa8lgp59umn4sapvq5qyl83xz7x4tzqgdks3l3sw9	100000
1Cni9pSLFKg1HgserqtAwx7vnopErmMvm8	100000
bc1q89nlkxgk3kdy6yv2xa7edyvfkk8np5ph0cga8e	100000
bc1q6yw9qlf95z7dcw82fkxs44wd7wpn594wpa8x7lnls8en95hh9p9snvcsw9	100000
17T79m4C4K3TqPS1DokomBz154fVL5fJJW	100000
1MZD9xQSbtxkzX1cZymeAoZdHiwVKCxBAW	100000
37cNo6myVwYbnwzfm5ExYVkWuSztUdvVH3	100000
bc1qy4wgrezzu6vm6x70jv0shujzt0xdgw8n0tmut4	100000
1DYbRhMRsJFHCxYAd3roKZqe2Li2Xf5YkW	100000
18zmgCWqNTQZWytU7PEwnmmgZjYEKNEGYi	100000
bc1q4rxxazq08p7s0tqpfgssacfl5hg85zzuqplhgx	100000
1DTWQWuGPZYKG9yQ6VHAqsWkNajS9miXLH	100000
16WU65jK6jcw1rGEvSdUcTRehAHHQDjGWj	100000
12vW6fp2eWof5y1gtg7GFGpeduS5iae7YJ	100000
12CK6QAFZaJUtKe3DvjVmcFmm6ebvUVjnK	100000
1DaL6UTGfWvWKRbfj8TosN1qnADQxHMqh9	100000
1J72By9vwv6wWoQgcdTh23Zg24qZagmWAE	100000
3Dt7kokVdCtBuHtpiH6L8eymJM85FLd4BB	100000
1BbvsiTZBiRMLACiM7sKqFuELuq8PrT4HK	100000
1Boqvfe4m2L8jGA9eqLLX1ZrYmmeVhDWmb	100000
17RJspJ3Fso2Tv1a7xGiX6Uia2nHvhSizd	100000
bc1qwa2xyr6rxaq0wsvteg973a6wg6uekmr8g4mx2w	100000
bc1q8v7sqyc6keu7nkzdckje20he0ngwq77z7ld3a5	100000
1Am4JrMToVKAa4QUvAKWpeqHRqrrAaktWM	100000
1EeSejoyT22kXP5K1jwiN5i2kQDR7tQ2d3	100000
19nwTDnVzsZkdx2dWZfV4pR9oaJYrkmnoa	100000
1Gn7ctTPrcSE7pKZGguCEFZ5ppF8PsyBKa	100000
1BNndx2wcBoqxMP1o74VN8K9ALBKVFjA2o	100000
bc1qrvwuza6wxqjttv7f2wc8d0e6n9mt6l20644jcq	100000
1DeYjZT4X6qpCeCiYyBEYQtrojyGFnua1	100000
bc1qqj30c7ep755gp54qm3e38wduepa8t4c3ga5hlc	100000
15b9MHjAyTHJ5fNLeU7dHrQwhoiUPbkx3f	100000
bc1qytyuyx2f533x6v25rea2t9tctrl4hwgvte578u	100000
1PUJ5TaW925qVaKpb3D1cBaRDqfYxZpzGv	100000
3MTrdFF7Qm3HPDB7qRg86oBjqZpy7pNSz7	100000
bc1q9h849lr432qv0dzxgucul0svkwrudy36ng2dz6	100000
1A1SJxsm9B1E74S2FL5rYpgFmRHd2NGM85	100000
15xJtWeuN8hZbAPsuLGujShfndiZ2z63CS	100000
127CJvQVeUqE1Lrx2p9cdZ4BdznEvyknx2	100000
15jep3e4f8gmLSV3Aph2oWUsyhqjUJDwWV	100000
13J3r37WZb7Xek2uSJDedmPnrpPUGNLNcz	100000
bc1qxj67gx4n8txzjuyfrjfy0jjje35nw2uleljx0v	100000
1NmbaU9gXfsUeYJSUwexv9AwppQQ7cpcBM	100000
bc1q2x3mefmeagkzkg533lgs7utfr5nw60jmyzm96d	100000
37bJn2WbuVYcad3Z1rV9MkjkWU3LLQmAXp	100000
1EenK4oM6W6y5JHy481hHn4p3dxUpNDAhu	100000
bc1q2c5nmprkpjm0qk4e9u206py6w0rm7khzljxd6z	100000
bc1qwtyw2pdqcdsyflyuq32w0aesda25nnkmtvxnvm	100000
1CKTp4twjn4tMaafniUL7CSRFuA1UCYCYq	100000
bc1qcte2j0ax8e50uym96ut3c4rq4kdmqhwj6883f8	100000
14Se7cVPRumFmGNNYWCoCV7v21uWiud7ZN	100000
bc1q04a5sf5yzhtrp94mqn5upsalqpev4msflm0use	100000
3NgsmYBcf6UtrZiZgh63P3r7TPKxYDxqDq	100000
1GoQr8TwuRJ3UtGWpUw1byYkYWJzrcMdVV	100000
1ALszmK5sxUgunGAhUpXrcYGg7RJx2ss9q	100000
1C2icB2QBkBJhohhjm7r58kNhqV6bTX1s2	100000
1WqskfNtdvEHtSLpGtmiHFDW5Xw2vsfjv	100000
15heQrq4zUy1nSBcQaUpoYrnz9iRKjV84R	100000
bc1q2257zpq8rxggjgvwktxsd6ytrglvwnjwfpxm30	100000
3BMEXG16jNC8f9nvPfuHPjssggJEnW2V7A	100000
18nSPVM5wfYQ1mWv3Jd1B3fUwfpzjDsZ7Y	100000
1HSr3yhJpfWhqrdBPZgqFpnKdsQBZJeYqw	100000
3ERPHjNFo4q9TirrMYQqsog6WomgNKvGun	100000
1KHp3X24mBnQ7XCtYQfibkb2mJTn3xQVL2	100000
12uohHN4c5fm4afoxoLUbiT1Z6JPpBuACv	100000
bc1qc67s95v0lkyf2lhhdmrp676gmumcv59yuszuee	100000
12Uj1oFke6BM6FeA3iTymNHGMoumkCkErN	100000
1JtAkM81btEz2gmc5sJBrQSRZoBLnFLBZ9	100000
1QBNHkKdULum1aXzzmyYUQaC546TewkCnS	100000
1BvMUHR2v7rArgrZ2wE5tdVb3wonYh1Qz2	100000
1L3EwUQdQjqtFSxSN85d1yyTjWX2ar1VyD	100000
bc1qxumc63nujgaem3vfk6rljj762wdt6ukkqju5qaly45upry493pjqcrh3mt	100000
bc1qpl4yt8mvad48fqf87c56jhp4j8e7gxxu7r56sx	100000
1LAeVXzYuYGfw68KG5ThxkpfN5JCYqrWQB	100000
bc1qplayhjep4udwlqderke2m8rx7gfzlgm36whtzz	100000
3NnMKUeNRFMQaeSDJAB2A8xZ9uvbeYnd44	100000
bc1qznpmgghcckaa2y598v0xu0r2gw2r6wrakppynz	100000
17wB9LH1EpkTgNrEYSwkT8UG8X6U8EnpXH	100000
1NDvCVvdut9E56rbniAUQ2tUd5n6yZ47Ps	100000
1GCvxPi76fK9E9ePVgTNUhadGbemm3jd97	100000
19ENMBiugXKGpc2MPESW1hLyuCmeFYGGBS	100000
32RFv82vCX9saA4gpjGfYBQ6owWKchUaYc	100000
bc1qdv5v65etvmkazv349p59tagmqt0dkruscffac6	100000
34pMhYn7uzRXomjYmBRYJLhkwL6HsKMddW	100000
1DHPDwQmZiD7qn5779yfHgoGnDRWHvs27p	100000
3NRuZASkcQVYnBpYphojbxzxWFXbEX5Dbq	100000
bc1qmsgfq24j7rdl9t9kkv6alk578thp886ytaw2m7	100000
bc1qtxdedghjs2yut3dqcl524drwewezmrk3yuh4as	100000
3NCWTzFPEUvemG743NN2yWefNNHzXecFT8	100000
1MdiYVew9BWuFfYfBsWUrgasCRmNuzjKgE	100000
bc1qj6mf5stsy257gdduyfy6ymptvsunelgyzvcmqm	100000
17HnqBSHxHXxJByxPNVP3vmW7mDYBAksbb	100000
bc1qj99hh4t2js6wjw3qa4rsmaga4srq2etzrzwrd4qcmkfv4a7y60rq3z0z4v	100000
16a4M1L6iBGhhAu2WtcA9swr9h5KANfZcT	100000
1F7DTYc3Xi9eYW7htzbcYphAXcue1Us4D5	100000
13WDUJLb6Yn7iraTQcBVFME8K2bJe4RzMi	100000
bc1qz0g6e25dr7mrzs8u44ultjtarmp3wklf08qrh0	100000
1BEZ6PDSdjDpvoQa97ucdcxYeXkhQS43hP	100000
1CLnCTPWyhiMELE3xtB1tB1WVdiA8iNc8G	100000
3BMk1Vj6w6VRaj4gUKWYYb5MSgcZ6JZbo5	100000
bc1qx343russat2t6ya2k6vhr8p9qy5jzp5htwpvnm	100000
1JqsCU3hDo8EcMN4BD9CxxT7o82WHGRLVL	100000
bc1qunw7s7kk79r5hm68fh6sgmkuvurrlm3pqsl2l7	100000
1K7KZG8Mvd5TcxdVoTN2k8n8ThBwbQLqyS	100000
17zjKCAJNGTh2VD5e69AhcnAQtU1JqjkK9	100000
bc1qve28f86szcyzd9syqddk823htpne6jer2gc6dm	100000
17BDHG2e9k6DXFQf3WUz8XEjVVSuTskdcC	100000
3Dz3wUvrjjYJWYz5JoRU6Rw5q2DVYmzeW3	100000
1G5RFt1SxeS8w3PcZ2zD7sMS2nEXwHkKaY	100000
bc1qesh42lysecvm0m5xhtyrq3sum2jmj8x5ef89al	100000
15buVVvqHJm6dQNZzyNVW1hhKFdSQj8yA1	100000
1JTJ9DfUc9toQ3GbouqVVERyjhYB4aMrtq	100000
1DLzU7Z6vzU7DsuqEpq4U5JkBnVXs63t4X	100000
1wVrtEqHhXEQHFESNDnvwsKG8jFiLXK4G	100000
1MvACMZjBq13rWu32xcmky5AarT1Fyoryt	100000
18VvQUJcHvD6xq61FLtj9yFW1cQG8HZkcc	100000
bc1qn0dkh26q8rchp9urlxw9649tpd6tedvtthp3af	100000
1MASe6YrfCFS92RzjKmuztmgo8Mn5szx7a	100000
bc1quxj6s49gzrhrw5qt8dzjnhc2u3fdlg8n8w6km8	100000
bc1qqygapgqekt8na7rjvvunfclusdnen3r4n69r6x	100000
1N8upF4WKDgndLrxNEFAmtXWdpQBZxJ16Y	100000
1HoKYfrMix1RjJRFA2qiyzxgEDSzv9gZqa	100000
1CnZz7ZmHZHKAiuDTqMNHcsChVqm8fQyHy	100000
bc1qnqsz6hk55ha7rq9tkv7vweym0e0vzt6jsc3zdu	100000
1KnjH1q6QtPqEfwhHjmt9zSa8j3fT3GdQA	100000
bc1q4d9h926lxrexw4236r54c7sv240qnm2n82y83a	100000
3GFJwsgWeDTGXGhEnNun4drtmQTo5po51C	100000
159VkbAi2Y8ggXEcJKLYe8xaHMkihBdjSB	100000
bc1q3m6dmrwmjepr0vvxf94rmvcv4thhvp7vkdj385	100000
1NFL3UiqqA2Kd4aqAgH7kkLJa25ReTLJDx	100000
12b8Fi4Z3knt25aeGPXQcaTysv1Q34nRDT	100000
bc1qm5zv0s6zzefsxwhw7s63rn4mjw7vyavjtjw7gf	100000
bc1qx9jmyflgsvd0wevajfhkrp6ntqjhddyq5kjwhs	100000
1KkLeCWw1RjWZx9mbpWpX8kS2htxRGyHAT	100000
bc1qtshqrfmqs0tjfmlmh9hraj4ka7ke4p0997fp2m	100000
1EkYsStXir8LHmHrCximzBSrp6puAr8gRt	100000
3Lpam97jnnwpx7196SXuzXrjW5ahu8k3xp	100000
1osSUNF82xbutPSd6V3MtYHCsEKjU7hQp	100000
bc1qqkt44yj5z8w0layk69lym225uvwh29plsgqdea	100000
1DJYni2yw4ejtoZMdQXTdN4S6xNdREH8JW	100000
bc1qzxl3xppxzmmah80h94km4dt5m38rufrahd72jm	100000
1DvvSEVf9FPG8cvezJQDbSr5WrwR8PDEng	100000
1AKYixo3kJcdPBtgDUksSKqyHN7vcLSHma	100000
1FgRTuHxGBCjXC7dVAGHu3VZyvkNxbL8o3	100000
13rWXmUZeq6WgGyA9eh2z5emXd7974HGJ6	100000
1GdTMpK3QeQXaBmyooFRJ4xTYxP57bRNT	100000
bc1q6zdkk5005zn7t2adtgz69t86t9h7xsax3q5wvv	100000
17SKgtinTJwp62fdvcwKoEgWN1VxDAKQdN	100000
3BMEX6qWnTD21kTPVSX7xV2HgnCtG9PcKx	100000
1LUi6AvFzBsmqTWxBjsHEV42QcjZi7X9nw	100000
13aoHWd7GKoBgiCR3rPPxAJ8EpRW6PbkMP	100000
1E8HsMibBEggwGagUkzPwhrys5ovBZrFPG	100000
17rHjgib7tsDJ9wX7k1dcL3MfQnsGadDpB	100000
bc1q37y08lkkwhkj9ugkcucj88gvn5z5jdvw80xqrn	100000
1L418NhXRqnLcGnN8fBuJKtTnXCcry2Rqs	100000
1KXWS4Uh9v9CKsTFzEhac5RGZcA7zP3b7e	100000
34uFd1YsXfzyeWZvKirNdxBhE1qCBLTxLJ	100000
bc1qgr9624eksmhqenx75pla445gx685mxav35748t	100000
1Gx9xAXqawTLy1TGBxT3J9YjTW1LqWuEdE	100000
15zAQXbeVD5AW8joPCcqtAaa662XrTYEVm	100000
177uj93VauMeqLfMnzSAPzhBnx174hewZ2	100000
1MpYgPCbKfQDtqEeLjLqc16rSGuhFxSCYS	100000
3Dx5kte7id4pCTrY6r5AxWBzpjcFs3cG11	100000
3M38WAq37Ksvqffv7mAPaCNDDxURjzsaK8	100000
18uVBJCN98sMPMG35rUjwVS2TEYSmUXE58	100000
1QASkWMRCYD4AeZiypHkp3xatSYDdAmSSh	100000
1KhSxehYLsanGtvA7ZtS6eTXGUddGN4Sto	100000
1NEcLRrbNdHAKV5ijvin7ZfDAdnCEoFKyY	100000
1ChxecaBZMzEBVa4Ypgh3ysi1GNoxQWscm	100000
1KYLpPFv8vtSE6EtFpHSUpDutFq53ngLbf	100000
17DgEE9VdziQYn6hTfNoKEppfv7jbdSgQo	100000
bc1qvp44ed9mh96x0kpu4xk39tc3042kjxyfcvg2m4	100000
16NGCiEsUupTPH3ftzre2Mi2J7nxnpSEKD	100000
1P8NrRvJkVa8SPUbHgRo7MVXHGjJZXHic	100000
1HS464nAkPXLDUtZmszhQF3V1pg7zUJJB7	100000
bc1qg5n320629wh7ydps2723z7chcfdvd0uf7f9nkcge48swlfntxhmsarvzyn	100000
bc1q5z8xtsla4qhcres9dd76dp68fdmhqs6y8tnlm9	100000
1PtPVWo8hPe447ey7krm282DjZX4jWH2Q8	100000
3MzkNzTejjY4Q7KPADK5rzacCstuewmhfi	100000
1MYvUzhtZbmjBvf9ofy5U12Fpp3zYgbZvP	100000
3JTKcckjY7Cm8dH2BAi4dQ1n46aeDvvrz6	100000
1DmcfbYfrTTGnuBEydyUBrytNkzAKFjELj	100000
1K9Tf5vz4qssrsGc9Be1xQUFHyhPGckCci	100000
15ogEiKF7qDicSufk9ozbYsDEeZLPGF9qS	100000
1CwGFFaZYHFDpk5sZM14nrWDXTtSjfCok2	100000
16qNX7ERp1NXXscvg4ZGnVc969eMLq4bwv	100000
3BMEXmePLoYCS1pPhkxJKkwW3u1Fx9L4e2	100000
3BMEXx1ERLo4od8Guh1u36MFqtAutdLA3u	100000
1G7ktK6t6isQviWtTgJUUNjfmYpsDSTKBf	100000
bc1qljy6f7wkm6kteavgts6a0er7fgg8vsqhrfd0vq	100000
1uHzpYScYCJ6NSbrNKKFHu6MgW1tsj4QZ	100000
1AA3xwgbXJmyttXFS3aw7VAZywoh7M5mMv	100000
15S2CQCuiiaWfRo4sjVrMb9hX5K9GiK3Uq	100000
bc1q9k6atxzt53xchaq77mxuxe6pk4l9zdtf2g29s8	100000
bc1q6f4gqp2jxhpa782uj7w3dth9gv9waphj2lxcgv	100000
1CgoYgR8AVQNkCfVGp7wn4bp6PV6YnwUPd	100000
39GZHuUuKwQNcgg2nVif2h2MoaDBffdev8	100000
163teVzW7YbYW7u86hKxhX1N8dnNLsjzKn	100000
14vg3ZYrXEHJpNYoqpbPRNnnrsRfLWg47c	100000
1KQJfpTY6SeV37qfUcHq4tid9FXzSedaPV	100000
3FVcinpzoS46MRze9A91vCTJqy8DnxVmho	100000
39DHp4YPidU5ScCs9hFYDLfvjCGDTcdDPH	100000
bc1qjylfqzxynj46qgxeaxp33tu2y2xl35m6znrmg3	100000
1PF4L4JQoV8Wumj7c1SL6WAWj3dCN3JgV2	100000
327Sk9cZMs1jmQoWpuBkuFWFRi9LtogwU4	100000
bc1q0yh7s6ksgn4q2v9x0ceesel0m3jrzm06ysltk4	100000
bc1qln2t8ghu64yujh8anmw2xx39ycmk9wxqucj9z0	100000
1GAhsNeRkdky5yuN3QxCR32pQv3jHnBhSi	100000
3C1WuGmWXdrj593JumY8KdnbxrCLcKVNCF	100000
1JbbDJcXPxQNyQrEnS72MxNiuVyBGCnWpG	100000
3LU2UTNXy74psjSFyjjvCaf5qxaCdTVkP8	100000
1cQjQ8WrqA2K1h5ZbKRA22HQvsAxxwbRs	100000
bc1qu800uy4tuzef6u3mru893e9f3xc8e7fsr7j7e6	100000
17eNKDdQc1bwKxvaQvEHoJamPS9c71HEm7	100000
1Kom1KXa44fv4Ydbu9dBzQv66Pjc4gCgN4	100000
bc1qtx98x5hnqs69xpqc8l62cwae3gmvnqq9y7an69	100000
32q22NLhYEmtGJYANR1xfVG7T7d6mtFVLW	100000
1Bp7ZW9enQbA9p8LGxFheS617iFLp2t7m8	100000
3FVK6BrP8YafcCvobedN7xDo7Hf9xLs3AJ	100000
bc1qpyv6ht8348l2498swjmey4lpx00r9nqhnem0vm	100000
12EF53ENwpeDnTP5A8MhVeLfCkBkrMWMFe	100000
1cyCG2qDv6AuosnBy1vYv4k4VHuFBoUXw	100000
bc1qlh28mjm8tv9p9wuaupfmm4g7afme6zaw726d36	100000
1PHV5bcbANSKMy377FELobQJpNXPobCwD2	100000
38WWdUWHakRR58veS3z7A7zAFHwVQTwxZS	100000
1KyzynbHSoomikWizaEhyXTEXPtcPEPv53	100000
16P7RxDjYuWrZwc9AW5hPgSAj7Ar7Vttd7	100000
12jJHGeYiMzmkusjapW67jCseUfeombQ1a	100000
14DBduXB5MZCMhrGZdSY5R89DbWrVy6PND	100000
bc1qvj74fgghjjahph76gclwfjjauyaqv20fsfwh5z	100000
1512f6VERGXRSugfcmVZDnvSi56ptptsKJ	100000
1KBemLxEVA3jUTVmXyqQ1uaUU2KhoCjHaK	100000
bc1qqsqzwfjpva3ynw67h554kpq36svn8ueue25ygh	100000
1Jaof3D2E2HJpwk7L189fFnfVECU2VmviH	100000
3FhQ6cSxDRhwQRX8HRXh26wr1Ww7sw1kQN	100000
17ZUCkKTpD1T4DX66rKFeu5NcovLr4cYXY	100000
3LsdaTahhAh3SJCpqgNpJSgFuo1qN9T65N	100000
bc1qy8kddlxt3v6f6vl0mtk5nhhfxypw2e4xyc737t	100000
1AnnHpL8D3EPLWncLQgGACdUFvh5CWsw4G	100000
bc1qv3ullessdf6u3xcrgzk9k08ava0p45t79lpppp	100000
1D9ZyMNupqtanaG34P8sKRZbDgyY2pRiPz	100000
18cD9rDJqTG9wPdpgdho9KTtBWrXeoZtJY	100000
bc1qlhadn09884f7ns68gxmj430r2adxl5fuxqxl7v	100000
1KQBGJYR3FTfJ2TWF22Wg5B2cq4ttk1bwt	100000
bc1qax44zrxlpenrtv9hl4f60aq2js863glfg7z6tn	100000
1LWE1tdqxpjEbUUCZ3WSv6cEJ7t9E9EFH	100000
bc1qh3zfh7leuwtv8gfqxh5v9tvlw4kl6z4wa6zfgv	100000
1Cy6BEName4irVhSpgGAqyAo7dcuyj57Zt	100000
1F2A4CnyiRC6a6g1BsYM4o6idcnDavDZg6	100000
1GdyhUwiE43yAxHuUxY7guwzTmgN7Cpxq1	100000
13BaR94H912aFBWyqEL31Zqh5tktBr2MmT	100000
13VPXDEhpjUnpKPd4LZvKNcwwVTAC5kmsp	100000
1MmFR28JD64VhpFe6ih5t2YNykrMFWFwJf	100000
1Rq5mMMXmTCZ1LLuubXEERsB8fA4enUYq	100000
bc1qs3m436eualprtu6sz4w3ycvf3cc3cuae4gueu2	100000
1Hy5kTqZu1ZXALbkWDgLHMUZmk8h5KW2Hr	100000
1DEGwdHJAsubywmfdb2wuuDsDghJEM525n	100000
18wCy7SQ5W4dbgyhPivHdKxwk7TX2B27F9	100000
1LFr2NRi97Ur9xF3ynxD16EhQqxfAcYPTz	100000
1NtoyiXSRStanhjjg4umvqsDDEAQE35AFH	100000
1Nhy8RLHWTZHgVKq9hH4zEX949XBLbrbGc	100000
1B7Gbo1x3v5HES4GvzMCxg3AQpEwmVGPEH	100000
16VTGpKoR3HHYMc87BaKa1pkn5pVjNjizs	100000
1JX2jfxsvzTWTNzpp5E563f2GX6TzW1p4w	100000
bc1q97xjaly75fmwplnf8gw7n2zg2g9mk4hm7qsmpc	100000
1MDPCmvsppgiMfUozZPHnaDjweiQ4VJDJ3	100000
15pgyPWfkV3mfVUyzkG6SXfvCFStkKfN3J	100000
1MWtXgTTbrW4Y4qVfGB1byTVte347ohStM	100000
bc1qjc6pvp3sp8camkkznxuj0mk97c4jnee277qrr0	100000
3NwKXzRDFicJSm5vFh99akDLXv2jNbnr2p	100000
bc1qmnerxc6nqjuxlvh3ujrd2rxr3p5a5rd39pvue6	100000
bc1qhx86guekpqqap23ts4jn7qm8wafmvhtkh268cc	100000
1PvfXxoAcC5mHEmpQFhqRNhT32TWXqFGT7	100000
1KKyUqBLnqwWBoDhaTVFAZ1UBkfGoXycv8	100000
1MmZbvDsiozLRbJcK4ZuuEsdLF2TyF2zRi	100000
bc1qd6j7qkzsvl5380f6dsz9cv5yrynvyfnzakm8ce	100000
1Mmb4TkN5ay3VU68UJAuJ4CgK2zazfg5km	100000
31mBowN7Wam3GZqcpaNFsYiDFZER2bPkD7	100000
1M266ABPmtceeNdXkPkRg8rXod1w7DcSzP	100000
bc1q0qnav8rhpa94usjxu26p0ttax73p84yn99gnxr	100000
1KLUWaffne1kWRNJ2HLawWTtJiKr4XbdTN	100000
1JhbuZmRkPAwTnY2mKGHB4EQhCWjPKgiqa	100000
bc1q5t7csl9ph5y4hrgcmttceznhd57uwr6sl953f643darl4zdj3g0qlnfwlh	100000
1MzAYSDMFkiTCTcGoE5Edi8MuYbQz5sADx	100000
bc1q9jy6tdd8c25w62pzlqcnmufmpcfpmu2mau6kq5	100000
184NYwrQwtdgSX5pJhDBVLAktiHE5FvVKS	100000
bc1qvnqqjjrhgc072ru9p9jp8cdfj0wuef3cn0jj6x	100000
bc1q74f7dwt87h3wcltfe0sgwgn48aj3nch5j7ymm3	100000
36rrBTVvvA48eGKuFfMGELuy6smSdvCDcz	100000
bc1qd4zrwwz03vrrw54q98ftqxe7xry0d53v5w8f5c	100000
bc1qmt6z5nndq46cuue94crzh2ufwanw6c7pk5662f	100000
3NEUaFC9kRH8tfQ5iSbbsLsDWAQyYpKywz	100000
bc1ql5yjetycjhvx6du7ucjz5dmd9fq4n5j76ll5qw	100000
1MoA4XJxiDJeJzSaXo6fS9HYEECMPrrd9t	100000
18sXpb9kKMkbVgkRFyhXLGpwcEt3YarqDg	100000
bc1qp609fss62ujcrephq8fxsp08hmezd025yv3yzz	100000
bc1q2xce8hsp9uqcyrhy494rrvqyf8uqkyee2luqea	100000
1BHJYuR5Ccs2jmcSZtF2RmejZarBS9r7LF	100000
bc1qptnuls4rw4nhdgawr0s5x9cq7csjnzykalszmj	100000
1LFjh49n1eWLh8RwEXetbYL4SfcPDe4YsB	100000
bc1qzf255mu8hr0gpcscxf07l6xpps9as5usvlwsup	100000
14PWEM7xeHrDngPKqAbwEjFmZ4Pw4ffYk7	100000
1K5cyngbn8XYVMgYRQHDpeXRFKgmZumZ37	100000
bc1qptphwss5kd6t0j2dqka8t7veaxmvyvf6jyrt0p	100000
1EFc61DFYFETh9CCs142R3vfiQvswegWnD	100000
19kAviDxKQvBkcWtMctd5FkEwzYrArtJqS	100000
1N7WewxJXNAxjtyE4oKjLCUUd7hoixTfwH	100000
bc1q5y407yxz8d54qxsymu367yjp4f4d27jhj64xnk	100000
bc1qvuwmmmf02d7qxs3chmwjlhdyw7x9ay4xv4znqj	100000
bc1qvq9q5fpd7xl7x8z9j2sp32yq2nhltvh8pzcsprmykgnphp9m8lnqc9dwjm	100000
bc1q4fwrrffwlh66hakg8m7w6jhzgxfu56lkj4ucck	100000
bc1qyy7ztp98z3yljqmqungu4amwypl0ec90j5rkzf	100000
1Jok1iqr5eTrvpPyCDJJkuQjz82vStva6X	100000
bc1q9x8w6ctvpnhaum7zgrqzvl5695jhq7ulfdsf53	100000
bc1qm3n9272lqqupdk35886shrv8hfez4q3lxpmmeh	100000
1Bn8Fz3W7ycXeQ3nCdp9BDfg4fg5JqyfJH	100000
19QVtq5BnctHx6HzNVDJT4YdpZPVDn6Veh	100000
1KVKwmmL8qaHSoRDxrXaNk6LsBKmkij2qg	100000
bc1qslpnwm4v2g26mmk6dhcc8dwws3h8828d6ee3kg	100000
bc1qtavk4mquz8fe7xppkza6hszc8qc7sj0lyhgjad	100000
1KimP8mnXdw8bnkwbcDEzvJXQh3rwUsDUA	100000
bc1qu3u06nkhjfypvwvw6p9mwq3ues4l7sx6gcqe5m	100000
bc1q89028q04nxrurdvunmzj3phwp4rs60maetl6ka	100000
1LmNBFdhQeNpbNnZt3sDNhznCVhZQudZdE	100000
14nzMWb3WN4urdbxds411AuKkB45bve2Dk	100000
12s3LX6zvkUgV7BarB9qQfVcwFDHJp3xg6	100000
14fW5D9SvF8iERYUwuBXLDs7bJ85NpxAP4	100000
19g9yzZJ3JwRewGh6M2M4dQhsRJ2LqyMfA	100000
1EznjDSJGAXm12qJMakj5qmmRs7URDdKFP	100000
bc1qgntrjukh5cfr2pqt825nmd46zywenjjfu2zvvg	100000
1AyxK7MfvHg9GeLUMTJKHSkUpmwTTc3JoC	100000
14wYuQdx7ubFivMFKSmf2YUFSFVykugbGE	100000
3LAWJCW4KGDtfPsk3CW2HoFaJ1iFUdKJG4	100000
1AFNusViFqgJJcrsHHSaYyZrUes73MMmRC	100000
bc1qnzgq0c4jsvc5c4ppspfdaq3u52jy369eya4u4q	100000
13V3QdJ11Qy9j3ckjgywoSdsnaNpJGsscs	100000
18nEs3KgdVR3JJLcomXAdfRAKn6D8tmtci	100000
1BYMxhxAbQHAwv5pEJzUR2RpbFKGBquTLD	100000
18dHQY8MS4dC1f7p6LnAd8bZf88Umnwok1	100000
17c9kXe5shn29trHNC6iwek2j6ay3C9PRC	100000
1KyyjPVauLC7EkbvpKp5KPfYXzymTvj3xA	100000
1EMSDXLUa6ZcAnU3DTxscwAQ7zZdQN6Syh	100000
14MSHU8paJHPsiFZDU4PdVq73sWAGVT9DS	100000
1PghbmM4E8LBqD52Ng8txySDFuiTunDyM7	100000
15ATFPqYcQ72py1Yk5Y7w4iR3K831kcAeL	100000
3LhAhU8drdtRF6vXHtvMZyGoLBh67NM7Fx	100000
1Hx9E5bXDtdYXZwv489K9e5aPfb7EQ4q8h	100000
bc1q9u3z4v22wy6s967vd22wq4s3qyyx3md8tt6sfn	100000
13G6ifddujFDCxw7GnnxLZTEXGNR4n9gcr	100000
bc1qg5zr93pnvk7c2dhstlev0l2qxpqjh9hwh6h7m6	100000
13PMMQPFu8QGFZMpdydBkHRbEiUbk7noiR	100000
19RRMafbFUZ7f3A1QikJpEmQAK6TmDm4Pf	100000
16qttDKHRTUFwSNUvi3oe17FZxeCd3NCZv	100000
18dGyTMd9EqkxAJaQk6aWFUwcsKndQ78jw	100000
1BYqPvWxJnmVA5QwPo3hKUAwKyb7bT834h	100000
bc1qmkh9d2jfkqdvl9hfa5265sr7t3wn7zm32m95rj	100000
1Rj7t2vSMBCSw2dGNW28YUovvSzYDfSTt	100000
bc1qacyddjxh2shh6259sdw6wtpl5gflra3l9hsz2d	100000
1HCw5cULN24XhACTE9qPgSPj8zKAVhx587	100000
1D37t9kJuTTfMbWQDkW3afQkjBC6RVKzK9	100000
1BJeEry2pahgcs6F2RTJErz7TMnBziySXv	100000
18pykaWb3q7QTBWjLJg7Jju4b5W2PH7F7a	100000
1CeM2rZWcdxhb4pdSeJwMShLK7pJt8nnVe	100000
1DeshMdVz9XqPURMw6TDGeUNo3Uz4ChYS	100000
359qZRs7Vodo7aLJ3jc4hAeGEdEjWrBgvq	100000
bc1qmexh6pm34nnmlaqqle5ygw36hhqw664769lm30vj6a2xvzdmderq0xm594	100000
1DP1u1dS6fSYd9nQA2QQuHAWTuZa2ZQHS1	100000
15xQejauNd9Vc3YEuFSJT5fCTmUzJEyWxG	100000
1E93aSyZBHd2KJZmE5AxmrKf4EFfHo3s1	100000
12Qif1ufCuVkmhRFU1pwiBhTEZAaLF9YdY	100000
1NhJ8Q7tR2L9XT3n6NkWW6NHFykfV5Bzv9	100000
1NXSGJdPPZwgigWyzvqFWT77z1wLR7NDb4	100000
1LN8dxkMxb5gDPaUSJNAqs3xHVG1cCWqCS	100000
1PCE8TyDQkZrp1CJVaRbh4Z7RBD9LwpqJD	100000
bc1qaz4mhlqth0v5dk8znqex8gyfn5hdhrhzqqtgqd	100000
1AW2PjD9HL28ehM9DqiSnnksgb4nALo4a2	100000
37q83Mtzwe17msyE1bvFoJJgZcYc1Cfjnq	100000
1PqNyrVc9j2Hke2rPwn9WVx4pNPYNntVPT	100000
bc1q0j4xhndkn0pzq6zp3dey95un88ap7nwzpcqffr	100000
14a7uGtJujuYtutgw6Ryyo4TwdAKWnCnLD	100000
1PT762fGCJTUMxRoo78d45Vm7uSKG23uTK	100000
1PasA1QwZ3ycwgYJVqShdKRamJArDgHph5	100000
bc1q4errmg5mxmqctw6n9s76ptq8kavylu28lk9q2ytkj62j3gaaug2qjuwxx7	100000
3HfecqQiTbFvtJjczNSti3SquTUv7sFokb	100000
bc1qhe6w4tq37n5ezlqlqwrckrcavygwtzkty046lw	100000
1598hC8wk1PWuyEdJCuXBomMdd6756Az1y	100000
bc1qygsz5w6q9r5e9krunpug3qrykj0hm6q4qtl4kj	100000
1ERdY8PLYfNSWBPfD7px4q8NwYczqGdMJf	100000
36atrdwCQkycjK1pKae9ovA6BE2nYM4Gua	100000
3753Jk9NyceutXdtwQJnW1yrZKGAVo7Mv4	100000
13MFp3CdySB7QY7BLXmw4CzKDyojf7fVHx	100000
32Zd9rn8HabKEHc7A2bPwk3hKtZkKhABJ6	100000
1FVS5hwL4a1wbhvTXXW8FXNbNn3HTrA5Be	100000
3HGarAkkSJHByqVHCqDi8DRFvhwmt9G7cc	100000
bc1qhg7uze55gqdxtsjtemke3zstv285cqprxmrthx	100000
bc1qqathwy2hffxx7wdmw4cd6g74yjh4zrxpv52gk0	100000
13ozRXZS2o5mBh7v458CY3qufK4XsKdjDy	100000
1C2oJXbAFgrU2Vo9wgC4CFzhdF4G3ut9Kq	100000
146vHxKUDZLSGPEzzrdFt9n46qbFTMsNpz	100000
1Q2onUfxMGmywaHK8mzcniaq9woA119LEs	100000
1GCWRoSRzwLo5WNHR9Rs8MD3t9VhM9jyMJ	100000
bc1qyrks3pt09xseadktyfc5y0yhdfld858s8dja3q	100000
17CFeFoXQjkPfNtcySAA5iPqQLLKcDjpfU	100000
1JVu6X5mH7NANhCAFCVGHc9BtC82XMomsV	100000
1ArGwefMde1c67gEpRFiq3ZRDatrSNX61D	100000
17zPJuyjBEoQsDfMXNg9y6SrTCgwSbyy5Z	100000
39ZtxanmPBhfQ25qR2fj5Nx2dRrw75rhGM	100000
bc1qks605k3ate5mjutpyjqpjae5xw2z6x5jj70cw7	100000
bc1q0laxtj6ygq6ycxu4cvx30hxk4mgldaxxhlg9u5	100000
1ArXkuXshRhi5UoxMQ84pf6TXYmeGWCyYh	100000
bc1q5gxcgmc8yjj64n9t9xvuwce8a0gptxpdnafq7k	100000
1WEZs5RDJFgJmHxswn65jfbUSL3riz5dx	100000
bc1qfg9qh9cqtnk8qr8fffv3aup54w0y78plk5w6wf	100000
131MwjGy2HsScbngJeA8aV3s8ang9Y5uMi	100000
bc1qecq2zkurxhk6mg9p6n5r6z8zj3955x4dx56pzn	100000
bc1qnfhfdp8eyac7p583zfzc6w85dq4hn50x6fmp2z	100000
bc1q6x6e437jxxltupc9k2y6vyju8mpg99442sw2l3	100000
161mp3ZtJWqnBAFW3E4HvJ1t9T13ELzwJJ	100000
1EbzfhL7n2tFC6HHYesVaaohJGprdwxxe4	100000
3QU7UqBhuiDr11Fcc4MgY8c6E6vQEENqLB	100000
bc1qlwvsyzp5de2y9hr3cyexhxwqqnkh8wcejyqqy7	100000
16sxhmLwBZC3KRdHapaukQVJJVLhzqFaju	100000
1DvAnH4mr1xgMDXek7k1WtwHKVk3EfEdA5	100000
15KoAtByGgUC1L3a8sFg88HX5pjebDozcy	100000
bc1q2gqt9hg8vp7ujt9l2p8p29x6vu3lncpaqnvev7	100000
1bgxDuCS5dyq3KPeYJ1nUCMQeYbvsfzUN	100000
1JEp8mRToMiLEcMLQeCb9oaiUnSgykmzfz	100000
1EddQXr2gcPGMGunpKgwdtbpFcaA69vGHt	100000
15paynBtDrBfXJpM9wAtWHZTbQd2uXE9Ja	100000
1BbpxFXDh9XwkQB2iEpXUP7DKBRijtgCJ1	100000
3CzD1sQmvQ7FhtBRLSGRWD4LQkc7KWkkHD	100000
13kEZZKMxEejZygPfyQXKVABGojLQsrrMf	100000
1HDyMRc3xjELTttqLowQxAo1uKErxsQ6Cs	100000
3LWbuiagBoFPvZSYyqkUQeQiE523xhXnmJ	100000
bc1qahnnjtexv80sjdmhg4mtxtrstnhaqn2cjc39lf	100000
bc1qggtte9sajzsv02hl7gdqlnaxxe0r04mzc6y8zu	100000
1Am6qpAdKMexicNB6iS6UVYqFaTmfqctAW	100000
bc1q2fntm9t6tx0dz5fnak3le67h0w8qm8vla52zeekeq0puky05s2cqrx7xl2	100000
1K9F5qLPZ8bpzovHoGgpHW9HPE2FbNrr9V	100000
1QHXYL8frBVfuksN592Je7LZSQeKHA7WnV	100000
bc1qand5hkrf00vy5j3gnv07dum67qljw889hx60x0	100000
1NKZnCWAZscvwNcAEyJbgu6aPBjJ1efWLH	100000
1J8MEpEaVELSS96Zd7Y7eMDd7VsRwePE5V	100000
1NGwEB89EL3iT6pVhnYcv3z81UFJ1rJnnN	100000
1817BLLNicdPHaVBTiWfhZgNVTyHQFs1ay	100000
3Gtv3bSrVVYz9xbVWEE6PnHxPajWD5AVDh	100000
1MdUqXdyRyivX6VCyXYxfAfwaH5TYdYkF2	100000
bc1q0yhfz422tqxtghnqjjz9wzc48fwlz4saakdrc0	100000
bc1qr4fxx7g4vvenrajj6ehl7lv60fpvtyaqnpvprw	100000
3KDXHABtHdBepyezHmn4AdwqLnMkscVVLu	100000
1MhSEofVJuJv7cQ6Ed6VzYcRDSjEikc2Vw	100000
bc1qvwdhzk2s5phfxtmywetekz05s6drum8ct0vgd76txhlxcs3zd97sg83fhv	100000
1Heb6FHBYrefbBRYoTfSDgrtzVwuC7Jfub	100000
bc1qc7937v6x0m0f0frrzt2hd5nhsh04gegy94mrcc	100000
bc1qysdlk07g0s2wteflj73y5uwedjkh9cqpm0v6vp	100000
bc1qvtcduqah0vnt47fatezhvqsrtjp9pjvcnc028y	100000
1S6dPptoERz5Jit9pP4RUffUzpq6vQKcF	100000
1F61zgC1f4qa8RLirbsCuQA48EQq9MXox7	100000
1GGAPmmFjAPuaFWfsD6rSkvkp7YY8EB1tp	100000
bc1qgw8e4fe0962nj44h4gl9uwe3rw93aexlcghdzx	100000
1CcEnEXQPQQwDbsdj8bC6m5sdVEwcJ1Ynw	100000
1NDGdeeUHpYaoG6ZndZpL3yyeQTqYaopaN	100000
bc1qth3gq3yvr2uyaeq5r2mr8zjvmq0sv8dz8ypsjr	100000
1LXWubKX7FdxD15T3oLytPqQrZd86QifY1	100000
1HeZLEUMbHXdbp7it3LhoL2UeMSHSTA3jb	100000
1AiruRGxc5VfyopH7Z7rP5rJFqW4parjUT	100000
1PZ5XZsDQZ2cFWgsNF83f4moB9E3Rirvdh	100000
bc1q5q7j8xln6yr47f937nsspklkll90q5m6lljljt	100000
368FrmJ9xcgB8YwHx7akSLiHxG5YRA6RnU	100000
184sCuZc8uxxVb2QYtdHfXBWLtpEV9Rvii	100000
1LWbAWe8BkhR7xmczwuPw3wejx9TJRsW4M	100000
bc1qtazzjt4we90kk063yd79vgq8f67u8d7nje7uw8	100000
14EqjrAdrvC9V4UutE7ry1Z3CNdUmjrhjW	100000
bc1qpdyr5l20nxemnctu7gv4jsxlpzphuvy55glgr8	100000
1DQmUUyTX6yp4WWsdCrSAhgX9eoH94NpMm	100000
1P3VdzPcAyBeTeunJFAmabdaDQaYUd3hTy	100000
1AVxv3R6eCmcw2Y3DgGkdqjDbQAhCr3Rfz	100000
3C9qkgP28TtdNHtKNocwyFXSN8wQA8WsXF	100000
1GzPJpQpGtnrr9caQABfLrWuk4SMThDNJc	100000
1Pc8i34d2fHeuwmVRipemQgFUyqt6rzDK	100000
1EoRXkiL96KJ9NKeszmXcdWNK97MDd8aNg	100000
3QSCDWye1eJzoL6BPFWpR79Ax6ymnBNXZs	100000
16ocjmKUihLTVD25LrFyZwNiCyEQMi1Mqs	100000
bc1q9z2264jrgnv844jhj7vt3ehhm4snjht2rny7f4	100000
1N19rWaFiNyFhxjfxQGUPheXJxdfB63pfL	100000
124fPba7RTNNXuiZBbKWLY2RnNxfZXG3h2	100000
bc1q37qlfpmjxuadzj4lhp8ypezvh3ptldz9t7zhun	100000
157RGouYiSAT4Todps3stC3ixq4UAw4XC7	100000
bc1q33z0gkc8e7mn2dm2m8qgls4zydnal8pkthnxk8	100000
13kS1DmBDFTAZ35uYNsTAA3GpR86hJSdUq	100000
16UjMyTv1kbus91mqq5KaSanPFq6RA6uBm	100000
1BL3MpHm4jgAUPKV6TwwqVuemg4FGb8jqQ	100000
bc1qaa53d39yegdqdug9p86vzyv82wufhz788fssj67en658yg9s4c3q423sjr	100000
14nU8hCSx8sKqGCyZiddshp21JqsXiBxub	100000
1CSK3C3ncjt5aiLsYjYWMzn6RC5TMFbJw7	100000
1MR8QX1a6uTbmYVSqRPXvwLcy2YFEmgCNS	100000
14owp1bKtjEhn4AF2j6MrTS4RRZXndwwWL	100000
1MuP7UeU7NB6KRNdu2DKNNAckzb8bXSuHM	100000
bc1qg4spa35ht2ghme4nqzr7ugmflnn9jsr59rjfrn	100000
1J9NfT9cyBdmYdz9zjL22DM54BCRG5MQgn	100000
12mkQn8cnjMKrMFaGrKYnx71NevRWnCxNb	100000
1LGY86Fccu1xiCvmTp4CrJML73dRB3BzGK	100000
1CKta8SGvQwndw3weQZgnsg2x6ZtK2YyA9	100000
14yHbFbqj4rHDQcF3ScxrVimUMLkibfqbR	100000
1DHHeaW57drZT7CxKp1ErXmV1BrepgY2qy	100000
bc1q0cuzlc30h3ytrzmdnlevx0erf0au3y030x7f7c	100000
15tWCd57S3v3RfquuQJz2XmewZXTBpzf5T	100000
1PQmX1bpX1f2WGYoyfQeLutAFSzqTuH62Q	100000
34hA1T1KRMoSBeHPm4zdFYsX6qgUZ3ZHBU	100000
3MW1vJwatkga5ksu7zsweohkMCak9KzfKv	100000
36sCvpjaFeDQ5UCcKpsdPSA5218HDAuhKo	100000
1PS8aibpKqjpFdZFp3NkHbtetxHmvB8Szo	100000
bc1qynhh409ht9gcwjzmj52w9zj3z8h3dppyp3urun	100000
14jagzrSjZFMzsrLPpSDYFvm87bpZ46ZmG	100000
39HbhEBTuow696sEYBp7hAmWAKR3JfMC33	100000
14R7HFvnBaUva6ZLpAzmB9CjE59RvDu8LK	100000
1F6TRoqwzU1khJZoUJArf7rKGbtbiPDZGj	100000
14Qkr24EiK6Bu2DxZpu3sMqpY6mJibG5Cu	100000
3DkcS6c6CW5f8Shdu4T8fN1vPLhYNpGrN3	100000
18xVrNJJVXRE7wckVohDjmETh6vaNx9xrh	100000
1Bw2SqUVyxGzv6N4DpJXRFcTMarx5caDcs	100000
1Ekr4Jd7Yio5P28GKnANgsKTKLY81F58or	100000
3PvxKP5315UPDM71Wwddvz95Hsza9DNppL	100000
198stS4Pt5MQJtmqzC8yWWKupHghKFqGfd	100000
1GPXkoBxM2JCozzcheP9dH8sc1VWztTcDP	100000
bc1qj99t2chsftatvwuj0ql3p0zzfe8fx67ux2fxa3	100000
1HS4FujhsxPJPeueYYiwpBr8N2kkQTUzuz	100000
3GzBFHErocavVp1eJWa9MgMca1mE6oLMjW	100000
bc1qeat23u65f4qsp79lgghsuytnt3dtzea8yl2shc	100000
1NRydFTqotmMT38iVJtRxBaTDHBAeBfQgs	100000
bc1qcdgu6fttskv6k6mmqh5lu4ahmk58w5h44l6p60	100000
1DRQxw2U5bZwxdJLx7D4WcPZUZkjqV2Kjy	100000
1LUcVMDExzQke16ZqaBKKPSGAjyn5NykiR	100000
1P9pT5uCR2F6tnM4xit6grvP98e6ChFz8G	100000
1MtyW97D6zXrLX2iUqMzwMpd3hWm5wMDNF	100000
16y3bpY9ft6moPuvctghaPkzmrbNSkmy55	100000
3HVj3iVaL6MjYEmuSKUaacwPMJs71Bgqg9	100000
3JDJDgpLvXGSvo7MtqVAdpksdPN7q1TsmJ	100000
bc1qex40tt55nxwk09snpfhhxpgkm2yjtepzyzs983	100000
19M5FLj38XSbytc8eWQYnTpkLj7CZZqXsh	100000
16mvU1hy3e3oBgLeBRmT99xMb9DhooYqhJ	100000
3LS49gJFHRRVTyPEhTY4xvLSDnFXr2waUA	100000
bc1qukstc8esgwp2l4hgxkecyy5e24403un0g0cr0p	100000
1HuB65UffxXXoFV7VdqXkmmi99JPeYhH7r	100000
bc1qee9tgsw58dnh5y2jfneetdt85zffu5v75qaew3	100000
1STofegWQesKvvoyYMSBLES2S6PaL9KRe	100000
35tArCn1DqFEZES3JoMgVvNMCu2weXFukc	100000
1F9ebgfC8BNcZ2fq9LExcTGYVVMzav35sd	100000
19jvPDPQYY7XS7AWrRvVqfR29q76DDpxkh	100000
bc1qmx9ty2vymw0wjuv8err9mwm5zt8ujrydmlmtfm	100000
1sgEbLv2Y5wgQaZKgFkGtiivAMGwYQ2pk	100000
bc1qwwpxpzrgrhvehr6y88f0ju6qajaxwxf0cutx62	100000
bc1qgplvtdaq2hqdes9hf8qfy0kyexngexe6lw2q7z	100000
1H7cDn1tQWUbo87GB2hu5saRV4gWLNZUpc	100000
bc1qym64teuezsqe7zv6ye3hhnkfjd6huw09xfaf6e	100000
1QABbad4DcEoDTQkM1zkg2uQxq684CjcjX	100000
12cAZqUzrZ3qbp614E5gR4X4mXJGwh9hVS	100000
13d91ZWQRnH3mCbSWMijw8JjkZquJ5KYoF	100000
bc1qd8ctwfkycppuvuvzl7s4j366ht0kccnlhel09r	100000
32qGSDFzEv5N7s3HTr1k1KyxR1Ph6yH4Td	100000
18TCucBvvrVezzpNYAjbc4M8rPBbxYqFSj	100000
1MnSeVAcN5AbnBVeXVbS2TsWyK77FSmkJg	100000
16RY3xicqtga6a4XVobAwPp4223x8nnvYD	100000
bc1qg4qf3a0np9e60jv2fzr4yvysrch7fnx87w8ylw	100000
1bZFQUvpJKXw9YC8ikf2c83qxHPwR6Eg3	100000
197QguN8nMVvwGJUSeqtCktKrV7JLjgHw6	100000
3MmTE49q8j9Q4roX6VC6ocxSuQQYuB4DeV	100000
3BMEXuPxeYyY7MP28Lx7hqoqC9A3aUF68k	100000
1GbXLT4281Vm3z6nXr6Sn4uuLdtPdoc4Ms	100000
12WRtL2jpbEM3135atZ6dSH3mZGZtvEK4D	100000
1Mhfb2nQAeZy7oGFmWS9pFJ6eNiBD89Vs3	100000
bc1qmw3fvxr54r30gc5d45w89nl5q0s8w47ypraq0r	100000
393emocfQwoz7X53MJ5hngkLjMMxr7cmSf	100000
1DX611Qeut4qxAXBwd3YivD5EsEuB6QjJj	100000
1HK1fjfhHPTiNtD4JRpPhPjhK6k8L9rd2n	100000
1BM3fz3JpHzgNX9o4pJ6mB2UVTurqT4RPA	100000
bc1q2wufpl7rhns7wjqd2xr2ssqwmeeax2hkljuc5j	100000
17rcjEY9XcAxsZNE63muh68767uHiTUWuc	100000
1HAcTno9Aw41Dnt2vnPopp111hYowZ2iYw	100000
3GTwUeKwNz9bDkKKE6HPdabiyMngbLX9bp	100000
1Zuo7csAT8ooBz3iY3zYstTbjxy1jsK4x	100000
1CAcRXTBvp6nWMF9YAgDk7LYsca7b7UJfZ	100000
358UyiAzeirR88dz8WSZLEEud3U7YG5Wxs	100000
1GcixmMvdhavWDHLN8Qth1uf97B8Qz4pLU	100000
bc1qwueama0fh902s6lj0r3afasxrqcf0gl6tz3dkd	100000
1dC7vu9t889P1iEqwE3EAWkuyHKNZi9u1	100000
1P5GzpbkJzoazxKRjKszmrJCJVdgh7dU5H	100000
19iwXAbXs9GCvpQt8812Ngzt1ULJTqHJYy	100000
17Jiqe4bzTLGHBmBKSF1KKMM3wKvAVx4k3	100000
15bx9JW7WHrRrUFJRbaofe21s4pWDUsh24	100000
1HR32jHCzrKecipcTHzxCJ8JWHhbcLT6SX	100000
3JQpNBuexkjftnqfDMfVZPMnTu2GUqFvXM	100000
bc1qx206v2nnaj8thz4pktcl5ydwxlfpeq6yfjjy3n	100000
1P4A4XaE6bhMuVFZAi2KWnmnRRmUeMi2rR	100000
bc1qkcc3p8d3cjprzch47zh6qevsadt56xv7pjarh5	100000
bc1qs69u5sl0t8eh7202pdgejhdev3dz5xknf6su68	100000
3FABboor8VXctCboK6PxSRK7QSuQazC8Ny	100000
155z1TCwtRswap4rNfWKLFRapBEqqTWNvT	100000
1CSUBZeCJkPNZfqdKDM9Cbhgp42Mhc6kSX	100000
13goa5y5mikgKem8kGBHDANydFT8SfcgyP	100000
bc1qn53che3xpgkpw4lr6k8wpx2kpx7z0v8rfdzy76	100000
12TzrF1sre4dWsDpFH5f8Hw1RUcx3ARMbF	100000
14Xnq6Tcui6tbdTqP5FXZTSFziwXCTtsbm	100000
1KKyWLfS7jz7vekLgY4NjVK3c8eWGcSWYQ	100000
1HR7XWLjgW7QHzCVYSPwFpQwZo1AE2TmNt	100000
bc1qdhrs3vjnh23nadp4v4xlapnra9j4xveyl7jqxj8kewpsct78ufwq3dwz8r	100000
bc1qkl0pk4l4znzgxwvvm0xes9rw44q3j5vx7fuejt	100000
1GFAZ2XWpVyNE3X8FvR3D6rJwUpgVxyAYa	100000
bc1qn8pld2g6s2sy0qyap4qpep8g50gukxhy9m9fj3	100000
1FeFL7Ni6gu5B9E5imgiEz6FNkA9cte9Nt	100000
1KLgpnrfEz8R5xwEtf1GDNT3DghCHZ7eur	100000
1EkokZmEnA57Vtp5PWRnsLb8nXdpeeGZLR	100000
13r4rKf61UKB1LcDgrnqdZMpRmDb11CcRg	100000
bc1q4wpn66ff7hjc90hsswzvjvwv9ugjv9jj6c79q3	100000
bc1qyt5n8tpd44sywa2u59yfz6mndl54pc9afavkwu	100000
14eJYGfEccqcoYb5rVc6KDVFzeBWDKQBk7	100000
16ZbSCjhZknT9BjxeEhN4qwHQiLFFaPdzq	100000
1MvvbsButw6iSxoB1MAnjCCZrfZMTiHfEV	100000
bc1qg8fq924v7cmqpufln4em8mef624q95cwsk3usu	100000
1JA3p4V8pVc9bYQX4P5nZJ6t44uEcDxmcz	100000
3Hnad8ZdeAF1xotXndNCTpFNtiLPgJoyVk	100000
bc1q29pe4p85j5wh6jdha7w2w94cfj86mfp86tct0m44e34ld8af3ylqm5mylp	100000
bc1qnpkmk3hra5nl706lhgghxme0nhc5sqgjyp3u5dlwt7qavk0katgsp5zz33	100000
bc1qd5zs2dq67e0m04epqw4upu9fuh94wgk63y4pnjeftctn5ckpcr9sn2yj9t	100000
bc1qeca0m49pqle8nyym8hezv4zhrpwcl8wqazzt9r	100000
1PVvY1yHBr8p92ft5iKTuZ5aD97qjkbnyo	100000
1uRNa8DQYzz2JgHhjkoSPLv8y72niPFjA	100000
13NZNw7V2tifBUYUK8PkRFdFWSRmqYY3qV	100000
1GCjCjTt8cAwXn9ymco1Sr2exTZS9ff5QL	100000
1FVHY8Y2PB5s266awPGBhccGKkdLnT1guq	100000
37UeZittc9jAcyrEhzjbmw3Adgg4AR3SH6	100000
1KcwfYtDCjUaQeMoG7j19yu8vyCjFEYird	100000
bc1qdazarm4a63pfuuylj8u30wk4pjs6sumlzyarl4	100000
17EY6wdtyktMGMDVqwbmhBZWs43hmRNejQ	100000
1Nr8MXe5AgaRaBjp1Ljgg3qoegj5dGYemJ	100000
bc1qy8g329qdjl4zg3g0a3grzcgny5afdrn3lekxlg	100000
17cc6CDJXcrCQW8RXM9LuUWdx49rM3tiUt	100000
35yg8RMwUSuqoQvgQBG3y8RgU3n4CSGqnr	100000
bc1qhwcz33gyqzyquxagt24njss3j8zynx923x5tk3gyxexsu0xng9asvh40z8	100000
3E97u4BcjL3DZN8zW1AiCTtz6fAh33UZGd	100000
bc1q2sf4uvecy43fl558px2vzu5w7xq8dyph05w3cv	100000
1CELRUPqSS1gN9vM981eS9G1FmZy7V2XX8	100000
33dxBfitEyZtHBfstcCuRUqy8yjydfaboC	100000
1EntApz2LMswrJWpBZcN9WTaVfusBuxVEQ	100000
1Q25Myooi2AcgYPg9h1kBprb1vfkKYQVTX	100000
1Gx4TVgb5un4JbDtu6TpybiRBNfeJ1R61	100000
1MYcFTJBTMJwa85QaXohHhCTcoV99mArkh	100000
3DG2WqZKzGLuds4c7i55cfUjqxhvtrNbBp	100000
3KDNzGvPxrBRvwXcEVSSP6Rz7QrCEHd4av	100000
1PPMw7GdGiCv34J6B7wqtdFqidysvRrf6A	100000
bc1qy3e6dzn4vnuqwgkf5k00ktvwpdj7s8320x0mfp	100000
189uzgvdxVeSPgTEyrf67c796FpnKcjLZe	100000
1BgZr9nscru2nUWMUDECruCsS4rp3cQCVc	100000
1J8dMkwFyMrYrdTV9DFADUde3vGb79Xbhz	100000
1E6AHJxHojcvpE2BzewBur6sVtQPRdmT62	100000
1DRFt6kaDtNL2ap2eExdxRd82GjzEnRjrp	100000
16DSsaESuRPbz5WhERAbtn13AZTAPe2dse	100000
18ArwHaUbLdbHx4YbxuSRf4KVjNC1ifSWv	100000
3Q7gzqtCWSF6jEiEimenC6GL4tkYiMP9A1	100000
3379Rw2qj9WsuGPGXK67MGWqZCjhS4dnLB	100000
bc1qudnjqlac9avledj3gcwz5cpxscpj6uc9r3jemu	100000
18uq9LVRwq7cSaJ2FsfChpvUbxsPRnT19j	100000
3PM2uMdTA88XFtngWqa8QaLJFBiCWkzooz	100000
1GZh1Y69g53KVuDTEJmu1pcdub5znZGQpm	100000
1D4UBQwzb2u68Crm1FLW6zye5V9tbfzpYt	100000
1FgsCAE1B4aQpqRi13pzeYw5APhck8nnu4	100000
bc1qqwa3w6ps798ns6jkn6grkkz3xmpqcck3ze3ltm	100000
bc1qwt78u2t3880202cjtrmu2mucrqxlym5screrfs	100000
1Pwb3CnLfyfbnNAN56TPY5CH4fNYfjbZPp	100000
3QhWWEvFKzSusm4CGa3337Pi48XX5AGFZX	100000
131AEWzPAym9gJKfwjDJquWu1PvSBQd82z	100000
12xnEbjcjo9nYSLFqcqYPpQUkwDQTjo6jf	100000
1pSjh1DC7iZ8UTUpNM98HVsmBig21oacQ	100000
14XL4naCXvDXrZoSjiq8YG4QKXiewHb2Nc	100000
1CPVV9MG3veTx4hxpE2f3KndziJqstZJUS	100000
1MbdETsakxQgZ8qPBzLNQjWFJrk2gLjR8T	100000
bc1qz3qpz85nv64fq08afu0xy4htawn84nq7ht7u3j	100000
1De2e5YEQfYwKwAfK8eCQ2JTeERf273wGr	100000
3PrRgMbDDGcyboNUZnWCuWwNb2RbgHvc44	100000
163JN96kxySqnSSstwrwyX9wvrixj89CxH	100000
1P2shAgoKG5CRcKVVXBHjp9nPfLLpszaRZ	100000
17MqDHoQ3xhzyY6RyByVSjge2jmCyAphJw	100000
1Nq6yrx1qc7W8wWxzAyDreMXXqqwNrF2d6	100000
bc1qader6lecw87e4nluapguaa90jacq8ua42af5qf	100000
35GV8BCXkLsFzLexGhZckrNVrqeH5bxihN	100000
1D7JvbJgM39X51T5H6PX9hH4nk6VpVa3LJ	100000
12T1wdPi3M4jUdHvoS2nC6AwdbCjYkKL3S	100000
1BE5JmyNzakqLqBvNoew1a23vPHoLYiNgN	100000
1KvRSuS8iKHw46yNhDvx5uQ8SPKcPPzypP	100000
bc1q9vw7hsa80a7ulcxdcrg3kndky2qf8sc98khx5r	100000
1JDLkrQLFbkJ3uC6aefQ5NmE33ah3qtASx	100000
1BGyKoCwjnfAFUaFmsHvc2aedpLGXVJ2Bh	100000
bc1qu6ajw55ls7jjvy0zxkcu858y6tlmvvqx9c5uvf	100000
12oiBkbyR1aoh2L5mb8dSENa4YJje7Gj19	100000
1CQ1trEG6KxMcaRhi4A21UaZnW5BWwSnqd	100000
14ZnZH6GpdB8uGabVtymj1RXCkjewc8zfw	100000
13dmqUpktGHDVAzeDbWJtQvqdWQ5HZ79Vs	100000
bc1qvrxmfdqq4fx8nz07r385jxqyjvcs30k72u6r4zvqmurucn923d4qp0g3qy	100000
19UTXtdPuHT27ihMrp3pBmqcd6twxoNWHS	100000
16nVosYGXctPCvWomeTE3iBGiAC2LX74rb	100000
3HTtreVBPLHM8AfaaVN9ndYx1ottx4uycp	100000
bc1q8mzwvwchay332g5fee7y3ryecv8vv2yz296l6q	100000
1FCHDjQWXYP1js1YAzScWQ7T83f2S7AEi4	100000
bc1qmegqlzqqc9s96kzjrc0enm8vtqmje2geseq8tx	100000
1EmPfV2Toba8m88fkRtAbhmC4GVSvtQgo7	100000
15po9y8qkMm6ZZK4hJMnNQcVACuiBtLh6Y	100000
3F7XRbj3PuCdnQZAbXtHzbmXT1JXnSpDiA	100000
1268mRXLfji75htkxd2JnAhR4GZcGLiY7y	100000
1Fx9YBmi14ANr3tDeMiDEH2m5eByDRxtWd	100000
1DLWwCr3iA36wwxSPp9pxgu14vLVe3Nq6X	100000
1KFNWXBMyVJqPAZD1tgSRhn1btBKQ8CXnf	100000
3Q8NPUNiuJYwEmPD1q69cR4a4XMNMeGvi5	100000
1JHsScZ5JAd9BVgwEM27LhtQCsPPBYMYCG	100000
3F4YWvpzyEQuEdMmZkwNV8KaLEM5HXw9iC	100000
1BZKTHjT9iEpaW7sPv9iv5e3qb7Ek2anjd	100000
1HZKsTE17CcWY3FnJVcE1R2kiZdtc5WGLf	100000
1Jr6ehDwpjy7x8oqRjZP2QsJghxc2ssQeV	100000
169dnguTCyvVHhSSiBu3TfMRoCFq1We38d	100000
19bzLXBaLvdUTA4GLqHDoYiEXpig2fqqHf	100000
37ZyiHiTjSqEVimpyCf1CTeVxG1LkEkCke	100000
38tYKYAuEsNVJZEutCtcguV8DnuFT8bVvf	100000
3DETL9aJbesNctju7UX5Lhk9Yk42oGuwg2	100000
12ZnCBqfLjTLSMRDJhq7SKzLpfcCM9tT3j	100000
1L5EurKwYmHzJh9vf3pyA5cRqB4Q1m2KzY	100000
12CX3ADf6eQFiXc91j5saM5UPEJDceNyJa	100000
bc1qckqzpc57qgxtuhqajtwmpkxd8a78de74nadg8a	100000
3BTKjYbgK6nex3hFNsszYyiFCp33tqVDEH	100000
1Ddtab8Dkd9JUxik2UZ1bBB4A35KitK9yo	100000
1KCjYZocUXFwmUbXv6qxzNj4SgbZPABBcj	100000
1PkVjwqzWTKU7kbMQWYApC8Zd4NLmAjuGb	100000
1AUzFR5nc5C6ZaqDZd2WnhcNrXDheevbmG	100000
17nXUC1hH3gFR8SQnThofk7zkz7NJ5Kt7B	100000
1PvgVatfLxBGvkLFhJEpL7Jq5dPNphjChb	100000
144rYkxcHAMqXmvfsfiGDvdf3fkn5AYj7q	100000
1LMefWue93QZrtz4TQGk4mMF6jpscG5Jci	100000
bc1q3ze40aepfvxtfjmut4w3jumt7rzjk0hc2g06gy	100000
17P1xjRkJWKzBYw8S1xaekur6vBH6UT7m7	100000
1BwhkWzKXH1dY2cfTrAZNhps58rtoqTTHD	100000
1HyEkgSj8fccm6cfTFviGUa1iR8Nti6uCb	100000
bc1qrarj3q3zj7znyp484sczum64a6hkgnyh268a2h	100000
bc1qmmmd05xrtk9jjqkk5wllsa2wsck90lxgk6ehhy	100000
3FuGaDtbaMgWaonv3HxzqWMHwHfLD7EZnz	100000
189XRappMojqnzETvdgvAHFNsdN5JqSrLt	100000
3Cdpjfgeou5vBtSSATJAjjKj4hVEnwA68C	100000
15JvAvFLwcL15kE7aXo3gwdfDp5qpw5489	100000
14xNWEX7nXCEVQR3yomXggEnN3Rz1sDW3x	100000
15wf8YL3BP2LPRoqkN9gq7HzGrwzh282ck	100000
14td3sxbC1vDvN8PLfTt2GPKFCDNcgk52h	100000
bc1qfr7e9zpmuherxzf38u3qhks5uqvetv32sz8t82	100000
17mCkaRuUiSzTKoaHXTnhZeC5ucgNDt2gu	100000
bc1qs5rhuedy83aa09l55cwmyphq945zrx20xrsysf	100000
1FD5zKutBF3eFPp15q1f1HWW8cE4mDR5sA	100000
14kxaFbxnQmw64bTkr1mKT4m6VAhfETJv2	100000
1Gw8PSxrEitoDZ8h1h55prMWJx1v9sXVCj	100000
35rKvL2PdNg1nj4AgCjD7U1WxFEEvdD5RA	100000
1GknQ5atHPbe48yTAzykcBqCwc8qCjBNA4	100000
1Pisbqc15SDFxsYZQwWQ6vysX7J325k5TE	100000
1HgytWkaLPkbt87DMGgjhVP7e3XG5uF3X7	100000
16s9JYaEW9bwPtFugN3Zmph6ocWNFYq4DR	100000
15g6TRJHbKFdSvqjuFRfiDa4DS777vuCa1	100000
1Azo4c3j6fojyWBsaebkQ8HvynNQL3GtcT	100000
3QvX1VkNrn3nogfYyKLpW4pA1NDUZYyF5P	100000
1LiW7MwYgYiSngVeaZGvH7d9hUhRx3qFpi	100000
bc1qth90yj6686u3v39ftr04rjqxuf7a00ny3wkk6x	100000
14FgPHCSkf53TLXAcwZfbu9BZR9iyZuEm4	100000
16MVkW2xf6b3LtvNPfT6HjhHFLgw4oNUmu	100000
bc1q67y2c68yk2xz26tprf3aty3kzpyudyp5ej47ea	100000
1DCayQkg7Uhu1prxNypUAZkZUzCsjpxBLb	100000
bc1q7llz0eqf9rzsyvdnra2mr599x5ffh0yj4fupwh	100000
1HmXZjp8EmnHqfepiDhM7rMDXmd88kHQbd	100000
12zQ3GcgGhyyWgAYZFisrxiuySYnEiNT3t	100000
16qrU77ACyG5A5TasuxKrGknXiyJ8o1AN	100000
1BQaNRyefMFncV6trFo6RjLR6ymJNrQ5t2	100000
1KYzR5ANSbZ8nx6KmKkgxhn6zmN7o2on7x	100000
1Mj3S9cUYEtWE54SwJgyXecYG3KRn9d9X	100000
12j8kqdQmeGnXoBNvbpSesaZuQGPLPwU1B	100000
164QZ6BuR4DbKEwr9EDaHKC9DsGvhdjkiv	100000
bc1q7vgq37hypwh8g770k6p84c4hkrrkh4tj7k6wq2	100000
1Ktkpt1MTUDg2Uc5TvycprK3KGZyAJMfgN	100000
1C1MJiuNSB5HFJoJrRX3Az7JkarxmKv891	100000
371Bx8vJju2J7DVzWgqPEWwVTxn26ECbmq	100000
1N5oND46rLrm1F82R23aQfZ6XBzCb4ezSj	100000
3DCBYTKN1FA3Cw6MjsYQ5CEG5cEHFJofDa	100000
34GReXDYmF22LEc1n8LrHWJU65Gcd6PK9A	100000
1C26k3R7NLpGKmWnwsF3RW14HNPLwYm8LK	100000
19XgbynJ8ugnCPNkJEqARi8Y94p5u5jKw2	100000
1MLXYBGJ3LjA8vTMa4tBTswaTpUsCH6t24	100000
1PfGEJuvUS6GVhQtSFSmzbKrq353h2sT6T	100000
1FY16mNYd1EriE6ReZGkXcCbRkK9t3Vn8y	100000
3Ezi95LNsBZdgfwtc6Gg1fpYFWCYtSgAiW	100000
1MZX3VzZYruosiGo9aYuu6eL9NLihrRiPQ	100000
3NjQwbxsvnzBmmCYF1DRRUtjXsAkGxr6mn	100000
13Y78J7BZu6coWSw1jSGn4QLbLNAximstp	100000
bc1qpup5v0r7wuhqxmq6fp7e5pgs60vk6lsa4vyyyt	100000
19kacqBxUTghYhNv2t4JWLzaJgjBFLjA9J	100000
367br3kWXdfCpMAQByunM1kJCvMkxpNqCv	100000
16nucTCDuY9bD5xZhbUepYvJ6LUvGcth9	100000
1JdKtTPvB4B5ATACjV45E8at3t1pYUoX16	100000
bc1qylx45wug6l9uvs3mgqfdh72pjfnpcl8fwmrpnd	100000
3QdeVnSBKPCpJZi31X19A4z1EAA7s2C6v2	100000
12NgGsTwJGv2ffBDrdyoyDJAjsidc6EDzV	100000
18VBq9dVpfw6ifixYitfoDgewKi5eydNa5	100000
1HKFmEysw1BUpgmNv2w3KUCyxHAczkaPUh	100000
1QFBRApFZ83RmK7XgkYQBozpKRL2QJwDAZ	100000
15kHYbUaEMA2HL5bjCm2uY9FPqyh2rcNaw	100000
17bM7Kno6NA4zKcStmPrcm7A81BNsHfBVu	100000
1FqgEEiQ6pBRk5LHwyndFxhbj8MAsMgHbr	100000
bc1qsdeat7uvdsumh2x5g06wg7j53u5gezmk8lpdux	100000
1ESzxrg5mbV1RTVuiJBLVnCU9QDirAczWY	100000
1KN9jd8p5RFyHF8sj8dyd4HJRV8bpsYqK1	100000
1AEYW11Etme5WZXPfTaNb3MNy4XpNbJrLX	100000
11VUjPAyjoqShcsUKHRJ8hLm6XqNk2Dpz	100000
135Z7dyouJwjuxy7Ms34wM4EYZHJeEvKfM	100000
1N7EwqBgwmm9ezB3ESJobjXDPKPLg1wt2C	100000
1CPpTSEmPL1KYXfefYgkq1w3xTgm41xRpY	100000
1LW9Q9AdgCGWjZAGqnjAtPUgmNTm8jJc9j	100000
1Hr7DL9pVqFj5h1RGQZ2xYpHuexjJjg5WM	100000
113YLRSaVjig6upm5YnwWSJqxUmJyPk2vg	100000
1FMojnFLeQEsVNauzFMrXDKVTWuqCCDhVg	100000
bc1q8uj58prmq372r05hejfawv46zdt5wc8a8w76vg	100000
1JwpoaeY5R2yowKPCJJgMmKCd7NdT8HpF2	100000
18Y5cY9rgQ9dwAtvUzbMPMjRqRcxUCi7z	100000
bc1qqa64rhfqef3fqkzny4t23rvmzzzqgkxtvl8nzw	100000
1L5c7qQxjsJ3p1RP4VJ8VGg8p4EZxjC979	100000
38nvpjHNQ2tfT5n4M2w7goe6bKp2cu9bxe	100000
1XpMQavAKyUo8z7LtGuLhVnFjgoPYEvmN	100000
1GpyyJwkpNhj9bescxyjYoeUxvrFRUsMW8	100000
bc1qm66glf5xuquh4t03s8wjzhrgu2jum7e4m5yrc5	100000
bc1qx8rq32z3hfv087fafyz9mm4sqy07zujhs3qgmavkct9ae2z29hzq8ku5mf	100000
121S6NyG1Bcq1g4tZthieyEjAtFNrDvmvP	100000
bc1qqkpuewfpx0dgpu4al7qjpnvtk4aeh8k4f4mzgw	100000
13puq6YfS5njgW1WNZHLFh6vrxCqWuXvms	100000
15vyLfubftnzBkjJTzH9RTaFYr43vFaSpJ	100000
bc1qsaulmm04xjxlltcg4cfjp7mf8l40ldm894sc7d	100000
bc1qptw7y34zvl3z52yu0aec8gh53w74une3hqa0av	100000
1KM5B6y8utrXceNfn1SBK18rw5GrbzBAAN	100000
1JAG7PrPcpjryMhFtzFYuunXgv67VvJszS	100000
1BRRCbyiMQ6358dQeRXamvY6f4eUFejmGG	100000
1A6i21JLKH1igTboFnR4Y2YJ8crs8URBeG	100000
bc1qxfgty3wzfjmvfwxd7xq9h3th97mwy2ghh38t46	100000
12a2VD2rmdU7ETLPieVsaJuuXPcLdBaTDN	100000
3BMEXtcikZSR1UoUns5416AyMHEz872MKc	100000
326cGQWmyjrC9Xvd3Wb6keVwTnam8JacR6	100000
1Cs1hqwsM2YicHPQXsS8uf1u6Rktoe9tP7	100000
175JCcrAjwTgBJRL3k9gMKEQvmFsM2nGvv	100000
1P1XXyzycDwt3KGaKoPE1Zr5SHCAHWW8Nd	100000
3KoUsAu2Mce1FiP1rVc87MdkfX3XZ6ZDVB	100000
1PqEudfjcuEVVHLRjAEQeL3r3dbHJeZQuh	100000
16JNPwbJ2f77pX1SvvW6MMYbfC9aexw1Ds	100000
32miZMwVgAz4McDXpxPiYDyhjhDHibRYzD	100000
1HCuf4KQABTA8KgNtz8kDuRmdQmm2BJrqj	100000
3AWpka7grZ4zKFRVq4aANbHwCDiBE5ukQt	100000
1dSqBbaMQCibStaX2JddDDdng8T5zjnGk	100000
bc1qcefd4mhfqq6qq4lc5g08tpmvy38hvn4ysqq6ww	100000
bc1q0dy5dgzalt5uq9f5xeutdnw828jwcjzjkl5x68	100000
1MAXretigueBFxhEAndawnnmWGtCXyYBQ2	100000
1D7wRd7TXomn223pZ3pRrcLMmPirEdyYxc	100000
bc1qa4w7dnj5x8rz7dv5h2dfxunfgvhq5a3z3kx0md	100000
16K5yYW3p2zwHcpuDdiDHYXyWA5AWuaMk8	100000
1E12GXKMuEZzjTLiArtidEntCHWhhNQnrZ	100000
bc1qk7lt7qcwwnl5y3nm2v2zasv88nwjdqh8mphc83	100000
bc1qpsyeax308zpe69rpu8wgx78032jygnv7fsm5u4	100000
bc1qdus33fs6yhtd7rlvd2h5eqt6ujhf6eejd9hshs	100000
1MB51cWjR3hGDTNaWyXmL32LD3Jp7FLdUr	100000
1E7LgiiNHXQ2iNcWWVEGwkJMwKmwHZLcRH	100000
12TMBKHEhkjgdhL1aK7s2QbQGp7BhL91vN	100000
1KAazwcQAJSY7WNGH44HHpsGC3Lid2EgNK	100000
1AFZhDDHQBDkBdgNsvLFXVWSJEg9C4R7Ep	100000
1H6VJT5rUtxYExCroHGVm6cKvvfhu6SyVS	100000
bc1qd2n5xfvdzqydua8ex5zv4jevz53zdc2kglwd773h5undk2rw4wks2rftca	100000
34tHnBjUTMDzdzNoe3q7hh1CJ86EDF84Nd	100000
35YLTKF13XAoGtLk6oosr5hFZcqU7gfJyX	100000
1QCsXNzaEnxTzeLRALtPSCdK8MfaFXomTG	100000
15czgXKuZV2zuabyNUNfqhh2TeZvD71HXQ	100000
16YS6DRJsGqEtbGMmQ6JYUDgw3ybz5ce9n	100000
3KC8evhnNphiMX68JzDmGqN7NefmeQccv4	100000
12EFHe1mS7imgt5hJPCY11FCHqeJKUiSHf	100000
3Q5xfF8xJbJjWENKSpNeXScCSnsmGepqed	100000
bc1qv3zgl85r6hc0hp4ar0hctdftueuqsudyjdm57n	100000
18DzBL4wKzepDfmjtGjdojTH6C2TpeGfSS	100000
13mJSn1fC4ab7wF2Aqp5DnzpdZChz5GYCC	100000
1Aihe2Ku4jqQGK3jvDNkaoCTAcFiFU7FVD	100000
1BzG9obyXuSnCKW4AdnHkknKL7sQ25v9Zb	100000
1GGkFMcuSytQAUS55vhq7ii5Zi8DxvWh2U	100000
bc1qn84wt5jv2z7kwggp4etcr4e7eds3ly9fcr6t0w	100000
14iSUMNqghskd3Y7kwmCuCkU9MaDEQ8beX	100000
19yjTimukAnHsjmz5EwtQPrTneEi9HAp1Y	100000
bc1qhn8jx5tq3c67f7mvllg3hrfq65u6s9wchvygna	100000
35wN81U2svK1rWmK9rWbyVi4p3m7jBiZYk	100000
1DKMoNz5WcQssxfMPBsmdHAVdQtqj1Vw2e	100000
1ECK1EybToHyp73J4cSvDt6SnerWub4yeS	100000
bc1qna9u7n6mdnsz9789pyt4ayjz7889arkkkl5zhz	100000
13r3dFyAjpdVvF1TLUK1TYXSrh5N5HN4qg	100000
18iTgJL6pMyKQ94rkkn2pzsbBgPjp55zRd	100000
1Mg7XsyFRfFq63wg9tsvoLxgsxnFC9MF5f	100000
19VdUnoVg5Q81am5fMrXuGcrz7qw1qELim	100000
1NhBV984bgKEdRkTJ74WTbZv2eibpMbyd9	100000
1PLLjyh8Rss9K872urUeD8mc9mfWcCE9SK	100000
1FaPGAR7XzXJvFGv3FB2spZskkZBmWUwQJ	100000
1BeXCj6LrD8vNrxncxsTRpBT36AUrH2gTd	100000
1KV6Yyu6X6KqyCo8kfeXvXPw1i3U1jiBHC	100000
3B2weamZtj5A8JYMJUqgVVVWnoxkHoqj69	100000
3HgQzP6zSbmQtbcsx475qY91UnChWRDeAr	100000
37UPht58aTJRG7wJgFVeaZiLyjHSmAuoMT	100000
1NSRUKa8T8vjUxFEW1Mb6v4bSqSHSh8tf6	100000
bc1qtscwrr78dak6fvus3mawak8q2neyeh4dz7hp82	100000
bc1qfxux9rp9vm3re7sgwry0y3pzf4rffayed9whwn	100000
1AiMrqU9MUrLVneppwmiaQTxnfvZqJJno4	100000
19EPUi66vMMjQKZzRSwP9fcvcrDyH94WSy	100000
1B2w1sgM4Lju9qPCyCqCcJ3hiDCv8TPUWn	100000
12iZm2fMTaSe2NyCsXdMP2r3qGR4g3wLoL	100000
1FbHDomdtaUbbSwMthaFUyK92iDgqQ56cd	100000
1MPbsDw1CzZLA4a9b13C1oLxEo4MGR4oc2	100000
1CbSqp9xrKfLsm6tFmvMJdQxFv8S7MgNCy	100000
bc1qvm7nxyrct8y4jzznh3ts5k2ud9s9d6lecju3dc	100000
bc1qhj8wtxr05g2328rxt6h93ff4wp555r9eum72ky	100000
bc1qe906ltudk363j2y6qpkdjj8g32njpkq9xtp8gn	100000
bc1qn9ca5fwd0qp8k8clgj424ju70z2szf5c82ps47	100000
1AAVJgj8xKWvuSS29MzHY7JZpPZ1CZ22eG	100000
bc1qhd9g9ndrluesvkzmxlc5rj88v5eyn4kj8tjef4	100000
1j7tXJCHb3upcznh24CWqhi8YciwmSmge	100000
1MmgzPaq4YXm1sCd7cXuPYVZzzK5aRK1yo	100000
1BVwmvZFYFjogHM8uHhiZpHvwhu2mXmWjx	100000
3EvrEhhijLE446dKj6HNcZbHh8kr1UDkfN	100000
bc1qu0y2unp3mtc54cz3pahh2k3jqh6689x4ne7pfj	100000
1LSiNPGrSLA2Ebc3VJqUUPUCUQAEVNdp4V	100000
1ETpunn7HC7HNDV32mSVT4RiXgZSjnciNY	100000
1FjpyYBdN9JuPukzbRjULFpy3RX281BKRb	100000
1ByxSkp6FVCC1xt317uGrzyKd9HZNc1aUU	100000
1CBbwjWPacHqoqMxgQZ86fv7X4332ytN7X	100000
14kLbcUEAhorAbYtRP85mr3XqsPFLaPoPZ	100000
1K8D8NsNt4o97CcYerh3bXsgQNSF6casFJ	100000
3D8fEEvfTcmwkGZCKXXEyeJeiND39u8XW4	100000
1EYCDQZGv6HRH4qxsFX7PPjoDGqN7fY7ua	100000
191D3fQWzF1CLw74w4QfdNe2wUpsFwvqBS	100000
1DmNrppCaVpeFoPm7HonSXVsSTv9JBHXsi	100000
1978YFcy2E76AvndcMHyDETQ7NB7J1URAx	100000
bc1q3peyecuett20sxkk4tpyt62u0hlcrwseta7vmj	100000
35S6fcbgesKDMTfThduSjimmAZ5BrWhcfj	100000
3QMp81DJ3W5WT33S6iArmNhgAaGEzyPdSa	100000
bc1qf5v6mprkz7qlrv3f2msu4rdgl8hprr7zq2cmja	100000
bc1qe9lu0ske776pykunmsrpx3q8ed8pf236jnssgk	100000
13E8hnzCmq2UvBTT3hN6SzSx7AVV9ypE3C	100000
3HYbDRugMiLE1mE3XvmEQMM3TZfDntXZnN	100000
bc1qstty3hsqqrj09nnlhyvs8m9mnzr5mvh3yjda0a	100000
39pWQekKYPKMKYdsJkHA2YbbJ6Ar8GbB3q	100000
1AGmTVikcVE1up35rEvLW1XsqCSmWxwLzG	100000
1HQQErkFpqWrdxd2yUwaB8RLQTyCAi4wUi	100000
bc1qdtdyc5zjw20m4qdmld8zsrnrpstdnt7pnffwuj	100000
31kwwi7P8fCF3GKfYw6pa5G441HbzJNgtg	100000
1NS2Ftv7rCGD982yThmdJWgyGB3kJHnGc	100000
12tScwNaJt68wGNAHwCxM8mWRQ11e9qL81	100000
126TPcxy3AWJXztYiKUNXVQU5NYvdLSajx	100000
bc1qmnw44tjunhdz8kfzueq2hdwt8lx5w7v5ly39wu	100000
1P2uhPo4QAatcTxrShjatbVZgA4bgFgWfK	100000
1B6nQZeZWn6sG3sJDwbNDz2HJkidoEKYUj	100000
139F5t4RdyTSGE71vpd9JnaRsjWAhHkXtV	100000
1Gi9KL8vpFFpfMC9tC8Uruf7PKXusGdAnD	100000
1FuNYikFHRKFcv8wqaufFDYZmkcn1d6TDS	100000
15CfQDCamxJXbo2MgwA4bTvdVBeJt4YmfY	100000
bc1qeqekl35y33gsz8a86zgy27u8eu5y8jel7jk7eua5hk57vm90n33qgsglyj	100000
bc1q5kfe7wd3fw99943qajn8jwldvt5vmul9nr9qxc	100000
1DTZgh6kgJp6PxNgURU2ThEDurGdDRYT3a	100000
1AqQngauRazgwWkxGhrMGVvU29fwjihQNc	100000
bc1qmwtpcq2467e7j0q86z2ssuy7ars4j2u02n40t4	100000
38Xan6VDaBAcsxgYhTp4rjtnvNLtL5ndRN	100000
1KMiHBz9rC5EQKtBN59J5Vb1sqAb9anY9V	100000
bc1qv97zf84zhlgkk39ukglh0sqkda7898k4gkt97n	100000
17K5kGZtkFDCBQW86PRFK6xb9pUhH4UGrC	100000
bc1q66kdcj8yugaqm0mpfag34yxk99tmjpdr0ww8l0gcyw6n28ls7s5qmvyad8	100000
bc1quuk5txg5l3pt0an8rg9mraxafem262u3fhuvzn	100000
3LxDa4go7j5zmy4uDw8QhdaDDevX7ZrLQQ	100000
1GmR1AqAYqLYgKgZzPcGVqeR4QkCb4aCoP	100000
1M4cHkTeEWZV7HP2XxkVZAXNGbzkezSr3S	100000
176SW9Gd6EAr5dzzYvNi2zoABoBCtTFntg	100000
1JLMoXg4ndN9sX5VMWfkVmTgK4gKtMKe61	100000
1B51vxXGgRmSjbrZ6rGZu78748XJ97w3kQ	100000
1LPj9hof3EeBZ7z5yrrsc4GRyTfkbtnLkR	100000
34VC7uZ9veWuLvLCyP253LfY8wSAMtX8ur	100000
bc1qmvqnpdkgnx99g0a5pdt7wdhggcagq0grh3fc8a	100000
1EnyTLgSrpjiyL2CJ4MwLxqBqoPKHAfZCK	100000
1PUTaKL7SXwovhbznAjstSb7PCHMiWDDxV	100000
3CXZdeC4meWXUDbeeKgQps3j5g3GnxYede	100000
1HDdN4kh5VfPWVjcEg1FDV9C4XnimfRLy2	100000
1LZUKwByZ3KPGXxcJBRNQpjLAyKB89xqS	100000
33CrBzgXQshRtURQCBNzMmg4cvUCujP74c	100000
bc1qcpx0wd0s07xfza7lj7g5h2zell5g6wuxf4day8	100000
bc1qc8vfa33aqjtefhmls3wpqe9art9uh6unzts7c7	100000
1GzG4G4K7xvnHphfsTkqVUA3GVbpGC16wT	100000
1LN6G3jf1YcLANGxKHFtjxkhEa9xvt1WW4	100000
1AyoqEc8To2rnPoqtkFf8XzSiBTaiPis8k	100000
1736ki3K32q29uNvPbbbVoupbXJu1yKoqA	100000
19R4v6ioTMfBUAM1oebwv8cKGQVz2Ud1Sd	100000
12WpVATGPGL2m1EoykCe2GQ39C3673FaPn	100000
bc1qsk6h5gngc45cyxhk65r8nj3custk43h79zv4alt8xdmwdaaclwusmykzdp	100000
13NuV9CB2nykjfD8HepptUDPBsh9CTin78	100000
bc1qav8e8gy6ncfesdymxq8h6rqpgj698ls9v2ynha	100000
bc1qr2q267ajkx45dqarldrs80tsenhzqy0u6f53e4	100000
132qitMByEXX6iZ7WggJdzCR68gTCRzsrX	100000
3DQq1x8QJB7dV7wHwHSouqEmFjJsJ4xFT5	100000
147iiEnT6xj9kZfVvEjmLjKXCYpsBhDacy	100000
1PE6Md5AZvLr1PrxqyHKJU16kyqTfRB5kA	100000
bc1qxp7p4efs288gm3j0lzam4wfkvacwvxm0ryrj9v	100000
bc1qyzp2nq9pjgtx2v66ahxmk7ucsqham9j38anspn	100000
bc1qa9p228mp8f0ssqge32cyhxfkwl878u3gjf967d	100000
19EbcA2jwJ1YkWKSnxy2tvhP3uYbL8ht8V	100000
bc1qa9szjtytc2fdjm9z34eq69qddwl6z56gglx2y8	100000
3M4x82q9aMhArrjT2oe34H3am2S3LM5aG4	100000
3CQfLCM8WwhgwdkimZC7UCd94gdZ1H5uVD	100000
bc1qas94v6e83vwdzfej8l3ktf7h7fmwl7wsmk32n5	100000
1AVXYi3rejYKtQeMn7uCoQaCPdwQyoMxTN	100000
159T7JGAywgNFX39D9bkMucQSCWQXADsff	100000
1BP1h4BSg9YuE8QSUjVbrF3p5rCmwmDQiM	100000
1EcpV9UFjcFrbHhVDrZLf34EDB8fSNYVrt	100000
1Mk4cQ8dZVEr91eENUAys1z58HZKh4YPEN	100000
1E9Z4zZB6DcyPtM2Uz5KxrKBtFHv1gr2UJ	100000
3ECkP2ZdMDSA9Z5JmeTwZ7izpX51JVcCoL	100000
bc1qzxw7474deznz4hnek95nkturgka0v3egjr6n48	100000
1HVpheZBiEWiVt1yih4FcJVryusinS1xJC	100000
1PtKjzV3DzmebwkK4rk2ADzdx6Eir6pqYW	100000
1LN71hjhQBXXjY6GtvQJYZUG1Tvu6NXaSY	100000
1HLcuYEEQQcqs2jDUFNdnaUnhziYaebi7o	100000
bc1qd2lkplk5hhjxdslxyne0squa9fjhkp8zjncn29	100000
1DfyZ9puq7WqUYRRSWPAWxL8AU2nT7qoyv	100000
12wFhPRrJnBXiMTYGQzAaRk96Wm3EzDRCi	100000
3EZYWVojbDHQWe1nqRo7qbSXt8zbtjuuFd	100000
bc1qxm50gm23x889qlhgzejjur7f8lz8jzj7cd0ryx	100000
1MdbbYHQE4spwv2smNgZwCBF6QqjkK2hPF	100000
3KL1ZACqNqeREFgFMSQWHgncxu3LwLFyQb	100000
bc1q3x893msgwxym247s5dyla6nu7cde60k4k7qxjv	100000
1APKjMqSTYePamj9top9MENhuCqL4hco8k	100000
125JefyYitvTTmE6yjDVc1X3Bspep3MKjJ	100000
3EEkCzBDGn7ypduhrysQc9EwJhbB8sCCEj	100000
1feQrcRfe3FCJWNns3qmhMmBLDpccTYYK	100000
19i91kbCxnHRK57f73V2TJxppuMTpNUvRn	100000
1BwHqvkZjkGex7XmBhFX3WgUBUb8k7tYSs	100000
1CfDGt6zvPA3SkErhcFYkBtV5brR2f7TCJ	100000
3F5rNAjABCRSV1VWFmBSjURVsp2qcbsWQv	100000
181vewYNgd5AyGAyyBjEkx3LbYmaSAmmyY	100000
37EXth8pmfrVwMn7Wnb6tfr1XyHdktpnzY	100000
1LeQ67UqvRNCXhEqC417RdwyvRoEjXQgG3	100000
1MxUTcRH5UH8GJcMgA6zJGftA6fLisjXBV	100000
3FPWq6EtqvLFrJzp8euscxcNzBSCGZPuJj	100000
bc1qgcydg5ycfq9ge0a3n5avkft427ljf8tdlc75jl	100000
bc1qzk0xdknh00wnkw40m7wk2y0z8x96zn86vzu33t	100000
3ECeedcbNofFaz6ZjEE9LPeMaf6MkdpQCF	100000
bc1qaa5gqvg6e63sqpkeqc44q086tlyx8xuuhja9fs	100000
bc1qmczqf280zz4dn2njg9fx9fed96ja94d0c8px6p	100000
bc1qzxkd8c59kvfadjxglay6n2yskmnvq6wp4drnl9	100000
1FWyixmvNGoqgiKAQdYsqmseN8rrMdkBMt	100000
1AKY7U6FzuHbUqHLcHkuaP2cmhEyR7usYQ	100000
bc1qp065gpm7g6dycnrgjxgun0m2tv8sl8xrmwqqe2	100000
32nR71K3dtQEWXhLT5iDr5LEUtyMNWLSck	100000
3ADL4Q6bKJCD7pJjTHAagPrEwMS6kNarAr	100000
1FrR1yR1B7VPC8nHvaVweCJb4KrLcpUrE9	100000
1vPBNSzYHbTeRx3ZrFxh8Htj5gYjvRDVY	100000
1H82SpxSRuSoFyTB6KbzUGcwS2uU3jNB5D	100000
1M26Kc2dMZBjWphXPjMFkKM4KctcfH4f4e	100000
bc1qfqe5zx9d4e4j99ny0dks45p5ql8prqltx53uhl	100000
14X2kXQYXNz4bRncT9BMpm6GsAnVWniFb3	100000
3NHYDgduoAaFgGQY61MTjMXfrYZuWc9Ptt	100000
18HiDFcF78iSKyxnXMKttrFfinn7VZMDo8	100000
bc1qcnukcwex4nss5l49d6fu3yep48u40nhgpr654p	100000
bc1qlh0nay7g9s7tr6zct85uxgmaymeyeg45na5dxh	100000
bc1qewtj2ytwnpqtve7kdu38patyjw8z2235nms685	100000
1Jgu8AwcwxCDq9NbUJCNM4SFLnVz5kXcun	100000
13wyreYHbRy8ooPiSnj6dNYexk4FTm6SAN	100000
bc1qn4gcgs3tm6e43xy35x3n3pqwjn2hlavkzdepup	100000
1E8FTrTdeVSbvDSm2mcL1MZGaKeMRgT9re	100000
33yNyYJXetLPXkMqzmWzmkMnjhqeLdFwkx	100000
1HBCF9FKHvAqb43BHkHthyhWVLH23if6Lt	100000
1LCPACSLPYLtuD1weoWVRtauX88u7weG5b	100000
19gX27xVZCJ6wD36QVwPS6JY5RnsGGQhy2	100000
bc1q9vxw5340dxv6dzyl8zmsmu0dqguuqf903ty48u	100000
1GeoAoQ3ydYvrven22m9Aeai4RrFRXxWux	100000
18VKxtBJUWYC1K4AELLnJj8CuuHBgvUUiE	100000
bc1qh67dljmxdk4xqyx0ug7eru60yl9um3a2fydvc9	100000
1Lajy5QRnxhBzT73gh78nffBevX3Yd4tzz	100000
1EzCMWYcxGiH4GpcRkCaepCnb6Me9khxkP	100000
1DPhZ2L4mjpSNdSR1gmTn7KegumbwKVgs9	100000
19G8eknTVd64cLMBHzAJk83y7MBzPXnt6U	100000
1N7iHxfripctkES3gLRGwPHNAkLzrYFfxC	100000
bc1q7x9ndmgaxadazpmzprvfjsu7382sv25jus5zrj	100000
13QnmXk8WddBYVWsUkPY8if1zHz3JvezMv	100000
1LF6e3AQFSPBy5NRRMSsGbaMKZ2EuQe8mY	100000
373Xuc5fPUkahXAcAgXqn7EeP7QbqjTfvx	100000
bc1qp2js46a7rck752v8uvtve3lr25aecswms5hc57	100000
15yjrXe1HA1RoRfwf3y5X1v4dqdA77BWYE	100000
bc1qsaa0uv6w4ft0mqrsyvs0j6749vj65kgxpzws2q	100000
3GDiMizXq1EPu2hTCKcjv4NaMN3ieS1Tor	100000
bc1q4nhch9l70cuj9u3jgeple6fpscm83367zynr4g	100000
17QhivudacY35acKpuKCUDKEB9bqjUoM4P	100000
bc1q9uzzfdzynrxvaguzlp8ksy4k9dwuvlpx0c5ucn	100000
1HnREgWHWBzi8qpLEvtjh8pRCg9jWwZ1ST	100000
bc1qzja08ngpqnzm9jlpeca9cwue67znw86zczrd6l	100000
17xDmNup8tyhvm1CykoJwjwCKp8ZKv5ML1	100000
14zipQFT4Q4DsxEwVFJ6KAsFfgCjHWU5Nc	100000
1P79d7jLfzzFaEVmZ8hJDb4oVHihivQWVo	100000
1Ft2U7CEu7FBXZhnxZdb5BzaEuwmgzraat	100000
16urAPsHuyDpz1mKtcRFHvYYz7MxEaYEjL	100000
1Q3jNjrEoG8SHfxHYKnHG39tAGJeNQ5yZF	100000
1HTdQzXUHTaG9ggtY4tSvSTqojywAWfcQ8	100000
3ChpEsroBEyhVHdDcWBxvp1WkVM1Ypt4jz	100000
1Ps1QFwreW5ETunPGZfRDQABv2mDRWhHvq	100000
14xXSt7mdPNfY9wcM5CXfvFMS66H1vCaJT	100000
33rCfwLhoS1s11eJbMJnQqBsmyWB8X9EAr	100000
3H7bEdYLRn7S2biXoFGTgVsP22qeWWjUAw	100000
1QKvbqZYx3BdbXCCHKWNQ6UErzK6c6WgUo	100000
bc1qp740x7u330dssqtu6nku34qr3ej0evjlnre2jf	100000
1DA4xZj7ScZEWDXHPeLrTJZdWjTDmu3DKy	100000
37pU2zspZr8aEe6yeY9QEsz9XPQqkb5N83	100000
bc1qt7etajmqsdxlmnxwklz0nq9u9m4ffp3eygf7ee	100000
1Px8Ty5jjbriWT6gb8bu3V3ombHnvPCcGg	100000
19HJqVXJ45HcKhAAhAY9MWyvUddK9bJ3gy	100000
1BEEfsgRoMCAF4iCDrns2TwD2mneiXPWa6	100000
1Nc4KWHVWVtoByv5F5hSsiGJxEEBcMmRwv	100000
bc1q2kt3l8kgs5jnjeltaj7sw8mf4hhtawvsef5ga5dcexdl9l355ypspaex8y	100000
1DFchVpr6rdy5VHHurKigpCe6qAwpTUhqN	100000
3ERL5VjEE2aFt9hhr7mipmdZ8sDuRtbvMq	100000
33BWZNSKKZF412oYFvBELtWBwfhVegNsgw	100000
1H8Qk4gVtJYjpQVczY3Sfu7WtpY6YeKVEv	100000
3LhPFfvQUYw26W9VCaVdHGW18qkDVMGjud	100000
1FmtCUZPiNeyKB4xWcqCrdBVeCCVMdCvL1	100000
393z61XUF4nkLJvspSFohrShwkzxhJuW5F	100000
1APuUkTv6SKot66cRZ6YH3aoZfKT9jkWgG	100000
14msi5Zi7aCj5t4e1u9k7J41CDMZuBy3kj	100000
1Li4WZZRY3cajSGpPrbvzXkvBb8VnNBRYM	100000
1BHShu2WAr878Z9o321RcCWpr6bs8fcD9q	100000
bc1qqlm4vszyqt6xgeyx6nl0mcez80270xzk3n9eal	100000
184yWJRTbQrcCJPFmyzBbo9MAKmKmDwXwi	100000
1B2jmeLwTaEWq1Mru4tbE5vJK7iuFvbAMV	100000
1Leyhd1odBff8ue1V7A6adZxUKoLUjmBB8	100000
19AfxCd63Q8ZdJFs9pvLSEm1nRrmW9vkKS	100000
1HbDay6SJk7invy6fbiRv2N5zB8wS8K8ZQ	100000
1H4B7kuZU2nb7sDcYwbEvkTfikmq9ESaJV	100000
1NSArCM17Hm3pSt22cJVrHcQz1DMnyrBqe	100000
bc1qmrn0hpqpkpqppc0kj2wxc04q8g8z2t604urgsk	100000
bc1qhlwtqqzpkkxf2yanpe4tnmtkkkpplc9jjje78p	100000
1JwR8j1NWoQmorRhiiPeVRg9NJGgLVqdVJ	100000
bc1q5xn4fgrymdzgs0mnypw8r65rc75xqrtrvy08e3	100000
1L3mMEGDunmewpeLc27SVeSVTcrDV5matv	100000
1PMw1nB4NrCXia3i4kFZ9FchEenU96qxNK	100000
1BCaqTZVF1VM33pJToLbkUmauK1eP8wuPS	100000
1PoZSAp4gCHnWyzEAWdjPFE3vfehNiitVA	100000
bc1q78rv3zlhnspyyx0v7el08evw7tdfycejcqa48v	100000
12RTTm9sJ55mTcnx9YVHHBFRo4MNVwukfd	100000
1MdqH2JgzEgvtqjrqafHVGcsfPKVcH7ths	100000
12hDF43Z497tqTxMCmyLNhKSPw8YJxSgRU	100000
37hjkMxwj1KJ8vQtmLZn3Rk1uWgoC6NySd	100000
16zoqaC8p6YRFR687PMGrgjzpYTdqyKjJo	100000
1Fcacq38QUpDW87CGftHKRTe3AeJWSZRgS	100000
35QgfCaqp9rN7h3pmRmTg42VCxeEe2RZDU	100000
1JPp29Cawbbrm1Ds47x815GhNJ7EAw5ZXE	100000
12YB9ZLvvaRotHUeG68jCfP6U2FZSG1A62	100000
1JtT8VbuCTBpeXNZptmHboU5j4WysHAWV7	100000
bc1q3vzhadaj3yqz5kjudqtn8gcqvplqcwqs7pe4d5dus2mmkk0jpy6q699qxj	100000
17Mh5YpacakJ95bX9QwMsHFWcXHzJNWe8E	100000
1JKr4SSFF3eYPh32tZr5VCq9qTaGa35pW9	100000
1E76VzesRDTbwqgViA9XVm4qUG6BWG48eG	100000
122kriiEWC1AAUu1f5pQLi9rF5fYMuniMC	100000
bc1qhk6ltpwslxjk2e6epkamhzyv4jsq4f44n8lw54	100000
bc1qwarzen5l6spa8ft944aff7m6qu3j8q8sq3uge0yqf5qlrxwqgtesdccnt8	100000
15BJ6bv5tigLCiH8TA3xEWL6tDagxyyxzA	100000
1KWZAeLEnPnaSQpkenAyCuXXw3qXWFyRNj	100000
bc1qgg7vq9hv5wpknem75l8nt6pd5n8hkhc6jtmkjm	100000
1tWEjht8uc15hBUfzeNNMSwt7FtdBqmeh	100000
bc1qjns2cduhhq6gm4d5vss2cj4zp6ptdj0elvg2dv	100000
1CUBp1jCmmqUJuo6oLFk6pk47qYvQhYu98	100000
bc1qhdqj8xzfryzspclqpuxq8sjz6cc6yutvvjh9za	100000
1Fbtawx9xU9q6f6Nm1yiVSzyy1h9gNZAWa	100000
1DNsGBTLrf4DKUHLDsMurbYzVpSkdFAEB8	100000
bc1q4zxzp2n3xgl46e0w98xce2wz3ejd750l5x882e	100000
13GZBdmhZ9p4jo5WbkctQVLxgrJ12p2RyQ	100000
1k1YcGzNb3CHcaGuf5qM1gUV6uE3JDHfB	100000
bc1qql87w3h827evklymxy4fqmdtjhdwlzrc99lgm4	100000
31zhgFjV8BNcy5tSm2RwyaFpgPN39f5K9W	100000
1BEGVMiKQ792SNE6Ub8FpxLnRjTpUmcK1U	100000
17RjKtTsNCafUyAyqkgS2RgKtkkKC5s4zo	100000
1QEzXww5DWCzbsWT4TJf9s9NXzDgDFsTs8	100000
1wSSUbVRfdPCq1Qz6KVrG9qD3ssnHFNAa	100000
bc1qx59ac9hh88ws4lsy0ny89grku4zaum6l7vt22h	100000
bc1qq49cerpk43z70gvwr2ulp7dcfe7m82d0lg0fqy	100000
1PenhsuRbBQ6m5R1kMUXFM7a6Y15zYB9B1	100000
1AX2v7Ym82HtC2KmduSK2vVsDtM2RoHcQL	100000
bc1qc3974zhrjtqxcf76c58kjq59h6mmhcvrjm79zxyv2rapwpmfawyqyh4yv7	100000
bc1qxjs8dmsk9s4v7m92mnppc9nu5ldcdt4utcxyyv	100000
1AEK6phV22ZYQn6ZnV9nMSAHCgbg9gwmLz	100000
1KeiDi9n41uePE5zwGdwrBaX2E23dVqE2p	100000
18c8uPvcM8yhZ2bnQuK5yW3JhC9WFuhZqK	100000
bc1qe77fwdym2f5kfknt730ul4xy9myqr85gyx3ng5	100000
17Km5hbX1CBJ5AsdaFKvVkBD5qwxjomBCh	100000
14kTzz7766S89FQK3k57JEhDBKeWqkbPVH	100000
3DUXGbDWCQWvjCARCxqfEwJdr3FrxYDuxP	100000
36Qbvu8qJ8TRg3GDQ7CbMVP1AtaPVUiyt3	100000
1BygCZysAnnaRWf7pUPT9rHdLDdjQ6z7ww	100000
bc1qquc2cs7nvwest4t2haztthqxstw452c53j50s8	100000
1D8YpdnGzT49VhNZsg4howjrVTy3oZ7obs	100000
1KGY5Rv4z6CNA22gjVAcLtsyDNncmit9JW	100000
12ze47DTP6eyjWVqS8CpmnFtazvryPwMyb	100000
1DzUwHk49uTiEj5hZvBTAEZQqemAmWVX4d	100000
bc1qr9r7pqh87k5qj76m6r3v6llea7ugtrxcn4c5a8	100000
3PWEwPAxsx4kkv1XD6SvnDHQEur75ApRcr	100000
bc1qqpvuzj5v3c5f0dms23qvky563yd9z5xxa2cyn5	100000
19Xf21YwywYy2HCJZc3aDEpwfiyoQ1Cdk1	100000
bc1qur7uvex8qgpavacwc803c6a6pfvz3s5peazhrt	100000
1PZ9ZoVsZiX2Beg3qraTkwQXd5yL6dTgAm	100000
1CsM5tHuMNKcoTHGcrFQix7QEcp3Dg3ed3	100000
12zEsP2dXa86enmdRd71yTLHzEtnrn1Lcv	100000
33G3cF5DAQugpVuqoFAjbcz1wE5uuNi5Xr	100000
18oDr9g2oUQEMND7ud2qHfVChDpUCYoKQ	100000
1NfGZEXuygwgR6aBBmySfRbWBJo4DdsEiw	100000
1GKQtCUEXdTpjPobk2EVBkf97mYNJAATjg	100000
bc1q4mankt7nuf97q20wfx07d5utzymws45mmfrujx	100000
36Jo9srT2yBWnrch4uDGh8GWsA28nm42Ei	100000
1LK8XEBvZJZRHMMsiRNwg9EgMs4zcdQ58y	100000
3AHZhbSREzCdUKy8Ye2narG4cGzAKSfWPM	100000
14Bq8uW2riJLEjZM1utCv9UQ4WKYRXx85Z	100000
1MeaCv5WzXgCDi3Aod3F7DhQD36qWMN5iV	100000
13fwDNvEXQpTwkJ6uELh13eCmGa9XsiWwJ	100000
bc1qqpe2h2xmgwlw8vedhlp7ppmyzhc9z9hv83fawy	100000
3K7WnaDtEAdaynvXVD2QxxPnNwevM3oT48	100000
3BMEXAKk2YedmXgEsUtFPK9xkeoCZGk9Lk	100000
1HpFXNGe3AAALXSdxs7wBk53hhf8WU8Jkz	100000
357ovfUZGLoeFrPt1hQ3vUUPkVdaTkSZXb	100000
1BZn5XDiyJMLCPgpieCeRwe6pB8aaKpJSH	100000
3LjLL5oHPXKqcya4MjEByKbiAM5nVvUBPE	100000
1NCuBrY2Adq5Tagz73RFZG9zPpt14cjS7f	100000
1FfnJrKS1eLwKoqiy3gRaKJKTMXDYitaZe	100000
16JYciGYY86TCc9uf6MVHXY6isvBhMXi2H	100000
13w7MHKfZPztcv3usr4GrvuSJFvgUkXT83	100000
1P3EctCYn28L5SeAZU34BCCHQ6TqxxE1Kt	100000
3Bzw5CriiEuWnFqaHRbtWBXmc4666359Yf	100000
1E3imA4WcEoVmFMrdnNoYxCseXAoCmUyUm	100000
bc1q3xeq5k3tqjquuxskugur0nm3cq24effun6567z	100000
1DwsHJrZqJ9ZPVknCZeqZL6k7oGMae65Ff	100000
3NbnpzqhypNAKvuKXsho3soxyh3qd6NXA1	100000
1JKbCs2znZYt3KNEj1N1EYPapNLDVceZif	100000
163ya6uKU9Gjh9qwCA8PpSdM4KCoyq43S6	100000
bc1qeksdctmgjdxmh2k0trnglavmlmtff9u72xdwfv	100000
1LKzYLusZc7SZFxrzKqj12FgTdi9N2Znof	100000
bc1qrpmhfwqwg5u6vnt3t9dlxcerp49krav0q8xueh	100000
bc1qstfteglp7lehkhcgpgtchq3pdyc5nkrc7a5d9p	100000
19MNRZgnCRXjq6b3N1MY5z7dXmndtaWK3u	100000
1AhxrhVn2Lt7kDEjqD6U3SzkdgLqmnNaMm	100000
bc1q05uwlwf2qwuee7q534c6f4ks8sh2gjs8rkdrfl	100000
144er6svHqT64K6xQZMmUvxxxfUME2TtNH	100000
bc1qd8aprla9yzugpzzkj2uupuqme4rxek3v3mqctf	100000
15GZyfTWLfHeVh3yZpTswJPYy8edZtv4Ww	100000
1PetzQjBZ3mHMRa4NHhVfhwB7EC17UvZR1	100000
12S63YTq2KxCrJn3auxgKYoC9vbpZek1Kp	100000
1EUc14VyUc8dEAeq4JaDfWGw69UpRm3R7v	100000
1HYngtRE9FGScaVAKR3c7k5V9gEgZZNjMf	100000
1Do7F62k39CrsMZGFj9mvuxBqnVEUGyvgv	100000
1A6Y74XcUDs9KxtFV9i3JmQF4KNkh28uih	100000
1JD6eWpKMoF3oArLJhqUhQa6dpTbKdKLES	100000
1AkM3hkNc2Abegx2jSu4i2HDeYThKraa6u	100000
16FEK5GWbcF2DmoKrRKfYNsdMhRH8Gx87Y	100000
1AzGfshYsUkNQwBVSQBqQYe4PstegLwU42	100000
1NwqgVqT4fNi1KhuKDsQPqrb4Sxasr6ZTU	100000
16H8eBLXs53UrYAEW3eRj6Gcr3wa73TdMM	100000
1G3ZomWpnpGnXdeGKjCamDU6tk1u6Zk1TF	100000
18u92ffMCtYMbyFdyY5CmVsvKu6fUtRyom	100000
1Es5UnWYM3pH3e4woL81MHnK5a38YncvTU	100000
192RsGAsk4uyuQ7AKQRm9zdB1y7Wa6F7Ex	100000
14rEi2YfzdgqHXon9fm4F5NKRh7wUhiFz3	100000
bc1qgjl8svhwxrjxtlg0g005nf4r8xkvcpys22s4jw	100000
1HsfvGwDpdLDDJdAnoLvmpoAdzQrmNr8a8	100000
1NEnrCknyuVrD2zqJgC8zXEdcXz12zfL7B	100000
36or8cAy6G24rQZRayvzM2yg6z82izVgeA	100000
1HjYLbjTZRSjxWPh3rHRLgBJuZp6va8uay	100000
12UBTZSdo3LSdofRUq74njtvc6aWdUWg1z	100000
bc1qg8wnthu6jt5dxza8lt0xjpxaghclff0cs2z52g	100000
1DG8wAvZVGzG9Zdbt3MabCLjoBaYTvbC7Q	100000
1PDf439vYbCXUww3FYtTzVJ6hV41WkhNXS	100000
1CKskazHfzkajhm14HXAG37Gyero2mHkZH	100000
1Kemfi2qv99tAdaRbLQ1npAYHo5REf7JME	100000
11LwLsechNzzLMuJ3FKQoJhhNZMSk1Jfc	100000
37UUKXtwizfSNuHNRZb7mqipaLzQ5mTZE7	100000
bc1qp7j9rjytf75rla2q3mcgjl37ezf068x52lsazwpne4whxrmkrz2sfsdz3f	100000
1HgyLhrZfFVrPmqy4bmnDaJ8bPCnTp6f2c	100000
1Lp6WHGYKn1ZAHG5WbsgeGGkKYV5ujy9gg	100000
1JS9KsVJuNKpyUr66VP4fXzfoqaXNFHGt8	100000
188PTw2B9rmhjGSnYXr4QULf9DNHmbpmTn	100000
1LNNgGUHAREk2uV8h6a7dPDKoAGq9AQ43y	100000
1GCPnMDvqDgNSv35kKqXmX939xQLaozR5V	100000
bc1q0gadr8e93nrj47ep5tya5dqqyes5yarswfwkve	100000
15kzwmmCAqRorxYdJmYBQKU5FSdvM3r95d	100000
1KL1Co3jMYZcwH6mUYprsMYqC94RPhdcMm	100000
bc1qdya8mh5u392a9ttrlyvm2h5jwz94pp5us8jy8p	100000
19QdH9mzMrRNSGX1219qBdQ5EdXErqYhMV	100000
1N7SDsa3nYMnsUwnPuSLEjJgQrwNqZL4d1	100000
3CDBauyVt6otPcXdBGYihN2L2XhUPrmnxw	100000
1JcdDbFgEfc3RhutRuK9AGQp8msoyftEin	100000
1LYYMTWeDKJeGoiajhGhk9K2qsm3ktPjei	100000
3KUr3hBeMTCZYiQLXYNvST6Ai7KoEZweuM	100000
1N6wyCGkgr6SzLBqX5rfnvRvrh5RCbcmyp	100000
15smGiVZ6bj2EzKCCXcgKLsaFpAb7UB7i1	100000
1EHftze18P3RavaeX4o7oCEk8jPDqhgTBq	100000
bc1qxmrjhs6adhnk8yz9ezk8ap75j9rzvaeynfm07f	100000
18N1Mwp2csfhH8hkde7Gb8nQWrn5WAmpWB	100000
1GN555mzdPAGvEJPbRmeRfz4Fyj7nMJRBd	100000
3PXdZdKPG5dVeuyutGmm3EjQLANvYh3m5J	100000
3HLRbdrSvX83MDUMo1GLBmGYkx18sRREAX	100000
1Dh3FVqQCsMfLTbZKhjLLzT6ZxQtWRbMfK	100000
1H3Qr9ksJ6D6YicFFuPVdfyyaXSESSkb2x	100000
bc1q70r9natdzc7j5eqv3hg77x3nply2urq0n37u4g	100000
15raUbQKSLfuKVLbYK7j4e4BAJbuecVa1S	100000
13YV41tR7YMVcR8xe6mZUMsSqUmRat5cyE	100000
bc1qv88u4em7ux79lelqpm6tf7r05j869hmqmee0km	100000
1C4bRoJ4DUcCPNn2jEU17ajNqmoxk8tpNf	100000
1NdoDAk3F9U5wsWGgFEQjKFvVFFiww8uJH	100000
3BMEXZobLaKFmpt5jb8s1k9ZxLw5AFPKPL	100000
3FJPT4njNPY3oXUTJz6JxSaE3MwRHQZkvA	100000
18vyw8axttwKeasdgG5UBuP8w7aC8R3Z3v	100000
bc1q7alcjrv6y62ajf3gu6aayw0dy4gwhwkryepzfl	100000
16E8DrpPHqEPu7C7TcCPLg1cFt77CkaM4Q	100000
1PDifUG9r7ZDZxDJwEPFxjDSJxtmE9qoMB	100000
1EP4QtbdqeEfjPMRQ5ANMs67LqhbqvNiD9	100000
1LUgQSvGSUxxHwcEv1Fb1XFHcgJH86zjzU	100000
15h6AEXkya44naAC3DWbQwN3XbPrSDGx6y	100000
3Q5itPoBG9BHGAjp45gKRg6DJiC1k8XU2G	100000
1M1DcACtQA5CWjoQGfkPJK3MD8RVgJCVWD	100000
1Cns7vDJnWwmiESdqkaXRM89NYWw1uXqCG	100000
19GXdLQvz1t6GNudcXs1YsF2y2sfAkwWbb	100000
bc1qsclwlh7dxg8wsrxas4fzwwm3dcxy7ujzp06yx3	100000
3DApQp3pgV9eJQycd9hsWoVuRVX561hhSx	100000
1FPjTPph3AQEEoqFdmSX3trveFsqo4PHsE	100000
1KKLwcKAaGn48CFGMG5bwsJtnsaNQu7Va5	100000
1LaXspM8c93D5LxBY8ZRCHaS1iXZwFpb5e	100000
17kVfeJkTi52sFBpSfssAvHmkGXFArRmMa	100000
1EPwJi5r9ayqMg5LPFxNJ1QeDogiTukDfG	100000
15bPU21N13SKSP2FM9AbASHYXd6Hq3zUgV	100000
bc1q84tpzrcargmw5m2vmsvg5l9m6zldf84h5u8mn4	100000
bc1qspl3x337uv4mv8wvsngdxag7zm3z9ger2zcucs	100000
36p5HmGGL3m2C6aBKDuBiFVkixFNHpZdL4	100000
1Cx1J4MFx7mXy24hQXZxy7AQVcij7iV3FP	100000
1N2MpAVK1CUueDGzp5wAmf635kZCuzdTTb	100000
1AFU1TRKgear7zKnur1sCzWaLbn5TA1VWw	100000
12gDw7cpE6WekKrnfsooeVedetraBUEnpT	100000
3JwethDVYR9EwD5ZzPs1KY5WgmofdLgVHn	100000
1Nps2t3JdjGPRkYQX78LAkhdEbELrHxEst	100000
18zTMyyz7GrYeCZhsDJGE5L3ar85msXBNC	100000
39hpePwReH6cDmtihYHmr7AzjP73EHkuU9	100000
34pNWHLYQ2L3VVjMnnH5wGmWxtMYuFrXEN	100000
16kMfDrmw3AiyvRjW8xNcy18myTeNhQKia	100000
bc1q598kqw7nsca44tsf3ccdwm7ye73p7t2d4xjdn2	100000
34ReRRQhQ1TtGSPZVS4uB9sermsbkfp3q1	100000
1FBU3tGQc7kGwFVWb9WhvSp8Comf1tLwdo	100000
3LmQhFW8Bqn19sYi4E9UYXXk1kFPAJUVXi	100000
1DdBg8RKJxx5Hfy87B6jVbD9gZVxjpJ4Vt	100000
bc1qpw9440j7je25e5upgk2k2ugjdse948kvaun2ge	100000
1K7X3a34PfgGj67ebMNryhW2NmUTPSrEPY	100000
1JqKQDZWAvW7VfaiCGAqo5dTUXFVvBz8AS	100000
1GKRBjer23UZJaVx1aEysYi41pHjhgxoe6	100000
1FPhSirg9J63fx6geKUxgXCseYEr1DjacD	100000
bc1qtrprjjgtddvk6pysddxqjfrhjawg5p8fguy2w3	100000
19cuHCW6rSY37whMj8pAsCdD2Pi2smbNGD	100000
3BLVVi98j3zVmcWMETHzdUo1RKBcN16JPe	100000
1QFsbn68ZCvcH9GJA4fGuMBf9Li7esiDzd	100000
1PSN9jpAbdaxdV8jkLgA1eWxL18BExWL1D	100000
1L3N1C1Tfteu9kaavbwg581UC3GV4vyTvK	100000
3EFwDoSonyNNzub4GnuNQkqgW3WS6HzPTJ	100000
1CDS7ARQonHpcQRsZFTW2jxiySBGeNJJ7Y	100000
37KdbJ7Ddk7bq4w9iAugeo6eqaMJpxwLkp	100000
1BNymAQFWucNDoxLvunn7xYoyX8WMtrdea	100000
12ZUTaDs239yXbLDd8zYmXYmmcqn8rahwb	100000
bc1qdqghjhadwwr62u6xndxaazfhky0yf58y50hmxm	100000
14xp5PJHyqvgExXbVWJYiHKtC52KJWf82W	100000
1PzR36yJqG9m2gEuUZo7DqpGCdgsYFfUzb	100000
39PiegWC22n1mesmwba5j5sPDiz3DqD6tk	100000
1GBrNUvXqwcc1HSRc5WxZ27PPxFTLWVVHs	100000
16w3kFPXCJvoA3fP8ru9RHR2a4VC6UUkwh	100000
1JXmRXVv8SX2S3ahhs1XvVoqs8ciLLJTmg	100000
12UEumVD8fHZTo9E9wziZTgXYZt8wEjkGS	100000
3KmAHRCymNUgFTHPQiTy1ey6aFrN13E9Wb	100000
1LPPwQWKedwMbn9U5Rs1yoAQyZh2D3p4Ji	100000
15aZ9sdGeRVmupVvRhUCPkNSqrgdaKFdM8	100000
1Dnmsw9dUy6xVvXKE7pLbuU4pfQx9pQuc7	100000
1PztQhoTPQyBqvGP7mKote9k1TJhbrNZXD	100000
bc1qd3x8pampktm3cz5f9ene83vrje345n9nsv2rf6	100000
1NZ9yMtwftvVSwWaAZ8iHN2JrAsoLGGc7e	100000
bc1qdreadssc9n5v9acm6u59vhhan8x2p0fh5x0025	100000
1KtkevaAALU8MgiRUauiftBxbmMtZka3oU	100000
1DVHfWjKqvrMo9MjJ1cJWUG7PqNbRb8sP3	100000
3Qq7PuH7F9EaVD87sghkmxhCskfQPg7xGN	100000
1NbwbHqGMG5XxkJSWcgqTsMCfUVhkHUgv4	100000
bc1qw75d944w3lc0c9yc3vwu326wpet9px9tv7fpcz	100000
1LmcgJwLvyg6tHwiwsq2mmWsNhf78NWHiu	100000
1N1T5WRkHFKDWwN1hwHZhkBaj29aLNEVqq	100000
185MverV9DGSfgCp9U11i3DphNXDAN6d6k	100000
17RkTNskrQ46jdVxyrc3u8aH2Jh9cuBUoY	100000
165qjS2Wmrcg9bwpxEQzoZmYy6wCRRy7YG	100000
1FbriQ9M5maKabpu7bSjirgLWL9Jb1gEZ4	100000
1JWCVbZr2Xb5AEXNBN5xbSSjHsfG6HgAA7	100000
1JH3fNDqaR47yph97kwkbvvmwE54EVJuJf	100000
1facEiF1ezg7znGF4tEBG76mUqTfsEMWt	100000
1HYFSw61trGyw9orqZTtPQhSMrFfraFciT	100000
3QDj4wfLrNrpEWAhB36Fn73xf5aj8EEDrP	100000
bc1q6e7grvk240cdx0h5cjgy6nlyveyghsk6636rnu	100000
15rNocVKR2f4jP4WfgNUCDHZPs76Mw4Uxa	100000
1HnqG3mPUmBDNE3HQUQ8dqdBqu22mtYVLf	100000
bc1qg00kgkg8rpjfjhpkvjg8shl8gu9va846x6eh24	100000
bc1qzmzg5rlezyjhtfjke60gmz3yunpj6lhskywxgh	100000
3QCJXxQ7ghPP3Z7z5vF5nu1bcYt1qnUzoC	100000
19Enp62M7F3vtmSBP6qKVv7kE3r1RpbjBq	100000
bc1qmln33nnx52ptert6yn2r75nvxyz0ru4dyd6p3d	100000
13gtzjunYBgSUWdp2Fpdfq2zZszpHzyk8S	100000
18v9H6ghRoyzTZpqFV9GY6pSBFeRbDbq3s	100000
1BddXumwauzrJm5hrUm98B1M2tXdoWLSu3	100000
1i6PVM2VH9SeGBuDkygFhVSy8nA3Qjebo	100000
16SieH5uVtx5yBbs7Dqt4xuPPqpH3yPEx8	100000
bc1qpn6p6w6zj7r0ja7cy74nlq7eea6yz4lzz8ew6x	100000
14nzgGiLz3TWKF481dYUZYPWq3TBB3eghd	100000
3CHsQesRZefDzDGeQasQdyTdNA37N6nfzs	100000
19eiVRS6eQTpBzMCCcHdD8GTRg2qshmVe1	100000
1D5FB1RAymy4gqgx3qWqpTiU9e2TYZBDGu	100000
19x9afVMMekjPvuGszkadMxsj64FPn6joL	100000
1BeYzp7YASbe6wNv3EzJu7ryCQrCycu7Zd	100000
bc1qsxpj982axlug0lquzjrxmvfejxtrxj7t6e527u	100000
1FETpVJnixFyiUaRCNPkydiytZS8jv5u1w	100000
bc1qmm3la8l7a6fppsfkw7277f7rq4yw7ns8qvjuhl	100000
bc1q840a3nkkfyr9ezagdz9ngk352vejcl095tnv83	100000
3A1ipC8sUNzsEwrs2X4gjQZeitCxGaHWcz	100000
1KLUs5i5jWapM8kvjGK9mJeK7rEqm334yo	100000
bc1qxatc9gk95ft9c5p9tm297j27vjyqk7377jultx	100000
bc1qx6dtfjfwwelrjdl90x7m0r72j598zwz67vlhy6cfs657cpf995hsjjt8jw	100000
bc1q00802qdaepdl0eg65ghlpc2h6qwrpwpan2xcnq	100000
bc1qrt372uk9w2cnv2h4lxnqh2t6khpq60d8am6erd	100000
1DSK4XFHFiBtxLouMi17noSm2qAGPKHexm	100000
bc1q42clhl2g7ljxwdqy7pvlxy3snr2fellltq0evj	100000
112StxGAJoH5Ge12LL7HJZJE9zHTQJPGXX	100000
1JN2NntASFmeS3LFd9r2kKJTXX5Bm9uaXi	100000
3LcqxizSprMgNommNd2bVKoj1QfQ8MuWVT	100000
1G9ZMu4HPLRqbLLZar4sFMgTWegW6KmuET	100000
32apf7fQo4xCvY6TbL3dgmPfExtfVpHEMc	100000
1596JUWjB9qVKFvbAPTqkS4x7sjvgdAtui	100000
1M4XtLn3q41DnCQfkagocjouk1RCmL8e5Y	100000
bc1q0a6x7ggeacc6uzctcctamckr4pfhcaeflypt7g	100000
1CpWpff2JukaGpmoqdwn7bv4m5eaphgvBe	100000
bc1qnzdf4ppm9y4rt4j90jn6vcj3lgcmkmenq8x233	100000
1BMKXmeFKgL31s8FvgJqzr6houGqonrACu	100000
bc1qwffxw2wtqy5ypdkfg7nj3mmrk9t6a37x0ed8pt	100000
3ABdbEuFQY1a2beUS7QCbDdRb7GD7KAvwT	100000
bc1qhq5es894z7hw5h0pd5zz93uc35g22w6f0hr38a	100000
12rRomcGQr2WRe8cuKp5C6mLnyBHvaVv8B	100000
1342gDwgGU8FmLv8vuCVUiy1UeWmVfXdHX	100000
bc1qfkdh3w240kldzzgyycdnfe9acj6vmxrycm0ud4	100000
bc1qnqjwd07jce7a7wyq0m6v67wd5rc5y3rqs6feud	100000
18czULEgG1GrBw8D9xiXYS5QiVkvJeFnEf	100000
1KHaxzwTGypiMTR4EvuzYrJL87zBv2DvQ2	100000
1M7NWw82eKu6YwUqEwgHYSs3YibQTsJ45z	100000
3BMEXGz8ffSJQtBqfXtgBK2ipuHHSNE1Wr	100000
1HA5J1EBChvSca9JHcneWPAUJaWN2G2FcX	100000
1MLJhLfGGLcvZjdksBhMsDrhSCXt6axn3y	100000
1DxWtcvtgVgRLZJuSY2io7JxLfBqKsb4nE	100000
12oShi67CpnNtR83NP5dTXdb2YwTcFxt1m	100000
1BbXAqpWrAX7pK8BrBgkhzdnSsUXGbiUVm	100000
1LwvboqKU8M5gu9dxBoUhecfVdanzPSGYe	100000
bc1qnghg80wegwrsa6ee6ylgfr7pw3jd6plu23fwyy	100000
1GQnwjJ48Dk5ct2ZzKS2uS4hZWbbswWeAA	100000
1LQokN4nmKXBf81oVtamj3ZrLKJubQVz1k	100000
bc1qlsmmpdjapztkt39d4gvcst6pnwvjlku62h4dv4	100000
bc1q9s5tj5x2044at4ex83xuesmw8dhfzpwtjy0rk5	100000
1GbRDszmreMNxa6BA1jMh96MjMsZiJttvc	100000
1BXA299e6BbKkcE8XgbhvcpXuGgjYSJvxP	100000
375Bpppv22QSB4XKsi9QEXw3io8ZUmHZXy	100000
37UUEgQsNU7KMVeiG8xwNrN3FGAeg2ihnq	100000
17wPTeGEyYsuyQCnyuZt4xgG8RveVKz7p3	100000
1JMu4zWT4pgYnyLoVeKbcrr6pdfZQvR6n4	100000
17o5uZwtAhcLrTnrubFFhQsTcPyvHiGhgv	100000
bc1qy2uea0e32vr3ftk7ww9l8ugr6rw3erx99urua8	100000
1C4os4r2yDCgSk7K9TsCfmJ9d3sVxTa4Q1	100000
1L6jfGHkw2zMQGfN4DWQ9xAWajZn5gm5kW	100000
bc1q04cu55y76agkntcyr3yqvgkyr88uh74z4ahkz8	100000
1AKpetyA6Tmgg3KarJVuuEaZtoRk6KN5aw	100000
bc1qn76gepwne6ftsq4x28z2v044clqz97z6fdseeg	100000
1AqeSisDJdVCXPh5cWaMH23wxsePwgzyPb	100000
3Dqhc7RstBWwiXfRmbYESwgR1c78rxKQpL	100000
187Z6vDXjoT1ckzpUGXM2KyuA5WoD994RS	100000
1E1S37Q9oHNcSym9gLLyns54SopTtWPmSP	100000
15FUbzUFcZgU2xeNyqupVDf2pN4wN95xXr	100000
bc1qg8fxs5q7vh0298lvr6t6363jjgekxz08zcx28j	100000
1BwbRK6UTcmmAaNUc46u7jeu697ixymH1T	100000
bc1qn9q6lqwp45c3753mxa45wduat256h4gv5shgjh	100000
18FPgfftbjCBsLoyqV7BYK4N6fBY9DEsbP	100000
1KndwHivct6dzgSqFSjka1ruZkGcCEHHxn	100000
bc1qnwf5hnskmptuu2cpn5c275e7un6rn7rp7ugqew	100000
bc1qajyjrl5n4x2pclv6yd6met85m5tpjnqwkdrf5f	100000
16Fok4oJaYuWagtah3zDxLnFaU8xbAs4HW	100000
1FKUDoLzE25G2xwi6FxFVqhDHVQUzg49ka	100000
17HUzzfofkUHykmcTcWMTrCrv6Vxp6SPb3	100000
39D6Tu9WhAcrvk3qvueZCYfs3AavepsQXS	100000
3C4yWv3oXyhC7buJqHNht3NDbbVhYx3rUC	100000
1APMC4HLRerFHHGRHFWS4fbnGmrAosCkjZ	100000
bc1qw428tyzl5cwnd4h5f6hujzygcr7wdjwsh7wpkt	100000
1ECbB35bezBQR6NUzbMX6qvY3TJoTQbhYY	100000
17US5utSdRgsj6rJdj6L4GKKs5GunfytWY	100000
3JeU35nBP3Wnd8fNfLivXk3YtSgC7D6DuV	100000
14VTzYiT89MUa5oQqjSyrYuQvsVsoCBWaz	100000
bc1qy9umtmtl0yykftyvsu6uu2rczcxgzrqdk4v2xe	100000
1FQAu6Lawqt8LwQe2fZwu8yECt1txzaYSi	100000
1CbjFrDUX2qFiUdZzYpngE3g9SABMCGqEB	100000
13ou4YZdQwvJf8uWRh5E7sLrG6CiRFbUih	100000
1DadaoE4EgQb9mSj9LYHAipuLva8teQGrb	100000
1KD14FDPQZ4QcERXAV9ELr4Hsm2QmNVkjk	100000
18aem1w1TYxrrH3RUxvfUWgAFR4mJRDfM6	100000
13ncgpHbN8bs81o8oN22AQvu11s2YbaEeb	100000
1Cxvex4RXR7RfFVQSwdwzmVAvUQ8qndZsR	100000
3FGaVUFCo5XkC4FwX1MA975JVHmVbySkTM	100000
3A8mSMizYxXHFLWRYz2BV93xZcsuDKK4gR	100000
15Y7r7KXuRx3Ae6KUzjC5mTXcijpDhDYhA	100000
3FUUPJEkYftb4UVincz5RQ9yHcBKVMaEU5	100000
bc1qasum4q2us7zmg63t65e3amd6qa6te7xaj5ryqd	100000
bc1qc0e4h2mt360r58hnl7egrf6dz4wpeppxak3xtg	100000
19HthMnAnyenunCuqErfFojcuX4xoSdNGY	100000
15LJLVARS71oEdQgnXrKt6qJCpaKxJq4JZ	100000
34jLaqyprFJ6bJj2qitXCUPzeTLptxq9ZD	100000
bc1qcm5008ly5u35ksrtc0nzl6gs09jn9gca0jwjhk	100000
14mNu3jFc8EtbvyHVnagBbLz2FJfQj5jWH	100000
bc1qxruskzfyyay3cjhn78f05ewcyhfxk7uk9u53r4	100000
1G4pa6dxZR9MnJJL6E3fAcRUJrPfx6iSTK	100000
1EKaheQYhXAjQYbfL1CkhcTS3AY7JX66dC	100000
1295Y6Pcv9ZFpFKU4QTQysMjWj3D42wGAt	100000
1DrjuQXYvCQTRHnZ4BfKSwDvUuoGHmiD99	100000
bc1qp9mj0aty5y9wmjjdhhc0uqcq9u98qcl99ycn9j	100000
1DTBsitJTwYSBqKGDEtqcZ37eogfP5Wbow	100000
bc1qey0zg4zmkm622hqex8m7fygyx59765fg2kpd34	100000
182kxS6PUV2DN5J6dUKPyrRxEJJucvkNgu	100000
1NFzWj6g8QQqzvtxz4SLtmpcvYzzmTt3cA	100000
bc1qm5r8apwnm9yj9ykv8l3d4yp58ffu8w0j53g563	100000
1554mGtnmbDDE1fN7K9A1bTkdHybphLFb5	100000
bc1qandqetf78h7c7kps59y9mdy8yvx23t7u2ndplp	100000
1LigHurpsUBS4iCwtDLGDKmUCCicmmAXJ4	100000
1kdgaCcUPRoUPjG3vjZC1BSeC4rUGv75v	100000
32hguuj1Y7RJBBfRLrw1WYFbMETcyWJk6y	100000
3MzwA9KEZb48D6PgftpaaDXxDwA4nHQgWf	100000
bc1qmrcwx5k2x8k5c2s00rzmlaujdjv2zz0c9uwnta	100000
14dszU1Eu6grCuXfah7MzWR4FeAGJymeYE	100000
bc1qnm3eltg0eavucclzktpzygjl3sx3p3u664kyhx	100000
1GVfqiTsLQDkMeFHz7SgDSPPJfuR3shkej	100000
3G66BJY4pALsLhDBsxmxhxyKXaa61S11nN	100000
1GtgZjEHqhxEeKQFQojnfYB3NND7Qhi69K	100000
bc1qfdqkun7uhyl04hndxz4tfv8c3eywumrsx8zdut	100000
1Ce6Qb2hHmWerrFJVtquthf6WAUcsMe7Fm	100000
1h4xQC6nqixaS1mjD9UJ9uz6sC2DddkbH	100000
1MZee4fcoNYaKyDmhDghcrpB6ZnPsqNHWR	100000
bc1qrvuh5tyg9fhxhpcme0unnkngvkq50lf5wqs6lq	100000
17g8WuCUv4Xhbo5bik9ft6469dhx6PovJ	100000
187LtNkxXxQK3seYAQYVfQNRFHRdqtxjjD	100000
18msVBqzCMvevFNHRJEqkdyB5veu8wsana	100000
bc1qrx9ff2dlq3plvm2ven2hwmeu0l3cgg443syyk0	100000
1C1ujCpmZiDNmxLXzSysVaBWUJTKj7gNqq	100000
bc1qpd7zdmh0nxtjgj324ghn6c9av0qakfwal3fu35	100000
1CeijRDk5KqJqcQdktQmPXzv4uer54mmeF	100000
bc1qcwr46tr55vuxvyzkpqu72dy79lcyfvzawpy4lk	100000
bc1q9frdw9ey5m0rgdpnqhkh22yvgz6uucsyauntn2yvw9upku7djkgqz6lxhy	100000
1EYnGSMFKHUt2yrgKv4aMzpk58zS7JDe21	100000
1LG1QaTYoUZfirpo42yAtxbeHitnAsLd1o	100000
bc1q2crjsy38llf0xqa7xnqgaykwlqz4sdp9nxt6ud	100000
bc1qrryayvn8085qryzdspse3tmw7lvjq5zddgnxh0	100000
3Dcc63hHGV5jvnxnCHcxS8KoGksGbbnwXJ	100000
bc1q357yw2w4k2nnjgcphz442ft57m6yyn97h5435d	100000
1FnmWSGhK23qdbHcY9qwSg2euwEjxmz4VQ	100000
bc1qlvxlnaqunaaspjmdgd09mdl3dtyxqdr7sg0p2p	100000
bc1qscwaj2l3603strjjeaf03snl8rg8yuu84d90cf	100000
bc1qmxu5yh5pezndy8cpcjj97cz9qrreq84a5m8ut8	100000
bc1q4skfaz2zgzgj293fxe6pxvtwdm4zkmynes02r6	100000
1Bw7WPnKGTg6j22fpYMo3VBhWeokj8UTbH	100000
1LhNXr7XvD1cdMewXefuik95kQBjUJXa96	100000
bc1q9f0svt2s4av2efp7aked6m0yqz4aa4w4r3kamp	100000
32mbUzFEdgcXbaRAFo7zG2jPB2nko54PP1	100000
17CcuaGeTuVsCkEKFUmWrE3gmTPBGfhvkB	100000
bc1qxr68hdz4w9ll43uvk80wflmn8857cv4amg5k7u	100000
19MtiJzyFvW26RR6uSiLHLwTceHWoaK1eE	100000
bc1q4cuvswkvpa7kvgpv0rjx3c8mmngag7stg2nkzc	100000
bc1qkn5c3h2tg6upcsr2z636hg2zveee3fdwpg4dvaq4fgrqwejucmyqpchy0t	100000
1Je5TcKJQcXQNQ4fTGKy9CYyGBikUcg9JS	100000
bc1qmjhwdav4rw9g9p52gyswqvdhs9h90cea5vylrs	100000
1NZkuL82yb8SZLZNdKYbZDVyiq3hiYwgYo	100000
18LF2t3s6pA38KQAhXpDbEiChG4g61ovFf	100000
bc1qd98luf6qgmsss8wl7dmmqf772fmwvhh94rjgsz	100000
1M9TU9k5UCMLtDj11LijNGM6cXuLbRgJTR	100000
1AgYJyfGbCmXWgPbi1VCkUeBR3NQMtm5Jd	100000
3FmKFeanjUJEUNzdJop4US3sJkcVU82Sfn	100000
12ZYfLhfyFeejSWYD4dKsWLbduAXtKnceJ	100000
13vsvQ27Zkv78cGsTdjxrJBS6qtz4pZ4h5	100000
15NKdWYomPkWAaDKMQMCvXtxSBbqv8GxTp	100000
1BvZrjdtrDjEWe2LMC5Fxdqzr3m3uDhkku	100000
15aDXgug3MRxbRcuFvV695SqLPwMpNAm7X	100000
bc1qe0etkhzxfhkedj2a82r7qk6rfxqwmdtdnsd8ar	100000
1C9fjuDnAsPXn2bZK4VWeZ6uT94uz2UPLq	100000
3Fp7SjPyibVHyEFPeYvUcomJfwDdmw7VFH	100000
1NzaaLrXg2Y8MJHLqe9ZqJMyyjM1LzwZHj	100000
16VH2kEBNXj9CehM54c2RCSGj9gfoKAFTL	100000
14RmyG2E4rPzCyrqqKnEftMZKW2HkPm7Vo	100000
1J6bP2iCQARxQFRRtEKvUCxTXqt9Ft72V4	100000
1rpzPzC4CHNCob5iK5DDj9gQvtH7cSE9J	100000
bc1qhy0e3lf0e6hdp8kpnp4uc4m3dknxwxfyfwe7tc	100000
1KfEN1q8zPZL4teMBe9DStgk76Bpbqdthm	100000
14wCwdCesNyk4vBQEB8134HUgxBsTG8Kix	100000
1AbnpahyvqTW27xNqsBVNKfe41N4JCfvUX	100000
1L15CSA82W5wtovP75LHGqJYxNiEWjBdh4	100000
bc1qmjvth7a8cxf9u4vnv3zyjr8gw007p7lqhdd8yk	100000
18aUMngzKAZhdrfbXyiZcF5CN5rncS2v6R	100000
1GREat6hV5wQqgPM5CBGxm5npuaEf3A4pE	100000
bc1qmgvug30r2f7gf7gyk4c5f545660te0g8u8ctra	100000
13Ti94eKMWQBtRLESDFSVBCtj2gXkhDiLk	100000
bc1qj6y6aqfxjv9x0pwjsvazal9hd3g5rv3j58nnep	100000
1L45YRwGzr1QszL3dnspFXeMLKRZoTujjo	100000
bc1qaar4akdsrdaw63nrcegq3hdwv7gpm8pw599evh	100000
bc1qttss9vw8h6pf6lusphswjpkx790pfqlsu3vngw	100000
1Mb9BuLUu8B7rHz4bpas7nYUWfNC3U9Ksq	100000
1EVsFF1fRbhKVvEZdTo73gCSPeFzUBmePZ	100000
3G9EzzKbQ3MNLnKZLrvu6vrWXJyS41JnZk	100000
1Bpbao4KHLJsk6FTKqpeXj8ML7EPWNuN5r	100000
34Z1kuftoBpqEZcwKRa5n54giVRAVpMfMn	100000
1Dyoc5BLrAm4Qc9SQWQEdbeJfywgewmZd2	100000
bc1q3dlkuk0revee80f5dpcyug0h6cktwpgn6jmj20	100000
1GMAPJ57KYEYiprYSPdW98t6NGPvhNqW3Z	100000
17PjCXC5qN4hvc8wkT6GKYKCzqrmjrF8R2	100000
1Q7mtefxDoB7Ltfm5xqwdR8s4expZ3MtyK	100000
1GxuamMi6MFDnmQ32K28ezmjaEXHCXQaCp	100000
bc1qu9x2ys85z7skd8m48dfqgdjnz2pf6rzu4mrxf3	100000
1PLvC2goSj3qJ2SCFNyDLXU8rXC6eaonro	100000
1GYVpPBQrJM4aRP7b1wHmBKyHc33JZLj6s	100000
15BYuQKZJRNyLt85PVk4ciSjhNvusRNoGq	100000
bc1qlgymmcd3tc24hecj3nrhmnp52qnkm3kyx7nflg	100000
12TGv522RqpkKytLTzAPftYQVLTf1yFmr8	100000
1ANKcsbKqqbsxE547jg1ZrMu1hBqfS6mL3	100000
bc1qje35elau7pu07zu24435lqzhpk2z2xmz6gsvhh	100000
1FDYijME9vf9Ggimus4VN7Fo7qt8wbq16b	100000
bc1q3t7mspngp7rlzq897neqcjv8wjefu8c5k8mnwr	100000
3CZXNWNbj97QFhUB9BRcutTworLZq1xsK9	100000
124yeVcWLDyMLLFv5aikzJZ6VZBXMpSw4Z	100000
3LYFrqKbv8NgJN5ABCTq2miXK5sPKbqM2R	100000
bc1qzz53rv6ulq9ey8hk85mgcfnl9c0wk22j8ghxpe	100000
bc1qgl4pdrfys9gewlhdtzqjketwzvj3wscuxzmrz5	100000
1CDVWbSYAMx1xandRbJNMABPuUiL2ukcwL	100000
14iUb6RU41Hkrfnqc6yWVNrsQWV89ACbaj	100000
1AUqWrWxhC4W7extkHQZjw4N5X5g7Ux5HN	100000
bc1qa89l3yx0hku25xxvaaan2k4ps568z3xpfuh48g	100000
1FXhtobJGYMdogHwcAS4G3DMujdZK3wx76	100000
38uxkc3CH7bu8fsJ3FXQvToh21VximWbCJ	100000
3LCMyFwMmEPb9GK53VfFfysENuALd7GYqH	100000
19UEM2EvTBnkCDfW35psiAB9F6WmKRp56N	100000
1Ew557WqzVDqo7cgRJhj1SkcwA62TmuGyY	100000
3JHHYyeLy3occDhq3aVYf6arQV53jnqw5d	100000
1LJkvREU16TXxiBRuUyRyfLpUGUv1Qw9f6	100000
1PnCni6tDZBzmZHrvzAGQ6a47QfjZrkw25	100000
189iqtBocZk6CgShj2THqjzcW9h2kdsiHf	100000
1B5Yd7D18Y5b6z1uu4PfGzDT7N6wpy4mHs	100000
bc1qs5ar388trmfs4sx4f7pp4jpg2sjavsllev2hzjrrglfwejt3q68qq2efj8	100000
1BL6naBBa8Q1oZauYf6g3g9yHm91qqGHFK	100000
1KPAZ41g7twxEo1yrBqsr9xYLYu9RSCtUP	100000
bc1qe033ak7m2ay02ujeskcxm2g7p7dumevfsvy2rw	100000
bc1qex0l52glzd28jrpjsysafhcrdrxnfdwt574vy6	100000
1Ab5wt6gc5eKKNTyUUKhaTXs2Sq2DBwGLn	100000
3FzqCDg6P6V5ErJtMSoDooeR1iDzEiEg3s	100000
bc1qrtk7499z0hqu7vc3jc4a6eqz37wsp4887qzwhv	100000
1CVckCJzamePdSC91pJwCWb3eBYkzYrPVj	100000
1FX7KG1AjUdTmf9NFr4WPw4CXjXeF8uPJu	100000
15e3cMwZ1wsfUBzfL7DpTX5XbEqn71yLB6	100000
1KDR52UXZcZw1Yh3cHsD9tkzWH3kPcFZek	100000
bc1quw7u7rfvq9tdkcya80gqafxnsprupusnjaunkk	100000
1Fq6r6dWfbWfvvpw5QryqhLML5ex73b9W3	100000
1B1K5egus9yZ96rD6wnv7Ve4bH9RBJgh4D	100000
1C676jCBWB3kR2jA9LTCsCzT7GmnZsktiM	100000
3QwNgrkowxcariGoD3HQJM3z9TCreutP2T	100000
bc1qpgxjmev6a7uy73s2zng87sulfspncyvj7jr4sg	100000
1JJJo9HptdpatZFgCmdgAsxiUYA77tBtK8	100000
1AeY2nfCCspDRZn9ipBvhzD2Kp1qWZHgkC	100000
1GP3jJZREs4E7u3JPWm3NE81X36NXuu8WN	100000
bc1qfmtdeyg2ugpk472832n7q5l56j03h0vzjlhw8h	100000
14fHLmXaK8q4At5Kr24pUgSi8q5Emin66J	100000
3QMc1jvCj22zoauHYdZanuyXfF7uEwfaHu	100000
13fqV2JzJ7YLZ7gRTUeSZouXWVxymgTJpL	100000
1PeHApewNSmaBxXygCwMNqvrHVfxokeCsW	100000
15vbN4VzdnnBETxoRQeiLFHV48nVKFSfn4	100000
1JZPACFaVgncrBY2LLYDYyxTJRD3Xpiisi	100000
1GeEwYp2CvccS5pVLc3FSUSSTTqYurjdfA	100000
bc1qyvd5xfpuc32h6e6s7a8a3f2ztq9psa8p94tfa2	100000
1GdHqNR55taBjgbPHfXnr9sq6ts5GdmjT1	100000
bc1qwqkmslgpx96kvmrh84xa2jgmgv502zkccrc25l	100000
bc1qr3s6ecgq7s674c7swgl333gyftxw8f45paatqk	100000
163iJJEFzFYg9C1KuAPX3CzyojWCZpXHjr	100000
bc1q7pvjgdphma8n7zfd4hj7flrmjlucwnmtw237je	100000
1PSYT67kzQhimR5q7u7vQU6Npi2XuZD81U	100000
1MRgjsBFC5VKNuUuPwFk9MncEkaX5qHLQ3	100000
bc1qhh7uykvu695kltgvkdhwqfeavfwdxdumly2qx0	100000
1CuoNaryDGVpzGcrby5WocEfSbNpA96HoA	100000
1NLWLhyJgj6Ykf5AzmKvbhpaVipK97NSSG	100000
bc1qm4lvztpjs7hwag27tfrtv2x8qmunzyzujtpdf6	100000
39kyAKQjqeZLLJce1bHF2LPyLfrNTNJPyK	100000
14SoLyEVBYSzvyhMMNCip6ADZxFL3SB1Ah	100000
1Ay8eWhxSbXMhupEyKX8eczgAsjcDQRX2t	100000
147AHPvBPkGd9iTg7ycCRjouqTHTxqhd6m	100000
12FCevKsfCKFKqtxVrE3f9wsAx4L1DttQC	100000
3LHN1294r49SdAtYhHLKQTxgTEzRv5frw8	100000
bc1qllk5n60r54tu33xgmfe6jc9mf0dj94z2hvw83y	100000
1KkjQEvmvs5w4ksEYxmKbLaUZMLN9e14ok	100000
bc1q9ds4s23xvhvrlju9arjxlpzxht4jcml2e3pn3w	100000
1NwstdDmrqNkqkmRh3KTn8j4pL5xVxbDyi	100000
15p7ZWfnu81x811onFeC4jnnEwGShgRZRR	100000
147TXiFEVaF2sgyGDtUng5saxsZaXbswJ9	100000
18dnyxrPoWzBJC6DpCJkBtWriCogPrvhXU	100000
1GxE5tHKAW8GGBZ1wkTHhGgtVZd67ZX8tt	100000
1CaDVbdvnjCkY9zAFZQ8ZvZEjnRfwA2rh8	100000
37iGAuLNnU9JfpoYWQzQfHgkHt524tmq8p	100000
3MXtEtubHhYEm9No9dEZ2AZ2evn1QuTpop	100000
bc1qddjs7x7wa8zc7gvycmgdgtsn7y7l0mksdx5klj	100000
bc1qnnz5drr6l5vezyzlu4lvxs86rrtqcrdx6ktr2x	100000
1Bb5wtbqH93vEAiobuKywomE1AGGrakdxJ	100000
bc1q4696nugrufzdeeljmrx5p6yd26pmmp9delggqw	100000
1CHBhoZasvMYAGRUWSX7TYjG3iVkJjFTTy	100000
1FfXpxp5XgLDWRxhuvCQggCMFgqTo7hpqX	100000
17cyhh2gE8hZ5Bf1ceNoqd2fdREZQ6Xgrp	100000
13cTzvX1PVj6grsszfZM4ScudvVTCH6NxG	100000
1BNSfzsZUVjdwBzBfenbZtynfa31VSjRtq	100000
bc1qg7rryhcglvw8nv0a7hcavjalgglala5j95dwtj	100000
1PfwPrk2AGNY1vNcQ4fTVRNAQYTZGPU9SE	100000
1KQaNpV2NrDznfMCUKiM6sjDuAv9QgSaF8	100000
3FPJfa2ynPVAu7hG9P67SFijMYbMdwPgiS	100000
167uJKjwaTjQfPkznU2dcwkttncJfGDqYX	100000
15oiS8J2DS6QQuWoMzgAJqJS4pcXRjK5Nc	100000
1Do92KYxcmafKGDfr36jH2mmx9maTnjNEj	100000
1LwHqVpPBajPsHdLEWHjPYpo8ij2oaVPpx	100000
bc1q57nghdj0svz3vuhjhckzcy066qx7wk0rtma8ay	100000
1vqfZLQ43Ke25hdnRxUaCSGSsqYFdm2k9	100000
1FUkKwoadUr6WHSFYwZVd68xbgRzvk6GaH	100000
1EdMUQiDrPwCARWvF838ixxU7dVo7uspBc	100000
14ryMaxJFisrXkn1v9XDku83puEKFtp6T9	100000
1EX4BSRecFL8ks2uvLAzRpoCyNcr7WyqHn	100000
1PupzbUJhr3JX4tCaZot6UEnABEeeniQ6E	100000
12DRuhEtgmQdvwoVTJmrdVpocUdviV8Zoh	100000
1J9ZZ3bYcrWBxSYfopDB3DakqziV2kMCyX	100000
1H9xdn3dFWgVjgY9nQMpqKYsAmteU68fye	100000
142vzK3xpdadLnjTrDo9AuCXJMLNxd5ypG	100000
1EUbUASNLML7hmegTvj4iqAtJXN9pEBejX	100000
1LBNeaYnQw7LH6rDfMUcLRgt2TYzGAaEoo	100000
14haDbuSkj9LxFXd4abnMhr43nXytfV7KQ	100000
1EBBD14KiGXXrpnjqLM8U2a81MzPBKKtnE	100000
19C5gpYKx1wXPFYYP5AdoJArFW5Ghq5szB	100000
3P56fBKjFeprBbj1TRg4cwYKWU1nU8iRwY	100000
3B6rSVFL7s7pRSt3TQABcXHFrD7rju4vvq	100000
1KfYfWhQQA9WdTq9fXi4Rf6mtpU5HPAamS	100000
1B7UBywWY4YgcBbnxzTbgnPUru37i7peDy	100000
1G3ppnW1d7p8pCLJDGcVcPrDQFoagnqWga	100000
16zNHdR7GmKkZJ84qqqCbjFGnJET2V4RgC	100000
17epxDozkwp8YQ3ZTu9jVAaMPHkKLGS6F7	100000
1oHcJ1hBG7hjStaPZFvGTtV2Fzd2ZtfyV	100000
bc1q3ey3wufmdz9ksgjqgrvzkmvkux5lxnqnk2j2vk	100000
15ciGq3NVoKNNGRXKtqmNxMJc1NGrAKWvh	100000
bc1q47aamkmx0m65zvy6hpfcpcpctnjrymu29vc8kk	100000
13Ang2SKAKYTQFx8zZ48dpqSszJDELEc87	100000
1MWLozWg42hWVATpebioBkVZH1uoWX1azc	100000
bc1p3vy82kafpa8q9xpq2ulfzn2ugddu2u5vjvtytxd3kuc548xxx2qqt9kf0m	100000
1QG3tsEgv4CNCMcySc7nCfA5sp3SyCTvxU	100000
144KtLyMJokVUM6nCkJnSKWkCWt5aP9Nan	100000
bc1q0jgfurduuym5cterqe96w8r0vylzsmv0p6cnyw	100000
14cXCvv7WvY8zXWarZ67DACxaqHq2zSpZx	100000
3HdA6jWXnEMwZZGLEZyThvHeSpjFY6dTKv	100000
bc1qq2hrgcnzvnmf038lfwtjzp08vnamstlk9gt2l0	100000
bc1qzmxkqrrf0559xp05qf8zrx0v8e2ygsr7mgkuk8	100000
3ABBmRANCT22wHxTAJvLExjNpXmHnR7QzT	100000
1FHzp71igtDAw16XyZGV79JRQMXYFWq3Sd	100000
1KPqx4d2qZR3YqA3Wx2P7Q8hH1uwHJk2Dm	100000
1L6eBsipwxKJ8rMJto4dQJKH5bQejZ79Zd	100000
1Hg9qGKyMMrZZf1RaaFy3ZACq3wc1yGwAE	100000
bc1qjh3c4xxzx4797vgvhzr0ndnet0kqdxqfwe4qvx	100000
bc1qrsw5aqu2xya4wuahawhzs5xghknhtsvh7dsyp0	100000
1MottQySwg2eHbVFeFWjUpjxN3z4nDLvTz	100000
bc1qngljw7ad5uhsdzf7rgx73p09s7glpxeh8nup40	100000
1eKRWa9DcsbXRMijHBQxr9ii4uwnpc3aT	100000
14gVoEeJrE3bHF7YhvqZcyA2gujCTyqS1S	100000
bc1quysahus4ln5qdpes7ek708mykjcgfydaf4tj5l	100000
19So8KHbLXdgDdZzsuk6SeLUpJFcJcusgh	100000
17JwRRZ9nbEosipG6qbZzArwWy8rrh6NVA	100000
bc1qgvehrsxx3mrz5nu0um9qkgsd2lf6dh4fts2wg4	100000
1NR6NZ37PwkDwdtQNt24ESLU35hYAVYk8D	100000
1PjR5BzkZkLVdmbpSZP4qeVgnDmnjDHT2H	100000
1DHCSq5NscDeR3465kQMmJeSVAxQS65Yux	100000
1Cx51cTDSHB1UygFEAXHkw1cz5VYNco8w7	100000
15pDkHakKToLChsHqt36X3621TWPBgqr8r	100000
19dxmms8zmtUwVfJkic1LW8wC7a6csEQGm	100000
14AQgP8fMcju31qsxssbEc1rVAnAR9eLLC	100000
1DVpWBb2kSzNuHP9LvCpw9QcVJ7pDFNa8W	100000
1CbwySCyBd5F2MpQ6dpdQ4QPWzUAi5kHey	100000
1LdURUKetoGHKnitxGSQC2FPAeYXYnT28p	100000
1Q6ThShWxz9MMcqruR4cEFLTemWMNYL1rL	100000
1Mk4JDX87sE7JYc4kNqDc22qDZsVr3Xv4v	100000
19XzJy6NFnp9eMx9paW8me5c5yuzUdHzEv	100000
1QHLX1nbS6GpQdCgw92AWaZciRc5Mg88PA	100000
bc1qug63rys2cwxcrcyqlh520at8gfawvrnqz63zt3	100000
bc1qn2rwp9rs59rw9l3mx5g2l7zwwnf4uvrhtzfta4s8tww0jtkvetusrpc5ha	100000
bc1qgcw46qd3m9t8z75gyedr0nm7xv6qtxzzdx4xda	100000
1KQv8jKpgSLr3eEcyaFUrPGeo5hy3gUqgW	100000
16bcEuVMh51onTjtEVnaD9NWcynoQ6nFWE	100000
bc1q7wud7h55wl76pkvcyqx090tqvyjswr4vw599pp	100000
bc1qp028hju8vu43p0n69a6fjqdagkxcwa7hgyrxp2	100000
bc1qfjelf65qn2tag85nc2uaensjhwflv46su8n3rz	100000
bc1qj5qakes6k8zzj7agvjwgv45m59q4kffct2q70q	100000
1JBN6DcP1EhPdKWBaKhL1NvbYazQeCeKwg	100000
1NpSeJwNCsVEeox4qMmJhWJy7ktcx7FZxD	100000
1MYpXU3a4Rc57dYm7sSddihg6VQAgi1Vei	100000
1uvzmaqvuTD3RWNSqLbV3w99r74UgciAn	100000
bc1qfm9zcjjsn4c5a783amuzd8tn94cxfwccn3me6h	100000
3QhkLvz9ebbTvMxuQdGY8ENKFezyuaVBBd	100000
1EwktPXfcqcJbJgofdztAeNJN5VdzuuyTc	100000
12iZ9ERGhKHmtsV8v2EZTLrQaFWdTacoNe	100000
bc1qza434qqfhj5qca648d8g6d9z2auru47xwva4mp	100000
bc1qtl5lzc2av0p6f06v7v5v0hc9st5vprxjetgevf	100000
3Hmni551gWoxtxuK2hV7MXjpGe3Uu6VjFt	100000
1DrhW52f5psZ76aBR95H2viU1P7QFntz9v	100000
bc1qm4hvrzt4readgh7wlmnzw9jpj232m4437gpvwl	100000
bc1ql9mn0xzqjukhfu8hepahssv6whxkfdw0dgrppt	100000
bc1qpa73ayxwyfuax996f8apm2quqs8qr4q60tx0s5	100000
18tHXGbxoEsfqyRQFWHwuYJmZs39DVUbj6	100000
17F6eH26UgJdSpPUiqUCAPA5ExsBbSkrX5	100000
1AKX9VeMEbKKj1dPgntwFUkwB3AL3e7yDW	100000
1KjsomMgEeQdEaFdjMDy8MmwZkTgDeQyw8	100000
bc1qqs3tgtmue7ykyf26uk5l5juuhgly6kfgj8rszz	100000
bc1q840n9mmwmyudmkkvf50rq886czf77jccj45e8m	100000
1NcuMvNfNGrF5BJfrbSx3VYtAPkw8SPipa	100000
3JU3zvTRM6akaTBrdNCs7iBDBWZ9MaTYLb	100000
1G6dMX7oPGmaEm7x9hs1ZH5jTr2y8TN4cg	100000
bc1qevjwrg3lmr2ws2x5880wlsq30lems2nppg9ank	100000
bc1q99sjmh857eftgf7st0ehsf36mdeanrp0hyzmxc	100000
1HuY7KG1JsJHVWmBffGKZLM3SMpuvQe3ge	100000
19zv7xhHwM9nQd4Zw621AgUg1s8tSSv7dm	100000
13VTeBP9Zg5VYYQGMTPzFyYsj52PvzeQ1S	100000
17gHFpMypN4rhxDPviVx5BQQZMZtwPVcpk	100000
1PzkzGgQnCjG7ivpjWAkD67GWXXeR3uWwd	100000
12rCuHNcUZEof5VuCqooTxzca4PafC2mfu	100000
16ZchkMMuRAodwb2sUHH2GmJF7RyQRA49S	100000
125jSdfRvTL4jcXWJKcujWaYh9azEMyJfL	100000
bc1qljlkkmchecmrhpm6nmskpc7xzqveh49avt67f2	100000
18Yhu23WZP4ZWYyhBHgpA5d5trqbH2fH1j	100000
1LhnAWFNkqcq1zzBBKDmPjbWqqMgHGk9NB	100000
1GVvyd4BuSWZEtds4fR6GW9o1N5cezJ6d3	100000
1PaLj9Wnrv9mxTw7HcytgagPboxKX6iMGt	100000
1Somf6AFwmj4EvCq1q5jKyLvbRahmimUn	100000
1FAg3WBTmUB99SEu2Yynz2B6uRLSo8QJU8	100000
1BLqDUUEbogRuy5x77CDioB8LGuYaBCoTD	100000
1Ghxrz9VZLnSa5wEAnCpwRVxWqNPNoqrUL	100000
1rq2LiCZPCy5MbKaU4tM8MnmXdNH8n4W1	100000
1ZUpsebxqPcpGKFKGoUKdWoFK1KXX53Au	100000
12zon61BF49GGd6vxheiX15yR1K1Z5CDHP	100000
1NU9jUsxGVMe6RRbJC9j5SXAWM4gpSFc2L	100000
1JzYoeYie7nNC9K8na9W8qzGrh7CgRigAP	100000
1PgYyTx62HduEyBqoaD2BgHTnPCLYzfUpp	100000
1BRLZcjeKwhvifoiF74PCpvDjihvUnN4sF	100000
1MKg4isZjP4FRzahpDMs4JEEQwwnBJ7fX7	100000
3PEMFB5uN4FC85Fx7WXAEi3ZXDT5rWyJ3H	100000
183XoeYocNFCSUkdAJsZa9C921zdH2YP5S	100000
33DVJVrMvUt2NNyKwS9Edjcw6sdEz6R4x9	100000
bc1qm854w64zhjpfz8h2436hqyng7l7w4k366r60gm	100000
bc1q3la4g34g6a3hvajqralcpl7jghtlecvvfkpwsq	100000
bc1qjjjfur0grpmpsp24l06qxnxzyvzfm4xx0q0qd4	100000
1AUjbRti2KH5XSwDrJPMXApvLoaGiN3SWZ	100000
14b2Zm3iDqB5jP2kusQufL4PGd4G39H63X	100000
12bThDU9hDG8kffSPHPy4zL6LxzSTZ2hY4	100000
bc1qcmqxkyp0f5yyjh0upcnwr02l3g340wyehnlehw	100000
bc1qad4evcs7kss66kml96xguqzjenyxl2y9jsjavs5k62ftkwdpwpsq3dxwt0	100000
bc1qmxy2cd2nrlez9yn7gja5mva0xmke6z9ghsppra	100000
1BrtAFNCdneTE6AFCPU7kLhhcZWLw83rMP	100000
1MVzKL1GyXm3TvFYj5XdJs34BjHrMVFCCQ	100000
1HcALyz1iPef4XoKamBrrzNe9UNt4QR8HN	100000
16U5cSmjDJzDg1QduaoCMFAGbeXN7Y6mA1	100000
1C5xy6nF7sFLsEvtYiBGRs53gKf7WTGtzf	100000
1F6aFw6rQ8VvJf1omoTDtxeyizCXGFH8pw	100000
16k75ntYzTbcDUzP6xUnVfZTX9n6jsc4xo	100000
bc1qhrnqm23vxrz79vtxaltfavr9avrkft9qgupqsk	100000
bc1qympdnjm7hdy680ufnllecwp3sfhpz9rsknpkx4	100000
1Eiy6rNAt8vUHD4B26TMDqcQdR5R4BPDtn	100000
1MhzJweP8zWxKP2v4tjAroQAgUVUarWwGA	100000
bc1qugfmezwu0wvchxgp8hg0vnqutkf9tujeezk7pd	100000
19opYjDoCDm5neTufkBJbCKHkV2xz1izRU	100000
3PznWy1ySQbT1mAXcXWAi3k65cxgJmT5sX	100000
1KtY4aoXtC5KCZeacffzojP22UcBSEvUHG	100000
bc1qats9f0d37hxltaps27dtzdxwumrt4hpqj6qls3	100000
34azpsBNuLpCgyZxi8uBDjKByWNTHSu4Ky	100000
18Ts7LyjQmYuEcd8t6XUk8LmMBd5aTWNJA	100000
1Dq3q83sb7F796UmjG3CNnPTxrXbi2Gwcx	100000
bc1qdctm09kgfqa8w4stulee77fa0qx5kqhvq9kqcn	100000
18TAMvSE91isPEg3PmRNtqRH3NVTXsMFcL	100000
1aTEe6Lp3qa32PCVQrTKHxdVAbgsEghwS	100000
19TXbQ1ZQ3YHQ964YmHGCcyuxpnc2YPR6c	100000
1CbJrBjiCFgWF8HNuBzwjZSr6ibhmZBdpC	100000
1NQVRdMQLPN3ZZEvBoXVfg57hw8iqymTb7	100000
1Cxc5P6wP3bZyJokz7NFbqmbtZvkpnt5br	100000
1NaF9VWYQmf51Ebs5yMn4YFcMcQQqjkefo	100000
3HrrYVuhmQySnGdVfKxE5V7vSzfbcJHXRs	100000
bc1qgwfmemkcfvc5m7mvvnajsegxq20cyv95x30trsssnqp400vahf6qdyqgns	100000
37XEGgHWX8SW4UjBmLiVDFMUJUydXz28Dh	100000
18iGDxEo4MEJGr1gSM8kZJUpaaBrseV5sD	100000
1L3LJGSNwEDBbkbqE4sP2V7Jm6zujhiANk	100000
1CfsqhLoEkJHdhq5raTSpEwrALpVJx38Jq	100000
1BjcpTqiraUCikfAuRKTorzxAGtxak33T3	100000
13L49mUsoiUn1VxZL7cYFx1Q1fBxXg4UcQ	100000
17yBbi5jUggPmSGScdbna48aP9ETChsQtC	100000
bc1qe4m9trvyqc7ncdvh8hhrsm6x70lfvsx8mzm8hl	100000
18MfRjxecht4RSQLq8bNYGUUc1M5gWoULS	100000
bc1qyt4993cwc4kt27yqdfruxedfqgw3g5l7ukhcw7	100000
bc1q6340n4p99a3u3njx47xrth05mh0dyef8tgx5z4	100000
19SXugfV7KooCvevncnNgeXij4Pnka1ZNT	100000
16EGWyVQyCof3aaBvrAg5dfVE4fkw9hqEa	100000
3Qgiy7dR9FZ1t6BmGeuSZc6csUPur1HwCg	100000
18Ho6eLPSvXPqP7ye7f1jAigqy6Z9J9wCp	100000
1Mu8YtXqmexeqR1iXwnwrBtUizNvWDeEZb	100000
bc1qg7g8xafwjc3ttfs4ejn372u66jc5kw43ezm6de	100000
1Jteg4pQwMySBc8PiJDbUeCcxpfVDRFPae	100000
1FGrPatvMoxdgVsAgBQ8df3kMsQJH6bXeC	100000
bc1qkcnnuhzq7n4qje97fzf0pf0h0mha896lumldvm	100000
1AXKJjjELwEom9Yf4NpyhGUbuBn2h3MWo1	100000
127iDxMFHZe57x9uzd4XZh6HNLXTtazhBA	100000
bc1qhgs3aghmlckeshwvt0maplc9j53aea9ng6ntrg	100000
1CTtuZ3GJeCu92HkF9e1jBTp2Z57Et9jha	100000
19hgC11eFMNBFZ79CqobxssdTjD9ScAdju	100000
1fumvmcFj5AFCBzapiYdWFJWHJWEKwVFU	100000
1Gr1YEKz1s7WRSHLwv3uzY35npyQdmhmrC	100000
17jbB6zLX4Bq9CeCdnY6Jrw3pSVkdhh9DF	100000
1SM2YvCS8N96jt5ZvwPFEa7oe4SMWSyNv	100000
bc1q73dtgh9mrwxl87j6ezsp65xcxjdwg2mf3qx8s8	100000
15QA86KjtsMBqV9Vna7hr59CEXCStFCSVh	100000
1shdKqsH7tiXa8bJwEQ41VB6zSqsHBsqg	100000
13wyDPDut8xELgf2r9iKgNtSpS4k57yuLr	100000
1CjP1sZ1qHicG4TmyxhsHg1X3tyrq2P1x2	100000
1K26Wxw8i9MCk36eRCxP7domHeH8MhmfuV	100000
1Ps5u2axkWv2M3RDT7ZNTYqXEv6erwij7s	100000
bc1qxtezgjxpdjywc8a7zl6vw3sgqxf62a5am5h8st	100000
bc1quffs23p89nk0xjur27v42kwymn24c9cvtjq9q2	100000
19y4aUkAWuG4bnKX6dDDEd24ioX1mPobwU	100000
19bcg66gxu5Lpn9Ydwkhzd8eJbxQECTj1D	100000
1Kbz8WouSHxSYWbvKyW5vfjQArK8bqCnAH	100000
13RbJMEDxBuTrUEiPwrkUrXqd7oBUPtf5C	100000
31tUrDovTnprdBaZBD9UYsRLY6mgkH5ivU	100000
16TxGzVkuugKdZFMZs7xMWTcq63MmA2b2C	100000
32RaGbBMhZppaMrrW2mhCwWrr2gczDx33r	100000
17X5C72GrcEYpSgRy3HyPTmo3sjNK14yBp	100000
16hnFi5Fh4ScTm2JQUbuf4Uka7rviYwkNq	100000
bc1q5g3ttv6397unr22ac4q2j450peq6n700ea8d8r	100000
1PzBVi9rwEn1NWMkftk3D1TqVN6H19dJ47	100000
bc1qe3q6h2z9v7gdkm7xa4dscytarhe6w754g2axaw	100000
1L7jgSZj9psqycrKpEKmHBpbfMa5uFMAuV	100000
13w4WkiHuEwuE1NQinX1cipveDpbdoTwG7	100000
17y34LLh186Vy2WeqQLgK4Tr21562MXfie	100000
bc1qj6uywtjdlr05pxcp27p6arlt00e9rjwu06t8qj	100000
1PCtQwLMhrsU6UAF9LQNfQkA4WrByTQPKH	100000
1J4sLNEZiZZ8tyaMHWF9Wp64hnm5QiHs3M	100000
1Cx75sa3ZTw3iq5eox7huBfytbTN13WBq6	100000
bc1qqeng4tel8hgsmlwz0jyl4grsg86f9lq4wxcntp	100000
1JY7v1uY38sk2ZqZZrtqNE4mhyFpPT8mnT	100000
1PM7qviPtiotPy38Yc7ZKtYXare9K2v46C	100000
bc1q9ffkav9sn8stsv0exahwxwkxjrvea5kl52esxx	100000
127ppMmUvHnzwDNPAuEYkYNr9uLzcC4Wcd	100000
14T6xJy5rYPNb7mPTNFYMsHYmPmS1dHcGK	100000
bc1qlyc2dmwze9ar4e7j8h6n06cay52njft7cu4wr3	100000
179RPxDSQ8aUEmUnjyR1F2HQ9CwH4mpqrU	100000
3No7HjoYoALLNyZZqj6YYHAvRwqZ7zoB59	100000
1MZ6cuhxtEbnqnw5RXEYDSHQFxSyJ2aGe3	100000
1Ek83vE1oWLzX4dXk6EuQbTEHZc3pSfTMC	100000
14q3vKKRNHPscEQRy3vcSGdxJ7R4RDHEEJ	100000
38XDa9CD3pFuqTGeMjLytbbwroiSg9HKUX	100000
3E6tjZck3CB3iMtw7aHdW4Gg2yocpiJiin	100000
1DvyCHwFiJsbU4SaQdGBUAGu82c6fKqL1K	100000
18424bRsAXePNqMMV3v91nzCar59Gxmwrv	100000
bc1qq0q8my946aka9asu5k4mze9gnv6z6uctdf3c3n	100000
bc1qwx248pe89czrr0dmx65m7dgvd3q8tmf6zzcrd0	100000
1BvgNk3bRfFWaUB2EywaQMggK2y16QGzNT	100000
1FZNFWAPgPfgdkVSJ14cbrkDiqkG2gU3ny	100000
3BEYEKERkAgDwoGSHLPt6ZfGjCu7DwLyMi	100000
1PUTAXydPm8NSzGyJKyEnYdAG1JvD8vmsT	100000
3AfyEY7sg8jkhdyb8G8pnCRcWM7Ye8omKn	100000
1yCx2r9UkhQriU858qgHdkc1giAVCh1Kg	100000
18j3jAcs6Jz1Mf4M2NxtjQRYVx3UtQpM89	100000
15Xq35po5VBRkExLSixeuLW5k8dq5i5BhS	100000
1PY4wZ3HBAmoiGmCTVwDM4wF5X3EmJ7jpH	100000
1GbJeCUb9b5yUQ4n9kKhRAsq1wvuhzTMxq	100000
17kpXzUFdr7HCy2fXEB8T4B2gBsvLdFWeX	100000
14iUWeXkkzS9QCKd2aQ8UUwddKBK4XpdcA	100000
1JXT4AD9HJ5C4DxLuV1FU18hERVvyGdNjk	100000
113VbjwzguFgCVkEb1XX4hdzVJCKKuLoki	100000
35eq9w6doDop5Ucx4kBayPeR8w6zUBz6ks	100000
1CAzgNAJg31D7grZJjJDANUMSQAz1KakJv	100000
18J2AF4CFYMHy6Jkjo3EBZz9YZ4SRKpNNg	100000
bc1qf4qkm2w7rprskvx42ldtjtpu9tv70cdq27n2je	100000
bc1q7nppx0ulaz2724tuxhqfyxjr83l4gqp0nvgppz	100000
3BMEXVnp85pCBoAGxAsHFHkZZpJBS3kDXW	100000
bc1qa8sc9qj9sl4mgnm9e9hsajnlndc2w6qdqr543h04qxamw3z3wykqr36aqa	100000
bc1qnkxx5a6c4ksh2v8z5ucync7le4m520p6kv38d9	100000
17cVvUeNhrQeZNqrGDpCSTVTS1M4HZsS6D	100000
bc1q7psuyk40ntwpt6849kycx4nw2cdmwxsyskvdr9	100000
1LbRjRqxsfb8wcoVKxUH8TXiT1UvebQgxs	100000
1KZvAsWShTMjViEm5Mkb6PCokAJ9XkUf79	100000
3AEWbX3pcDtVJqJGfyiD9Unm8wzF4P6dCY	100000
1CdEyGzCaEb7qkhSvoasPjGw2wbDfiHst4	100000
13xcDBgsHqBwjCbA1JHDm38fw4dgsw9maz	100000
1DPdmcvS76W64jzBrZyVeX5FkJNCxwMuL	100000
1GUJpatpAgoVzNLvKc1M4H1LSKddRNiKZT	100000
bc1qnc02k7unn8anwcf8m035q5dzxu47gzuhvveqlj	100000
1H2EnjrL3VZjg3bt2dYvxvM9hRFpTomenB	100000
1BCSfRkXdjsC62YMcdEXp1f6JRBB9yKDHC	100000
1HW9wBDUT9zBcjjToKk7jWoDUNLsjTpwrf	100000
1HL67QAZQ8nTxZK2YBncfZtxBQAFigWhC7	100000
13u6b9516C6BGCHfBa8odBFWMHxp4qQ5er	100000
15TH4isuoSVDrDppUGgdKBewLSCR3enip9	100000
3N7yEeVr9VXVA7NqLRDyT3qU8WHuUjsdwn	100000
381inyscGGnQseJFAL8DRXS253Z4hrvRwQ	100000
174ZWP4Uehf1i8px8f9VxaPVz8qBTdNS5P	100000
13Y1s3twDgfwJvEm8MAXLXHRPZxFDyww4A	100000
17uV1AkFL2p6MJhwaiRpZmea6K9gavKUXv	100000
bc1qshmjuny046f2zdul8lfqvz6llryqkg5x7yccgw	100000
1J36HSXSKNR58crk6avnMZXgc6Gu8uVUmM	100000
1CD22r95bVPCKYZ51iokmTDMMsMGz4r62	100000
bc1qldkckla2vdn9uldqrlk354tu4xfghvrtfm0euq	100000
3H561EBMAJpWsTy1KvFY5hX4giomZEnGcN	100000
13tnxMS2AMVqxw6bfppTQ5KZNz3G1uVz8G	100000
3DVa8sTXDxYHo5bfh2Qqm1hi1Z1SauBp8z	100000
15r7jK8wLMNAQt7WHg3R1zKmHTkEZLqtcb	100000
1A6hXdtqqigKJBcgCVgeJj5cYuvnHKRPMY	100000
bc1q75qh6mcsx8m8et7k73aq5h3nsktpdfxt4pxngu	100000
bc1qvyxhqp4jkz62txnjqze73csh4yuqu9lpn6thp555es9qledrns2suzgf9n	100000
1JjSgzPc3XthtMzKyEV1rWderoC53Q6zqw	100000
19ds556hmohHQuY1ByacqEgqeF7WewedCX	100000
1KvApXE5G68s9dSWaRHcrdCs2ix5MjbVAF	100000
13qMeGdm1tu7fKF9CxW8Nu4tu8Ap8Fxqps	100000
bc1qzyxf5daeus5h4zfujta72snmnqe2ws4ur83yg4	100000
1wjwTzkpcak2nqos2jNJ7xth7aZh15FF9	100000
1AwJJBehitH6U7mVs23q8jsNRDp8QshSVj	100000
bc1qww3edrvd6thqjgtn6yydm0f3f0d3v8f3tte8hy	100000
17DGEWAzTCyD1rA681zAGJdGnaZc9mS7iS	100000
bc1qjgae65e57e6nx00lt2l3vfy366dz978g4cfkk0	100000
1DEhfawd5Cm24uNADh3DWy9Jt15WQjAWyR	100000
bc1qj7sw74ngqmphxnkextd6hugzf6r6a85307pnm7	100000
3Hd7DtbzDA3Tj5adHmStgVwRkL1taMyWqs	100000
3DDZbcH98JnjuDCUgv2uPMniMrL16LfU6F	100000
31tSf7XGTJGJxNyP8XpiJzUNkS4hyMVnbj	100000
bc1q7sver0s6z8g6qdkgmavnt5cxlwsuzl5s4255zk	100000
bc1q08dw28u59eqq3xjgjkv98wp0r78dvhlqd0732gtgszrxv3qtfvnquacl5j	100000
3FaQFQcMkg2ajpFkgreiHP78VpVdY7Jg9w	100000
1CMTphHzMoSnqJad2HLeeQe2Y2N4SgTSFK	100000
3MKon5LZYAojHoiCFtbdx6StCxuAkN3YQ3	100000
1NkakRTQnPQdyNgerSusMVgSo9zPhJm9ut	100000
1F7RBk7rApkc1xVCMPMCgqaPFk9H5ncyEi	100000
bc1qcv790ledq7eukfrl36jv4fs79v2n35egurku0j	100000
1A3kg59NEmGtAffpeSYGKdfGsJ8S9aaX65	100000
bc1q58htpgu9yytemc5kzavr4w6njd08j64mmcwzn0	100000
1FYq1nRS9NMREwT8CMh8JfT4ZsA9TjuB8u	100000
bc1qkm63xm2m52xhxeaa6dhrhg2s22tymy37tkzta9	100000
bc1q0h50j4je304x3afmjhmfuc6nw4u43rpfz9297g	100000
1Fot4BUBVkfk6egiVeweLcL9jQHHgoxP9W	100000
bc1q5tp9yes6wr783zsfsjjh9dzk5agnwd4yuxvmau	100000
14SEMvbbYUmrXgW2Bb6hvrqhW5kymFo8dK	100000
bc1q3l8qca9pwd3d5uzk8a64m7y6gnkc2w9pc244z9	100000
1Q1UpoGE77haUez3Lw56hTv3wYGqrJQTJb	100000
1CccS7aw16h6FJp59jXPNRujgs5NKL74AS	100000
38E1kgo2AWGJiohyGVos3Vnt3SKLC3q564	100000
bc1q0kjxf9utrykuzug05t0knyp46hq3qcy57y2mqn	100000
1M7VcaSePRD2bhGQTMxChg6X3A5kJsNjwe	100000
166bDFyCD4b7Hyp23ZDuZrKq5JQLGLE4D3	100000
bc1q0se2hnfrypech80psy86x47ehpmyyd2m9xgqpg9gqgyn6q0kf8rq73tfqx	100000
3QV44MDAsq8qortBhyjN9kJeDy99e4aBX5	100000
1L5VrEjxh4Qx1PNJDjU1MK8edrQ2k6CZnW	100000
bc1q0mnh4pfd3wmrtysunyx7nyhpyq9wnfl4t2ref4	100000
bc1qza7uxmcydu6zdmt8dwud82xf4cs85encwd64he	100000
1KwWsusPki1fDqZKCjR4tjkF3L9YXuvsYA	100000
3D7shALD4SHgmUWb2KodKWFXadx6abtA7L	100000
1BW6AKMB27ZMQ3sPuKzQ71o3NYT8uVBCye	100000
1DXMg5Siqfi79qx1qaUQqMNyw8TptorQBH	100000
13wYzrYHWhVdQbguE6nGXjecoFtGm72Wq1	100000
1A3HTvSqkzKzqfJS7xaakZqfSAugXGyD2d	100000
3HFtfA3hy23uJ1RFtMqiotWFMuNQfqrFZh	100000
12rBSE1d2oujt99HEC3Zh2apW6qx9qwu3K	100000
15DYYMmZcGcAryWPo3wX4WD8x2RJ5yY3Pd	100000
1Ei4tcE7aZ3HAY65JK44MkhRqkiZYWoC7o	100000
bc1q68fw2hp2vm73m453fg3kcw87j2xjm8m0ry8vst	100000
3JCpwwr233STgiuMfsk5DDp1bX24dXbemJ	100000
bc1q3ncwnr2xe52l6l9dc8fx6etcjc6admkusm7ww4	100000
bc1qqz7lzdnazu56c9jz79vc2zcax4ary9epvlm6mn	100000
1ABbXWHeFdpEmV4KcVPeimBDHCNLk3dNL1	100000
36VBArZFMRzpat3cWkdDox6RgNHnAYdmNr	100000
133nsHLNLpVDUKhRDTGLQQZV2SZQVJ5VRP	100000
bc1qn6ve7fxkx3dlmvk0adetneg4awprjgwfhgyhaj	100000
bc1qduzyv5cfv9lwd0z3cvzxwmnpuqsu6q5k7z4ymg	100000
bc1qmh7tqkwu332nz0659c8yh7trz8usxdcte3n2py	100000
39Ba36GV2krY2Fm2why7Ur8Lc9u5Esan51	100000
1Exg9zdDro1gVLgzR3NNryPqyd1321VqpQ	100000
1Q2f74RuKQyKyDH1K5NLfNg7nt4dhXGUQY	100000
bc1qv4l95vn3sgy8vd6cmx0q26mnslm6wm9k48qk9t	100000
1DNpNRsLgSbXm9pMeuCKjDsE7yz84e6gSL	100000
1DEftgDFwRPdHjrQ1M78RHkN97qQR1iD3D	100000
1KTSqMR1VuWyk2w4RuWG4oDQc3emNV4h3E	100000
1Hk5WPNhuCBu7etARxUrpqfjpBV7bqBVG6	100000
1Gqt37XWtqWXZziQh6stDRYdRsE7YbyoHa	100000
39ds9SJFZqSTbbcCkseja7MTfXGVKwPW5v	100000
1jb53UfLDqL2edTSfuAiftJsUVczWhSom	100000
1H8oT39Rz6CSRpzmSiQ1qwzp7BaNbg7bAA	100000
1JLAiQL1r29sJviDucbfUyQHAohe5Chze9	100000
bc1ql0w67zlmumsfupjqnpyzcevey4myyj2xswz5vq	100000
bc1qkylsyahx7alr4m5j7v4xk5nr0s9tzpwjnsrrtm	100000
15U1cWRwg8qaZCRqZRnFa6WVURXTY734AH	100000
3AcSZQC4CpbDp6BWs86qxLjRHWycZDCCdm	100000
bc1qr903j8yfr7jkj4dvcswxv7hxkvpu6jmvzsuks9	100000
1Kk3o7ML9Khj6pJBmKqgg2TU8ojnyKjHCF	100000
37hGRFnt1j9PpntM2FEkDxw3xgECY78oY9	100000
1AnnDZKnKEok4CCcmsUCo3i5KtZrm6Hp5	100000
1DfN9Ad88vsgdvG16Sjby9aZmCh2biVpac	100000
15tUzN4BxpCSzkFhQr5njNgGJ3pGP5qJC9	100000
3GujtC3g7NbGdLabJvUpF9n3GPA6fb4ASL	100000
3MoPDNko5itrMFJXA8k81n2wfEvmboAajX	100000
3EAs7DyNaiTy1thhEv14kLRjGSQFNKXQUy	100000
17j7HzvWBKWZa5jEMQFpBQ6pdStgopjz5S	100000
bc1qr5c859xr98my4k72y934dcuz8jqlfh9k64ewfn	100000
372eA8VFX3praEXMBpLZ6A2786vdTyBP4w	100000
1FjeWGKXrsMTg1v8e9wPPPctv49LNH1JnG	100000
1MnJfoHZYb9VUpJqb8rBVDuKKfkvGvCUje	100000
17ATrfYicBoLdqTaUMt4fEkSRPiN2z7ckj	100000
1NohTUx3a18P2Xn6rYpJEfvm8E7fEHnLrg	100000
1N3RdLa851n9FbykneXrdnoZgC9t2VWfGt	100000
bc1qgs2cfrn4sxq2kawq84n6rncljxjrq0xlrhjcdq	100000
19yBNxWjmhpLFeiNv6D8iDRAjNGWJMX7Gv	100000
1AJSdyd3WthQxsTf54gu6StQzsb1m8VhXr	100000
1Bmt9qZqDA1dsALS5HEVfiraodpfNDoDrM	100000
1JJSGf2h4hZmqAZB6A8qahoUTcPTMYYCMt	100000
14he6iJSmm2WUcoPns9G7krrGZi7tkQtNM	100000
16JDjj9CzeHgyfzjNRdVC35MuCL7TMSAyH	100000
1Ct6rfLn8tkLgdoumjdMVWAQLPtzjptNKU	100000
bc1q2u7hg95833v64sla0mfrfa7qulw98fkgghtpty	100000
179sWLEJ7JePPtaM87HVBzYqasaFDWy9E9	100000
bc1qtac0gpjz24w9kwvr3ngtyfmnr4whcxhleazyxt	100000
1A2TXYCZ8nweypeFp1yNTrhSHrRKmwb1cg	100000
3FP1rxH1cm2E382rYMBmRK4oDH3BakiAuf	100000
1A7oYqGBN4rvsnyJTeUGeCYra4cLLtXP5b	100000
1PpmAH91ZHbNhwedfm8yXHyJgTiRCBYcej	100000
bc1qy2qlrtmtfr05fznaypqvajm0mh7jlca4nytngz	100000
1NrSdXxM2KveYxeCMG6ZaYraq2kQLmsgH5	100000
1KhnPyeSffYBJRkyos4TWy3wWF9u3zKGeP	100000
15UtUutUuZJUBsfuCKiJcn6c5oofdJ3mZS	100000
bc1qphh8qtedvup8mh6dj60tqgcdwq77hm9q2nc5cw	100000
1K9bDW7aJTpv2zaMyE9UXD826wZwRx8Amr	100000
3N5kHYcTzJxwG7kfqtLkYEnpwrDV42f8tF	100000
1FibL3NXwQCsz1Nz6QncXUgNFN3i6CoBtH	100000
1HAFNZwq1FFPtVRQuoh6anKHQ2eLic5hUP	100000
3K8tTUgqeyqTnnHV9KL9BmHs75sNvXAmrt	100000
bc1q95slz560kmg678hetnyduhxq6em42p8yug8zus	100000
1FQCitTrZgw7LqhzhbesscMbbRftYyhXZ3	100000
1Fwvj75NsNj3sEzX8NHeMFbLEfZbdThNYc	100000
1HTMHEEEs8bGFQ7fSXUQKDujh5nFjhnV8f	100000
1Je37fn2PWYnAD7DuKqXNC4tJSb43JNopU	100000
1EqaaqBMaNs3hSUZPcjkyhUJnyDhFykJjs	100000
bc1qlncprm83q028kwu4pkflwkr3x503lfe7dpwmnk	100000
142irAq2qExieNG8LACo95h6XLLeYKWv3T	100000
1Am3SYwiPN1eVSQVAUsfoxk3UkfGJDKiQt	100000
bc1qa6y5a6v33wswr4vn5ppxtny7fhzlhjsp2qnw7pj8jgd77l4lsqkswwcq7z	100000
bc1quhxusnhfhg5xuf8j42m3hz3ppx7rqyfnzqj6su	100000
1NqV3VsNfNNHUEBH1bBo1ixV43fXSNUyAZ	100000
3Q2GCK7F7SKXnP1GRTLim47wfnJABHqWAR	100000
31yM7HnfjM2GzEF3o3TBAawvBnv7KPQati	100000
1DFyqCwniiwf9gCQPhJhmv6SMWWhwA6tUW	100000
1EPxGCUpPnEPKjriLCf2A9DUk5kz1zwkN5	100000
3KaUam1r5SVsNia1E7gnkCe5vieB4bcVqJ	100000
143XMsLEn4ipERt9z9eotGuPEGPZsX64NF	100000
1AEWf8Yv4sXZ8xG4ouCUDKZVCrdgBeuEGS	100000
14U73j6PGVWTBVqQ43t9hzwJEWUUmayDsd	100000
3GVZdnpU4c9wipxayX75bz7s3dJaHLBwTg	100000
bc1q42ekuqwzeudgu97ee9rr8xc2cjcnhyph20pm2s	100000
19RJWrtBFMNR55u3KzFXx5mm1sLcnLdmHn	100000
bc1qdm825uthng38k6t9k3qgmwvdwhf7wsuq26m5xd	100000
1BYoRsGcSesWBYAhQHkqSr78YEN2sMvUbV	100000
1DDCiQNstvRLwUQPNXSKnQQhnA4Cgz76Cb	100000
1AUc9BBsJaPTPjSiagYoD6yRY6wUDj3vjY	100000
3DyxsP1M65SfFsMYkBshHKi6fNtDtfSmRP	100000
bc1qhk9af96vhfmgyedy2xch8mnvepldy0qcz8c6p9	100000
bc1qt2gacvyvhvgzd3xfcxl2zc7sgcdxyuh42w0hw3	100000
1KZJEAX2YD9CamQQPZtA5Wzcqj3sXhvKTo	100000
bc1qwnhqp6pdytpz4ms5u49ck2xnfjdeq963cu2nff	100000
bc1q93hnpvmlec3pj873mlveja8zew6ls3vrj40hd2	100000
bc1qzu327t49vlzv2clat02u6mlarr5m80jhmsdw4c	100000
bc1qcepmpv65fr3xvc0k6tkud9s75qafpmrc9xyl89	100000
bc1qv6e2l9du9jjytwttgh4sz39spq9sqzfmndj5tg	100000
1PdsJpf5bAG6QT7HVTXw5rikPDVeBFc5zK	100000
1KxXdyEqto6zYcMbcJNDP3dHpkimfxAtzo	100000
16zKLHo5BT5ALu1bis5JxfUDRDDbH2ocBk	100000
1DkFroK41Puhd57d6qB4Q5mieWCTR3HAbY	100000
bc1q8arg4t848dmzzdejhqfeeu6e36w3plyzmgz9mu	100000
1B7HzTanxmdr7RzFsGLZvwxHRc83p1C6Jz	100000
1LQJNNQJGYNqvyPKrbrhEyX4BzzDDaTn4m	100000
1KhsUKmCj1Uncskigdvmb5jvodnMB6HEEn	100000
bc1qnp2u2t7tkgrflvxveq55462epdrvj0y84vp5fe	100000
1GZ1VMRne5m9TgeNeowCc1MyQ1zLzqh2AS	100000
bc1qqtrcahkg5m77clxu2k3zzceyeeqc27fg39ns5m	100000
3Qn4CSG3i5JWR5WocGVrRaty4axBYtFrcK	100000
132pjVici7E1eDFNPvGnkU7hugEfqe3yEU	100000
1Cq8nJzLhsK9TRQHGX9ofPBD4WhBvkXkoU	100000
1LZUZ8fqnap7soAdsKLhL2Q8TsTqT27R3m	100000
3FjhmQtFvmynHRtFeV2ePzH3tQK8NKx6sv	100000
1HndyU8Qq98XYzeXmsxY3VT8ZthNVFfwyr	100000
1CCV2mPJdf647yDfY9Fc6RwzoZttGFEXJL	100000
1MNsjqmb3izfoSRmdwGhia3KwnaPFSTpSu	100000
16nSywVbnGSTcBx6vUgCSDpQXiscbox5oL	100000
3HEHhtKAzdWYvKYKn9rtstcJpkRyugN9K4	100000
1GsRShu4dfxQCeY3nuvNL2rvac5eAcuJW3	100000
1GghyANdPqDRzddsTcPrf9Kt2iJjqgertg	100000
3QYwtMEKVZHswW7jV12355p3V1av4Pe97e	100000
1EXThVn9vKAaUXCosMCUZKEvBVisan4PgH	100000
13Jb4pP3ni7QfEiMdtpNBdYagy84H7Kw47	100000
16c5iM97EzCzmiq9niSF9u4w9qXJmGtB3o	100000
3KJS1qpMBwXqCjijrpWq9z29693gFghgYh	100000
1McYXuep3ZSekeRzAwgZu1MyTz8NUoqMLQ	100000
1JDsawydbavCP2nUEXpND4uCXsxARQha4a	100000
1BBCKqEpLvwSybpRqqn2q65Sfg2dNX8MVa	100000
bc1q4p6rsrxetvkem2mnhklwv6c2fhutpx8tw04325	100000
1EwW65s9x12URp4mkWSxU8najMAonxyUNL	100000
15fj7HjoUiC3JcnjGzyMEv9NsxD1kyUwM6	100000
bc1q30wy5cf46ef23h929nxc2cta5h5s8zs85pzp6z	100000
14dcnMHZzFX3zu3CrcSfpYAHdEHDPHtRCB	100000
bc1q6pek0l6dk6k6r2nx0gp7sxaprqn0nsa3v7ds73	100000
16d8u1zzy4WWfFyk2BaWkWL4WS4xZkNBeu	100000
1HdjYYhtRAdxNbUaNtKtWt6kvWK4y9VHo6	100000
bc1qmex53lsnykyej4j2sx3u8y87p920mscv7y32z0ndar2tlj7gyk8qd5q5yw	100000
19J47o8WC95AxQiFNEG5FymxvcuXBYFiAL	100000
3CqUKvmJNcuefFx8TzABAhtKoqqjhemg9t	100000
1DSVDi6j9fNHS5zybdHAixa6Dj3b5PbCig	100000
bc1q8s4x59v26e37sdxyxtw6cxgjy6fcczz7vnm9vg	100000
1CjjT5Y1obgTHqid7YJpiYWMFQJo4WjHsX	100000
bc1qctzlv3pct0vyxhv4kv2el5zwz8kgam7fynm20e	100000
39JNai83sxhXpF7wNC8MucZ4EmLa5WfmoT	100000
bc1q8ccp0dg4mjt6s9zv86gz53qvdj686m2nua85uz	100000
15ARaDLfAzXh4xuU6fQWrwEbcsAevDmVfg	100000
14ojajVkUB294kKVdKFpuezMaFpeVfSb7C	100000
3Bv1RwuRCAMF2Wo5rs7vLioeWWcJmbJVqq	100000
357jXdn7UJnNp7mznc7L1oCRChM3gEGkWV	100000
33FzQqR8KDff9w8vYm7duDwwLkYRkGmmJk	100000
1J4BMwDbvgA6FV3paJUqGmTvUjvw2SHFrn	100000
1ELEkfAH5sCfin6uQdkEqRqagKoKBiz9YC	100000
bc1q7m2uqrcx0lsfmhdgtys6tpz89d8jyh4y8szp78	100000
1KMBvweKiAyussqoZZVTcGP4rboCvZFzyN	100000
1GCJhb3ZY755rmPP1zUzpVGX35UBHTY7Aq	100000
bc1qv6snglml7k202nu2t0gxkt4ju3nwf58hjdrxvc	100000
bc1qvl0wpy66tgfctxedf8msx5dsk4n5rx0r7cqy24	100000
1FnQJbDub5AWv4s8TzcLPy7LrLfCPfMcKd	100000
12c7fB6PyANJWxx3bb7JV5kbZSPEJBU71h	100000
1CsWnFN7MiBreRYGDgJRSWSNp2GrEH4m8W	100000
3BojREZ2UuAQMAErX7jtq55xuLq6qNR5yo	100000
17TspLyv5U8nQ3Uspjme4V9U4HGBEjZog4	100000
16yh9JvpeY1uXkqhVnqsTrqKPeaFnfK9PU	100000
bc1qssrshufud0cjlr87kcwymtksv8ndh53q5lr5r4yy970zmy2xhv2qntm973	100000
bc1qphuww6cydn6etvud08llt4n4n59d9zv672tfq3	100000
34NWmRtACMupVYrPP1E7tXxLWb5gcwPxPv	100000
15Q51PdsdFYsirpmt3KF3JQa6sfSAHWo4R	100000
3NwNYKejjSiBVujmY9Gw6KVcyMtQf2uifz	100000
14i6kyCTWq919fZhSj7sYanp3ic7zn5MhF	100000
14oEzh5tf1JKqjZCiZutv3aSCyQDBAnQp7	100000
bc1qvmygccgyxmjms69secl64a8x4q3wd7lhu9tevnu286vf5ygcczkq6w5wgs	100000
bc1qv7aj6egxcuh7zmmch9zsea6zcd44xvdet5kfz9	100000
1HXZRZ8dTGx18fkaYFgmBpEunM685RqzJs	100000
1MUgm3fitkfCm4khu3hz4Mwph7MhidN27U	100000
18DLaSdH5MDMWbjJ2qagx6AyK7XeDt3G7P	100000
1P817zhmNYtbHZ68mYSMxyrn3G9jPHnc9c	100000
bc1q83cl7g6mu0k4jcsh4wdkrf5gqq2xkxfu6mjalh	100000
1BuhaVNSN61ezFjrieDPTKkkv1TDQU4cCY	100000
1Q6m3YcykfTjMfFwCxPxmuC5ecn5vun6yp	100000
1G5vcFDwLE4JRaEgyj1DWCqpE4t53TQsD6	100000
1975sq4SBHzazNZfkfiGMgxD1TZSLwCqix	100000
1KguAHM569wZpsgwNvcgtquDBABbwRZTbC	100000
39ktNxJjZbigx42FGaLbQbxKG3BjMG2rkd	100000
18qHrP9nmpG1hSooJhjxWZHyaPcsxxGL1B	100000
1D6sCYpwxPoJ5XMmXpJMAupbC6DUSk3jd7	100000
3MwqcX63uEkUXhnn7EqW8QfyNJuq2ghYqc	100000
3BZn6Wer9H5avByENK4oh8k82AVMJGQVJC	100000
3CB7VL4WiUcyXFRAdjDRJDwzP56sa8kFu1	100000
bc1qp684ldzcgg70edcdvhakqgvhcqgnd2sau00054	100000
1EpkwkBXGXhPPSMu4xJRfHMHUeA9sJt922	100000
1J43byzKw1fETFvWDLGyu7Y9cM12otiz2R	100000
1Jkvwh9JyW4ePb19DkQUjfM3Q7aL6Tif9N	100000
13C1K9RKmEUcTXptJ62ig2mbmpLqkaRXKt	100000
1Gp7SgFRXgraYsxD79pjpWU8wSppWrQByi	100000
1PBg2pS5WSfSz7uZeVMpkqQHVqbW77jKSu	100000
17TS6bFDde5sHUBoLUb4CNG84h6GVN5gKQ	100000
1JheUpWkGHKN8sM9Lxc7sG2y1uACEPK9qb	100000
1CemWsCtkWcgA64hLJqjQVUKCRRJPVFo9q	100000
19Rm4QhdpsbXGghhMFdpaqnUgaxjS6EVJd	100000
bc1qy6mgvr0uju9jlureynyunsvwt25zdma2hpfpza	100000
1B1tUp7tSRf8ARY8SCN63x9SXfG82dAdbw	100000
1GYWTV9WfELVXwNvb1MNzcvHgPVcfZHUap	100000
1KXFqyuEVuiDPAAkX5KKmhKqrSQpfV4HqP	100000
bc1qkw0a3ul86mr2daekwm7s7y4urcdf7nay65k40c	100000
1EH5xFMZnJ6nzvqwDVQo4HdQQnChJgSpij	100000
13HCwVCh2fX5FbGsx36krpXJ9JkS8egweo	100000
1GX4Wrm7dwX2Q8ShXdHGYQxSDv8hzxFkyC	100000
bc1qp95yqald2944t7wfgu5m5gxxlrfmdk2l9v6sqc	100000
19yjyevafEduaDkKPU69ETczRZtUTZ5XC2	100000
bc1quc0r6uy5khq6zqstcelc3v3pusvefmqnncu3ev	100000
1NihMTSvCmJvFHFd6UGPjZzHHHLSZFQhd1	100000
1Bp7z3EPvfgZaCRLMJeWWNuReMTMYF9MNd	100000
bc1qx2luml6wtyjnwlla5kmyvm53xkch8v8gfjeukf	100000
bc1qnlfv6nd6j8wgdd0qk2g6qgd7gc9j9pf2ckf74g	100000
1ANNeY5juKmzREjNcpfDEU5pDP6BLHA91V	100000
1D3U52HB4sTMzp1Qd8zyb3963EMb1Zg7tN	100000
bc1qu6v69k5gfcuhvpsm9tu546v0revtlzl790ctk7a228ymspymzjtqw4dl94	100000
1AqiYNeWdvn3VLJD8WR4NTV6ETHoH6mUnW	100000
3Mq2jpJ3Sn9dCgVimRi4F4ZXdxVmCq7oM3	100000
33H3z9bq5NGxekKxPKQCCwRBdcVES3vTzg	100000
1yh6rdRDZeyM7m2EVxJpDavwRokBGDVKw	100000
165to4AdqBE5w3GJFakXXcNdbZZvvViR2Q	100000
19m4Eq3FvwawMyFARh7Vpt7GZ8e2kgtRzg	100000
15VVyjb5SKM5ydzvdJz3Hy8GH6eqebABVK	100000
3GQdvFdNpeuhzc2BgnkEjkmdEVV1EbSg9H	100000
bc1qwtg373ppjl7uwls9aa66gyyl3a0pfg8w8aes9u	100000
38hUHcehsE3RbuJsDpHWdV1uDgFVxGQS24	100000
13yPyYNNE6pS2JK2N3NaHenP4wD96bzXdB	100000
bc1q6fvv2ydhe5lvv92fefzujhtt85y042f8f2uffa	100000
3GUugADK1Z8yU649Dd6H2hns71YYRcvPw8	100000
bc1qe2psygfqxafjhu0vr40vk57dve49npugke22de	100000
1J9St2SSd1L1cQAeiY6Ft9M5u1dPw1Khhg	100000
14MoTMDreXAsmAiHQ58wAbV8sBqjHi3H1b	100000
3BMEXorHJqKUv27HXg8wjkccXWdNGBTJW9	100000
1F3bLXHk8ZujXeUV9UbFfUaqcaKMyvHhst	100000
3BMEXVLVKfg2TFGiEcMncVsUiG4BH4wKAe	100000
bc1qjjs0twdr90rjmu829athdt6lqrkne7cla28drp	100000
bc1q9vutadhlew7qk39ps0sqjx9flnysv4xu08a0sd	100000
1Gf1dk5duAJbSXkzwHj2YERxBmRk8sqqup	100000
1A9MmJ997RRWM4JYoGv3N3nVEchroC4svu	100000
18FPyhcWB6pRhmNAhTF7ForNFpq64BXEao	100000
bc1q0kth9myp3u9244ja00v5ucnpxkvqklg0j358dt	100000
15k8P2uDL6657sksbuwAtxbCmciSRLnz99	100000
bc1qg2af4gd66un2y8yuglreumlvdlulxq3g9qwphp	100000
1PCDFX11fow7nx8sTjFihMu4UdKDkec6MR	100000
17DPWEk4d3xhjaH5SLqWFcujFNBZiCPpGG	100000
3C9WfNpFYwaWJ1VukM3cK6j7iibuqKM3Lk	100000
1CdMgntw7vqo6zmV54Eoi1BioZ95iaFJAy	100000
14bmS8ygdyGBHoXWazGuJwP8zRjKfLaz89	100000
14dbBUPzwRi4GHhCCFbB2gRpfz5GaQFudD	100000
3DMBsKqPk5rgXQDLvxpg1wSGaCs4qzaJaZ	100000
bc1qcsvq78qzu7hnqvdkkq08t3aq49gx399mygk4c9	100000
3HcsvisFoZ43oYyC1j7jpqr3K3jSYHSWtp	100000
1EbbFck9YpTSKMyxQxShcaYwfzj362veB1	100000
1Dfag7dfzzHPTwLKDCw4J42jNGeYsSoDdy	100000
1LACBHnVpbjvQpJ2ChaFEj4sSkqstp6QeZ	100000
bc1qcatjd06ztswxhweug6d9whpu9agkqwml5vtpku	100000
1MtPsZ2CoZwtg5iwy8xPdLCJQGjwqRU7PQ	100000
39UzA9vTEh58fYdTjZpdyUSp7RuCKKdrbY	100000
12MSzxp3s9r2oDSVZZcFmqP997McPSE1VK	100000
bc1q0kr7c76vvk28zk69wtcs9xfhktsk24emk5zs45	100000
1EeYxxnnRsEoGEyrUrUEFi5Qmg2nqWs5kR	100000
3JmhK5c9U1kdryHX9cFXjwEXvCefyLkA68	100000
13YLr3mDXD7hXEWhJkFJyYz1B8u4SWKePH	100000
1FMJ43q5WQQrmMaFJs7Bn6M7ugHTuL5KjJ	100000
1A1S8GixX8j6yuy52Zs74PpyKeWmBj9FS	100000
1N2mbdsaR7rAJVK71go2nM9wFy5jjLxFGN	100000
3PVoufy5AdThJ3C6hfsbMEMUyNVN2vJp3z	100000
36ycLuMCWY1ahRqu8W4YNXe8hRYHeDDEcX	100000
1F1xCkoXCyTJNs2EqUmchCQTnnLfyUCTt1	100000
bc1qjkp4cjtc0s5wstnyckmp5xzp58vswzx9kjtpp0	100000
1FysgBV4vXrkQ32tasQVzFuVCqE4nJ2f8a	100000
39SKFLMMYtCYF5zSPjqFGniKKVZj1CtQTP	100000
3EYAzceCXxotNwb2x6XFvhrxJRNR61KuXJ	100000
3LGW5uiq9xd5bG6iA2fLm4EEZ2GWDQFW2B	100000
19aM3aJGfbyrpJnzuHDwSG5EzSL3W5o4dw	100000
1ALrsUtQuXechrjtcKsLHxPp65cTNyfnvJ	100000
3MUbAT95zHJmoF4NaQNmYH1KJJyDZ6CqwY	100000
bc1q92y6m74s86zlgmcxuwlzs55sj0tn5m2l2npe73	100000
1QGM5N8gotujk7NRXEo9pbcHjGHpFqTe3C	100000
bc1q84d6u3lecw48yvzfmp0w34p05nh8z6egjgar0v	100000
3Jy3gsjf2dECQHMo8fvnmkUjGK5in8DVLp	100000
1Ln3a1sHVDnuEp3zRjhU3VnLrPe8Nbv4sq	100000
19YCqVkE3jnn7oUQhQEqi2HWpRuarairbu	100000
bc1q2kaqlahw25qst6s22ru04uxkdnddwnp9dlpmyv	100000
bc1qz6eyxgnffvu53l6hujjnkl68qcsrpywk992xwz6e754pedrf2mtspya4ej	100000
1KgaNeJSXT7kBkRFYjM4eDVz8FCwREn42Z	100000
1PyFHeYnGYbvjhGMuYgru9YnRkQaoV1HLx	100000
bc1q0qzpghy99th3fjz6gpk5qpglzr5axfslt7wj3e	100000
12qomkLN6uvSxRPUAURmi2DqXVLAc5nbFJ	100000
3HFCNB91NrHSz3ZQj57bZatv3aWwXs9cvT	100000
bc1qfhhv9dhmt7vca5p03tt3j3gh0w6rd97s5ffs9e	100000
1FotyV6qLhabunLZCkSoNasxr5XrZK9XtT	100000
bc1q8dxmykqkqlfm5rct94fhdt7x4rn6aekmmavh0v	100000
bc1qdxr8fvaj65ze5edhszlq2c84ufyjhfpn39x2eu	100000
1JH1CdbWkC3CjNR581uQkmipSK4H37SioY	100000
1JUWT97WBVfcew6kn5vAZ17tQJB9kbW1jT	100000
bc1qcajww203rwf7vl0q3f34vdvy7gtg3fewdl9jv0	100000
1AHwwVXHuzXydwoK1auZWqLd8CQ1pgiMqf	100000
bc1que938kfv2jmcr6s5uudknwjuwqrrugk6awtefw	100000
14xGQvQRAUes5Md4DA143A6jAdWcwaYSez	100000
bc1qpq2l9jv3zdtcat95rvh2xd9c8zjlfkfhnde4eq	100000
1NwaRiH1pzsBXjgXABtAtf3vVRz6SnXEVP	100000
bc1qqfmkt926e6nxyx30ekj8jyg7fqj0re2vem83g5	100000
3MXf3tSdPidPWhpt76KkVBYrUK1ywSCach	100000
bc1qkev3yex2ln8hnfaad89dyj5jpggnrknvcd9jkp	100000
1LxN1LKJL1trF8hZu3wSMQnsR91FCXs6LF	100000
3GHUyKRvmweBMudeHRXrTZdqAGm6wz1i7n	100000
1PrTYqGeS3zaoohircj5MGZmryAg4AH4yc	100000
1MpeRL1jHPfh9AXTwjz6kS7vuZ3ziB9jT8	100000
1EomLbCrp2mW19rf2eCeDtzzCdBgD3fbcN	100000
38gta9c9SqZBhcjumvk3YS3sbPHmETiLYA	100000
bc1qs34kgc43cn2fsxvn5l6mrm9papvtmfu2ak4xhx	100000
bc1quccp5fru7uhtrkhrfwu35hzwntd0f6qsqxt6c0	100000
1ANY6FyuV36KgzHqsh2xLdSGrT4b7mcKqz	100000
3MZgJh5Ra5iR5NcyCai7vF3SroTXgG4KoP	100000
12vvZWw7FJ3mWYWQtf2dbQxtvBNG4LUZRk	100000
bc1q99cvuv7rh3ajkwgv6xr726a33vtaz3tmkfpjah	100000
1JdjUPQ63WyxQ3sajrRvzJ9oxwJNoi6hn7	100000
bc1q568l653qfy5p2n6dj2dj0jwcjxfl4qf2qavgq4	100000
39k7VjJfudksWJE7s3zdCfrW164syXzvzr	100000
1LP7XKCJ4kMXwxTZVBePX7f6EqvCYAw4C8	100000
1FJaBzs6kGBp94aFwSkg3eKpYZhwcRwd2z	100000
1Cc46yZ3285opDVtCtHqiGHAx3H27yWC9J	100000
1CZAZwZ9W8QpKJ8umUeV9a7dG8HN8chZop	100000
bc1qz6mdl5tcn5n0ejmja5nwqqy6h4atectzp8c076	100000
13DJoZNKazj5Tb8JfcviNGzrUg8pW61Bzm	100000
1NGBFrHNNh4DY2mfKNaq8zskqTe91NYhZX	100000
bc1qnhhtkxpn4chqusuxwkpka06qtrh3uw4fx9sjes	100000
1M7FUPPH93R5D5k4FvvMUzA4jNPr9EZdkg	100000
1KUQZN5LujayeZqHczR5FGhDUzpdCV3tzm	100000
1PksebSmpo36Q5xJznyKs1k4FVwMgLwZdL	100000
bc1qxk6smsah3rkagtqvuuu4xyppyuzgl39pxrt6m4	100000
1AKQk2t9wnoMJUCvHAXEaGPmJT9zP7KLsd	100000
1fAbmZRwbNVp1YajvkvaXHyTHjLx9A1b9	100000
1GRT8bmZfrCcKyD2hZjT92MQhJy99N8JNz	100000
bc1q9fkgfg2p0hp3kvcge4j20l08xzzkvzpg6zkjka	100000
138ad2zjKQjoAB1pbTXphsaEwfHHxv4TST	100000
1CP5oj8i5GFMrU4cXnqY1wtEcLDtToSgPb	100000
3J8oJxaFpribR9z1ETTV7GTG5oryac1WrH	100000
bc1qs08pcmw7v3cze2svhcgs6q8eg5e302f66a5mpl	100000
1Q7BcNZafDmXFtUxBy5JVRz2zS2LpWTFS4	100000
bc1qw57863ys4yjudtwnpztwuwl5y9qw2ha34af8el	100000
bc1qp80pfu7q8vvzt73t4lc0wk68xhdvc9st3wa5tc	100000
bc1qsrfcu53r2zqpfzes0z6x9g04ftl3n9nk9ymzxx	100000
bc1qtg8lckffxg0yun3ffg2jlr5t6e5rukhaup52xc	100000
bc1qpkd2ug5373qarncn9w5m8zz8wcypzwhe28s4e6	100000
12Ehch7Uz8NTaEeYZHhq8Zvce5zmG2gTmM	100000
1FchQVuUbERqBnVmVGyjLL9fc7JC5UfWrZ	100000
1PQYEP48RWEgtGHsP1tJyeCSjA5Z9hbb4V	100000
1PPZABujtTyki1dSS7UNg8s3XwwBrptFBF	100000
3EPnm3aeP3iWvJBwMxCiyjLmrpQTsvngF7	100000
1ARgJcCCYgBpiGRZ2yDhzjZer45hWcBEXK	100000
1QDXWmbgkAVYWthd8enwEREn98LYWzkSWD	100000
1Agdi5GsXqkZfJuwgB2WUKQmBgT3X1QBn6	100000
1FehwSCaKB8trD7r3s5oHxvc4GguPim2DT	100000
3Pyt5B95SVVNeL76fpzv7fJPUXuQ7nSEqX	100000
bc1q835xwfshmjtheh3v7gx0zfsygjjwku0ek7v2wf	100000
1ErsiThkrzSbur8nYSeUy82A18z9jDHcCj	100000
173eF3zk3VKNSB5D224f4hZNT6G7BLkJB8	100000
1Hx1whn3LJmxnViSrGiDt3EjNu8vb8gz11	100000
1PjJNuXD8XVmDo2pYoQDt4sRJ74FsRLVs7	100000
19Z4EvPZUheLq6VRD8eBpcj9X7kVspkk2w	100000
1DDsqcwbr93GWS5u8EhSGVApxt4XKRAxuR	100000
bc1qgenxsvcege5ndrx0n83pwx7t2vt34ghc26lmtt	100000
3G7yeD3xmgQ7YxCPU4usCEwwTN29vMRWQb	100000
bc1qj7cs3dgj5yred2ngemsnufgl765h9p3evryvuj	100000
bc1q6ahtf97wsxzljq9a7rmt62aqxp04q8w9vvujys	100000
1EsomLCoaDEyuMbcvyycizc7hVhEdh9mXd	100000
1NyPVPxcBzBfhCichdjJa2qsWfUNGbWzua	100000
bc1qa8gxj3uj7z0r0mkx2s6uh4uu7fa3d6gnu3k943	100000
bc1qrxxn0p2a8tyjm2hcpzrqu5xtmc273egjexw6uq	100000
12qSbfvTsH5GsJhyJMtDd16Y3Q1fai6uVm	100000
1AsLewYJJ1bJUE8qZno7VJ7PDDNCXr8Fh6	100000
1Bpdzk9aJdLWMA6mcRbumEbyg9H3KRet7m	100000
1CENLk6Ge3vXsCfsdgy7EPuwNsXT6skKT2	100000
13BukRhAgtMrCXnUhZ2Gd63o8U6RPVTYLF	100000
bc1qx379hptyve99p4czu6j9p89fmneg9xp7f224s5	100000
1JKW14Nv7ELPYKyfKo71eGyYweSQfad4V6	100000
1G24MpFQMpsaLUR3gT84Xin8JthJX92zT5	100000
bc1qz7vh4m7yxf09zr357ehcehqarqw28c7lpj9xqu	100000
16PA8fUuE9dbPAhmpatRicYUeXvEsFx2dE	100000
3G3sc2Nj8ZFvmHdQg2VURMTHvKujfa9Wyj	100000
bc1qxrj5lft7t3k95jnt9tx85m6vkzj0c5r84tfmlh	100000
149ekh82nmBqHRFMBhqKSSquz8EcbaE4Vi	100000
bc1q4ajuyvdzer9qzw8skalddnl62zpjkulqdlxxwr	100000
1KEgWgTyVPwGhfYEgXwc3KLtMgYSSCSQRf	100000
bc1qaut2ky8l39j0mrf4epqn502qe2r7satmm6prd4	100000
1DceK8bZxmseaxQYAfpvUFKQknQoPrXWYJ	100000
1HKrBqSaVd5LhvdXciuv6CKXK6s3CrgPFf	100000
1GuFcKvLThujMGFpaUeCsT2uJkjkw5PFov	100000
1NDuG1EVTT8VRWnzDH4Nvi2kstNYoqQNUB	100000
145oMgzYHxmb1hABzcqH3g9c4czri8ba1h	100000
bc1q9zplshva0320ax7unyklklrzrmq3f659252vla	100000
1LAeMDMR12Cqar1hqeSNYavjhho8zvPzNq	100000
1743MUe7SB2W1ii3fyFL5gWA57Npfvj23v	100000
1AT6rijAxbym4hKivGBNaCyJzzwJCf7nwp	100000
1C4GYEUn4UidmNqGf6A5fkYHsUq7qLZdFL	100000
bc1qdfgzh0fs760mynxgvg5vzcje652ndn0xl570v5	100000
bc1qc6g3qm564jpfmdkx03qnnc4kgcr5gwxgnm4sge	100000
1CXRFSG59DBwsoNDzt4BvxD5tLfF8YEQ4H	100000
1K7pXE3DvpWfcJ8Kxr7RUL8hrFP3pgn4nF	100000
13zHeHJmNh9DG7spwdMb9VYjjvMityfWad	100000
1Aad1wbKcJ3xnYgVMbNjTGkvhRFKTfGtef	100000
17MAeiuTSANyu4Dt95ESBmN8tzm8h82XtU	100000
154iC4KAxt7SspYmCwiVK9oWFLVsgQETVh	100000
31uuy1bUraX8tV9wgggrGXFVDUekxgW34m	100000
bc1q694wjnq4ak06xxzawg2atqy0z3tzqaj6upjupl	100000
1JoXKHceiNvbzGxBhL8PwwBVvEAFPUemjD	100000
1NDFxAdmQ97yX72Dqd273pTvRwvZ8r3HgL	100000
bc1qsreaayd4022x7zzwtlq9mdz0ddnaqrt9859fsw	100000
19NG2eq2mU2aWUGufCvXt9swPPGBRMjpEB	100000
bc1q0h6478wm0af2w7wjtuvdpxc85u4h5kc2rv64hn	100000
155RckkqtpYzmbHseH117jWtz1SuUrREaK	100000
1AxmP5fxG3M6qaxyr4mageweBaRJrvFJjp	100000
bc1qxukeu7vue2jtr8nd77qutxd6uxcnk4rgdfuev4	100000
1NemL3RmzNbaMkq4SJYWkeo1pooooUckZn	100000
bc1q6lg5ptftynq7erjhy59x3593v329yy7ee5jcq8	100000
1DMmvUPnc4h1gvvzYcxScDJGmqtTTfVRrx	100000
12aMmQ2Lrh9ukgWcRXh8KrbDmWJG65CXd7	100000
bc1qh5gmtn2p8r5xxr03epprfvp4ex7nj3qp7decj7	100000
1DqDJoaro9fgLDzYwp1kQS7xYTnMzJoMDc	100000
bc1qx5agda8jwdutc8k3zdm3mu0s5x4zf6argp3nnq	100000
12cYhYVxd1EVmNT3poHsfuoUpw2jPx5u1V	100000
1PE1Ym9pfjCsifb73gj6KA24y3qDSWrctp	100000
1PxqrZ1PvtPhVqPoNcxyEQVC7zxiANyYby	100000
3BDdkjJkgVLw42r4GEvErYSfpVHKiwHVuj	100000
1AjaBG7U5ehXcbnjBdYBpNdvthtXFvdqvn	100000
3Jhvcj6c8FegzhTTvqF8Zxyi9YQVDz2M5W	100000
39yb9QvyepvyggqRByb43cCPmsip1DW57n	100000
bc1que6dsu5txh8svn7us3st64nfsldgp2gcqu5a50	100000
18pqajcV1kzaTjJE99HX7beJ12xTVAdmjn	100000
18hFb2nAsxy4myaXT5GvqcsGC2Mc6abH43	100000
1D77jJctXgiHgA5fDd7LJYGdsgSVfWmh9f	100000
1Jj1hj6JNW4sNK9XhVghySEye5vWJc3g4R	100000
bc1qtpwc9uzumzx8kfn5rfxpy9am3gnccdtr5xfyjk	100000
1Q5CqEf6Bo1LiSsECNmiLDiX3Dx3MtH9ka	100000
bc1q4zx29jrqslsjtpujtvdmklpdfhj3srsydczusx	100000
13bVeWzTgTtppzbPzFYn4zYgp79oV7wTQs	100000
bc1q2crm959j3dxnct7jtp5g7jxtwwlllkw5fylkt3	100000
bc1q4zv65u8hskr2cjypjvz9snt0mv7q8l74l6utyn	100000
1Ls3BUEd5vcdrvtkfxz8oSpKdT3pUAnGP	100000
1MKQsKe3GtxzM47EEubKffYKG7qJ49rM12	100000
1EumhgR5eucGnyp1E1Xebaoj7FG1Vhrkba	100000
16kfWsB9TKugFCw56osTiYyUn7bZAvVpGX	100000
1JnFbAkASDoDdMnzW5m5rT6xtJ1cSKj963	100000
1J3nCYuU5FDhXomzVHrZCZYFzTRgGfkg5C	100000
12nwKWPujsDSnLSzh5qqTMBZY4qnBYVvZU	100000
141aUM59rNDD5FyudQ3Y6C4FzHjPTwch1D	100000
1FgfUfWEafXEUhL1GE9hUAHh6LcjRivLv3	100000
bc1qqa78ewy9nuvsvhd9m2a5nwqhwnfrf4hah5vjls	100000
3KmcYWDo6oi1TwyCN4jZMV5Uy83vs3Ey2a	100000
1Frd1PB3cafcZHrxnGwMYGKnsLDVV3DAwE	100000
1Jqi86UFcueS6GAYEUD2oeeyfJ7XmC92Jg	100000
bc1q3aan4x6x7lclezv82zxp5gkuhs3kfwa0ffnrel	100000
39LySG1AF2gj5pJbZjSKuJZnBJk4TSodf9	100000
165FJeECaJtGYWi36o4r8JqQibEJNa1bfP	100000
13dCvz4tEV1zjejmkhqD6U9Mu3oQ6ZAnb4	100000
18c93Ee2ffrRz9rccLW3DwmPSkVwKhcT7N	100000
1GCwZoF8AGxZcj8fJgRM5Wf1ChLr7pVyLb	100000
1peyiXrvKZVnMmTN32Qk7x8wRwf6q3c9P	100000
1EQ7tLs6CtTZ1Xs3ynCSXdURco3v8X4wSu	100000
bc1q9fz0r2j8vhu8pk0y4yk0cyqt29pjjupkmcdfq8	100000
1AQ6n6tq92pMmCUCo2B2jiK1s5Bfmq4DWx	100000
bc1quf9grnkp08qd6mlrtxkgzeusnzt6q9zmf6jw4p	100000
1NrKTE1apBL7VvEyJtDsvHWdYmkvCzeubG	100000
18VACpEPZSHe6hfxjsXNTshFUwq1Eo9RYh	100000
bc1qh3k8gw4qla4kr85pz298zg80lmne3rr5cp2320	100000
1HH6bp5wdUDZGf7cAk7Yz95LC5Z3Ydr2ks	100000
1CE8FqBK4H988iCDkdcuPqMcaQoLQPay9k	100000
1BSgQS6AWoz5Miu7m56NG52C8SCRmGP28b	100000
bc1qc9cvrsezkt6q34gzyfs5fvmzkx5gqjfk5t6qyx	100000
bc1qclaw5pm5u9nqyxqgcsm22zsv4qc9csrkj9w2mf	100000
1HvS2WtRYZsWbqyp5AwVtQh4hNSKgfKiXv	100000
15aqSo45L2nauFauYPjTYiA8bPaW7ZFwBp	100000
185gUHgGGv9HCDumvuDBsLS8BP7zpGy2DN	100000
1NveRUx7HXeEWFzSvFMsVcy9H1umPzTiBL	100000
12W9QkCF9J11to6jpJw14mddGECmW9K9WP	100000
1Pp7st4qTumXZmKA4trhbZ1SkBz9MRE9Br	100000
1PVUMEAWduTVjmWok2NwPqZQaGZeic4mSU	100000
18P7UereSQNRPRci821w55iJkp5UMurK6K	100000
1G5LS1xByDj11vwxKyXN81M8eUkMVFLu5n	100000
1BExRFBuc7qwBgryCsAJ4Gf45SQhxDAdYF	100000
127hTZv57t5NSMhCW7hy21qMT5gbSkuyk2	100000
12ihDKhnyayteRjvBBm8UzRU8rbHu2Pr6u	100000
1PVrDb9AJjuuPjcsGNrAvkCA979vkRWFrW	100000
bc1qwmeh8g3w90mq85avx2y0jxudcfyear95ztajlh	100000
15NJyXFTECbpqErcEgi7bPV7ou8LMYELK3	100000
1KyNznmDbdRFNgn4wa1Hz4cWFoHSpotqhd	100000
1K4gQGHeS2uadWQcDGcPEyiwPj36zDDnWw	100000
19X2gVmoobZCyc82LF9cTMzcayjajGkLZM	100000
1Ct3SUKkFM7jV6nzdnxPJsstCajGavnrSj	100000
1LP1T5VVWRX4sHrs59nxQWnPivB8642eLj	100000
1HvGu3g8aMpZcEUmhk1WgPKwveZit7e46o	100000
1B9ETTktXuMNjrxZdeCJwEqgBiQQR6GZPb	100000
bc1qtlw0kyz0fhlffmzgfgrkdtanyfp59q7ahmgkv7	100000
bc1qwhcxgtsu3hjlj4wucjpn3fdjw6j0d9n0tmnwt6	100000
bc1qkh2lhfwwuljulpjlvrekrc6g8t62pg880xx8jy	100000
14RmosUfrJ8vywr2dnLdQpagUSfZbVVpHV	100000
1LyexMxAyzUJFYLeEDbQwTfJhXcNMmvxTJ	100000
1EMfwT9vnsxjdbvpsv58HmKzB6chJo3RJD	100000
13qp6U4x9Z3HdmfsVTGZ3TaMTDArxjUNRR	100000
bc1qy8z9c7mwvthtvuyzpspy4fr425ywqh5p4nd6ka	100000
bc1qtcpmmhhvh7dp8faplsf69ncd2v0g6z7ypezl2t	100000
1V6T8MqPbx3CDrZNeaNSRBNSbzeVX1bmR	100000
17etvRHft2aWRasCg7HmXQV6bc7LQ8Qfh2	100000
19KtGgpzxw6fE54dtuxV21LFXkKAAAFEUA	100000
1AYVTCSxxJdKyxuEYFK9VpvWAHDUnDkLW1	100000
16Cf2BcCy1yLsEuGXmuEoAuQgTrcc5gEdh	100000
bc1qggk4uhgr3le08t40sh7vwrkaakjn4zwvwr7kv5	100000
bc1qufxnxpx45kxyt2pr2lxhfzf274gtv8c0x7pjwa	100000
3PeNNzEwNXBBcRWg5pQx33P4d8F3JVxjMj	100000
1FcDJ5nSTZFDR8P7nN6QZ5fAzpJzy248J4	100000
12hAJgPfPPJzn4qWpVSqXaXpZsELFFzhzE	100000
1N65HdL8XpvZeCN2xBubusNenS4dk19o1Y	100000
1NKHG6AE3wYrSTB7BzXRYczW6gX2JnZfEf	100000
bc1qsdm8lskmhyvtpg36hqs2x276fzs5zsnadm3wdq	100000
bc1qmdzc50f34fcaw2hyhvm97vsga2nk5f04geqsz2	100000
bc1pf6gllj24acvya3my57nm06fgqfnspj7vcsgvk0zvslgm0nae568q8v4v0g	100000
bc1qd4426j5al0m6h90f9cfcxqcepnavlmqr4p78dd	100000
1Bzkgw4bAHeg8MiW7nFasGRgeUcTaunwoq	100000
1B68PJ8KCyt3ZFukNEPxTUhyToQZAaujyR	100000
1L6SmvDTYdFLkM86LaWBTjdbykQ1E9s3PW	100000
bc1qwxkjmr685r5pqjl55za4t4naa8ehfgamfsrdcz	100000
1JrtwDEytm9Toa77NM79CmCpQ3Aa3BLneC	100000
1BxXvwZ9HbQipsMxqzZuDtaoSwAXqVSt1j	100000
3BMEXKhkhDhPs7jSSEEkm92kwETvEFFzWh	100000
1JcWndJMUvA65psGM1qtMLfSrMvCcfHXt8	100000
1NTozgzMYiQeJPV1Y8UdxyRLAeFSffzJso	100000
1CpsfoLJb6NkD5usU8dVYFHb8Wqi1H3nPQ	100000
1QAb9zR68R8mMyZhLiXuaNNDU8rBXmU7oG	100000
3DdLSGT7yxGJqLVnDLuETFQvDHvTPQteQ9	100000
3BMEXHLg69ZSYA8WYY4n4ZdiypUKfgw6Yi	100000
bc1q69zgt6lz7ya3cushz2fy2evhp3jycms2u4vdtq	100000
1ASCXdRaAJPBR8rdXUY7im8MKPAiPKAywQ	100000
bc1qxvju2w24ln3a50ftt4wz4ygnfnxld7dtjkvhsh	100000
1KkjihyZRK32U1sGNSaYUmJk6EUxZePUh1	100000
1MAWgD6vymQECR6wyLELa6nyPBJipCRQPv	100000
1P1RHNgDmJbeBHy9TsH9r7UzEdBvm9bufz	100000
164qU9h96YxzEeaZykpkE19qy1wAT1ukWD	100000
15FAhGj8nXnpYQiJUx14dnimiLfHcPpu9W	100000
1Nyr39S567tB8w4ytqc9g6uqynhZZUcEqf	100000
17mW62rahnoCU3J6t7qW8ZBjbqUmVEkjZD	100000
bc1q9ps62053sk8u0xfq4n00zll0jfsdx93ktl9qlp	100000
1CbdCNcEzsPrT3gGabWPyGusNrBvjZKd6z	100000
bc1qpweyr46rn8hj4kv5z96wlhrzwyw0gff0rkygn3	100000
bc1q3a4zkxwng4e6yts08wn2sfttgne57mkhw0lzs6	100000
1GBGGpcZdrsKK3b8pfm7RxpEcSLBhNtzck	100000
13UVApmX7pK4RsiHEViYWoGWvVrZMdZqwC	100000
1Dk2N1owGxvbppXt1vh3ydZeARbcwQPmqu	100000
1CYoWLgiUFSDWcG8vyyDjFa2MmVN6MYQEH	100000
37wFJQzvNcqmbxB6ZJUdgSQiBHFGshQBtV	100000
bc1qd0tsy6hfsd639r3j7kgcs265rqlrlsuw064jtt	100000
bc1qcnfwmgxjvlcaaywyw2e3dwx5mygacyjn9etwgg	100000
3Jq3ZxDcjYNY9fkxd95eGUqYUURD1SxEke	100000
bc1qwmrqnzu45wd7vmdscazxnxmdqnu2vnf0pdjpca	100000
3QbHmycEJKXa725iag6QCK5J3ZSkHoHos5	100000
1FexaokGzM1kMe1FEefdbjR3xQM7yGiVwo	100000
1JGc7dt7JXgLY4AFvFZjxPb5hgDBrfDD9D	100000
13s1GNpGXVvTuWDA8JzaGQ9awG5wxccLW9	100000
17neoECMjFJovyFNMToXqWNgpC3pZuoiox	100000
15wGJB9zfUwSRpRv5LTgc9tME6duAsimiw	100000
1ER26PE2dFg1C7rEymb55S6kQC9okj82NL	100000
bc1qd0rmkfqwn6a7k64p85lavvc0lw5p595cfa0ca324e9f4p7mwupmq7w93fr	100000
368LsZ2q9tzXgRBr4GY9EDyNMjDsLWUPDy	100000
bc1qf02tqzp9g7fgajp2z0mvs6uatw404ppyz0addk	100000
bc1qxuywyyvdpsc52f9mxv4c25jl8sgx0lk05ha9px	100000
13wRGJ9VAacSBD7xXvbjykC9kgYqBa9cfc	100000
3LnVFAYQiJYNEvHTNNV2HRhNtCKRoJ7HKE	100000
bc1qeju3mdneddvzzplgv82hyptj5083ugyzgylnf2	100000
bc1q8f0k5atzjqvhe6xheqqwga3klx3p3vlqzjd2t0k5z8c4qvgy7l4sapq7kp	100000
1MCQksd5FknQ3vKroPYQAXt4dQWdHPgzLF	100000
1BpwFpNQ4UispuSwMriFg3GPYDwGgYG3Sm	100000
13D25i9397EQvkKoZx2neLJE9ofhp1bfEt	100000
12vGJsuUNQbTukCbysnxtfoMycCxXuPHJU	100000
1A8Wwh2mXgduRVscs5kix78vuZ1Ljjk5P9	100000
bc1q4mtmh37lrtwg4srurcachldsqrnmuljtc8f7cu	100000
1KwZNsCDzmXgJLpt5WU17hfc1fvbFqAKRB	100000
bc1q3hhav7t7fjy4y7wtsqrwpcdvuh2lxm78n0tq76urz8u7gcff920qfe4jud	100000
38x2V86ssjAVfxNVZJ7PL7AogwbLfAJkJ2	100000
18GKt2uFN4aDfcBEgaxAi7LmbSbersB6Q5	100000
3BSv8rUVtifobvkaD3t6AxcVJM9XSzMBAD	100000
3FSe87n8JpJDRYQg1LhuqsTD3UXJfCdNcg	100000
1BN53qtTWdYA865VbJcok5hb4DtqJWYVjC	100000
3BMEXVQVJDwbG6km4kXqUr5VGtKyyZuxZJ	100000
1BLHcNFaud2M9w81CwwXBYj8tZ4tatuYZZ	100000
bc1qlz0gjn8yt020cfp8y33at258mlg38l40dxd7zn	100000
bc1q58qfj7kfn6hxxrzu5vxvak3mz7jyg4qsp2a9t7	100000
1CsTLKbQ7ikV1vZoddqXNVr17me3NBNAH4	100000
13Nvz5tgJ3Aw7YfJq27N4qAvc9eNXa8s4u	100000
15zD8diAwnxfdzPYc7Dc4xC59cQzTomVPC	100000
bc1qkufh84ypqfvunzyea75wcnz4n7unw2sgp9l5h9	100000
3GTa7tHHtQyGQbmtdBVa9H7ZL48u6DQS7n	100000
15MADmwcANCKvJnMCSiVJGXR3YCLMygt8i	100000
1Cj5nsEtmPaLEMK6zqUeHAtJSmsFCHvrEd	100000
1DqEa6ggux1ZbRm4f6wJZ37kSVYYvy5Tpb	100000
1A5WyMNHWhk6kz1YwwvMgmPRcG7YyBXC7q	100000
3Na8qJCfSbFesURYqvnd9ZWKjaqVtv2s2m	100000
13jYHNQX7i9eK6KhonZNRcUCVZoYG53i5J	100000
12BMXeMGeZ5HuTbbSx9TSpkpzvHFWbaxYr	100000
1HWdKoU9EXYL7xDGymtYzXpUTaK6M1sH86	100000
3KBGT5YXC1Joh5caBTJd15nfsenmAiXseJ	100000
1KnTBWYdjY3fa9KEejenQj5RJ44yyJTY6r	100000
bc1qvvl43afuz3zk9gcs80nn5200szqyczkwextyh6lnxr7twtrr5hcsewjkw5	100000
1DZw9fJiJ4eGevgsyUgk2vHHU3qUPkEE7k	100000
12iqqhC1tnyUkSLZRAkDZEknsNp8XBMEvJ	100000
17tUD2cJak2T4PjQJALJMxdsuQcHDde9CV	100000
1Bryg58kwgoaibcEGq5D35GQ5Yqu9WmP9f	100000
bc1qdenqe3hh86ss8nxzh83v0ku4ua33ndtuxrgwv2	100000
bc1q0lm0pn92h9lk8fq0m8vssa5dfjmlpmrlj2ccw0	100000
3HEoBHCxQQKvc2YteV9TwW4uHrTcwohVfD	100000
1JG3b4EqbsjTSCRh1EPWASS2m8Cp2uGB4v	100000
1EgTuV38A3F33hhddfRnyBfjCK8634iNse	100000
bc1q47pggv9xnwwpntpk9e6njaugt5lsjj3xxk7a64	100000
bc1qurw5v33mqjsv7hgmg3e8ume6t8agn4nyfx3aa5	100000
bc1q0rrltmcpnrzdehmywxcktndujh4k53kjv3sm2c	100000
14d2XKxvaTSGWoLfK5SsqZsCKXsV8pv5CY	100000
12R3KnkSxLruwL8RSBWZaBtgZoGHojEoPp	100000
195mJrA3FGaUSbYh1HFLDGEVEQojZHQXKB	100000
bc1qf8ftp53jv8hhrw2j97x7g7vp9kzhfzkqavtc08	100000
1MZSGLSHtvXRdYx9cBPLXFgN7GXPUM3bA7	100000
18PHor8NLmpBEZYcs722XaqUfDyXnoiCHg	100000
3MxEU5cBUyRefNZo3Z1s2atJaH3BgyQMsB	100000
12mRSgWv2JNy3e9TvxXoMYC8t8vnooboiT	100000
1New8UwRhbsYWBorr2TjJcFK2pH19NCaBk	100000
bc1qmvdqge4470dpc7rtar4w29t4eaz2n8p5ywdy9j	100000
bc1q846nxd294x7plfqzmpwqack34jwd5fpp8auc2v	100000
3JWBmDupjeG1739WTF8nKZPtdkYzrt4TA1	100000
14qxMCxStDq5eABPUSMAyho2aaxjU1i7gG	100000
18tPys1AVf6Ff9o2wqCbTM7sG1MpS6LZ7f	100000
bc1qepvufg859yl6ac5e0tmra2qtyxdmr038dkr9zs	100000
bc1qp774czx6vgldgdzlp7604z0nfsg3xy2zgllpwcd5k6zkuuxchw3sq7eftx	100000
1GDE4DgisG7HE1FYHnzrGsVz8vm939Qm7d	100000
1BZpuqczj3TmXKveMrVd74BwYKa9bAQRnD	100000
1M9JxjaLvcH93pu5npmP2LvupdHdAjA4rR	100000
3E1FS2kpc2hqtvfrPooQmNdUQ4FRJ3TdDY	100000
1KtpV6vYoGh5urrEeu2Zi2vNYYQAxxp7nE	100000
bc1qc93wyd8s7c86nl364l83qz5fsxaq5520076qcn	100000
3MWq5LTRMeszCuB29BCV79pyd1q2Ccspaz	100000
bc1qltu93nmpch45dgu0uk5we05pqc27j6a6v889e8	100000
bc1qexe7r577v5shnnh7hxzcl3hlhncjk2ae539th4	100000
1KAhcyz7ELNC2VoyaegN182Gzev9Y4EmJL	100000
1MYpdjJwgw3HTNbva1cmMYhk4vF4YTGQZQ	100000
bc1qkt303f5wz75hh369re4tm60eu7u2zrjzrzazy7	100000
15yk2qocuSb6gr5rw2gZBRNpD73Q5MmDwn	100000
1G1zFd4h8aUF43Q4Yb9U8Wm3rdSrYHFxJm	100000
38DNRjiTzt1dqGvYA97a15wdqTiJxYbfho	100000
bc1q0nrqlduxvp8dhk5k6def0qzgmgrkyv9t97n8qx8qd9aj7k59gy2skhz4xc	100000
bc1q0me949ptetk695gqhm8yzy6pgc8fw08gkp02vx	100000
bc1qe6u0ctug0zkcqk8l8kdzu4t39dvs27ea0nqgdp	100000
bc1qv6c4ggldazu0jyl2jhyuw026twar79xyaj33yh	100000
3FnnGr39bxeoqwNzxiG4YdoMFS2qyikWXo	100000
3DRRHRzKcJcG4wzthUsaqUKbX326Zu9bLn	100000
bc1qynxcx4gjyspuxcyl03kp0evnx5wmhqyngf0va9	100000
18yGNy5hJyPY2HsP7tKWnJQNy1xAxJ1hoy	100000
bc1qnz3xf9ppfyjs2u7sy6dc50l4rmes7vk0wwku7u	100000
39N6B5yopSytcRdHzSaWn6k7QmCNcAsDxM	100000
19dYcrc497jXFU3bGHVP1dSLxaPBypPKoS	100000
bc1qtkudshj2ygune7m54e9le536aaq8jgmkd45vnl	100000
bc1qflg0wl5r4syehx338tuu6cwlt6da8z5x4fukn4fq6xf7h53ja2zs436ef8	100000
1QAZRGq9ndbRFzMWaPyyunZBsz6HfRRijf	100000
bc1qdut9r88n695wrw0l8w6mzyg85mr22zn9ema2kq	100000
1MapVNb32QPQUvcvXVf3yXuxPmq7fn14HN	100000
1B7KjiPkWdBFHPgBpQQjKgPi7oBu3SkTqg	100000
1HrJzVANUhmUnrmzK8fmp5CPL4hCguUbgs	100000
1BSVnzksBhLXpq9TiNVuKnfAEA1UtoQzij	100000
1ChDK2Npv2dKDxyLdXxePhg8EuKr6mDmXj	100000
bc1q089dsust2fjha9ej7jqkmv9825vgacmnlth3jprsh9f8uznr8c9sf6p38v	100000
17HxYRe1yWGWGvNLbZMTr7qLVDwi4hAwUH	100000
1KPM6br57gw4jhuzfk8YJFbAk8vBUJWifF	100000
3EXhKUdrbX9H5wgXVJtVJG7mzQKBciv7wa	100000
38KSyzMgQqJQB9JPDHrDoW9wefaSQiUoZj	100000
bc1q4uyzckph6fakzsdr5dersxhemgmuuwkvj6ge53	100000
38CTaTjZBNu7Gzb9vvUW1yDrU3TPnqRFe5	100000
18jcwM5eKYDKK8nY9vmF9CujN9LGmpgdqE	100000
bc1q2r2aysfyt8cyxk33rnmywe434pknta4e2lrez9	100000
12GFvKNDpYRUDts4X6bJ3TMtqbhYvTZfkN	100000
1Kkydt13cuxHmsRaNXuoeUsxVt9foqU71M	100000
1LzcW816z7VTiMnjf1cuU3S8VT8THdDxsR	100000
12zNnCtZ2i7puSSdNNu868fn2sfcWjYUfX	100000
3JEvF4oSitVMRyUp4ivPjNs6wLFPJkbens	100000
19zYdePCDcZKP9x8feZS2tTABGjP7gJmv4	100000
16uEeW4TcfRg7gwh13Cz8i9CQvwg1Z3nxE	100000
bc1q8n25mj375mcjlwpsr3zhf6tgtxucwu96ycqsds	100000
19mAap9xoAAMmJ67syGkqdLiw9HL1nQKDf	100000
1FJUkNou9aH18NLPK1cS1AB8XLzZBqoen4	100000
bc1qk5myacc0w6aycnj07ev435t545jjpkde2qmhrp	100000
39gjoqR3QLFC99KnMoqCH9jaMsqhocNmF9	100000
15ABYV3o64JFCchVZePP3B4tZKJT3DaeVZ	100000
bc1qp0jh5rz0tyt3kl22djwu5wr2kgmp9xaz6cwdsg2hqzn4l4nn8xnsaucpyj	100000
1BetNCAAsMMBgdxvxmd6xRJeeVoWBL85em	100000
1Fxnt53AsebiTHFNioyDhHhapBBDWy4zY	100000
13Kh9jJ7q5yZUKRg7bfrv1BHKDG2Z58qfG	100000
1K22W1crrZ8tTpC6YAha8bCQAXJabUyX9N	100000
15o8cZyfwHgaTbw5dQTq18EcLELp9PN1vH	100000
bc1qx0mcheeas8ewna4guzhgqhjqefx49tspsj8wpt	100000
1JishU42ikTrFdon7gwa5a3QdpWZcayBrK	100000
1JzEsoZrqkNGN8yDYTVT2oTuB8bA3yxBqJ	100000
1JaQjF4J4Wnyw9QCa8DqFZrmCAmhQBzcYf	100000
bc1q0lkdu9nvrxn0pkgjdd3p343k7qa2lz2zt3er0g2zzf2q3vgc53hs8r20mm	100000
bc1qjesuxl9eqcxpcrm6hmh9lrdmktn829dl2lwzks	100000
bc1qcu42cyvzjs7d2p7as4k4tg0w7r4625kdj6a5pm	100000
bc1qacxydmch4le4rx8gu9q6drw5rmm3gxepne9gqg	100000
37ty1cSCBQdfEuK4CYnkKqvrNZY7my1N6s	100000
1JV2oSLeFCozPHN2kyuJYBhnsqeCT3fTHJ	100000
1EGyzhPhtRTFaJqFnNHKgs6PCdLzpLreXB	100000
35zjKCfNTygoXXC9exdRTm2t4wNZpVDqfM	100000
16z3uHH98KieMXQYcQcqJbmcBwnPuP3dDh	100000
3FoqGbXirB1E1wimDifYR6tmNUjtYxay3T	100000
1ATNj8SD3fnrqfqq71jDhJRP5GwdD6TQum	100000
1HR3WkhvqLD4mKK3LP4Vnted3bvHyCVeYm	100000
1LqWK5DUrU3HxnJDbH1UWBLneQWuiHZ8Ur	100000
1FME9p4CNbJDkmTodX5hkqF5fwBGbtrry1	100000
1GLsseEf4ZTXR7ppjUtsSxnuBJsrVaR4mP	100000
1LM2nFHEqvtPLk52UP9XZKTKZhUhgP7Lww	100000
1BTxSmxJHywcXXjXSPj3w5N7PMfugFtzJk	100000
1AuwtBoqAc1hrCJCH9NEYjo4fDBNhy8sjy	100000
bc1qvxxmsx54p8pgyphdwpvszmqxc3twc6lg8289v7	100000
1kLgntLgr7uunpK6tmGPhspQAH2ofmDUu	100000
bc1ql4m4ym4jycdqqexanf57ehzdgwcuje0wfdx4ex	100000
16Vt9TsZzGifXTSiSdLwBNDUhu9Muyt2Qt	100000
113DokpyhhfYvGqGXJLj4pG8wtWE1DkUfB	100000
1PqStgkNtNwz4YEzqTbxYLfJJgotcb9upT	100000
1KJ8c3E4XdvxPBnhm7FpAkCoXkrgYn3Ppq	100000
1Ax4Ks93WTwwNr5Wi777JH6AfmGSjw2rHd	100000
1L5Rbk3nBezq1kW1Zaam2WGUHrd7fYBdQ1	100000
1kKoiQkDZ8quwApdw6iDyJWCXyN4f3jVt	100000
bc1qcah66hapxnxmlr54fhdg9jvypehjzzhtvchu56	100000
17YX1q2gwZgsHYMqiFKdLgcCY6hYN9MbQ2	100000
15h14B3FbVXEX4rUDnAixLmdSTA3yx6BPU	100000
bc1qu4qhrmpp6vl4qk2ccwp6cagptsl0rpz6hz0lel	100000
13vfmG82Xchbn3rut6mM7zGXhW2WqYasU5	100000
1NCzWfsTGEACkufNJaZnWQ8mgeFrxPEpyd	100000
bc1qkwjsaw225wuhdukms7rstk8t3ecdrnh8k6gm2k	100000
3BMEX7ejZSVicTacaSmuapHV6FWCkQ6tnb	100000
1LWo35eMFB56tYx2hh641qgishYkoMqiVa	100000
bc1q22xtelvv3ld2wjxgcgvnj6r762ee6vusqk379m	100000
1NaZj6kfLYKEDh8wgFB8J8CE7mBMnhtHQx	100000
19EjxLsX3gFRZGtTVPsxm5MLNTFqv8WmXG	100000
1EF1kp9VqyDKRAQZ4mrNvdWMkL6j21gJ1a	100000
1fAKumkCSNadc6YcZD8JH3znCgAhPZN18	100000
31vK99U9PfTbgMfakFF75KvyKohbAmuNZJ	100000
bc1qtrt3eazxa8pvclpnvhlqz9vyzaes48wqx3yfw3	100000
1MULo883X4WzxrycifpyxwpyiUURUQHUMW	100000
bc1qy5nchvy7uuedtezv9mpxd32atrg33lwhd2f4fe	100000
1EgiwPhZ9UFJiPAnVGSskr1RtCz9aQFT5D	100000
1CEfo5LhXJbD7n8qUEFroAhon5UryzVBW8	100000
13dK9PnQDUJgussy3hoX4VtTbqdnTAQKNM	100000
1N1xhA4czBbvmzwaBZghijkiEEPKAeYULq	100000
16E5cDCFsJJtX4czgpH1u62TsXsW2Ejgxi	100000
1PwEVvdVXYdhhAfoMHvsv5oXwQWRbTuyEi	100000
bc1q9wruzupfn047aqanqw4ujxc88c8t5y6we654u9	100000
18TPvFb8frmMcpADsB5Nxa3c2o1Ds2VzoF	100000
19nWhv6WzJVYGSgRf8e1747QAQDnkypxNy	100000
1K9uCqxce96jS6MVTimDKt1Vd8C2sXpBB9	100000
bc1qzpyac8pm8w2rsu4gjhtuwqadupssmujtdma68k	100000
1GVP79HF7FEbSxcjtPttGogZ1fp941hGz8	100000
bc1q5eqqu2k6h6palew7xrcfc90dgehjfrwejf4cnc	100000
bc1qvmg52mdmm8ll4e0p6sgh7lwd3wfg6k9n5qd60d	100000
16wnfqcMTDerbu7kX2aWDPwr8wmjn7fHdW	100000
12TV6AwqPrT75QcTtAVPFwppJonS3xFDxm	100000
19pQWLPTFbWanZNFys6kJ38ZdxDkNtYQV	100000
12bWiikgNddpsHgzRmgD7KuKDTQKGxGPiP	100000
1AWxCpY1we158DPCA5uYDSzGtgmUcKrzct	100000
1L3mwVPtQGGr1uzLqR6d93T1pANJvmDjW1	100000
39SHY2trv4hkUuf4SAuhp7euwGAwk9waRQ	100000
1Mm8B8Ly7b1nodbYcunSUqYTEQLpjk31v3	100000
1HNVuk5Lw8oVjSPC5zNvtkhVqLv57pGeaQ	100000
1K4S4Bbv769XpYDkj2uxa8qQEoHtmSa5YW	100000
39Q1ZDgQ9XvNkMyS5CGhAN8nRpkQqyojTE	100000
bc1qtqy364q306hpdd776zczt8zdhyf4rvtzgp6en5	100000
16XHXRBTKoAGo8RcTxaL6vXiS4T4SHoq8R	100000
1Dsp1axieQ6zeojjR2dRpZtZJpc5sJVLH1	100000
bc1qck3ccku3de4hvgr25txs8pl65rzd5qfvq2y7nz	100000
1LgWGjGrTu5ybK9utgvuP9ciM2EJ1eUeKn	100000
148aJeX5vyMxteMAi6QpyyqqBxr6b7HEi7	100000
bc1qhu9vyfqaaye07s8fvhu49zxpycld9vzwj820fv	100000
1Mioi7qvrfGZGPQvGF3SEmFMRYaMf4r5C	100000
1PMSC3jGL5qMGt6rCqYp3ucnT26Qa1bavr	100000
1LCqeWS87HXhaEtLDLrajuWto36NCFzu7n	100000
16ETaqhX4vRNywuP6oanRMecq9TyVNk2jt	100000
bc1q0vluanva02l8w4hlp6k3xasgfay5jnd0lm46rw	100000
3GDDbDjLdvBmJX1bUQvtcufrRVUAzYzEVM	100000
1LLngFu567mZVPss7w9QoT6yhvYtX8LSRp	100000
1KFETKKTMAxcV2M6UNKUjvQVLWWzq31twW	100000
bc1q77jjyz9xa5dfe72evxnhezycucf98q9n7puezn	100000
1AngeSRgntgaTgYCezGRZsQzeaXJQGarRp	100000
1PEQRgNRbe6wXfqb2fZoGhTLaVq2mkn1J	100000
18D1muwPHDUzd7EY2mrjcrLyXxNzqDE1Ja	100000
14kipavbcSBgTcVD99VZcGJQRxsKJsif1j	100000
bc1qv88f2j3pt88cy8uh627uvatvjzfdgjk5h77nf2	100000
1BHcDKjkt3KBBTF9yd5nGH9dx4KqoXRadp	100000
14y7PmnwHKr4n92pFBeWkevt1jP2Jse2M1	100000
1572z78tUVrcaT5WxJG73Zzp3CesVs92rn	100000
1KutdFj9o3V19fBBUDUUWFXcVpypxwYsGC	100000
19E4rewjvLBkZ5U6SMG4s24Zwnz31toskB	100000
14HvTFyXAXLCyx14FKPVexgne7gvCJz8KF	100000
36zLqovPkkxioNCXYm3sLgqrjmBZUmxdBQ	100000
1Affh42Y7vjRoBaf4KJjmja4mEV3x51Sp8	100000
1Ho9pevZFj375ds7iBUxhNctYRn71akD4c	100000
1NhLUYWVi5oFYqn9PZyn8LiDC4KToSUdZK	100000
1GvNBq2BX6mQc9jAnFf6FG9ehDvCx7hHj7	100000
129LwTuTjFHyASV5zk6J4S2giQBCt8fHRf	100000
1HsGZGHQyDwXamXhZW6i25uGzJFdzjvZt1	100000
12tg8hjAgDNkor6FjiGERg8snQUrS9D8z8	100000
1AcjrrN3TP6AHW8bXCr6d11foFqAxG6GMf	100000
1PFdmMAs2ZaEBjwZEB5CCmUycUY4aKEcgQ	100000
13FmrSHbd7PJ93SMn2csgjzXbEpQxj3y35	100000
bc1qkuyhhlp90pat844t72u5ghy0m5gyqf6hpg7qnx	100000
16xzK44A6y1ZD3gPPoEmjx8u7zwsTpiS61	100000
bc1qg4k5u049cq70kq9lr89eeml3s9gra6g4rmk0rm	100000
13AoEnZcuSYsZ7ZL9mCD22DtYGZDVrkxqw	100000
125ehbpcvPMYtdrLtAJufe2vTxgN61vz5q	100000
1PZNjBoJbVPQnRVWQGma3yCA7j52F37rAf	100000
1MGgzcqn23o5x13wrwVXdEzPpFeqfaj7vP	100000
1K3z95PZ45tYkkyirvwKeWsRZDqUtRoNFA	100000
1Hax3NofNAXm5kXguETLLn3CfrjhcaMEn7	100000
15WD3a7cBMd89cinSjzyNzRDLvYvvCwuLG	100000
1UAis1DPpyMDGzzPyvfQc9iB6N69TZFvU	100000
15ZrNcYFDignuQYEFemzUvgqsmL2z31Rbz	100000
bc1qy64cx2j05m842hp9a8u7cmvktxrdn4yvn8w4sj	100000
bc1qyvr55dctdcupx8d2nsln0q3ezznyelwnq2k4x8	100000
1MGRn5x7JkpmN3LkWQf5BFkTCa6weC1tNG	100000
37DayKmsjQvsnJDyvjPQKdGVXphuxKePxB	100000
1ArYs5Vu3VnYLdyfsDTz5aipKiaxn6c6yC	100000
1Ebz6EzavySCRT8C8SLRFddegoEamyYjBF	100000
1CjvohHcp3o7qUs2t2kFVJNHyD9aafvUSq	100000
1KnE5Mj8zg37nn7HrAWFmCeYnCwfxFz9aj	100000
1AF8orfQEq7zsTEYsrDYV5EqwJ7oMP9Yvw	100000
bc1qktdq274erl3sw3v3pnfr6ttgqq502y6wgj90vh	100000
1FqKcYrbsVrpvdac3AnFK2ZhJGpQKP7C8o	100000
1PrFPMvs88SDt92SKPvzPrRxAJ3NzKopoG	100000
1LDDkzUgMFNsHL2QKDtSze46CguR7j5JEb	100000
bc1qt3jjpudnunkzn6g5gw3lwv5t9d5ctfjtu2g5fc	100000
1BQadLEJitZyQUxrHwTdNMMvh2xtVdy9ha	100000
1CSRyqvjsaa5zmaWdVUJTrdNfQBM7aWuKy	100000
1BBcVAFGBdjPJRiFKhMM7rMuFxhME9XUYu	100000
bc1qwfjvelpkhn27mkrp6zl408u9q64r0hhdsqh85z	100000
19eGTeQdc2ovKddNm5qNpCsJ4fSCFkYNhG	100000
bc1qkrq4qmdt7ruxd2tcwec788xau8q4q5558weum6	100000
1272i5xu3n5SyMxA3U8e8XKWyzVreg9RNz	100000
1ETD1YaaPfg4SpnrUctUKfoqUYxQCBHueD	100000
1Q88DH1CokD71uGCd1wYfw9aME9m3HrnuH	100000
1M9fmvg7xLKUupZvanyy713m1M3vLywp9J	100000
bc1qukdm85fzsx82k7tenyqswdws5kz36sx0hc8c4g	100000
1Lrgeb9k9bBKqvNTurxyddyugbNKUkfCxv	100000
3KoBWwCRfa78gdXU8yZMnjq622Cr3JePJG	100000
1MuS9Bc9aiWzbexVZKAcgvT7PG6bSiVRmc	100000
1GwLjyYR4iZhF3fKB7M12gYmrULUoLCPFf	100000
12VUvERkXhEScCJAEBCggKvxWcFCgshuyF	100000
1Ani7CsMmdXDXrRAhwtqapdpXumeW3oYdS	100000
1HdXzfVmUHmDf6cAubHKzegavTGh1WQ3WE	100000
358dACpeoNdTrjcdkD2jx8oHdcE2xQB15i	100000
bc1qkznvg9w5dxujelht4dlf9yalga8hqpkzzhcnat	100000
15TN4SxDaAWkxUYqSmHXyikbvQbr9V7Yhv	100000
bc1q4605xfnrks0y2qff0u9wjtcpamzg5u7yc9lz79	100000
1WAaysQ1U3goefahoCDBtz5deqAFwbS8o	100000
3BMEX9Db91rUJA7vE2juK3qhinhZ3AXJSi	100000
15AdonUUmXvvg2qhBQ2rrX1Z2SL19Wsu9H	100000
1Jh5nSCmLvy19XL1TVsKsmFHzQgSo2m8qU	100000
bc1qhg043m83y7gj63qhvmqtk7ymnya0klur57kq73uz4wk3zcvgtr0suejjw5	100000
34co2QWYTmPTcXnTbC8vuiLssabTMph8FU	100000
bc1qu9jv8a9ga0xjsr7y3tewrqcj7rj2alu7gprjvn	100000
bc1qgcfnw4zvwdek5f3jqxj69zmguddm5g5yu3eztv	100000
32wbfBUon76BPsk3voQYJrd9Dmy638U3yP	100000
1BQ5wSa7MnBpaXdisCMxom5WVVh6UnW4wz	100000
1HXufCkDHHLxEakoXmgHHr1VMVTbHYp9Pz	100000
15Pak6EnnBNAYEHB9ndb6FareXcvYvN4Cy	100000
1DfJzaAb3tL4nZanwb1VNUianndENy661U	100000
bc1q3hk33hsd4p8v78l05kgvxe0nra7k9hgrwssxe9	100000
1AJkd9buiDFtzqXmdFggziRVqo49xxdHtL	100000
13SAYnDqw6Rx7xuKiWYv7eof378Ue78qWd	100000
15Mqgjfky1hindUbsbFYwpzfdZwAVtZvXV	100000
1Dq3jma4BuzK4wsA77yGs4BpSepkypGLui	100000
1DeerABwnTLxGnSY2dgQL7F7MTmMk7Z6KT	100000
bc1q87ju6qcgtd5zgh7t6rs8vr8rpxmk8l29f4g3xj	100000
bc1qn72gsvs8f5twrlsz3ctfxll3y2ky2kpf2msn0m	100000
1DUB1axW4z4vkTnyahCh6XuocEy7DNesxw	100000
bc1qs6gjd4vwsrv7sx5nqguc77hh3qek0vwqd076k6	100000
13UrwFZL7JfjdzrWWkWkADASYoDbMi1HC2	100000
bc1qckq8pw8p7uq9nnfe6t57s4hvf5cxtz9e9vzg42	100000
1A9CaM2xaU9kocFHW5UzPBEfDdKm59RhYJ	100000
bc1qrkau83axw4gu8hrlrh9wsn5pd9auuz9e65q4jk	100000
1Kd36ybRn2UkA6k1ZQbcSChUHSFEqf244n	100000
1Mzgk2AyJTGfMfFftW9SUXEufs2hPGzpLE	100000
1Lx6fNtievtYEpH9cGjTmNXsF8DZ2AzK22	100000
19p2ZASHNJG1RxUJ5vJovY8auk2qauPRg6	100000
18PMxd6hibbXHLmMAgCbxqH5be2ftZdu9P	100000
1KL1sBmzSoAKjTaw54a8afa7AULbaHxKfu	100000
1E7tSedRJiYf81Gx5PsiBxSzjsoqnAgRrq	100000
bc1q9269lyw0tst5hnh26lf0jxkphefhq99nzrv3tx	100000
3KbQoZxLjv73ZsKwir7uJCWVNUBhVSVWDG	100000
bc1qz83c8gqzd7ldd6n7jv7ldkyj2gq5y4g3085qz3	100000
39z8whQetJfuTxXXi84w75wxcYAbwUSzCb	100000
37Ey9G4D2Rq3qKbKGzvRUbEjGZ3iLKN8q9	100000
1Kf7jgpyyKZSkBNcdoQLnTrPYH4R1PJs4E	100000
1Jokaar1NLLkVYUMmc741exu4omQ9riMLW	100000
bc1q5x8fpkn7ps5ce86ep86wzxcw4ef3hzvuvlseuq	100000
18GKy5SKxQvD8jTgbGmC4GmcqtVPS8QTQ2	100000
bc1q8ltvc35kqc6kas9sjk6df8arqm24738ys2ayjq	100000
1JFEtgFYEkipWJMfrr7Znoxh9eNN1eE9k1	100000
3MhHzF46egPGEFHr7srsvS9NuTYXfmi4wa	100000
34KJ6pb1LbBTwthiqCuWF1ceRfDzHT93FT	100000
1GHopcAsjJAq3uavjLdQR7m6zRyrfNDvk4	100000
1BWkLiAVfBxGnmqqAcCBD6dBEnfT3xAgrc	100000
1QE3D1BzTgnqjhPunPadjtrxrLSuxu2ogq	100000
19eUpUrNJNnJevCV7LtavYYebBBEciees4	100000
3BMEX8WxKGZSt1MLvtjmDHE1zwhfrwBJL7	100000
bc1q74tpx5agmz6yl08rc7xfyzvkt9eejg5dap689j	100000
3Qzw3RDTtynYUmjb6wiogxEUaxHGiZMdu5	100000
bc1qtmruf5qx6vc97caqcrdznj5aa3yn9tckwjfsy5	100000
1EVuPdoJJ26nSy9b45DC8gdtGbKqqXjzYx	100000
bc1q7mt03csdwlju00sgel662xxwpjrmewqrt3x4hk	100000
bc1qgfpl32heysh3secr9ctw8xardem4ed7w9kv49u	100000
bc1q0daqutzhhd8rttnmf3m5lptjwmlwpty3x22aml	100000
3AVniKUxtZF2HWawyXsNMXgp3n6iCedW4a	100000
bc1qhz8hupppa8l9v0hxggma52v34dknjjt24y2zeq	100000
13t2uTKqCrWQgbjZdL2byXs3DPnCchzKoi	100000
bc1q8wp6ja5ddlu4x5jw7dr03ymj722xqfuslh262s	100000
3NxYfwkKofcYdgrtN4bDdigZ2CErq4Le3s	100000
1Fi4Z56qh8xeUkTSJuN3AC1vauMrtNYyu5	100000
17rKJM9nsKt4xhrEK5MvcpiEPjtREHGYy7	100000
1Ep9QMyxsaLdxCsppSgEFsHmRDYrBMsavA	100000
17854iuWVijTCs1TDsxYXsWf2gQTunDJ64	100000
16xgD77ZEzZCbmRPGaKsUhfBTytEQkCeyb	100000
bc1qdjqvvye5vx86yffu3dfxjeefwfsxlyg3wf2q7w	100000
1F7k1eVjnY2noVEkEYNCDajDLjsq183wG3	100000
bc1q2qd9xjx6660fpryqary04pw66lscmc3j9d96tz	100000
3HJUroU2ijWWsTz8ZWVv1UUG1pr6pbAJ1u	100000
189UuEqC7FvFmQCLZ49dSULqdYjN51PXSr	100000
1EtKxQux5GMfRKevJ2mfUgGBQVnBCXeFi4	100000
bc1q7e0anv97lzg00rzhfpxe30mwhr75ddqw546e4f	100000
3MG8kEEdZbZSzNGfbj5iURuH9da7fSrUPV	100000
19iuWpRsqkN8dvS4rDduk5w3Cp9rLTqbWt	100000
15gzd7YQSm3v2hM5ndXQJ5t4YH7ZWsM8Rt	100000
16KYwEGAmwVf4NwV6sa1fkNgCHyQAL3zMZ	100000
bc1q5vdmvjmtwav7pk0gu6lzw6ys08rxce6d5uhrm5	100000
1CvD3f6A9Burx3bz1AnqYfzPeJ8hGeP4G5	100000
18TYfFxPB6mPqJ6rGaiKKf7gQGXdr8P6Tz	100000
1PF84VGRyhNCzDantwnEi7MHshWEojGzap	100000
3Em9AS75sGYhYR3KXr8A3zYQxGphaqDWuB	100000
1CHhEm3rgxaRGrgbCvhh9hYLNXYPyJK4wQ	100000
16YBGwdWZ4nAte8ioae2nPuEi7WUmWZfHg	100000
1Da5mqfXd8WuJiMhnEfA7WvHttw8eTBPt	100000
bc1qqr3mwrgrkk8rlczjmen5nstcm0hcfuurl6e7xz	100000
1Gfms25jX6Y1RtcxyguNXoZyXfdMdRSEFT	100000
1BbkJafwtEZqj4KkMXK1oquZs6CAC3XiGR	100000
bc1qp2778srztmf6hd4aqtfqr3fayk36w6r84ucctz	100000
bc1qarn6r37e2wslw2vukf734vk46wx2qzed774jpp	100000
1JSkC8mJ53sScQQFDYfAtRoRLdywjiSNf9	100000
16UFhYsD389BHi3CWZ6XZ3tDuNNjtV5Qvv	100000
bc1qlpu9ttyxm5mq90qskz34wzm4mmk4chjjc64wgj	100000
37wza6Cj8DDxjc7wDS3ySiVb84sU4xoDHK	100000
3BHAK1CXopGAYxZpCE3ybwMi3LrttKB2XX	100000
1M3YXvD2jMo7P3QqCziPfL4rd51doM8oos	100000
17zdX6AyTzLrQG5yM89iZ55h5iagbwxrpk	100000
1PCmiuvMjcdZBdHWxDsFheTbrN7JyphhLx	100000
1BAkF41kBhXL9BHQHtjUNEJLYnxZNyYEGE	100000
13p4KQcLMg8pFHgx65M6i9PvHhNQiWESJJ	100000
bc1q08lkg8aeelv2mkgrcnk00xh9yzrhy0fjx4ze98	100000
13pW6wB8nsdvS3RmCstZhuTukF2Xtvmi7n	100000
bc1qz3c0juvdcc3wq4exkduxqmn4t8fv0fm7rlwd9t	100000
1By9Ug7rDiqk2x56kJviZtYMVMZvXrrxxq	100000
19v6qx8b1CXcjkeanChFgZ4ymRLHa9bWvj	100000
1CEHibiuFrdZZ1wrMiS9snMAsp7nW8sg1p	100000
17Z6uPUQvbYYUZVPRDqVYEqC7RceJPSUYm	100000
19ZVKD8hteL9ib8oKYkjiZWGuVuz96zQu	100000
bc1qatagjzy4vxktmtqp33gfn3fcyceulhyacuypcq	100000
1CYbgNsJmAwv2K6ok1RMcCjkCMooYwzmxs	100000
1H8feXVdAUPrq2rx6JeWWUv3LoWqypSNZX	100000
bc1qxjykwtf7qhe3s5m0vlgcz0tp85t3mmrdp8m00rl2ryq9ney774xqa5r2qs	100000
15tmBPMQwMzBZ5xtEHxwQHWYnj9FHZy5vJ	100000
bc1qd6khmvaz5ufnddxd4g0ua79l7pflzjp6dhf3f2	100000
bc1qdf3unte5wegcn0hsh7zy655gydnm3afr368svd	100000
1Miu1UvwQvr9uepgD2r7yaN3Q6KBH7L8S3	100000
1Ew8hGizJY8xNzRXb6dDRsqsvm3Fzsmu7J	100000
bc1q6aesdx2fktenxv22f5x3062ewptywpk5nlurdh	100000
18mBntBrNETDbkmUNuwBS2AnMqnafVyLWb	100000
bc1q2w7yzlww0zn2l066ha543nxnn829yyyqj0ncme	100000
bc1qh00g32w46lln6yn95qufyvcc0mszslw884343c	100000
17sKedC9WnFrzTPVTVyed3qMusP7YNJLnW	100000
1NaoGP57PqLRy5jrukNvHTSgeYux8iDpWZ	100000
3Ahp33FbbhrRjkDDaod48u2WDZY7WX1C6Y	100000
19FYVarkyfnhko2p6PaoJjV7Ncm6Sx5CS2	100000
37caqMaXM5HAZTRRLa49zspUBFQzYP7KyB	100000
1KTBZRnrz2Q4rZbD2Scink4uiJEeEwihqe	100000
3FBMo4PXFUPByaJgudX7RM2sFDxizvyrbH	100000
36eK4KZnWo81aKz3cVvignHSQBmA9V6wGA	100000
1Fw2UCq1uU5jNRZFscJd2onrQ9uxFDpkAg	100000
3GMp6qSu61MfpXXczRngpbarLcDZAGFLyX	100000
bc1qhuxgkzttwk08yhh4eevdtszzkf2saaqjlsp8u0	100000
14iEVPHRUCXUy5rAHsmNrZSXWy8Ns14NjH	100000
1BUWwkN1AoxufbuS9jpsEXCc6J2kubmpYZ	100000
15y5uPfzF7jpwXeNLCiiTM1Zgu57Q6ZTCx	100000
13KSpzcHuHmhDsw8GTzvXEJtckQcGTrEKz	100000
1DA2yreuEPyW7T6BQL1sBbuE51fRiVcn6o	100000
bc1qhn694qpv6rgaurm8vlfj4qfwec0ds9syvvy8qw	100000
3McdyMcN7bowEKT6MBU8YsyWoSa4xF3e3t	100000
1EEoTfe5HqjggtjaCtVCc7KWod7qvcHZnF	100000
bc1qcwjgkphfdgrvdj9q6jjn9stkwcucjze6kfulmc	100000
1DP9QX6GW5Rjmae5yZhD9uymCksNL6ozwB	100000
bc1q74chprg2sn672rjnj4dmctvueulc8ch37e8ecf	100000
1KZv3414tr2Me2bZao47YSppkcckJUwV5h	100000
bc1q4e6ts3q8857tlkgu9ah5fq80y5m7tqgd6v4f2q	100000
1EaDYENuz1fQifqXuZLfu9sUMYwWeyBQbp	100000
1QLKEXNdxXR5RwRPHNZFcf7SH1x8kaucH4	100000
3FX29t87TASxMhSk5sVdMVUAS9eTxzVXuH	100000
1EWVtHtCw7BuLNcnmfYiMNLvb7WsXgXa4y	100000
bc1qucrsqq0w2fm95ln3rz4gdy6ck3n0kcmzgnfrf6	100000
17RzSxKtYa4wHAmYVN8UtwFuBMEjbMYBxo	100000
1YrgAR1nNXUHVET1BNMPNZbjuVe4KEMP8	100000
bc1qx384tudxgrqhdn6clcc4jscrsv804w8u8z25jj	100000
1Mrohi1Ki7mHkgH7zcpjMz5r6A3Ad65a1h	100000
1AJZ3RiPFNuhRvzBAKGHxutMzmuoMiXwGi	100000
16T5G9irK7aSoAbzen7xNx84GRKLR2T7HV	100000
1BrCeShCxZgZaaSvLaJWuD9kkKjotm216Q	100000
1GF6yhubsx2dFmSNjmCQpp2xYotvTHx5VS	100000
1CtQZ9AsgpzvmoUJcuc9C9aRH5UJmWA6Wb	100000
12i8Yc3gwAymhgKCqWYrpot6Ayntxa1fQq	100000
13AhW1QHEhdhq13yNM1k3U5BKWbYD8NwRS	100000
1LAL54YA3svJmK5p4QEKfbT9zUNpFS75j3	100000
1K4hAmDd367x5P8jj2cmujf64WStfpMeQn	100000
145sLfKYPy5E1W4Qp4EiFg5nKFqsCK8oR5	100000
13jaz4CZ8rJtJaPddKwFfDYBKF7Z6R2XJs	100000
bc1qgnqlq4ek7mvgggt29ne2s4xhsljdkwseqdsnnw	100000
1PvJc9oEiWwGWZqMUidDqoPjsBaf1CHkuB	100000
3BMEX5gX8BcpJwcf6nLsYwYDpaMNQ1QLjU	100000
15TRNdVX2dCuTExdDTY2EtPY8WtuCXueX8	100000
3QiV3FURJhntym4EhHpiTHmUg5uhvBfpFm	100000
1BPbaR2ibihFoogquBg6ryBrNsg6jVC1YF	100000
153Ri1HX9ZCGn5M8HcRGbBYrtTrYJU3bnZ	100000
1PQr52nyYq9PMKpdHRWGTai8EdAY5PF6eN	100000
1pqQkVha7p49VEZGK1hQV4UDJcTaprP9x	100000
14DE2xT3jHQTRi45mXr4QbXyVEcdAi2z4V	100000
1GGn6cNz1v9h9Eh5WgGAWq33HbcXMGpmLe	100000
bc1qy5a24m3ahs6wf0fvj5at7ykxg83wefult5fvhs	100000
3BMEX5xGiNUw5VoNDg4eR2ygBPajfeV6aW	100000
12yBi9Nf4cesBidXejKdGuxU6pWSMiy9Fk	100000
bc1qaweps69amlhd7g2sqhvzjh3h986pnvx5djge8h	100000
1HtPqfXm9QnWYkBX3uYbpQCydjtVxj5zbz	100000
3GQZutZkbby53KwZx3ZW1uAJxegKxSgAXk	100000
1B5PKTpKPYFzzyH4YDhQmSxzRFesvaa33K	100000
1JcnhRsf4N693wituusjAhnLsMZpKeZSsd	100000
1E6bUuSNgGshum4gGGU4YVawYkUWM9o1DD	100000
1mSng47GCN8B7gU6GuysvgP4ojaoKfZc3	100000
1HxogK6k1i4SQP5TrAQXuj2ML1KNeQEXK7	100000
1PNQgD4vhAg1fW4JeHY7E1GFevPeyscHcu	100000
1CTWbfzuBEhFXvxTkSEBko6C7nRHJSSo5s	100000
1CoxbGMEzRMbAdWX8DadBAgagZTq1p8PKT	100000
bc1qep2sfy3l9w2k62cm2wmgv3myny3ucsgcg3l8st	100000
1BugfaDq7W7nmcTUoZK82X2D2CjRwme7oC	100000
1FxM2aYPhV25KjswdvhsgyPEEyi8P35pVn	100000
1BHgpZxKYj1aKHJ49EfngxaLH2ss4ncs5x	100000
19XKMEc2aVfskxLiP2Qay21gUGiCyy3qCq	100000
1HEWPkwDF19AXZjEFYWuLEnr4XjeoQFhBy	100000
bc1q35v84thydndpkcmexkgg5q02rwfpc6gf24lrgp	100000
112PuPcUjdKS5z2SW2rP378Qr5Z3SS67Cc	100000
bc1q5e66mn7wmxcgnmykst242hx5sa358zhz9twj0n	100000
17YMqfG5TJY874M77DVLEx6B1q3ciH9WGj	100000
1B8Qr5BmhYoWq5Pt1jMEJ6sLrv3KzJSZQ6	100000
bc1qn5ah2k8x89cpc0rcmjq2xjyfmfl280cxgwtex0	100000
bc1qhrdma4qk6nx9k3ev35xl8anpaknz4khf3w8kyv	100000
bc1ql2xscfpw6mt2p4fenf6ezukswsk7e3sz3dchh9	100000
1L4cMup2BTg6K5NYDZW6uAfpdGiDP5ErFx	100000
1Aiuury9D7u3fwjwnNZDrpUmHx75ZQdssu	100000
144eURknMw3iC63GFTCJ6pGxUqFBWiwaXM	100000
15iqjUKHDSeakW9A26v2c2xLmcEBprjQ3y	100000
bc1qwx3f804esv3pudrww5wr7kkalrf44njj74fvl5	100000
13UaAYB7eSbtM8GhGMiEf3QvsiAD5DUBMk	100000
1B1pS7RKCD9yxZeVwZ27nr94cEgUncuDRr	100000
bc1q3e8d9pdsm25akqv3mhxm438z2vsk6gt9e5fd73	100000
12wQz3MxpbmBDbS7JySVVXC5b7hGEQq4Zr	100000
bc1qx46guy0sj0t8czvmve7dd0q75ackrt0dpa6zu5	100000
13Hybk71FFaak7fGfy8vWU5qCs7UCNzR8x	100000
bc1qkzu9c3g8ln24uujt4afcecud96tdl9z9cvfw9rtawmatkzxht3xsa28n04	100000
bc1qg7ruxs6fhrwqthgnt48r6ut0zypctnamk9adq5	100000
bc1q05sp8tw4c5rxaws8jup4qg3fv8zpx546ahhjpg	100000
bc1qdvhktsqj5pyl25h7fj6ns84ke50dlq9ve4rdly	100000
17pYNsgAfUARAaAszgG54e9uLN4k5RngTP	100000
3CG9AUwinXitdf2zqSMqtoWfuWmAFRAiA6	100000
13aUvZSY4QVZhVPLuyWYqwjPJ4b5c7HWHF	100000
13CSAQZb5UfpsmbaRWDv3wKCrzhFGczhKP	100000
1PMcCcRKC2TZmY1r4mSRjtZi8ocWavKkcd	100000
1PmBAxDtNua2t5Lj2ZNSxFEQV65TNmYUzn	100000
1J3htkPKyiPvu7XrcJHjR6PLAMxFnf2prW	100000
3MfMY9V9rZUEWwduR5YZMdHr7dVzA7BJqL	100000
12SJeomQGaPpzjQsuwzmxdDD1MtS8CkLu6	100000
1JQhkZeioGZ8X5oQrg13dqPSay7i4tjSXP	100000
1Hsy4FXh56edgk7hNE1wfDaUUgePGbaGTE	100000
1J6KNnJW99ZFaJiyg7nXkKijap43pTBsws	100000
1ra21FqYh441qCKz3w7gsKem1gXL5BN2x	100000
bc1qa4czq0gx26szwwnz4x6kwpxa0xp5aw6npdgsjg	100000
bc1qxm3rypg99um77rwj07t740fdrrqhcm4zq3wmmf	100000
bc1qrk35ec5wvpgwkr2cyzr0e65rucn0d48a3f4gkq	100000
1LXfPstnSArs1xwD2kFmLJkdi29GEaXzHp	100000
1FeGbmyz7FT3MLckomcrN3cL6iMARGKvUo	100000
3DsU897epz39Bz3KTx7TopYGY8BhhReAEc	100000
bc1ql0p945d4laxujxvvfpn9ry9tpevc27g28rf9vv	100000
1iTDQA2NKuFW7k9gRcL1bNoqPePGtK6qZ	100000
bc1qw2mrxfmrrdlfc9te55s3fwjeu9xtanqnc97kt4	100000
1PZsdrAPP7TrkYrZsgfFwWLkY2MNj6qNGw	100000
bc1qqktre4m4y3m435clxwk787xsezgahlwjzmgu7l	100000
3HKpZWjqSm7z171PrSB2S3S526zTT2kuJr	100000
18MWXv5mqYvbrbrGYWKucQkUE6ywMPZwsA	100000
3LgUht5po71JvD5Td3bRAF1Vww6rxyVK1y	100000
bc1q3jmqpndkkdgs340u0deqglmqc9yz4ancy25hwj	100000
bc1qz6p6kz0xmat7vnsn6tcw0g3qn0v4v7x6s57lfg	100000
15m2uB12gi5y5bnVPruDz9zUPb4ijUWqDi	100000
1M7hcCp6JFXLbfN6Pg1gYqP4jApiJckqgo	100000
1PxTV5tWmgANavz5XY9qfLWER6nHvU5WxT	100000
bc1qqqfl0m74l74nc8cp806tztnkzv2t2apt3m3fkq	100000
18udnTfz4whQbN7pSnRnMikT2dTYSxSMjD	100000
36FTF9T2223pRtYCXb38br9zRdBpGEZTcn	100000
3FXGRubdkHJVMBQgBXrBmeawtAYttwrrz4	100000
bc1qzj9mpaaxryx9cmc7864etwswk006yarr3zussr	100000
1G5LojUbPJfBRoJDRQfPybnmFg7CwrWoei	100000
18sHRWnUxnhtGy8jiBMYkKHd5tb878nY86	100000
35efuQf7eLNAjqrkp9DAWxXnUHGdyy9ho5	100000
bc1qdc5x7a2stkwm0zfd42qsxldnmhmuqa4ffw7a9n	100000
1FurpoxTKQGtBjMKc797Szjo8nV8ct6Mdi	100000
bc1qtfm2k70uvmem6d88t2vmyg9f775zfmrmu0yu2u	100000
1QJ9FELKd74YZb6obrRrLrEVYF6ikbyHD8	100000
15fQnN96H5ASdzfh5DYPiXLjZNKBfZ6tWq	100000
1Cb7vcY65bxzue9pLmLzpWpa9HNyGfvjUu	100000
3BMEXuUDznZrQc3eVnsaVg8BoMj9GNnVXk	100000
13WantdZvXWog2gsWDTa3KvtqRooV9gJaR	100000
1DxfVg3MmpbZGPZaS2Qxk83iRWVg752KTb	100000
3HBAAyjqwYPYy7E8hD5ptpKuqn5kSZzMQW	100000
36ND5qpStGGvG1FaxaGDWzvHbqqZ9VVxzK	100000
1PMGUUJPRaksYLDPNhwzW7oTR1BEPHhY8X	100000
14JqDKTUWTYUotsgzzfnADxUk8Udw3b42K	100000
185CvhJMH6ppA3gs7NWxs3PeukmVWrWrXE	100000
bc1qc20yezckutd8yve040xfsllmw5q5fwdpx05u7v	100000
bc1qhl5465pyt0kfsgf6ftjuv8sf0ds20ta66jz9l6	100000
3PTwRjRcmHiqykf6MPcHqdwVYcNCeeoMiC	100000
1HCCU9DRF87vk3TPttU2SenyJtgeSzRnEp	100000
1FYaqzZMNWfhGXy16CP7bLGkm9VPv1goW8	100000
bc1qc57w0v2f2fhqlr7n0h0ggk3ay4tfdststjrjk5	100000
1Gt1Jpuutseig53QFaPjHDwkg9WX5WYtoc	100000
1Fgcz6PBNVdfvT9C9SJMgoRAWuGHEPp6C1	100000
bc1qdthsdc6zlzkel37srw25cuk5hymt4z4gswtmmc	100000
bc1qszp9qects9xwn4ceqzww3kj0l2affx63mhw8xvm8nc2ajs29pxfsejx99u	100000
1PqtdG3WDTFppAuQNBUM3zRj4aBj21ueRG	100000
16umnFr7NKVAiwRD8tQ2ELHxuWTDH3yZpE	100000
bc1q6u848d696yeeapjd9uu5wz9p7ymkq5esvy79nu	100000
16oGzmrBvu1nYKzKnNE7XpwE8NaeCrmfvE	100000
12JcrEZzAHbkWfi34JgBK21NRUx9bGQEmZ	100000
bc1q0xedjc7tqepyq2arkl7gs6ze8ca69wrjveysqx	100000
19iPc6L5TeUUiWFo2V3dzwJjjh2baYJdgY	100000
3KE5JjieMfbSsRo2G1s7earmJ7zw68k8di	100000
1HWsscFLjd2eMyrwozYksqvN1V1oD8YQRj	100000
bc1q5zewczg4zml9dkzw4unxqh5hxd8u5z9e9cf9ea	100000
1CzTmdvX9eRnkR3YX2qCfVuJw4meZPYkUi	100000
bc1qzqyudvxvf0h74f7ns05xelrpgn7k497hdxdmua	100000
bc1qyfcu27qa2e30vz483c9x2redjusql2wfzypc3r	100000
bc1qsn49nmyrt7gepc0dscww68q5r2z9x9n0ecpu3d	100000
18qTUwo5zcjs9iuMNmrCxHUNzFpRhaJw1P	100000
15BwjzL5TAXBAw2VHHyfL3o7h58wZSrZU7	100000
1Eat7Ku6jrgRUo9Jw815A9aDWncRv5H1tE	100000
16dUquVDp8XHpeFiY3BSqn3nKYUwj4afmz	100000
1MaxPMZfDxNGdR1hBWoqWGZagFbDEZcz1S	100000
12mXpyfJJrvYXSypHjRC95xfkTRmehoaA5	100000
1KUfr4rQfoeBR8Av1JtJPgUBU8BNCii5q1	100000
1PjFWNbn24fPGctvsf1Ui7n7orDXDiDT76	100000
3Jpeeip5QUq2A4tc1BzHMaCC5EXE4CYjZp	100000
1Q4si9V15WRFjiJf6geU21Roux1SnH7jMR	100000
bc1q2gvkdw7fpqhj4ex9zguhcpqp4ztv8jgds4t8w5	100000
15XCtGdcogHC9KALHjdNUVFCsRE39GEKB5	100000
3K3iD4DrLmpMQeRfHn7aW5BriGRnQKjxG5	100000
1ENmevq1i7C4CEuMuRgTd8aPgxo3eU6B4n	100000
1Jru5sz2vnCPpcscWGVsuWzE3ihGD25Cx	100000
3QZFZqWa531riiipBb8azjcSoahiWN83GD	100000
bc1q8qu0p2x6gw90r7w2l692qjzv89k5th707w7n0n	100000
19nGSUU4SDBbQ7L8kQxA49ua3G85HRQ9k9	100000
1CbKhEzup99qXTNT3GDJytsrMe2wx8D92P	100000
1MjmRKdYfXTH3mM7r4ZehtFEZCNjpAkqND	100000
13WkKZisKXrqxnLi2BPkGvkSUf1uysDR6x	100000
159KbZEJtKx9Q6iAHiz5gJtgY7c2iUkPB2	100000
12VvCp9jNmumUQVYgtS7ZZTeCcju6sUV9Y	100000
1LwTeRGFu8LkuUxC2ue7ADaJUmCRXB6KzS	100000
1KEiivpeobSc2ybUgzUzPHQcBUwtkXfAy3	100000
1MkQvRGWxe7ZCYRP241H248i7HmGHktaMn	100000
1GLtV3sM5JhzP19kTYACPEJmGqx3a2MqPW	100000
17mdhGrWd83DiW4Kz1B4Siodq8vmtwVrwZ	100000
13NFAX2C6Ypanc2irfmWNZabk7kRVEaVV5	100000
bc1qkthnysshuntmhdeexwa3qg3nnetk42gr49gxtw0vw9hz9k7s0wmsl95n29	100000
bc1qy7r6dsswtzdtstkdz8zla0zr8qy35dz0ezey3p	100000
1LrADs3ZArabXJ1jJgyrWcLNkiq6SqdZDP	100000
16YkmQg7Q3qwgzCJAW2KL5zrqbxsiVcjtv	100000
1CSWEGQAVUvWytMd3vSz32Lc287avejmGk	100000
1MtkQWhgVC5tDXHPC8ynbKFSvEq1rtcZv	100000
bc1qlqx9zdp30gc4dyq5dfl68v72u42qudtlj8d6x5	100000
1BdYMPCv1nA4YFMh9tnLaXphTQkPRhaHg8	100000
1gUY2MM1K52G2HXqs5Vx6Rrzj6UHhgKkd	100000
19puWaKM2ZY1fGvpPhnBn4nrgeos8bxEhK	100000
1HgeMV42XeCX9GrQzW7u22DpkSRLQ98S24	100000
bc1q6crtke6at5wuqzp007drf4zyc3pcaxpesltchm	100000
1BcV8KWW4vLugP6zL1mMeAsAhtnbaj6qvB	100000
bc1qkqunafsh54zgwrcnvy0kghw7j62dlun27vu8dp	100000
1Do6JMC5xxsUY9jut39yt6sEq4qVFb8bab	100000
bc1quk8e8srdmhzstnfhapdr07zuhwgpjecr4tmzrq	100000
3MCTmeE2GegBjGjU9eQ8JY1KgajJWs4SWC	100000
3F2pdbzUPRFcm8DFJcaVKocfWhhpuhfyxS	100000
1BGeGP4AmGGBznhLNYpakYZxgYvaSPyMDz	100000
13qKiyy1P69oL3sBN7RDSk5ji3z7Dpv7UZ	100000
bc1qysshydve46hecj20xq4eleze5w5lswp8gwx66v	100000
12Rpq3SjUS4CGbLLKb8sgJFnZ8qccZVyXe	100000
348obh9wFtZUzTwR3FZjFPb1tTCQdwxxXL	100000
113ZcoW4r5xH4kKcXbmnp4ASA467fTAAue	100000
1EppKygBFeeW444wu5nRFkoa4VRbhQv4zC	100000
18Ggt6J5KBHXhdBwfoQSpXkpjPC2XoKYq3	100000
bc1qyevyad3rdfl6zshvwc9m8ydwa6l3cwvdy2nhwl	100000
3LD9ygyxWgoqAJnYbw7zAYnA9cTGBKUQgW	100000
19k1pZLFQb38zs5rNvjGHukGkaaPkzz9Lv	100000
1G7sUubJ4hKUzKkmKK2yUYnk6iCghZRVuJ	100000
3BXQWrKGDCzr1zSfGM6QSrabHSnPNuuPCa	100000
1CCwbbTMw6RG1XUfpdZ1wHSgudPPeEcbwi	100000
bc1q737c5rddu6695falklld05k2vfg4guhvgaj5mn	100000
3BMEXV1AcNgGFkv6a98C7K7HWEmBsrRMWy	100000
1KnPJtEG2JjnzyathDUjwbYUnqstBjqN4n	100000
1JuBuegTUrfo77ys7znUpzVGY16o8grHeb	100000
1P8T4q3c3mNmzs2NWn1NijNcpCxZiRpKKU	100000
1EWjectAwREF5oW2cwAX5cuyNgDccoifZW	100000
12yypDjLRd2pLWB3n6u2sKDppZw8JZUWwo	100000
3QtrA9xnRgDsYNjfbM7aMxq89y8CvYge9f	100000
bc1q47sf3rcw4wp8flkj3zsv6p0hm3ul5a4xzzga66qejwafgyvlr5jq62t7ye	100000
1C9xkK11VNiyqRW7Qq964qtjFcEpHB5hNL	100000
3NRzDTuhNi6DFDgyyEF7aMPEK3vuYkfaYY	100000
1EFvHRGMES8BJ9KpfNJDQGtWN6Seegfxy1	100000
1HU7q3ynk1LWWpStRNyxGX5qfvj7VxdKSx	100000
bc1qd54hd92yswl5stsqlgulx7x0j0j03t3g93svt3vlhmd3ezkdd48s750dn0	100000
bc1qjkgecvteczv972jkk00mflcdxex85sg0za5et8	100000
3Fwagp3x2EtUtUDLDY31mUxK9KqpbG59qg	100000
1BRDoNkFgnspukyp4Q2WysTEgdR3H1TTeN	100000
bc1qpvy6lqzzgl0fc2qalglv2fhyrvglywu9nsqh6z	100000
12AJ1ksW34sLodh8KgZ4Tm7K4bbueBkzZN	100000
bc1q2se82uuh933mqgs53ac3xwgwh7q0q25wkrdhw4gzkkg7p3wafwls6u6llr	100000
1DwTJmfDJXJY7dxSorHbTBBkddPb4GdUDK	100000
16xbfE4T3jVWCU6ffPJMW536JMSE3xyJu4	100000
bc1q8ugyzf3ezcgc77nlzgeakqhr0r3wckq0jaf0x22p5c985juvdk9q6f4vdp	100000
3PbjJUhDsZecLPHC8whyB3MiTf2o47rEpm	100000
bc1ql7vmxadg02h4p0gj8akyyqv38nqjrpgsznck0f	100000
1HFWAMDycRBs8WS8erzqGS34nhsuao2GzS	100000
3DsB74vLNGhvvXUYQS8NyYb5Zfuw8bM6Qb	100000
bc1qjwj3eyu43p0jfuuzpuraj72kxc2pg2cnncwsmf	100000
bc1qwyqm4y3wmh0kl0lxg7ee0v0ty9zgf85z6p85sv	100000
1H9S5BtcMJNdVozxKci3d5QHqT9Dcw4Vzg	100000
3J6oPJ7Dbh6RidQQjDstGY7JbvLkoTtq8J	100000
bc1qevqhn4sy2wptfzcjngdt900h4599skr3xcck6q	100000
19MsTSJttMu4fVabEJWZ64tXH9WkVmAb3a	100000
bc1q50g0q7h9pgazzw6s427d8ugzxnh0defywuz7gu	100000
1CBzwe5U6QcTLJC5gU22big1DjLAfBKhAb	100000
15b6zjqeCBt9abfjrc4o6WBhLYoaP4tzcV	100000
bc1qxxw9jzy0ssj37gcnu2rcj8l75pld4jfvms6g7h	100000
15vDxNzqsyJiMzgyRH2zwJiUJw6PqmdRXb	100000
bc1q4mjfd664vfhwqp9cn3sgsn64ad3gvtj7qy77yc	100000
15siDDFgT8d8T1AoarmzMQgNGZGycSkcmK	100000
bc1qeex5kvnyj7w696l5jt75fmpjrwcxsxxg5q2jwz	100000
189VpdnKSqtNAyeeKpp2QzYW7jugXh3ScB	100000
bc1qau7dhn5syrxnsndmeqw0k0sdw8e4c866pjrr85mpdwg6fyj6dljqp448zc	100000
12wp51XVKti3yo23HaSHKvTnbWnxixSa4e	100000
1L44P91G7LqMQymXgSCdVYgeikFYx5K6c6	100000
bc1qsa9lewvn7xf26758rscrkvzn88wsl0d4fk9trj	100000
bc1q5aw45pdjd9stapw80t9yy33u50s6hauwkks38r	100000
bc1q698xm64c54k4sx2s90nfdpek5e85cvtey7tepp	100000
bc1qlumlk7cdmffwdtjzpnpruc8tacef9hp0a9kkcq	100000
1JPMd9p4rdM3tumQcnLYwNnGYDqQbHmftu	100000
1NyYhiqATBM5qb6wq3SjxcxFksEC1ozz3c	100000
bc1qlnw7r8u6h6358wwm48sc95sxxhq8xhcphv6yce	100000
3C5qUziuYRf8caM6Bd2Rcangvc7WAbaWqU	100000
1NVUhVwAnSRx2xjHQxc33SBfBRzMJqPCX9	100000
1KoXaK8QYxjjrHQ5bQfS4SyurKsz5HTqXK	100000
375NHn9XCWN54xqMXUXkWrjQDgVsYG6VnD	100000
1NePDfLbubzh26yZvqhyXVgskbgFCUHiGo	100000
bc1q6f7rtxgu5sdzdzz5r8wnnl6fayrvztyaa9vvl0	100000
1N7USf7z7j5adnD4osKoCePQ8EaEmvdD1T	100000
1FJcL9FXoYeHM6M7N21uq4PRJm6z26g4sr	100000
164Dc1gq9EqZiu1LqNbZCmDaPUdNZ1u1qG	100000
1HbFSGq3uWJAcaW5MnPvFgkjX6dBcHqPLy	100000
36bjKZ8mLhkGmxdHdwVxhLHv1mfk2QYfGH	100000
1CRNwEg2udARsXUTJ5PdMLx7h892wKdJiZ	100000
126yaNov5pm35p8YFKw2bSrGzAATAA1Lnf	100000
bc1qj0w9d7l3yk6dpkhh6j9n767qtn384ra4zgrhhm	100000
1CSiyiDV97WYxrGaKwrSFzBtbqFdHGjpDE	100000
1KjpsMg2kJ4xY3AqAY3bPf974bXhbABuSS	100000
3NVeDEvFMABGtmUMDPe9HH3KZfqdfXCi4b	100000
17wR2dckaWRuCsJjGBKUNTKkyC9ZUU1RY9	100000
12ww7byGVMhbc4b1yTuW7UC6Kb27dcaMrp	100000
1BCrAKy25mTL7KX1JmeudCftagMZQURNEw	100000
3CdfptjDA6oDifsLYr8pJUxMYEtXCkMFMi	100000
1MmrBSnq8cnRAbZQ2daRRRx4keet88p1DX	100000
12Zj7ZnkhBx7ABeNLjHzWdQdM5U3RAA65B	100000
1G92KFLtGqDwcVbctFCJ8ww5Dh1HPcEUVn	100000
1JsmpVgzTpaxLRaGyVUE2T2D5JegcdzBXZ	100000
1k1N1e6PBQFG9FaPZjYrxQKC7kaPaKraq	100000
122uch8MF7SHg3oTPVMf7PkLr72U4f9ZdJ	100000
bc1qhs2jxah788v3f8qgf6muup85mhfkazgyjeed4l	100000
1DMKx18PXSN81CVahRm7aUK6V7RgUGFSyB	100000
bc1q93z3tqv9n3ntjg0scs2es06q3knjcg9wuwltfh	100000
1N2eFHQrcgijtYMWcfxcJ8r99W5okA5YPP	100000
1pVpoVRe2kxThji78dFyHbPYLPiW3eaDk	100000
1Ld7wdXoYh7RHd6mPsrvnf1v9qoL7RRCtA	100000
17GhDvZx2BnrZYVGhpeC1SAvUTzz35ZhwH	100000
1EVksN56tMFZ6Z8JoFfC7TwYFFk2Qtrd3p	100000
1CYgV1m5M3UawxTewozbgjgcpLSxdb7p9M	100000
bc1qeqafmx7ve9mq3swgfx6rrsnhv8aeqwlsdr8mct	100000
18yB3FXwvaoqcduH8o4Y6YzLPqrr1cYHnE	100000
1GFVraVmYuEHRYiUu1LiVXp7kizi53Ek21	100000
1ERRyFdpZr9H5pP48yrixyAUeY3wvmLh7C	100000
17NnUiXKw3k9gyjzydzJENzdnJrzre37k	100000
bc1quzmv84s2hryghgenqp48ht3ad3g3ylpt0xpy08	100000
1NBAi3ygxq2gCHgjgcd9AYipMJ9dJv6gv5	100000
bc1qhkpmjdahwa38s54xsurfuhpf0zvmnn4d93dz6j	100000
34eVy9Y1NKeKtV1hFgSQfEzqtPBBjicm63	100000
bc1qxd8ahcrelq2esjl0cv5clpjvfsfm5nvv44kgdh	100000
bc1q8dcusvlq5ryl5rru5nhqh9ajx086fu5d75v6sr	100000
14pmg5F78EpFpyFKYH2ABtsopPdexJ4rHw	100000
bc1qcad6xmjlwma4ntwfvxv0x6na30apr0ykr9hzmt	100000
bc1q9w5x5u2a94sm0jey0ly4tgc4ldy7mu48rac3jj	100000
bc1qcwxejmgxepk377t9cqgtruspj2u79y760lm37q	100000
15GHtFyczpNRoCqNZWnHQzSKoxNz7rpT4H	100000
bc1q5fvqpn3y04n85ukw8wnrxvqcca2ajezvz97e4z	100000
1M9kV458KkZ7S9NErnqdaN8jSxNArZ3Qn5	100000
1CwYGBrhXsLxrHDHzrgy7jLBTzJ8ydYEV9	100000
19fqhptHiRbYv55jyMSoKoq5ztAn2auyeK	100000
bc1qzvpdxz4gp2vdm5gzcd62c2dxn09urs88y8jrf6	100000
19xsyAQ2tTbKHxmKnS7QmPTmAcfu99ztGa	100000
1CQYBzYcnnR5y7xDJs4zeWRGExfSPQ6h6E	100000
bc1qxep3xf78949m7xsgtz8g0hm4t0tcy6yf8fav2f	100000
31xizAV9ooYW6UAkytpieUpjgbcbhMvsrA	100000
1MJ2txCXo8YMe4tL7FKeto5BKuF5u3YPDN	100000
1LaLPsAKD1rgGasAHRF4ei6SMpH3F5MsrZ	100000
bc1qhxt8eg058jtnx93qh2ftv2397cwm4l98jezava	100000
bc1qtlxp86rpm7rx299kxtna7t323dj8vs7kxna2ndva7ff72yjwzgkqvsq44t	100000
bc1q7qt8m46n8p6tf3yq94f4e8fmwz5fe2f8xeazt6	100000
bc1qykv0m4j5mcwtunau89c3n7lffyvzenp70s8pya	100000
1EQSAccnpGigDYVQpe1YfQ1Uyi3Mqw4i3R	100000
18sTzQNVthKdTFDHJBj7j6o3qoPyRDuMQC	100000
1BTxJ46bBQzza4K8v4o5PmVeBgb2hNYDiW	100000
18MK1ZFfkgkyePA5oGiQE6bBNBTCZcCepT	100000
bc1quht6c4pwf77wl7vvyv6nkr06wg6upgpzqn7xu4	100000
1CgGaP2KfZNPB7fiEHssAZT14eFCvCdmZi	100000
1CZLhMyYuR4cwEVYTUwZQYCaisVQCNReoz	100000
19bpi4Kj9VEdurFBSiunizf356BK7755hT	100000
1KVBTPgFDrCZpfM94CvAAgFKHqNcWUpoo8	100000
1Nvt1Dq2CZ5GVPAN9nuZhp7CrkrDaTxtEA	100000
16jpnzCNyC1TMa47NK8YhaCuy9JXdtEYQg	100000
195P3sNxWggTTY33Eqw2jYijMKv7PrGiJE	100000
1BmaZsnEVHzFNcxyhL5cYgsLqQDmxrUzR6	100000
1P2DeModENojkR6vxmCagWfQdQoUuZncFw	100000
3BMEXqCxKN4dZV4NV3YeWsneErk2A4TttK	100000
1BNwrDgmiPs7qmj1Wcb3QfEYeGhyzfTKqP	100000
bc1q6gk7auyfur37zf3sqvhzmsxq2p8gsn770xh35k	100000
bc1q683zqsxp8a5dl6gz5fk37mujv9mgwkekdmphyr	100000
3BMEXZFBpce6gaY8afFJPo3pmaAP16rLZv	100000
14BPybwV4urMe9t3PEs9GVwHiHrEfFivW2	100000
36X63D79hhgoJqPsAK9v4eRRk1vg2gQNFy	100000
bc1qc7dl75dk6srut55cq38qqjafl7zuzjh43qa3m3	100000
1LtNwE48b2kJVG6bCf3kKbfeoUk3Jiu2ta	100000
1Nh75n8q7ZCwc6wft1ohoxSqST5meNvetC	100000
bc1q3ngtlcr32ccprraxlnq5jl56pxuhyz7z2tkfj5	100000
bc1q3g5y2ftm98qgtl4kcvgadrsldsl6qswykndfds	100000
bc1qm8ghslwzz4an7j60v4aqd27a7v9e5k0ar3rsx3hzhljmaq90mzpqjht0ql	100000
1PQbQEkz4NajsSPcK4wKKqyHXjHxpJch5W	100000
1PQc6pg8F6cXxnMR8jEF8vCHd43726NjUw	100000
1K2dC3Tu4xLtX5BnzHQrY45MwZL9FdWBrF	100000
bc1qh4v7e99wyvyfqf0ed9h9wwvf04pe9dz3yqh6ut	100000
1A1LjVNHAZ3F3yK4P6yfcLDBeCddVZ1bzT	100000
bc1qd2qr4nejfm07t86z22eptpphe2g6s7l2qwhe3x	100000
bc1q5y5mnnspla85t9ljsl6r2hyavve60xr547x4y4	100000
1Bz4W4jn4cEXq4jdNYzXaFRdP7QhL8L2Nu	100000
15zyf6sh3yM7jf3hG6idAnXvNC7pY6L2uN	100000
19iK3obZz8axqnUmtqhLKJppdRvg34pNpb	100000
bc1q2ewa5whm3et768rhukvjs9tjcr404yvtfk7jd8	100000
bc1quefmxnysldyfasaj9gmlmyyg0mphsppg5zwqf0	100000
17529NhzZ5oMvPzR3guqF8WaDiJ8uAqbW3	100000
17FrVBFF96FDekw2aaT9BFVuE1hhE58WH8	100000
1EK38fHcUiCfLFN8mU3kt37hXZdANxaZLw	100000
1MJ5b5Yq6pH7jKNLv3eEfz2pmcPLPZzJei	100000
14BbuT4EBbWMW7p5MALKregbay2RZz5kUr	100000
1KB6G48kPFXLKwBcA6QA3aVSK7UJMBGp2v	100000
17w9Z3HqYcc3wyYtqTH7MS5Guroyfw2Hcs	100000
12xLhvteRnRYNeo7GjJB8LCha9s2Ej38FF	100000
bc1qpprwrh78ff2nqv82vvqjg0d86qhsaqdfj3v7zf	100000
3E9B9nkE3mYnGcFwyeGeq82VARsqBFjEva	100000
bc1qp4ycafurm3dqew8t9kgaxurnlhwcg3hhd679n6	100000
1AUhPayRUSGcJgQsMjq5kdU5sMnbGK67ye	100000
bc1qchvz9f87rzrrzjrad5gp85a5q5q0wvj8jag7dv	100000
1EwQxSxq1vRk9oruyq7gFYUk2daxbnRsY3	100000
bc1quxy6rrr9x037gvjhhtmne2e85s3s0krnurylq9	100000
bc1qva4gdqete7mlygf2yzeg764w8drlfxvs5zc30y	100000
3Bw9fCxpZZxs1DkvsamTGgDo6SyrpWQRe8	100000
14Y668fmAorj5KHZm5jkKQaVjgiVw9Tyc9	100000
18xRUSmLy2NqZknNREMePYRoVYi4dtd9Xo	100000
1B81a9rEGXjR7rSt6NRH77tt74WLy5UXqE	100000
33F18pkcqaxXX1JU7mDppd9CddKkS5F9ND	100000
1E4UGqfbYXFp9WwTRRjbNsNjrJeCkSDnoW	100000
1J1GP7p8fG2yRQb35K99t7GN3MDAGAcqLx	100000
1PgEZvxQjxidBCXaLnRS19agtatG1osDoY	100000
16taijoBqsjqGhEnwNKCrF44oADzf7b8jd	100000
196pZK1yLooMcek8LbEFM8hWXvZ3DTbh3W	100000
186hSs1fk7w7WTbdfFPYwJH9fA4Abbf9ow	100000
bc1qf3pu8kgjahplc5zlje5qcwj48chh028zn7jrpg	100000
1PmE9okUxZg4B8KdFnJzzQpdApgW3FCXRC	100000
bc1q427zv8ndd29ylfhwr2d54g8w48qctgrpnnrqnm	100000
1A2mWXE4aAxjZev1YHMCh5EjWLWmNG8kGd	100000
1MhQmyskiaH998RvFVehWpWhdmR1j197EY	100000
bc1qaq4jr5fxcz5dj8ejcr3thkdtmuk0973z2pram4	100000
1MhTJ3zdJMqccK3XdLvYFKpMiGyAkLZYQn	100000
12tGrKkaWAE3Y1eGYHAeTnkXk4oA8SiYtE	100000
1CgaSRuZZEs9sxPkxN25TmhV6N8q5H7HMx	100000
12yVuQCteM5YMbH8UJXrZJQPpt3gDbvDA5	100000
12tuhB6KjsryPv7b3R7vrTLYDuuekYsYiq	100000
bc1qhl4nmcj0y9m47scpeqpdwtqgmgsgs2a7025wur	100000
1DL3tygRrqjZKv5wKxiiKGQ1o2QLbCrwE9	100000
bc1qmy5gklaewcm4mndhcvev3rnd9palk9ctu0uswd	100000
19Wh3hkzuCZhBm6NCE3TTxSX424cBoX1f9	100000
19chc7BZibei9SQ57HZ9P6aD977wSk55PU	100000
1Fqd88LYsa12e88wWXarpZTZMY33Xh4vsE	100000
1EfTYHrmtTEn1ZeB1VrTmgqofgqMH9W8AS	100000
3MpMrSQpGLo9JVYcZ19zsGfG9hArVoBeyy	100000
186xbUN1fU8YA2bHqe1VPQjQF7S1TPE1zz	100000
335pwmprrTVzQZhQx3CdKDJEm2P7CeWTo4	100000
15Pq1EJGmoDNY5euhvwvKcBM5mz2ay5pTN	100000
1e7ogoZwap14pb8mf8XVMepUQ6iexgXt6	100000
bc1quvhy0sty32e7zanutangymckc2hh366ansm0d5	100000
bc1qu5jur5y97s60pc20l94fmndd7pc6rljj4hz0wxrwaxj3z7z0ljfs5ddgcf	100000
174ZMLwid1HhCLPfBYE57RZ1hiuJXqDSvW	100000
133GbvivaLicq9CxLZcvqwK5oNAZuDXprz	100000
34p33AZ3VvtiSwJuqP9PNiqGw5K5Ch9zXp	100000
1Nfbz2Y7rTeKvxi4dpUa1TikpzBSw6kCEY	100000
bc1qr5g5y7wqqny7f4f85rkmh0n0xetlt4yrfczvxq	100000
bc1qnxhy5xx0f43xk83tejnf985fanhy9l9yur672x	100000
1H3Ab8qP3SzS9P8EGh4nw8CYdQqNPkTpbW	100000
1AUezMQV6c5AuQLCY8RUmJLMTHqqwG15Dx	100000
143MsM3stuBaUPTS7fF58kupbBXSSKGtKu	100000
12V4ZAWjkxMtqzL8sknDQ2v725pSQouKpB	100000
3P3KSvFEVfaSdYrHDiABzqN4gnxcES3f9z	100000
3AV2znbpC697VcM54fqsZT4PUKZEUoBw8w	100000
bc1q5yxk2ux9edsamxdz0eskkth25vwp9sa5mvfkt5	100000
338hzuH6n9mxV7pno7GPAB2ezMzcz7PQ6W	100000
1Py5zYCbPjiAXpeZfsdwkkN41u5bopz2kA	100000
12RFix1mrCLNt8aedufxUXoVLjVxbP8MLd	100000
3BMEXafr8mwwNftboBBD5rnQqLkad6PVJU	100000
1PtkvkdCpXPbUiw12Nszpb2PdSPzXcdTjL	100000
1EwxToDmjaT4xG3LjDaPedkWrG9MsgWQP8	100000
18GFWLSYxbjDSKK6EZoyEz7fJYQT1xwmzm	100000
bc1qywtz90rtne2demsqsal4xm0y77c7zcwuc27js7	100000
bc1qp7yfedggn2q0ve3xhqn23vkla4j8zaag3kxrny	100000
32etngsrUkQcbmzYBGuUj4WY7xKJPFSym6	100000
37E2vaUHhzAxXnsjHewjoaJFdtDcLeQB3e	100000
38168itGKNfxEvHdYEwEEcfJDyeQuiCwLM	100000
bc1qcmd3jvxrfd8hxu5ef4vrxg0gy5n6azjhyx2kgt	100000
1LSRuXnyXd2TQZyayoxvgob12NdswhJsNp	100000
1HYNgSNHNf8tecQhCeWF3pg2MRnmz4rEVW	100000
bc1qegpyv8ay2xg8lp9fhv855x29cjk682rcgttulc	100000
3BMEX8u9xz8cLnPVKQ4gskfXQ64Q5XVXZy	100000
18vF2GBf9tVzk1C4NSK9WoQe297oGMTbYa	100000
bc1qhfrcu0n65uxwynrtm4capy2arkhlf2sscq85sr	100000
1JM8qzd15f9s9WPFbaPtoK68bRi5dkWAtr	100000
12mStgWgZCPMsgeEf4SJe3mTABc7yo5S8F	100000
3JizYCVBnrPJ4PcB8CgfVhy9kwUvYvnF7y	100000
3Mwj5Yp93BD3Xd1jTUepyKtYVXhLu5Nk6S	100000
3BumNy7HkFmUJvNcU5Y6MRp7E66xxVihf4	100000
1Aj1cLBWYvKkxooLn4DzPg4HoPDymaW2cC	100000
bc1q3elsm9mvx08a7p4zwy8s93fpxf08j82r2hv7qn	100000
1PL85StfPrdfeaD7nRs5AvHKUfcSr5TmFA	100000
1Ax98rLYTcWt3vufnCQbcAipL4aZZyMVB6	100000
1unTq6TfY21F5Swzf4eeiCH6NCXacSRJC	100000
1HaXpCVAZ8jko1WKcLquYKymuCVEBUaHrP	100000
1HC8GPC4oEiEAE72eGhwF9rgUFX8YYt4zz	100000
bc1q654qlx6se0cahv2ghn34lw6ztnwd4mt4sr9xd8	100000
1FMMFK4YG8xmDnaP9i7jBWme2Xw7HyF8wd	100000
bc1qx2alquucs0z4fkvdecfkj85cv76rlad4rftzn8	100000
1FTRyZdHw2g3ijxdFQtTSfBfVr2D3yv7jQ	100000
1NcUhCPDaHwEVDDHqKM7gk7Bk97J2h355V	100000
13KsAw8uuAat2cpYFXzfLfh5miakDRwW8K	100000
13fejSN3EF5VbKAWvZ3jdPgyd9BytRSgzS	100000
3NstvvzUQwaebwxVEc8f4hrQKc8cRTGvPK	100000
1KHMcR1f4EEZMXxaWtzjGTZjqaXimAUnzA	100000
bc1qxuze892vp08sfpzmmukk86yky3rxtg4snk9f2h	100000
bc1q2g22nt7e9dxgalqxkxnzx70j0rwj7kazpcp947	100000
14aJsP12YfAriRXPznytUVkdtvx74iRamZ	100000
19RoatTg9f5d4zEqeYFu524DbWoYJg6jzq	100000
bc1qhmz0zdfsqlavud6la7t6y6ngrx895cwp50hzhpj5aqwwnjqzzs6q5rg6jq	100000
1218pmtbSNbzrtRUzphaQ9oyFJYJKAYQXg	100000
1Wdc2iG5UhFTAEfs1K8GBX4ZDn413obXc	100000
bc1quwasg3zr682r8sqt7edshcgpf9prxs5davpval0l37kf5m6htd0qkm8xaj	100000
12VwppPrQVynMcivRfS6Xtc3MHPMbMf2HB	100000
1NttdCQ36s1K5dC5cYas9P1GEf1N1peFGg	100000
348rbgPippjvqrZ1naJ2HZSw1yhK14ETUX	100000
1MRdZ1HY1yQ4QCfRV7h9V8exzR8CyfQhaE	100000
18HQ7AUttH8jkUSUMgqULQhUhTepZB8agt	100000
3JJhpgFjoufZqUiCe8WhAfE4jq9UrzcB4Z	100000
1EdXPPYEbajxsJpfpjnmsyKKRpaCBa7uMZ	100000
35Cd9iD8AJj9DZ6q35A2gADhEsM1MVnehG	100000
1FLnEpXhwEFFhgnqTsF3DqJ8MzDRmsKNzP	100000
1JSz5ioRroeBZ6VMUMdyT27hSfNiJvUzic	100000
1GuVzrKHRdgP4rcKwA56kFA6uhYiRpJGiX	100000
1JwwbU7GoDbXKhjLj3567FVBHDbZNj3MKG	100000
1AC19abinFKTefRFEDd3p4kCpZ2fnbNaBF	100000
1BJqWdW1A1fa5Co3D2EiRXHTd99dJJqMR5	100000
bc1qs7jd53cltzymjzzf3mdg8hf8e9zgutcvr4m4wn	100000
18kC1WwEctGEGQV5XQ6h4TboxFA1BLMR4U	100000
18nEbjGxrztPpaWeUSkcQSvf1vWvSZyjfq	100000
1PmNUApwQ1BTJAdoMK8L9BcSKi9Eeovo3a	100000
bc1qf28zkrajj0c2yx42qzp56xruqggwh8uwjnu2ee	100000
1H78Ntz7K4YsDenZwDJ9NB1uSwETHSajCW	100000
1NJPy8bhKysRMw6fA6mFTWhLfNAMANVNKt	100000
1Pk4vEpxQrgpc5wxEUAAP4K5hJFAtVzTUj	100000
bc1qggmlhtsn2fsc4v2txh0whd0rsztene4dw370a0	100000
1KyxRUmfL2wYFXsZoZBgN8oDjxqcgaRWTb	100000
31wYoXN6kL8bF1dwvjCgLyCogxT5BhMAq1	100000
1QJWruCjqYhV79UahMYsbVHwoV3nBqJGbp	100000
1Hw9wagy9p1197NDSbfYU9zNhMqT7dyhCd	100000
bc1qfur3yjyfwx98t2yyv3x0gkydre5f2qwculemuf	100000
1Gosh4xHwdwTWxWYghDDyhKWUdUBVuv4sQ	100000
1DY9FMQRUk8R18FtjrQU4aDLAbRpJ393td	100000
bc1q2qy2vx4tfxjvkne2v6gceyka0q28u4hjl729rg	100000
1J6XnjuLKfX3p6e8HmMdGf3pn1iLetCarN	100000
1JSPcp9JwVjgas33UqyX3cew73HwAgG6Hp	100000
bc1qd6jgx4vp25yncke9n60aj3hqag2qnx89cyhjqd	100000
1NvEBUNk8QK3UmQY7kZFsSEvVoZ1CiTrFJ	100000
18AWo7D2xDTKuPvd8cCEYcGAudXXh42vCV	100000
1AbMY1CfoAZwTjHe86H4kTEAVUVHHb3vpi	100000
1CWBE8Ugc5XMuxmBYZWCJYYrz4x513NNh4	100000
bc1qkjksg0hwdd3u6hsuldnrstm350qn9meag7gtyd	100000
1eVCW4gXq6TgFfJrdcdcghPU7kdhDjxyv	100000
12C5zvDhkycprXp7yNvS9SArZBakg9qE18	100000
36uBPNjfEvhXcdPCvrvWc1Vm3RZUzjJmNt	100000
bc1qykqcq8e93mxx94kvc339erwzrypuh35ewqpaj5	100000
1HFi4YhT9GnBUzhRviP3ZUeuuxmYChH2o5	100000
343b1G8pJ1P2TJZQmxCHZ3dsHd2UkXVLWW	100000
1E9gurmcH5fvWCyDBi7cST4CqG8LQVgssE	100000
18XcC2MeuKT67AMe2LeHa3G6eo9h5qZPm8	100000
1djZZe5z3jfCTMeLtxhc49bPC2PFgarYV	100000
167yKkaXvsRFRnMfysCwu7jMX2FKXvADTM	100000
1E8KSQQyz4EEgPKpNAjSJn4m3xWLyTednc	100000
3GKNR7VFHi7SBZ9sN5QUU1jSPNVgCnBebv	100000
bc1qn9czmrqep0eveswcc3v2kel0xuu8nc876z0fqk	100000
35s73Uc3L2pqk6P6oVdrc9En6L5eaj61bB	100000
1JBMJP3gSokZv5gkRKFyKJ8eMh5h9APVrN	100000
bc1qz4f7pxhflwshult37ud5j92wpw8v630ltcfkt7	100000
1Auej3DcoAeCvk7dhdsmEuCHE9wRu5F3jK	100000
bc1q4udkczmf5dhjjm4xyu43l8uuxmqjvwumyhel7e	100000
1QB1ofmGLHJ2kzzmV518QAcFpqAsrfucum	100000
1ATrV8v7LFQKJaT6H9MzPJf35KtQ2T71dZ	100000
bc1qcsnf8gfmawhv8svlfkaeredxe9jnklncf9k4ca	100000
1DoEuggEWAoraZEuPPrUyMbWNUMsu64DPu	100000
18Z2Yg1YoMtKbBaZik42N5VYKFdvsNEapA	100000
1M7x55QQh4zpn5AoZRCMpXZ6pf6ivEKXy5	100000
15XwEQDNBik8nDw3pRhMqwKA4v2hjas8ze	100000
1Eb6hU9wwBDfNhT8v4z9TeHLH7yQQ1v4Mq	100000
1AHTwi5HWNzsctRgDLB7GqTm7R5J7i3tpA	100000
182jfPrLm2QQKMhm24hAUx1tDB76K4nmxb	100000
16cMo8fQkPhQALc1JjgaXNEq926R3sRGMt	100000
bc1qzaj9gtek4v9chky39kggnalzp5twx0h64cv9js	100000
1KJVhWHXBT4EozYrCrKTnGcX3YZ7z1jbtf	100000
bc1qm0z6stlnwf05zrftcx5642kg0lst3vx4hmfqz2ytjz54r5y2nn4szhmd65	100000
33gXqMmQgvoySmJbAzA6jofFahu8ktT1yt	100000
19b7vUVbQHuharUEWjD5eXwCTXM5AnHGY3	100000
1J8x6vYcFiUvRshuWih8ovqM5HAvkvcgJR	100000
13Fr3y3dkKyS5nGKx7UAqmph28vmgojAQW	100000
1EWkuvZ6Ai9jfPs8jTjZ9sWgLAmsLCSHry	100000
198WwaF1LEE2BUWfr4MyoJzfFFeFtiWwAE	100000
bc1qnzwqhrrhjvvlmzh0axd3xcwqc9h03xjgrdvckf	100000
1Z2v3MUqfogwc2R3qNk5ZtiEvzka2XXDw	100000
bc1qjjl0gg54v6wwls2atwuv5u22fv8guj3uxglwpx	100000
19VFTFWjQb8cGZogZxonLMPmmieC9fEU58	100000
1MfwoPsdnaHnc75bmdiyk65VNhHqmmenLy	100000
1KqrYvU2QXzXav9zCXsKSULhGnL5Bm4qYZ	100000
36biSK9TpYKfu8pj44tpDjGcYTXxA95tWS	100000
bc1qf9mv6623hyn2k2mk86psqqqt7jf6l94p0u4yp8	100000
1KXAiDxffqKU6ShUn6EgP6144UHcL5r9s6	100000
bc1qt7e5l9qqjsjeh4f20usfh3t2szv3qas04hu06j	100000
1Hs8acbUVMrRhFT7rHFgFFAwxQVHhV75EV	100000
34SrRXbqcyuNkKSW2SSHuQVLtEs674r9S9	100000
13Rqrms1nZPUUcUcHm8o4ks7tKmNb4T9a6	100000
1PK9eTVpNAyh6YXrTMDnRpLU1P4oL4BkWE	100000
1LM3QXSBRCDCoKJqMMMDZCufY2Q6UcwEsk	100000
1BubrpA92hnayBiTLNMTt8WpKEqbtis5Xi	100000
1Kg37uLcDcXKE2FnrwVaohUWCA3ddm5myy	100000
1PGMiYE16jyZkjAnTME8FSTkVdkBoV5CQD	100000
3MdwSBTWjPEJi6dQ8J2d7RcYDSRJhKwWnQ	100000
bc1q4kagnsyqpv84s8xv36pej38d826kfhvn9gd4ag	100000
bc1q8rlsy0c9dpajc6jdjvzdray056pd9y9fm2qnak	100000
3KJXwrzco6KxvXKwHDg2v8rBnSD199X72x	100000
1AkcYXxKyuMGqF5TrQJoSNKQ2jCDhwkc3K	100000
32DhhDsbrFCrzbg93LNBXTy5wtDSUxQ1Dj	100000
bc1qgylekwhh9xz6p5nqw99n66pgw74nkcpg898qel	100000
18dkANunf7C4F5GoLCKq3JUbvpuomxugPC	100000
1Nem1KhSAbgreXdWiQid7o65HHRF6bxfuV	100000
bc1qtplpus5v8pmjhlwxyzhzwq4wwktzuxpsu6wrez	100000
1BhFQsr4g1aAdwTprKEn6ykmC4WcdXQjQb	100000
1DHWZwb276QmcY1AVmgXDarN489fdwrxYV	100000
13E97SNe3nTPmttEuztzcZL2HRdQjvdSeQ	100000
3P84bXR2biVAraULJFDV78y9jqmwhwxcpj	100000
1PreTurye7cbnd9f4JkADJNdztsJEfgFFk	100000
1E5N3iLhT9pr8FKXJYhy9LhQTWaDXdqnTK	100000
1Evm88fM2rxgbidn28LVmY8Mubwo9zubU3	100000
bc1qyhzdl2967lah0sgwc688juc6xdx0welrjksfkh	100000
17JDrLAX5b32WSteL2WMfYym72eLBATnXa	100000
1HXhjnRKP7gFgzccS9SJ9QPftcgmVaAe4e	100000
1EsboG12UofhiUoRoY8iGahBb1yvZfw5h	100000
bc1q5uhcxetnm5t3cayggldn0shect2ptsewxstspp	100000
14fRKUqw7nsGxJ1oAFbNGJ7WWKnMERMkb3	100000
1JQsuZxaB3qxmxsDsR1ssBeJEQwFcypKKb	100000
3LskRwZb5VAhLfyhAtarGQP5PbA6CdUP6n	100000
19qwaYHyeTJfegTw2fpSBMgszWmUyEkmSU	100000
1EqYp3fFvq6AeS5RMeo6LSjD2rWHwh4zX6	100000
18HUxAhHimm7d4dBGiceZQDJRHfKyVjumy	100000
1GPXXQwrKX9hMW9yEnuTmaDDgxmzepm9pv	100000
1GunbgqRcT2ZY3d7zwRwU6Mp4TGUYTxP12	100000
m-64cca99de393e6f9d68189cc0db9863c	100000
bc1qd8qk9glea8uawf7hn8cpntdqv4866vvmv0g87g	100000
3HxkZLuqXEzi3PGbMDaB3wZ2v7bFJQuFp6	100000
1QL6s1HfcwPeDnKNepRobCXLpZmPHFsJCU	100000
15fknTFfi8zjaiqRTUmTmNMLXZmYjUxHEp	100000
bc1qy358z45sva96t6w5m2l2904qqk9svk02kaq4qx	100000
bc1q6kmmratnl4mc344clfnvxuw3zlft822p2ldatt	100000
14nrSxuewXpmHwNg41bBhVHHSMxDBhhTvA	100000
1EMXVq6CnzkzZAHfoovbapdhGTyFxrHAVK	100000
bc1q8sc4esduk52sg96nzux4elar6uvaf0d76e5x4h	100000
1AnhpB2z6i1VpsRhVdUxDBmLmqANMUxHRr	100000
1LCWiemMtQBkBQDUc8gt5a7xysu9AQYB7Y	100000
bc1qmq8jx2vuc60tvf6eh5uanacx3ww5h24c70whnt	100000
18AZrUf9Lz1nYCJZ8r2uehSDvfyvzmk3UJ	100000
3FSjTkVz6kK2DbhP77PUxJXvoNWoyMq7Ba	100000
bc1qvs6e757wpgfj0y4kpa36tzqj95jgrqyy6ypuw5	100000
1DcU1JetBVrDDMym97YsVU5jsiNtyMHQQS	100000
1B7jVTkxaecNAUYCKzSEzomzoho91a65ow	100000
1L71NfJbE8XNCCB3eshEBqBDwidFLJPJTS	100000
bc1qmxgu3p9wn7wgsxya9q3gwlxqv0txhphzn3r35a	100000
1PZ7K4qyiz6Danr2yvmgPaGnXeUspDjx2i	100000
1HYUNnevKiiiVsAYpNXMakQw1qYh9CugTB	100000
39YfhjEAKj6cuit4fbiBoGdBuUt9sY7VXC	100000
1tag7bPJzBnifL4fEMbTMbGd874XpmkqH	100000
1BQCrxLfyszTwAPsKwK6fV1mSzym5t1AwC	100000
bc1qcqn5rfl4dn98gjlvwz8r0ssmgxva8dsmc3csc5	100000
bc1qsd0wqa2wm4qlz33u56glda2heuw8ayx2fy7t8e	100000
14g2f2KNDL3XURDixpyh1ArmSUGnrgc6TD	100000
bc1q6q9vymj4d7a6nlg9hhwy6h3hlgea36hhv8fq52	100000
1LzCFyFSqPxDnck4r91G9udxTGjwspNCMF	100000
1EFA8oZjyqZpp7UjWCa9KaDsm9eoNwN9ot	100000
13r1gn69XPqAi2Q8hkYD89NHncHim22aVm	100000
bc1q8vj667xa2434x2ztzzneta38596hmvd5dt00vn	100000
1NARW2Rm2K6n5VKv8rKUe5p48R1yzBnQrb	100000
1EJwDPbT2du1vCE2Eer572XPAKw2MZZMWR	100000
bc1q5lpvepjm5558xk59yk5vgcszmzqch62wxjgamux52yxr9zml5qyq0xc9m5	100000
bc1qd7l5fzv9zeg0jrkumh02xcr42j268p4fk430hj	100000
1K1FEErS6CucZe65UEZUCgb4vz41XHqtvU	100000
35wJDCrjTnUq1F7xe8F5jKeJvECRqDN8bE	100000
14oJtjtjy2RuzRFDVHXQG6vZGK2uFVYC5w	100000
16gaFtx1VewKNjYLBziNNE36G5BGo5teep	100000
3AqPfLXd7jSY8VsuMsGgEnBECM7wttRgqJ	100000
bc1q7d0l7636pwl2s83uhyk65vt07keaaddeqm8fj8	100000
bc1q298q8vsflad85wtckwte9j6hvl4p5hjakkj6xj	100000
1LEnVUvZnuVnhuUF14nvGV85Nfi8y55wnu	100000
bc1q9r4mh3y54d87gytsny5kv7xr5tze2q0vyvhxj7	100000
bc1q00h4337nl2jmvpncxukmmqkmcltha9dg23dtmr	100000
14ppurwHFJds6HvhsfENgryokC7UNkh4FW	100000
17FdK9P1TjoznDA3JjYyyB7zqYWvyFGH5f	100000
1PP637TEECf9RQfapkUZLebPw5YckLpVjU	100000
bc1qr2eye80h7qh82cpnuzt0y9gjqehdygj7y2k8ut	100000
1BoFXrYLZrsiBkUffCEbuYXxw2wo5hndbg	100000
bc1qan3ugypr6h8cxjst26mfrf7snkujx8em5nqrcc	100000
1HorNX3HJomHzZbeJWWj9R6nE5rvgTYpDH	100000
1JapLm42QTSJj4Y6GejLYYj4zBF2TSF9H6	100000
1KpRExBQSU5TezU3qnrYESaxTzP7LepWfF	100000
17XnboshDGGEFxd4DaZ8y2y4nrPZ2dESDA	100000
bc1quxsrdc0244s8knwm575mrj5np2jdwxvclee5u9	100000
bc1qkawn74y9h2hqlv228j6vn5hsg06n3aeyykszuz	100000
31pmnxi4Sk83bjoKL6BpT6DP1HWFrvmn9c	100000
13bEehwKKsf6obpAjGxFGdXqK3xL1HsAyH	100000
bc1qnl4r3r4ctkd3q5sgywgvlcmh25jf4tm2a2cz6y	100000
127bd1FrNVMTEsTt2VsAUMffjQeFYnQGTe	100000
1CtSToiyxcgLH1Jt8ZBmMtoF9NEd6rXnW1	100000
1C98bApjonkx4s2PnSqdU4QsStuUK2F3Vw	100000
1APMsXFdQVHTSZ9Kph62B8jUgzE8PcU5k3	100000
175RgUSZ31ZmuWzRons4mVcjBCbZ9o6yiy	100000
18HGHvDxjrFNfaVZWNaLXP4BZGZ34ejbdT	100000
39u84686TrrCPHRsWwe6zsC8MF8H6xoygy	100000
1Go11d95wuF2dJ5kCnSwmzrTfTL7XHf9iL	100000
19nUYnMptto5XrR45iyRbFed7cFagzDSc	100000
bc1qdum9l6yy3ag249dg28axsu4zf2dj0u8yqvunu6	100000
bc1q73zml9uzewxgg7a9l8em3lru62rrdafnjjufsc	100000
1Nh6pQSiRqqF1di9wwJmsghoqHgu5EQBWj	100000
3FrDzukydKGgXGVpyAELxwFkrd33S7oCSu	100000
bc1qwa5cs7v52hvlashj522ustuen5xk3weymkd0qg	100000
bc1qtcdzjk9xeqma50lfxgueeypx84sw04uy0xg3ju	100000
14GMxpRW5cxGerC3RBiD44pTzonCFM44oL	100000
3MhWCoZd1my9QhqA5aany8MSB95BkVbm9m	100000
1C7pUzCCD7ZUJLu78AiGsgaXcuuamkwpo4	100000
1MV59ysh1QEraiS6fuADgDeBVfgE9hwuQJ	100000
1Q4AbdLneSoqesetnaeovS6mMBvNKhibaU	100000
bc1qp0yy9hf56lmdvgsdfwvsj2zuzdk392pfhtfcw6	100000
bc1q4pjnn0steae8g33pu2v4dwuqszvr4u6udya746	100000
bc1qu47qca0xlre4vk55ahe0suc57u2y5q5m278k8v	100000
1uiQPWFdqmJLhhC79jiW49PBdtzgWjMKZ	100000
15Gy9T4BnBznk7ZRe7Cgjk7AnmNwqzXECM	100000
39HtJa7HMNtXVrQWcq3t3wQwwyVPUjojmT	100000
1Pmfm6wPzytU3FDnnUWA69ksBuWXVDeqpu	100000
bc1qc9y7f7gmq6akn75nx90rfajkk387s3y950pgen	100000
3MLQecEyW5VUVsCUeqfz8uNdYM8wDCfNDe	100000
1K61SjHyDXjXTpbgXMiaG81DQ1bq1E1v2S	100000
1GvZGovB3v74oCevidEYXosZC1QXpMbPwA	100000
bc1qr5nsdlk22ynj03xa0n3x07kemu2frse8l2534l95nlp2adjkzuzq7h0p50	100000
3KequwFnRjqePgvkY5QJg3YkCk1iYYZj7E	100000
35UjLMB6wsmkdyCXYz4nuyGrfN1f2UHkwC	100000
1MViEv369HtMoSbYEEQTB3Tovkaagvzyiq	100000
1NWTfznBnkRaQXsui74zNTRnuVUcSrFLu8	100000
1BPb9m9WJkvSQtdgBYidgYb6Ewnx9GPC4v	100000
bc1qgedaycyf733h89xwu9wshffrvghfgftyz9nyw3	100000
36bGUS25Fa158uVnFhBRkM5wCLbSiLJ69k	100000
1PxegSAceQiBfDDYedcMykUxMPSmynqLvM	100000
1PjpT76pp6RiGec5wwTcw5e6LjG9Frybog	100000
bc1qtmlxgtvwmh5rwtf72xa7m2ja32yrk2vt6ang27	100000
1G74KEcCCVdQ3RS6YhLwsuShY5EJAdtKx3	100000
bc1q0xs4nuycmd0csjjztcrjfsw5pfqkz4mtjalq39	100000
3Lzhieb5C1nMQRhuxrP9zYHXGZ47vToBLx	100000
bc1qcnptemz88fx03mpmeyrf3xv9zh2nc4ktxfe09y	100000
34rHSubzBCgaqBbMzvachj1dKaXpam3Sgb	100000
3D1s1qDt1A7D6eZiYrUC8vNbHc2wH5rqSR	100000
19ukQ4jM8ZhRjbkowTD8mbhpyXqtZgYZpj	100000
3B2xwDmr2gJkt6AU2fEKurXRf2pp3ryv5F	100000
1ChbgEWyid31RBA5mNyUxzNWNVLJDiDb1o	100000
32G12MmeRKG3NBwM8QRkCHGRvd8yNr1Eep	100000
17pLnQqpgMTFHtxuSvVADsXhZXTbPM27qd	100000
14hXaZqNELoaJT4AL2nYF5bdhHronNbDn1	100000
14dE1Eve5taeCD5iameMDr9Stk19S4MUQx	100000
1KD4XE4sWJBtCcdY1dQ6RdHPHUEYqAhDBV	100000
1Gx8v5h1MGjC1HemgYdMW5WTJbnqFoiDGB	100000
bc1qfuqer9gtg0zj3ercs43vwmwe9y0q50s93hk4k9	100000
14mA4U9nnPnpDb2SNjctvsLZi46cGCCrzx	100000
bc1qgsemgpuxs3rytn8sfhy2236wkaetd8h38a8acu	100000
1NxRpaqddS8JTfzscbbZA7Ypbq7raTe3mv	100000
bc1q40q3jxl2vmz3pmt7pnmr37mgc8kqsz6gzn837v	100000
1ML2MhbYNYzRfudUEPau5RhX9jpH963w4E	100000
bc1qx9h3s485486pcj2yw3ywaqvca5hqr4k42j0ggt	100000
bc1q03pudv38px8ytuuk0afhk63q0acuj3qcltqhdylt3maxylmgqy4qy2jjml	100000
1MzFBKhjWbJYHBdwmtTV4xYYLDxhVqa5XM	100000
17Ax4zNYUF6MxjMzgYUpBtaE67V3GDzr7k	100000
3K1QKYLMNesUSyfM2U7Q2CNqqDLHVdXw7a	100000
1DckENfNY8wBE3XPPFGLDQsPXMtZB5BZvK	100000
18SAnMKHddDD7ZGaN42VjsvgYPxUN244TZ	100000
bc1qfjaw8slz35f7tyyru3f4j36wa7dy79kv9l7wrw	100000
3BMEX18aw7oAV6QoxVMGt6NHT4r4Nu79zv	100000
1uimYgGUxsYfJ9cy7iCci1r5ieqdvEbTX	100000
1PU6HHaqdKFNYwWaVnLFwsmCetkSwTC6WE	100000
bc1qmkh32dxp2d5nrxaqfdu6ys8nlgkuus9uec5yh2	100000
1KsWPbaLTnSbr1kdPZ7uVQYwrsF8ZmPzWL	100000
bc1q80xmt6mtp4tsx23naeegln0cm9ndyyapkmksyf	100000
bc1qtfxrp8jfccy0axfe3wcqqyn3xff4resesnjz0u	100000
1F93xMiLrtAJbPgPf3VQyMTZTR1c4r9hUh	100000
bc1qvfvlhm6nc0nmp5n7hrpzef4fz4ge507vnf7dg7	100000
bc1quxl7htgec5ga54aj73z9nwqcn8m8swh2taddwrenhqtech9m8fdq89j48z	100000
1Bsh2724f3SrMy1UXvH3abhGxvoP4aLCtS	100000
1vq2ejXcHcyRxGikEoabVGc64fBi1NUg2	100000
bc1qvy7huty6kk5z2tjqcrwk2y4jjn0g34sq8k289p9t2q60vlv75uqsa4dt3t	100000
bc1q5u38su697y595n2c8wjsaa5q74cnsnltuy42qq	100000
bc1qy6pn65g95gw2k3swt0qxr0096f39fhve5eqqsp	100000
1EZw9c62krZeyHeryYNtcHHB76A1TkrSBb	100000
13Ui1n6f7QZpGPqhVPnwpfJafPDDuAA8Gj	100000
1EQy6nGd6AEcjZLPpzpyt9s8xkm6HApY2J	100000
39XEci6rwJwxtn7GFoM11vGZNzCUKjfMyB	100000
16MN7CBzwvQiHks4UtbRkr5wQ1MBdhfHGv	100000
1MvwnoHL7JAvaN37WJAHadMftHZvAEHiCf	100000
bc1qhtcxr6dpfw6hccv2frqhg2k02jdhrfxzafk8rz	100000
1EfNCD9ScLTLPv9wbufzsPfqwqFvLuUBPW	100000
1Ev3DWkcX114J1aoegVCjsifrqbL9q1jQg	100000
18aKoeEj4oJWm3uD7SaynxVHAjVPgqmxX4	100000
bc1q6qa7mnknxjrv8vh5fmlgka7xezte03xmrgn2pe	100000
1DeyZDmWurcQ3gjCnoLrHxfdmJE8empspj	100000
16NmB2whMF8ScLVU7LRYoFyhvpTuVtdtX	100000
1QHxKA7jck6GdQyUH9qi48ZcXr9dz7S4WP	100000
bc1qsq7d760zzd2ljernl6xny5wmdvfxh6uhqn4td3xhwl7rkq0r6fgqvwhyxl	100000
1Dd7iK5umXqUgBgEFaav7qUTr8fnqa2Yf	100000
1LGaq24XgH5yMP8yBnisYi8ertRjeLW1Uj	100000
18uEsv7kTLx12ivcoSoksTUUo8XPmzWMzc	100000
3GeSDgdEkYaWQAUbLeDKsimXs3nbnA8C7V	100000
3EQJyYbB9JcCdC2NcZqEgihCXzFMh9GaqG	100000
3MCGaNBJY7URXU9FzBqeyHMnoiQtqXJn3x	100000
3FHGFp4RRxinCi5QSVftnnN2z8WxWGrygu	100000
bc1q26v5603npu5adffq4myq7zjapxkvdr7eg5260w	100000
bc1qdx7nccpq6gjxa6ctpuawhmg38aa8m4fc8k233a	100000
bc1qhkwxupg8v8urd6nv058h5pnh9h4cuarcg7df76	100000
1H1Jvo1DiZ4XfGn7z1oxzeTZGpQarfwN8Z	100000
19yedAzEMXi8PtFHQK4nhggHvWfhF9mrmS	100000
1jAsZkp6AWcmQ9HbddpeU7bs6KgghG1ap	100000
14u43uezN91Y8n8FsVPXt2mLmqqdVHqmY2	100000
3BnSLsa2x3EaAZSAuEn715m3QqLVkuVn5k	100000
1J7BAMxo6iyAc2uHfX51jQTxSXBRiS2aqU	100000
bc1qm6f6ek39azr5n03r3j4dshalfqmw2q0ypp0507	100000
1MMMrDxQS2i5GRzpkxZvoQuGrKp8xfkUaC	100000
bc1qcr7refv9y5xmcvpauzgs5htfdde54xtdyw743s	100000
3C4znHnNoteKT5muEtunQ5AmHPHijvM7NC	100000
13gZYss1Y1EEmLG2sFvXxjiBNxLz961PUh	100000
bc1q25qammaala3xs4uzenmuz2x3scwx0j5ra4634g	100000
1Pwqkvbz4N3SXMKhiR4LMjNrnjW5aRQPMu	100000
14ip8sri7fwR1pg4KYm7pvBoZREr1VCigr	100000
bc1qt0agchpvv53pe68qqrpz80x3xht7zqse542a3x	100000
1AhgiEG4rdk3RjXnzwZUDLGi8xgkWdgrun	100000
3QYxjpSZe9nJba5rcA9XEN4xz1FbaHwpaa	100000
12LYYCTkUh6ESyEBqCLv6RyArazHEE9Zo2	100000
3GPMWu61G766Xjxh9efwd482aDvFH55ENx	100000
1J1xSsn2CwJNib29MUBDzx8tPA2fcSJv6A	100000
35GNT8D2dLK7Qsi9qXvaj4rvD3E5kZrmwS	100000
196YNbnamktmVGvLWzWVmBt944xDDzLVX3	100000
bc1q5y8dfgsxhu0dsqry336hjzkuy0aaj46t7w78j6	100000
1MAyFGjCLdDS9mm2AS3gX8V6Dj3ZK1Hf7z	100000
1JzQFVi8AQEPfv15V73X2HmCuiJKw6h9K5	100000
3FJtiBNgdGKnbJDqNgZxKaWqRu424S6cGw	100000
bc1q46l572z9n49maw8yxh2wl2c9x0nc2cyjwepkuz	100000
15CpawKNHVDGDcWZD8kLT1AMWAYF6L7hjM	100000
1JJFB3wFjAWvaNZqPdykmogvYRC7kYre8H	100000
bc1q49feamquwmj8qtvrdxlyg5ydtgk08u87j6t7kj	100000
1E2FtrmVXM2rdxbGKtTq4W3GmaF6BTguUk	100000
15S2BmUZEPZt7Ss2zFPUWfQ5XpfDrjvaSK	100000
3MFvabxj9XpF7UbGgWvmB9HBM8Wuho6bBJ	100000
1HKZCLjEPa9p4bzwp7wGoeHG2VScqiPiJX	100000
1J6CZPkGr9WxwN5vLaHFzjJfBt6jEt5Ym6	100000
1NVbuoLE5WHY34dbuemVK6Cs1jKhNnV28U	100000
1NDbqKF8rAdqbjhFvf7g1x3uZ5Nf4apQ8Y	100000
18kvzYexNTM8xPxLqqqsbdZKrmhNVBM8ta	100000
1LovexG4BfDufKKKR7jHmWWusPyJBa4eSZ	100000
3AqWeDVQY4gJuMiSdVd7ZpJSpYcL6gyBJg	100000
bc1qnejyl3rhs6csscfx40e3q6hkhqa05u03jkjnmm	100000
1MFBGdfj85gfFr3k4dN8k9N1zqXyNcnAf1	100000
bc1q25wjj9vs7dkavawwyss9dnkx4wn735kk45fprl	100000
1dhUN3oE9aYnVTgtGjvWvWoYWLmPqHFvG	100000
bc1qg5af6kcsfphgycjquzap5xqyjjc4kkel8p29lq	100000
1EoCuHWiSPkugiK2RDYu1vo34LdCpsduoF	100000
15ocHnAmQRRfHFRV8PnRSRA2G8hHAh6bZC	100000
1HuKo8t82tbvdMSDSHizHr1545vxpXv2To	100000
bc1qhq3nezvf6yaljxd3n3xq5qce7tk63ptjtgt009	100000
17XVmLMYL65pzbNJ9nBLss615rTGhpS5GP	100000
1NLC4T6ZAhrzw36fbYWgBVMMUG6kPDK6A3	100000
1Hw4KLpZHdzePVVv85gxgPJBr4tWpDJQda	100000
1GQpkxtPdCsMLhajdB8oC4BRt6Yof5xv3B	100000
1DUjbcLXuuE8mxikNbhLdAiqdbCodiYfjL	100000
bc1q6sten4ggzqyxfhvywst34up6ryz3v6lnvs4sky	100000
1MRHG7J6Ag6MvEkvT4DYz8dXfbJ3fzrqGv	100000
19rKUfhMJ8RuCo6HvJRVG6X44aoepqX1yT	100000
1BsmyryVh7h7NQrfjUvKGA2xvHQTbLZVF7	100000
1KUMjJYy2zNH6Jar2V3pfEwiDo1fPP8je	100000
bc1qc6cg3gnk3g9h4zahdg76lnk68zmrq2ak0vqwdu	100000
15B1RSoxHYRfCTTTCRsePXFeAv83E1tJFv	100000
13ZJFzR2AL1pyJ6sCE9gNXkUwYMztchjew	100000
1CpXrcwPzuHhzxLxMxKkG4DZhhAxA3rs4i	100000
1NK6jc6Yejy1BqdwUnTdXJm7kJwSag894A	100000
3BMEX9L5o4RUWSe4ugspZx5QWQsFGKoZMg	100000
1GWW7r3oxbK8Eb2r8okZuvJLpLGS2WJrfV	100000
bc1q9vd9gf36hj3utx4tawksn9yu9k35qtl86g2788	100000
1FqybvQ5xqCo2vbS5xpBaeFTgicJK3j9Qd	100000
1Pihm32V4XvC3xWEjt7FNF1i2721nAsGfH	100000
3MwbVy88Awms4T2DrouWHtyE2ZGaxwAF6V	100000
15f3JCvqPEFVDT3AB3qQe46HjAyjAYhoWC	100000
34q6ehyNTpDXyp4Z6v5fpcU8ywVA4ohpwr	100000
16rRTPRXaM3q6vv5L3AvVBg4DydSoEKfAm	100000
bc1qh4t5ytsmxza9kva3ksm77j4lugywm2v6secqa6	100000
1NTjodVGRDwCeVvA9qPJyhnXxLDTqJ5gtF	100000
3DVuig2j1oTwfZ8DWCsn4mpgBhJZStrbf3	100000
17j4SDJvfNoh3tr6GtUhFkQ2WgS84TbMXD	100000
bc1qf32xuw9c8xpd8exqmsc8jhx63t8m0h2dm60qcq8pjkme65wzuq7su7ke24	100000
bc1qwdx4xy3vhf33e6wv6asw9vqvxzvhjv4zk6r5zk	100000
15k1bzpYmZk55wBVrBcpNMPKKynw5UApXw	100000
1LRB9qd5DZUQZdJiWRcwPBrbtX7D9Gytec	100000
bc1qzplvjuc0vatj6t4dm30jug9fp00ms0fddfyrg2	100000
bc1qe5ynqc3zskczcdqa2u3mxhlqlk9pauu3a6z6s4	100000
bc1qj34l5mpkk50kr95ksps7mveqr8e9r03evg348e	100000
17wSsdYpYHzUAckJpRNG87qoYo1hwrbPaF	100000
1JTPCQHh4NASygLD4JXDXrZYsRaNaFBDrk	100000
1MpfP8yWySTNXTEpQWmuCyocoFuLaD11Kd	100000
bc1q05n6l94d5a50xx8jtwjntdpvfc8r3fddyhnypj	100000
147hJ9JYzocLNAnukiGGgYwVSEc6fx77sw	100000
1DYms62TGxRrR9opd1D8PbvWc3yvyjcFT	100000
1AywMhpwp2UkLN7KXWXHqM855dm5AnMEy9	100000
1GqNW6WmTsQQCm2voLQntk2e3eNL5JyLYH	100000
17hKs3RTTWW17UM6zfk7P7yUBbhDfK5SyC	100000
bc1q8kfqut69cz0qzzw9tv06exfml7g7pm36gpc8j7	100000
bc1qn0atwaxnn47gx0y8alcsqvnp9mn7pxm592gn9k	100000
3KkngV58DTEmq3YLEdneRYesJ8iRJkQhRy	100000
374YNE8x8Y54pLoAEA5LHCGFbsbds3MYSc	100000
1PXZn1jrtbWANgUBXdStd4fAfXo8YDhNcg	100000
1CLvrQvh1K4ijNQBdRGVkYxBZCXoia8q2Y	100000
bc1qtex0qqwv0r9ju473pz6ffxhcmrcqsmfumt0zg7	100000
12AxYEmna5W4NiC4fU1es1obsTXiyhKvfA	100000
3B3kMnstkZgLvXeEDAeHmLEJ9rJFyKBmy6	100000
19Kara66L3AfafrnH2cAzUKTZ6g8egX1h6	100000
1Lx4k674KCi3XLcpupVxRmmtoaEcXFxNRd	100000
1D4sN5jzbDWeUZZJdHedFVDY3kdiKS9qjQ	100000
1DQRttuMQX9rYVqaNfw2jBc5kiYpZ4D9yq	100000
37Q1DRCmKtc8K5n2NKvGSZeP5qY7nmFb6v	100000
bc1q9uzrl9hz2aquqhgr9fz9ut46av6xn3txlphycfhreuff89vuu64stqxnfa	100000
bc1qyer5jpqztk7qmkeayr0k4y2aepctp5p7zx7yxf	100000
bc1qkm9e3suu7dma04qth6tn00hvp7jsfa8x88fa6q	100000
3HvVh6uAMvU7SDAmPndi7LJHkZTZGhfz9N	100000
132mmRXsFpAszQcB8Y96qvnP2uycTauqLV	100000
1MyL67wiuujvvgzgSzXk4hC12XHByeQgTL	100000
19WwHjMApQFMpvuvg957Zh2DHwQ3daMhS	100000
1NLzxPu3VjPnXSKCv67eyWk95qZkNcBojc	100000
1F7no4dzMjQSW6jGVgnLS4BHxYSY5zQPWu	100000
1DZdfJXvpT7oF1SKr4qjAX7jXG6ANyymbp	100000
1JHahNiZcuQ8HEqd131EKCPZ1MLdqoybLW	100000
1NwPd6GozkkGfZKsXKeWqGM4pLN564hmVi	100000
bc1qmah3tda7v2tcqmgv3kawxut5lv90e3ulkgknlm	100000
bc1qad676yhfquf329gy7s2deh22addpuweejsmdr4	100000
39Pus8uwV2jmWmNGbFSFe3F4k6K9P3Z3Br	100000
3BVXL736MpscZgVjhfBfKfkXfLb6Sqmc2J	100000
bc1qgzgjzx23cnk8k5mx9y6luy9kvds4ftq0t34uyqfana0zc7p500ls6x9em0	100000
bc1q8e2ha2vhjg2j80kah4deja6q5mpc6fcnjm07ze	100000
1Gm92s4hQg28aYFi2ufRNvd3LDrWy2RFUF	100000
bc1qhftmpldqm00q8l90wnrvkw0nglruf4lrd7nztj	100000
1PGdGmsfNKyttD8oFkTdykCgrNzabrgATC	100000
bc1q445k87psjwll0s9ysa0aq77dc65ydrpw9vyyeu	100000
bc1ql6apgscwue4hmtawspu4fac73defkxrz6tp9yt	100000
bc1qtpv9m6a36ss9ulppx8pust7hawdlg8t4jkryxt	100000
3A9zdDWRt1nbvM2rocSvkTZfScgGLZLmJc	100000
12bGoSZBbuKqk8rUghmy8RiMxUNHmSRaVc	100000
1Mf7Qkm1FLprd9r84ioByjDGKPKp7g5brp	100000
1PPBD3U6dMeZMJPfocop3Zqa117PJeFSD4	100000
1EFR5rLdzbZW6RWL5sZFKHL1UHhSzbjXS8	100000
bc1qrhz8skgnz0cqnkhpntcxne4etwqxxnrs52npdl	100000
18KMPH8Eau3q4e7sGuMR6mkhs1JupoTUW5	100000
1CdrYTXMXSdAm9H8jrVj59jqES6qfbJpCp	100000
bc1qa69508muukgpu8q4pe98rc5ytgsgetcs2cdlj2	100000
12BV4vZfBDsVAfUJG1vE5opSToKwkqsEE1	100000
3PqPv6kX3TuUWT32drtbU3gv7R7CdSTCU9	100000
1DD7C8M373noQ9am1JswsQ8gY7sf3AN7xS	100000
1634xwSYeP99BZKNmYZsjyf17GcW8Zyxda	100000
bc1qs6204f0axjwyd7yfax2fgnmv42x2x29575ntz5wk5njhf8tgauksu04rfw	100000
37DSxBxFvFz3c5uq7wcip9xnRAXnGgorCR	100000
1DKXcLvzcbNE34QhGo6CaBKfQhVmWV3NU9	100000
bc1qwqe3p0s6y8kenyvj8kyrzr465a35vkw67m3752umylrj2c0pgqeqvu74f9	100000
17bigKGvZLXB4eCtGj5xswPDiKTbejc8ym	100000
3NgrGWzwa5mUNqCSyfmcNoFiWLXhBCE5q6	100000
1HcyDwVXRTXnA3ojEWHbaB3Ue8S91vDdYj	100000
bc1qh0ved94dszc02za5ehqdysxtqv3tu5k0d0aw5r	100000
bc1qjzn5glpqcuyy25aght4qkghd7wxj2j3tqlfj7x	100000
13MEBR7ChHFAW9mgv4AWtXtKufNcNB3i6u	100000
18FEazhNKPTqdJhW8aVwg6xQRhphVFYWAj	100000
1PtfM5Y1mwvWn72KNT8i6tBqLbkBe2nYNL	100000
1k4AkzeiKvSdXD1CfkEwbPxZBHbSkRXzP	100000
1Lyhbi4mfNdbtDf6BrPtEeqRXpSwAxdx8v	100000
1PwNAh6eKSjBTQ8KFr47X3bPqho8sB5AhX	100000
34jQXEJJmbruJv8Cz5eZh1sJEiYuDjVEqM	100000
3AjUBi69u5h5juoKi7LKt7BLgmqX3s22f8	100000
3BMEXQSH3aZbtuGhujT1Ym1HbQgswLWH7V	100000
1267ys6LFSCtQt2zLU9RsDnYWbnRktnpeV	100000
bc1qzhh92venkl55vnk2yzcvc5rnz3dx93ytdqflk7	100000
1Ks1YxrBVTajt1do1dRUWNwi6AEdquwQ1j	100000
18wHgv5tUr2x6r2tvnkjnqTVUmM83EzvJg	100000
bc1qeac4sg854dcd0pdlxw8eydgyj42alur0mdges0	100000
15Wx8jhHgqRzTMqSYKT6rB9J9Kom1dbGky	100000
1HMwGQmFrpUbYu73kFziKUbYACJ1S1k6DA	100000
bc1qcxpfldzd8hd8qjfc4mqteefr32wkmrgpt2s5m3	100000
1CNiL1enrTJPN5iWpuw1wknERSXNphYjks	100000
1GWPG2BtAWR267hGCaXhtDFYPAzaAj3N7Q	100000
3FnCUHSsN3PVpBiGWzj2zmxChtXFwESBN2	100000
bc1q9ztasryhg3fxa8a03dhkd4jsgwel58h8vd6enk	100000
1LSRpk6H8rFn5LAztdip6Xvnb2HwcYfAQz	100000
36R2tpgxatyTLDxrvTatjTHxzaN317NfAX	100000
1CoBZSyRSwspzTeWHHxKdyGZXAEb9WUM8H	100000
13C4PFsFuUmUqZ873mCRV2NdJNDU7G4LGG	100000
bc1q00ejsm7f2jjh29xte7a2r9ekh00tpl2zzfmh2e	100000
1HwytE7p1capkZZ8ZcMSEgBvLvEVAP2wbk	100000
1NQySFTfJ3djXmJKNoGgWaBMFFywb1sPcN	100000
bc1qzs7e4909l9mr2suaw3hw4rx35k4mts7nf538fqxcf80f7xnrxsfq8299un	100000
1BdmuiwfZXnMKVCzhxSgBi4L4bBhQgPSto	100000
1NCxch6AP3kuXD4nUVvujRxRFxQTfbJ4Ru	100000
3F9Zo9ecqArwVxQAQGsm44digbRWBVVbRG	100000
1N2vpf9Cs2Exc8LtXkQK8uRZ7g4nBrkBi1	100000
bc1q3cdhwxgltuyphurnsnw4l0l4tvgz8vmy4qlzty	100000
3DDBvQNApCZVi9bhTj5tjrjgENneHVLRzZ	100000
1FA8fkD5T6GTFhtqFTw4SsUd5jKhsju1LJ	100000
3CEP4CgYfq3Wt9z24bLHs8S7Bt5oRnhzyU	100000
1A1GKr6Gqe3XfP1oD4rRvtzJR9zfzC8LaB	100000
19YvviWVwnvyRvnePFP1RvaKQ7h8wZL16Y	100000
1E4MyUidstLeyuqhnDNNLmzynWxbHtGUUd	100000
12Xp5dmFtBCeAGg5rC3TobCZ6AVX4VLXZC	100000
14aBrvsC4MpC4KSzRvKyKYn1CH6FfEttEp	100000
1FMZumTuT54QpJSfDWk6gRjjC9tjPFW4cJ	100000
bc1qdjhlqeemkda045thfgnftlfqyeawf5gw9an0f9	100000
1NV7FhFbKGDzWVbiZCQoV4Py6Zr8C3ibnf	100000
1Dd38Pq6eWtwUGUCrRF4CaSv7qBjWnmYWc	100000
1ewcCtApmv4qPATf3Xj2gXPoWW42zCw74	100000
1EPLmZbAdAx2chs5nja8dY85L4LEX2CHoj	100000
15t3vNF2TkdDUMnyMZyeyjh7BvJmd8KQ8o	100000
1M1U3upWC9uY4tiGHqArCerTRKF11Lg2Zc	100000
1P3k4tfC6FtPjWwngK5VLRsjv3CAriGsWX	100000
18dm4d5KxTsKBGie3BfkvkcUd4es1XVMGU	100000
1AkEqdJvQA3mKkM7hx1D5sZn8np2cUse3z	100000
1DAH3caVYoPv1H5UFWfPHQeJFxd8PX8fAG	100000
1CndCHiJroH7BqxD7sw3zxQMa5utgzTZkx	100000
bc1q24f7cztemms7e36hrqm2yjpddf2gl8yjvvrpgc	100000
bc1qt04djp6eh0z7en2yfwz38sc573ef77anzyq4ee	100000
15g2aQg9vURrvuGnvqmpdrHTsFBd1MFvJk	100000
1AY2m1rpJznmrt54i7W4srxiPjiGigNUJy	100000
15dRkdvbiS9ir95WQqUEgBas5QAj5uVq7c	100000
bc1qj6gj4r85pcdmqdg237h2l8sa8lzkn6jcfmq69g	100000
bc1qvykc8f64ydf59ls80rj07sva0a6w3p6y0e2u4ql63h78lgwlmrnqzq9tax	100000
1N1Bj1eYfui9KaFkFhfCNziwhvTu5FqSVk	100000
bc1qely8qefatw8709sxnhe6t2fyusmk6lh0atrjef	100000
1GvLVFgyainq3LcMm9QeGZFe7JTD9tA34R	100000
1CBCsQUXH2LimuVcZGfdifsScYN8GxrNF	100000
1BsJssqB8YwRXXoTr6JZwi9omZuLbDbkf6	100000
1Nv5S4mMz9trtG13SAA3fWaqGWhfFZ4gLS	100000
bc1q9fzq0eyrv0jj6hzy8atf68cwqv0dnqa9eh5qkf	100000
36zh2M3Lpg5u7h8DLN32YcCUbUGXLrZXpN	100000
14U1uwD317MAsnFA98WHjB6rfCBBVg396P	100000
bc1qse39ejqqpqjqs4g3dxz2m2auv7wetslh9hku5w	100000
1MrCMjadYD1j1TgzgPisNe46JLYiMebhn8	100000
18fqAhtdnr12348Y1GAUwuZtyCXL3dWcg1	100000
1Cw8MmKLs5Xfxzr8pbDmq4gqQBYQSyY24q	100000
171JpeRyMJjHtPvJffbQ9ncpPJFX9PpU7U	100000
1PJVYawCmVUH1PzNXfeWGo5XbtLwemzJy7	100000
3AtGDT7Mp1PBVS7QR5aAoNW9NdHLyM71cB	100000
1Ar3pnCdNw9RfmsgxBjD81zP8durhhk8k	100000
1B7VcqnQ4i7dMZEUrYY6Zu8p7EKmErMcMu	100000
bc1qlaxww9empqej2pq3fumuj99u0q7lfr20k7f8cv	100000
114xUcRCbdGi8kmNUzX17qCtgiPtzJGzXz	100000
bc1q6pc7urazsl0e38r95z88wh6qwru2g6pdr7f689	100000
bc1qtf74e7dgj38mv8azgsdhdfpurkh04pg7fynj3m	100000
13of9jpu7CoxUkYFCCMQsEnB82cfu5pKcZ	100000
3K24cGZucW6M5tDb7mrLwgbQsSLqoBHaGw	100000
3QgTqyagG4cxrX6u1J51YwG4UvyjcmmXdt	100000
bc1qazgsptqfyk3npww9645xqh38k9c9eyq64kk4ha	100000
bc1qvm44ujqshleamnv08l3mz5tnvh679cyjc2255t	100000
3662V1WqJ3HtSAFKqP7WxjqjsotaJj7bc6	100000
1GwZuNDvF78hwqB1kQ6hjkxuF8GHxp6kWx	100000
1K4ac8VvZrFSXccbtXKvJrQ9wvuYjMTrVK	100000
bc1q3umj27fqsuswu8eyq5ngwpf702a5gewl70g6ju2m2k7y4fxq76lqjw54rn	100000
1DdaV6gHZRAhhqxM1aWJTSzSFhcnVN5Zz9	100000
1PG3mnHaeVqaH8PvYE29868JmCA5ro1aBo	100000
17An144FaxDNtAZYEPprsoRWyyibvp8Adv	100000
12ofs6Us7SLHzVUpTR8RnF3bA5Ucc1t7pN	100000
1Dzx9q5cz8HoXJWtuMg9kke3vxGdfRxGwk	100000
1BUCGeihLTtPYeSVZaoZnSYnuTEJjJhwdL	100000
3D9ZkHmddC9DHQvHr4FxMsGWp34XG7esCF	100000
1BP11ZgT84hVq24weZtqZLsLBgYj4tbMut	100000
bc1qcedqkmudd56k4u4frhsqeulax3grcffpnl5lje	100000
bc1qsn29zcfuvqppqf940vc29rh4r3xnzynu35jpzu	100000
bc1qpkrxh4vfdce5yd4znkzyfrzm9wqmx87um4aka4	100000
17iV4imPfpEZxuJjVbSzCCgzHBhNVr6Hkn	100000
bc1qt36j99nsuqm4x8sl308zka96lsvyx6hcmgcy2r	100000
bc1qtp8y3utd89yzdm6w2zchlk9dt8utaqahmsk6k3	100000
13xFoWhzwbFG7mrj3T32ZxqX1YndoHQVSX	100000
bc1q5ahqr0yfavwtvte84pglx2huex8uyytlyg0d35	100000
33oFFKXoh8kp5DSCEHdEo1ZdzGhAPZrEQn	100000
15MzJXr7EUTj8XpxzKxpMGDHWm4Wmry3CE	100000
35FUWcXBVjAV5YBk1PVXkZ5GmSDTJKtfqk	100000
36f5y3uc5rT3hV1wz8TQHtgqH4Pw1orGgq	100000
13zaKw7aCxsNfeWbqivH54zjDC19RtrcU4	100000
3C7dneYsJXGoLhHPceYGA8engrvE6AhUqf	100000
1Hb5BMiDtoKR8oGbcFpS9Q6fjhoYcd53Ve	100000
bc1qvv06vkrdvgcxz6k857nq0m2d4ga5t72gq3607f	100000
1553WNh2Sx4Uk9K5iJLf1DZHTi95Po2S8J	100000
bc1q8ggp2vgf7l35ef89eu8ma4kg4p6gvdg3uedh5f	100000
1J5Rpd1QitKS52bqsWjtBcqN6NaxiZyipk	100000
186sQWbj8qJ9x7K9uhAfEuxPS7S2TZgdwt	100000
1HBPE2QhN5UchAokc25vBBZW2emP2qY7na	100000
3F81cihRrJpuJdYsFTvRgJFHX5vZFeacKx	100000
13iLrkSbU3ssPWx3WTipcN5KGjBScGuqR4	100000
bc1q4e33xzn0638aesylykm3l6fx9athh66chw3yln8gu8wy4t65mvvqqspmqv	100000
bc1qpu5ut45jmv49p2my0sjtaj72q2uuk7gf7zed4c	100000
17cDQeboUiEbtFjsLKnChqb5Ya3LypUZxk	100000
1FJhD7AozuHgGJKFhugdpVFfpRGFhVCQuu	100000
3BMEXA3SquHdHFZfm3jRENEr5Bh9eqNaZJ	100000
bc1qq40f9uwsr3h5v4xj9kzxm6jpj6fhlzrqn8me32	100000
14BXyu5MP44RuuJ9HzVn9Bu3tmZHLmqiqM	100000
bc1quvs38geen4vvlrpe2d24jrw2weu7s4m46zjzqh	100000
1DNHXQPZHuitM8ehCTmYKttyP5ndB6S8CX	100000
bc1qvy3xhgwvkclv35vd22mrcwvrumdzx7cnl9dsd4	100000
bc1q3wsn6gpfulkhqqgg0ul469ngkpahw5fasq9sexuk0dmjpcz02ttq5ug75x	100000
1PNDui58HRA5Unq3uNBUUmYqR9DnDWpDRz	100000
bc1qcw86xtkk46nzsmy9gwtd7cdx96v5qw9aadc457	100000
1Q5XUQo6ZtdduCKgSHVSYJp4iNct4Cx2hh	100000
1MLkLwiLfZZdY1j3oaX2dcDAfPLh9j7GqD	100000
38VXYLbHT7Y2A3FXdh8EsktEFHEHonDi3i	100000
15eUFL7xfiybFM2D77aN5bZuCuYJeBKkjg	100000
1KDRJNKXrqPAdpydbPPyZpDUSoZTkGaxhJ	100000
38NVZK8DFQSqnk4sSPNjQ9dttx5NzM5PDX	100000
1E9S5u7zRb2AyPxGt1R7p9YBrtfyWVAbT6	100000
1BeMHKfUZv7gpMQo8JfyAoEdBq9ayii3pS	100000
bc1qu2z4fljfa27wspetc5eqs9ge3s4jly2fm0yawp	100000
3JvAXg7wXLSQwoHzzvZsxiggZqbfJLa5Lh	100000
bc1qvnvyz596hp605kk03ze65y07u94lrwvhwawlxl	100000
3CUx3cDb7NgTyHJrdHpdxxVwhbGWr28oTL	100000
bc1qez77txdzf2sn43ssq25mtvp4lk2c6cxuey75v0	100000
37ApCzPuANrXyC6kswyU2a59fxmuvaohSB	100000
18kk9SY4QoA13mW1jUHjDFSMmzo6BCwDpk	100000
bc1qwy5jkj8qu9k3zl70pa8klwjnaasy2e0nfftktt	100000
13NceXtUkoWofz43abtVhdnBG6fBDEVJbT	100000
1L7eEofd476d6SRSAAk8aQe3gLoC8TV6qK	100000
3MHEYDGUs9MyYXpvBjS6qxs264Tm2tKGnh	100000
35gAJC9j1gFQAxGk9XfbDFTRoYq3M7tpKy	100000
12B6pjJCp47KhsdYgDT6d5THH6fonFucPx	100000
1EspmzgS5zbh1YUUQ4rGYMtVg4iMJV3HAm	100000
17VTg3FhoL1neCkDpieNPUSGd91FkHXd7Q	100000
1AkPjdMXPCpCkcd5GomjWUAbQjEZMay9fe	100000
1N5dqx6SSeS9EYkwytQJFkSEZWKD3wM9d8	100000
1PUiMeWjWJmoyEc2pXqzUjQXbL3BsGwujY	100000
bc1q3jl0szkvm3u3te3z5yakk5ntggz46udvd0atwz	100000
bc1qa39s60s0jpjn0ptn40lsdk9t2hgtc03lpy5pxe	100000
1CYpL2AA1XYdSdXBaWJ1Rb5xPnxzEfVtuM	100000
bc1q3tqlc2t3ja7hflh92d3xpep3z6kawxj7zanzj6	100000
1LMQk3fbfVXK4yGhun4tpUehCzDEZVY1U7	100000
18LjSC8AKvzhiwU8iVPnxxeuQGGpmDcjis	100000
bc1qfh9nf56z5pdswtyhynyt44tmrj3ueuthzv63az	100000
1GdQGubEuvVDLGhKdD31Hc1XkYWz49e1CT	100000
12HmhvwmigJacmVFtNEXuXtAakHtWpg1Rj	100000
19UrvzecXod8hxNvsbYixRGdUqdDGsGw6u	100000
1EHh5wcmgCygosMrUEPjR44rKxTVve9GSq	100000
1EXbcYWnUwbRTyjmkgUAXJLwSaXV1WnpbZ	100000
3AihsyF2ocNjMN7qXtm9U5i53mmypuWM6P	100000
19nvyQH31FHYZ8GLxHXV5W5q7iKaZssoiL	100000
3F4u767oYFGr3Em9SxZAfzNkC2jjNtRWs9	100000
15MzwhpUdXNDe2QWxkWBmpurvf8E9zs6a7	100000
bc1qwzaf407928rg9urmq9z26y6m50pyy6t8cgwkrp3vnu4vvy8v7mpq98ck6k	100000
12E5DStx8zTcjaysTPibBB9HPQngJfwvrg	100000
1ByawLdGots4ZmzBht1bz3sRekTRQRov3p	100000
19E7U8NPXvsetcar2DJSpy1rrCjPoYH8Ja	100000
1CHiNJ81Q1qBy5tgKNWFrdz5ygdvjjpqem	100000
1LNBgwqqSb3YsenymVdDaacyDwm6zgcHnN	100000
1PpAauUXFPQXdUN8Xpq4Pd346UWF4TSuYg	100000
34LkbERyBBL3gAWcGpXe4CWASFwcphmocV	100000
18Ncy87DPgZaLPHBZHaXxu9U7AWiyNze9k	100000
171TPTqgYvUFQELZU2Mss4VjzrpUG2ty8x	100000
bc1qwa56werz0t7zlzsjl4dky2wu2juytnu2qawq9x	100000
14rg45FKw9vuLf2p9zy7RHdn559zYmaS9d	100000
1PewFdgXTRenSk7LX2CniJ1x9masTssNxU	100000
bc1q5zcxwnrkpuh3etghc4yw7jc0rzkma203wxwlyf	100000
bc1q8gcca5tqsxj5dnw8hx30reghucacptw4l75vr6	100000
1GkKdAknnXgfj8gEqVRN6DCBdkWNhp3mve	100000
1KqEGTa5EhpEct3iiWLEcB2QpdvXxHdUh7	100000
bc1qar4a537mgr5h203yd6dq77hrhec9wr2kx83qh7	100000
12BRSp7LZcYg8v4FwyUw7DFRUAz9URGwQw	100000
bc1qqlrya0cqgv7rzhdd59yefnlfhuuvncv0g4a4nx	100000
1LqXMizer658vSeDLbuGg4W6q8qvmFa1dj	100000
bc1q8q3yu46nlzaz76f9sx7azec7luxv0fc0e326ts	100000
1C2H4CfJpoE77qzmaB86e3VzRJ7kQwBjhh	100000
1G3p7BPQpS65i8nD5gEh8c3D9se59KZMsS	100000
19t3iEmc3kS8GP784Du65hJMdnzKrLV9xu	100000
15JYrQb5if8UeMXkiJVnpL1N11aiVkFWHq	100000
34Yqgzf7Ha3gMJWenqoCNp1MYkay3omRhY	100000
1DhjxvYLYMofuApKbEGkNEYKdzfcxfV93U	100000
1HP4TDvVdSqh7VyBjgAsrVbMh24YGA9tn1	100000
1FP8eTPGEBzkJ2dz6DTVkWDVeidkRBp3CC	100000
bc1qyt5yczzjszeypuf37u96w8h2qscjcmpz6spqep6aypqvz8tqs6xsx6p8r6	100000
13j2QMAEaUEr3dQUZyULAVjBDJucbxjHVi	100000
1Ee4TLc97gDwbMtEX9Lc7BEWmE9DS2yMe3	100000
bc1qe3razhvz66f58uvzknshyja0y87llwh2t47ln2f9kmhu24e9agpqlfy79p	100000
17T7B2NsJdhyvAZ1XTytrZCPohJYYZrrqP	100000
1FTQ7dxQuMucUwdrGq4XTjPKaDGxHidxdd	100000
bc1qyg09lk4wugvz0t9ga3znntds8tgku4x7v4gk3q	100000
31ipneWTv11mqLQyBxTb1sgMSYRK4FRAVV	100000
1EU7SeiKnLvXvEsNNZRBxtR8otyiEK4egN	100000
bc1qfj76f6t00me89jft2s9d4artljpwslgugnfced	100000
18tg8XXSm7bBc98ARaVnaZNX5k3GCjy1a	100000
bc1qvj86ustel5w8u40a22q0j4f07mg34nk0htfxng	100000
1LDnbGmE9wEgKCngRm7fbR6kBbUe1vkAMZ	100000
19ASxcz8dgXTeJ25H9kavAmEJybfC5dAC1	100000
3KCe814c4YuMSnu3e23D1kSaauVToLFhfa	100000
bc1quyjy5uplnnm68v5clua3rnd2frzeau4y6u2fep	100000
bc1q35x38qk9jh2mh8cq9975urwrfnxjq2nu7ljfrv	100000
1BEfEFQY26yby57ojETmXQxkJsV7Ww5U8k	100000
19wMtypbzozBWjDvnFzKbVRT4YY9wqtDqB	100000
1NFL5WrexN1Q8eUaY48zf3ApHdibof67ni	100000
18LJaXww7Q241Jb745pMHeQtwVoB6UkRDv	100000
3AvTfVWDnUFvMTAVb4hyuzgVQLM3zk1VMa	100000
12vpWuyDwshUVoJNjWETy79FFQwENhXuXL	100000
1GQNyeAjMmCfAPdiW92tee82dFJw9hWTbN	100000
372AVkRwfE8N4qBdcsQQLWfba4j3iRZUmo	100000
15BzJqWSqLeFmyMvBRUrLy21UN9bdwTzAD	100000
1FWcusufPkFWP98u8qJRgYFSmiZ639Mbng	100000
3BMEXKy9FiY6xU5dpo136czuFrWvroHryo	100000
18VEUAmGi2RxSp2gXCyuVWSQ6MyMNornqr	100000
bc1qvjn2nerfck4ygndxmd0crhcxqww7haffta2ctj	100000
12HifpyVWdBMbmca3FYi6WRrVVkxtwF23t	100000
13PJ45P5sNGayGT4L9VwGTj2mdptrqUCaW	100000
1PfXRAZ144EfqGLFn5CaBXnSPXtKi9z832	100000
1ETDzs8hzKvDUwvYtP4D3TzkDTokJXAXxF	100000
bc1qhm4xav3stxjvxjfh2tzfhccs8l94emyj2d4xqy	100000
bc1quqymtdz2hs5wrttdxhzc6va3lzku9w2dpet50r	100000
13SNozV3HwWF98mgvhbXhjGJSiL8HNCm1p	100000
bc1qh7xhluxt69uh3eu0rhxan5lpcey3qt5rnjjk53	100000
1LUihCtc3AhZV3K9kxKjbXstSPF66WvNQ	100000
19wCt3X59NeUyoqmELbeJwT4iaubTTkcqH	100000
1DAr8HkRpk79K5xxH5uKNFz42sw25anFMQ	100000
3BMEXEbkNL71tzBF6AikYkyXodJaiZqnXM	100000
3Nk2NuTrXTt3ukQEwUiucGLJ8v4WqvPo7X	100000
bc1qj3uk20gu3lw70wy32r35g98enzs7pxra3vrxmm	100000
bc1qur27h0f976jgnzl7asxapkdjq5242vmf7g09ntpgu0g8fvxjlsjqajvju0	100000
1J9NP3UQMbp5JhoC5hj37y5vruDnXWcRWB	100000
3C2Q3ZoBBj9jkCrUmUk1JrDmzbTY1vqooi	100000
bc1q9zly8fsdnlt64q27t4fxex4ecejs9sqahf80f9	100000
3DTk81Jj7r1V9bCrJz5oSqeUzppoSnxV7r	100000
3QGGvKZwJTEQ11x48rLHL3PHUXN6qhQ7aG	100000
bc1qge3cg0vf9ramhu03sq4fqttf4xdsh2m22earcf	100000
12oGTmoq8fzgca43R4sUXo4k42ksod7z4n	100000
16Lk9cojKX3pJUbGj5DnUZHuhqgUfacEg3	100000
1PeZMkt7Nb7oLx7EfB4w4TVK72ocxpzcbt	100000
bc1qwk5akajp9ck4tuqrryghgxd7daacm8mk75ced8	100000
1ATWJkjxDc8AwrDkfPpq1f1JjhGsdBZ7xw	100000
bc1qyrenvcqlenvaa2hx2wkp333l6n63xdkv6u3jxw	100000
bc1qt7uh8qjpz77semgew4aj2uzv3hvaas7u5re6ee	100000
bc1qckqdsy8sppsr85sfjkmszvcxufg3dt9ecyhaf2	100000
3Gbq2wmM8NN4ACYzDn6W9e78SqLqy8HFpx	100000
1C9MrnUZGHjRdj42haZJR2QsD58B228TfJ	100000
bc1qxcmrutej9ega9a2w2yaxpj4lyzya55y9zrf80y	100000
1LiQTKmX3yWFNxixjTh3RMcXGZNKXTV6Yr	100000
191Zp7SSbd6K7yfE6Hd89YsKTGqKKTrKGS	100000
1FuYLzUrspyQUSa26w3qjtLEfF2ihauYnU	100000
1JSRahEtj6mtsHHEoKGkQ1Fg9E4ffHe3Rs	100000
1L3aR6N77amfadFknN5jGbLL2jWNPbd4Ui	100000
bc1q4amnadch9cy7y8ntddztau3dmrs5pdlatwfu97	100000
34Wb7wCwJvuKDBYLP7EBX8nqXTSYoLpq4u	100000
12FcZHq5MVi6WJh5SMPuRNymg9JMXxG8Sr	100000
159Zxr1USaQMiaH1pHSzTGANkJFhE63oFg	100000
15xeLVoPeqiErkZwBcBu7oeGAe9oAe7SKg	100000
bc1qyn3v9z7ear6z3px3a8k9jjfk6mk3xt0zst5m2z	100000
1DiksUK9F5pDvYTDoxSbZoix6reiMbC98D	100000
17cvc1qnux9YRXCLPss2nmXx52sncu9fae	100000
15UQZxnaSybgXpt1YE2ppTvpkXY1Gnht9V	100000
1FdPn74NRv3WFfMkAu9oKSpRagcWrLnqQW	100000
12wA3UobUGVayoiUiecg6Yrhcbwuy3HpRu	100000
bc1qud5x4vaqyemwychpxvz47msewknca5d98uuwrw	100000
1LE15JHsHuisLdDJYeLQfetWC8P92FQTN7	100000
13GiB9mdDVJCNCqUMQT3QwhLexFLMv7Vrm	100000
bc1q4esh83d2z68sh3h9uhhxcsg885qg3jkas5r8na	100000
1AFPUEtwTtJvDGPKs1DsQQHJeJyppmRsL2	100000
15uZd5Jb4vEVjidMDqv81RwLZhpR6w5RHt	100000
3999oSwkLCABrPwmngbxoB2o2sbdfnHfZb	100000
1HcPkiqfyjrJXQK4s8UT3AXnhyao5Eyc9g	100000
17nSoqmyEdaSAEqp6oDZWuwVJ6Agjg854y	100000
13KaSRTQuW6djHeYjyrkDbqpw61aExwaSN	100000
1Bux8gnw9XwaTsFFoDo69stkagZbasxX5G	100000
32bTZPvWeyvGQh4QwgtzKWD1uX1KhXUtYd	100000
3Dvhb6fATV6R5Gm939un2WW65MhF1jigki	100000
1ENF2zBMpYc5NT3sLMNUugebycNZmC1DYx	100000
1JX4bUGmPX4e3zbMFiWFkLRArm2tzmxSSR	100000
1HfeDMfv8ipzV84BwFgb7XUwRB9vfRnTLV	100000
1MZx357xF1454zFAgRH6GFWRijrhK4eLDA	100000
12RxrVH7SJizffe36vgcogz54efjT5e3uK	100000
bc1q0nyyte4vhkzywzq59eekrg4naegc6s4cel4k0k	100000
12D4amAhJ16oTV2Wh2XP2QkpniSnq1XMRx	100000
bc1qp8srxys77a3ytghj6t9axhpp0mr6qnwz74hwqd	100000
3QYwQrgYne6ov3fLHyiniaxDZrQDjgafu4	100000
1MCfRGinoAmsbQijtjfjrdVGWNgEpEoXgZ	100000
14tUHqNrp68bmXYnUMpDKvmeA7FLw5nHBy	100000
1Cr2CTXLwjxjTgCrwq62SkbJL3ybaB6Der	100000
13d28q74VM7h5PPWQyK8z9AiR6q5KE9u1p	100000
1tw2gxSvmrUcMpWhRzvPNZTCBF7ThRrEf	100000
3HCZJtbWWEcWzMnnAp4fuFZX9rQTym61fb	100000
bc1q2yu94k3wxpv882r7gsnf84gnx77wsy4d32ygch	100000
bc1qgq4rdjmcrzl830kagyu0ps5asstmgqkkz8rste	100000
1PNFF3v8HT6nytSZivoQLYgHPFtKjqUm2u	100000
175TjBd6rs4YQc6d3GSRdUcgbViCC2SQSd	100000
bc1qnhsczxf3a4tc7w7xat0khlgz9vjzkn30zpjmhn	100000
32P9anuiAxRH36A4sWvgLPagePM7pTQGVM	100000
1HeVcDuTLyJN5Nos4gLnjpE3YA7qddc37M	100000
bc1qw2tr808w5svrt8rtkvv2ssmcad8s2hevl7s9gf	100000
1CSsZYrVkVThX5nzPUTtLB887Kk2DcPEKj	100000
18cNWHkfmJF7vdy5jMun8z2M3jjRydSBxL	100000
15E9dGxP5A2eFt3GwpKnb5yN2xenFGnHvc	100000
1A4QVPbJ61h4pHSf7Sn2FfxQBiBfGnPnPo	100000
1KhEVW5H1aVaUDm4fim298zNKcYgCRZqKW	100000
19Qf57DNCFxqvXz8svCQg9Jfwbn11F1zkg	100000
1DgohnuippszeaDGcZJj22yTQT4DATUcAw	100000
bc1qp5twf72kzed23n5cv978egy7avx5j0lvrelw8h	100000
bc1q2qnctjy3h9umux0k8mnjd0ge3th4fffg6esn4e	100000
1C36qJG15A3UPta8cbqHiFtoEUxskfz5J1	100000
1P3b5P9JAohWvwMN1BjScEgz19g7NvxEwJ	100000
15KXPgxhQLe2xnesDYuK1akDR5w1UUrNu1	100000
1CRSVXpWkf7fj1JpbCFe5NW44oG98YCdHr	100000
bc1qpy79ytgxqgwulj57qv2wufmmde3mud409z04nv	100000
37Hv5uRmHJGCz1KjBhWcdjsXDXMXHiXtYG	100000
1DJSbYzgzgQPS1q9MgUMG3evEF1wwzMQcW	100000
39BDt6sfAsqzdoofosAjx975sb3wzYvRG9	100000
169H2zycWwszTzL6hnFmkghwKPhzm1N2zy	100000
bc1qjudtx4ghp689vcjat89ah4lcsykcfyprnzkckr	100000
15zvpV2G6p4aoe3NysHUSo5XhfUsS6FU2X	100000
1JXyCfRBNEywFvwTRyVLTRwTJh3fP8431b	100000
3LYPyLr4UeJ1AbDqZ9j116fic2e69MiW6z	100000
1NMUkPQQm3ayedPLKXdv8eV1mLmxBc6Eoq	100000
bc1qn7en4s5e09nh4veth4lqkar3cq7ckp7lzl7x0p	100000
3FezqxJgdKxP4d1S5eCQNXGiEtQRWJaE6F	100000
19tijUwtXXHmht2foUtGrTGzg32tHwvASz	100000
1Fz7oUH4MWi1tc1YfhT8DQjaakmYVMX7rL	100000
12mFkf4JLpHQFLwbNL94RxT1FioCKAAKjp	100000
17ujMRNBpWgXTUqggCFLA885GPG63V2W18	100000
3A4fsyCzU18QmKSFjcyrP539Ny9DtiXwa5	100000
191WMSayK949wemxdKsYorW74N8N98wkxZ	100000
1QTeBpCet4Y7HjT4E1SLQtDBSC6gRcB9o	100000
14XWFchU3nnRvP7RsMX8eTAZPVtBv8B1fS	100000
1FY8eWEtXp6dPosnpADJxTE4hsLYuiwQub	100000
1jEhJTtiNDywCm3v2BAHpijmqPLcrDUW7	100000
19DHw16Y3hiLCev8SAM7FSkaY7ppFF8MQH	100000
18quXxdB1amx3oivSRj237qz6q27gXS4Yf	100000
3K9EnRZNiecP8WAtSWfKJzLFfYuenL1kEx	100000
1EjcysJWUwyK67tQnyaAVqoJEd9345emq8	100000
1AFfkmDFN9MdFpBXRdey5kYttAPfyV594B	100000
39YshHJ6HePZ4pvLnpetD8jLZawtwHgX35	100000
1HLFeFeG2PvJqHC2Pa6iYX4YY24Si7dtje	100000
1Q4vQbJKcRxWcz5rrieDKsu1TfFWXw8JqT	100000
12UpqK2La944VwTbPYgxhbYf2cYFUdH379	100000
173tX7hYnKUdKdUnLerPbbJ2fpbSxcjj4J	100000
15Kxgo49qcDZZpJJRxNrbkfjmJ5bEJiFJN	100000
14nzoqhnoZEi9KYPFNbirtuwgHiyog2wBH	100000
1FPSpMNKmXVPU6X3bV6bFg8VLZLp8BqDWk	100000
bc1q90as9hmfnw7thgxpf5q3th4caaxtsx6tly39yf	100000
1Pt7keiqz1C5pvf3R1hezEJKdwSqPwQxZd	100000
19FDfiQhrzZ7fnFVn4UkHMQZTmF8n8dX2i	100000
bc1qdpz8e629rjyjxpqulmnlxqf8hzywrv9k689twe	100000
1AF4r18Z93Avz4Xu7SJxshgFCmEGBfwjfv	100000
17NHXjrWeSzMR6gBBDXQ4qp2D28HtCNE53	100000
19CJtSub2ZBqHt1RheFNYUM55vTCN3e1Ym	100000
3PFNcubAaGTcmGxZL5Lu1fFRqL1aY4RVwb	100000
112rnaPCvYhS1VUnwYmBqB1xQbcwUvsbBC	100000
145K9sPvZ49vxXpTuC4h66Rom7Y2dURaRq	100000
1PygLpbUDQMWCcBTLay2S1uTKSikz8uDoM	100000
19c5G6JC2DunGmmnFH33s3NJHad7gctRh9	100000
bc1qqkq7jnjs8ezrc4mmzlw3rv50kqkfdl06ayzsqv	100000
1Kj21NzyTmv9FVbQLrEAriWPoRfA58zqPw	100000
1A2EN6LnCgrbrTUjm5m4ghABi1fEiD8Fis	100000
16JZMHLHtADZJsCiUHjzSPerFkCza6AFuz	100000
bc1q2h9hkq9vh9nncq87w9lkz430rkthkzz6rxg78v	100000
16QB2P1cv1L6RC74bPgjQ6UWwnvXRjCiyR	100000
bc1qftzalcs38n36l5w4uju4ugd38akyxhpzys4mdj	100000
bc1qwgl2sumq54cy28mkjue59t06h6693xp07pa0de	100000
3BMEXdoBG2cMqkg914VbMoaY2EwzhuzkbG	100000
1M9Wx2WMSiXTpDMDTkcEdgH9VpWpDX72EM	100000
15XKw1gVXYZXpTVwqCpAMadPgCcSyFFp1v	100000
bc1q44gzn36e5a738p239sj0guh7lc3urefsqeu9mp	100000
bc1qt8harrnl5usdfth3n9tz7t4ydhhr068a69wd3u	100000
13sivZUJLRCzQvMbpqB2y9ncx54ac8knvT	100000
bc1qh0j7qspg6ysxf6gehz2mrfme0799cwa8wkessr	100000
1LJAFcW3m3s159AXSJkGTXxELT6uRguue7	100000
1KSwrc9U3rCWTqzK7tpacBv6nmZpD9Kcqe	100000
14fASoDh81emaGAf3GbhcHaCCLeK9sSenb	100000
bc1q9f97tku8m6u82qml9r7utr936u6xegpezmez0w	100000
bc1ql03gzcnaxsc2ctp443xm28x6aqgl5jldfeqn0a	100000
1NfPNAhvtvL1hMVNytNfaNzW4PBwE3eKFP	100000
135EGuaqLmBYdUsrBgQ32miMhW3hcLdERv	100000
1FuhJmRTTc34K1zWHqDSm482HNXVSTzRyK	100000
14PofEJkgBqyaXN74LLk82oWxQFQmjRAie	100000
bc1qy60y6ntjpuu9nfxp396m0p0mnk4uu2gqsjevcxs2ueyjh8zserqshrd6ny	100000
bc1qcegu9srg85z4twfnh2p3fuunggwnaxnmf42cug	100000
12tFvHyZLfR9ZBjWemxAmkCWzSn9yk3y2f	100000
14YHVNZh3h2ETA88qfdJRFpGGrvy8pHm9N	100000
1JxBU7R6hqVrC2hTpkwuRvdyAWrWcYjp6d	100000
3BMEXgDR8MjrBmTmgSzP9dYWULYiUYKEyF	100000
1Ake44W1d1gj9rCrDBnTCvAvvgB2Z2QhWc	100000
16HeJyEtvEKohrzeKMUVbHAmqZxp8MTt1X	100000
bc1qvfdn7mks2nm9rhhdpkqgnmev9ep8252urunyqg	100000
1GMHZHjf8qKUKX8abf4VXeGagtqJ63Lshc	100000
bc1q7ekejy6fqlvhm937sj952x0fwtywyj0zxzjsc8f83n94jz7usatsxkhcsh	100000
1BTJYAESq5fQZiEQMRwPNRTCCE2f9HWtxe	100000
35J83AtodFt9VJVxVzjhxEdh2xx3R4c4hR	100000
1Ew7Z74tHEM6NeSToaqCQCdQqYv5wdkvPf	100000
18mQMqC92q8HaGxfVBYDb2mKh6jYHbngkf	100000
18Rtc9wQTXB7ckdzEMjBVCNdcJTXmT8m3G	100000
1UhW72Goki4GtoEFvqLyGXWCqUDdy9bkR	100000
14KxdGeGT9VHoqTd8XEtidd54gjwvPDjcD	100000
14QDc7LVUJjM972Hi5c25w7oewTgh6o28r	100000
1CCJBLSbbpPNn1TYTWGSJDWuHgYynUZyqB	100000
1K4pz24fidnRtRXN6Nq4ba8MyV6JUPV1NG	100000
12vK9VCwoodCEiNHpgZi3KmtbqT3Qm4RPz	100000
1HPnfBdWGMn2L24rynBtrkLbHovnaUr6ai	100000
bc1qulummvq39elxay6m3arltqd4378ghphssdnd3j	100000
1NNP489wuhsryKR4Y6tFM3Qw4dLKkbcVMr	100000
39TmjxsyBeFaQM8Yr4g2JcfWk2CCSN3x5w	100000
1C6CS5Lp5xwkKBFbhBg8NqntVjGfCyjBD1	100000
12UcgsRMKSjPxt5CTKYNuxdnFHpAoTdfiE	100000
1BMS8GiHrAz9Gh1YhP4Wz5qkobRScyVx77	100000
1HSWDbVT73pgcXw9wCyZ7caS7ESDXGPTPt	100000
16TFRfcaVAH2TkybMXbueMJGW5XsqLKBEQ	100000
175Ucxxhx9u8hEf7vq1sjrizyDmNRbUeC	100000
bc1qwcwkvmy3d72j58n98kqphldgfzeukw9mhyenksm3gchnzz5335hs4kwwpl	100000
1LuJ8vhdZk14cGkL362tvafXJWQZbAirWZ	100000
1Mjy3USgj9cFAnd6eKeKJm93sTWuqD2Sto	100000
bc1qfr43e5xe8wqycmwwzp87js5qjtrale3gcujkve	100000
bc1qae599txvctsx4xs75eg5af8rkc5yww0pqhpmal	100000
bc1qlgjlr7wv3yxxsyh0ruhvr3eqclytmhdk23qq9t	100000
3BKNndXNAqVfre3W8J2D4g4kjCJtRPQ91W	100000
1MqEcwycUpqH89YkmxeGtZnxevzUWfLqDs	100000
1K4j1xcoZo3VNZ3kJphhN9rUhpjFt5Wo9E	100000
1Kpu9fNnhgoXpzgHfWL5vcJCTTVraSkzov	100000
15cCc5gd12eLnwfLH2esbytLzjaaaP6uJi	100000
bc1q64mfazlcumr7726f0g59ewn553sghlf3htgdrj	100000
bc1qysgqfp5ne3swjqq5w58mv6ygpmx8epj2cqe43k	100000
3GNobwxxWp4uDsiYu1BGbSxWRi57D3Rufy	100000
1Cuwcrx3aTE91aPzp7BWxrjHp8QBTR4kX2	100000
1Tyofaszh7o3GaGrmvTdj7S9Uvz3RwH94	100000
1KfZfJZyta9PSTDv4F53kiANH3S7wUwTAX	100000
1CdUu8JjG1t2i32U9dBkYBjPgSna9KyXn7	100000
1A8RRgn5k4vZFnZRG3E4NcU4Dn1PV1Wxr1	100000
3EvrLdFY7Q8aZdjppcJkj81XfdKxxMxAJN	100000
1FcUM3ywzQJaveHx1aMZHfrHaTUkzH3Kom	100000
3Gb5UCCNeZq4yC8ongxqPN1uCxTYJo9ZhC	100000
1NmeagU3V5d55xJ7NrssvbuqYRDb2h5qWz	100000
bc1qnttc988y7ktd5l5h4d5u8kvhkngfw6j4zhugj4	100000
12d1Ln9FqQziqRpZJmNH94k9TaUWUGcpWN	100000
bc1qnjddwkrq05ua3kw0se283gf0qhlp9jvq7sgzda	100000
1NEYiUphEjrrs4Tfxe1FVsUsxn6KFt9oA8	100000
1MJoJjTNfJh9ZtL5xVCcn3yGoHcufgPmgj	100000
17VDSsaMzujr7h6fqQ4BAaYx1neUZ8bcdR	100000
16EzLxFZzXGfBWgDfqGUdBVhqmtrUpJiZH	100000
1Cxw2ezNwPdEut2ikZoZmD2Zow5mK2eMof	100000
3G9sYTDyjxbWF3Gk9rpsrcPmvwpG7kt4a3	100000
166wKNAzx4zZERWKVjq3kThfSz86wVuGqA	100000
1LmiW63ZgNmk4JnS46Lia4J8KVCYzb6Jhd	100000
bc1qrwu76v5yhz05d8dca8ecchfnclycmjxxuf86gz	100000
1G1MhxB9HnTT6jxxmWirkmJgFtUpooftC5	100000
18iwVcvK5zLD2u8NBNk9KK2oYh32ayM8sT	100000
bc1q2tluckm5e3qcwnp6l9v4w2ag3kh3elxmdrpxdc	100000
1NtGL3jMvagq26Mvh1s3DopTNVznVCZuzS	100000
17Wdz5gYVJy1WrBwmgCnigjTxcqVoNqEFk	100000
16r7UTV3jzabbiaTVGdqUXbbyrZE3xf4Go	100000
16MSMsaKVRyFVnLVvaJjFnEjp8NviRrUYS	100000
38zKVrWBMFFvCWgtimXaorMXvad81Ph5RA	100000
bc1q35mx3py5aehqd6ppfw8xyqn325yxwfyj0j6602	100000
1PbCVzVgw6nZVAZC6gY4HpTDKFTKHBzdDe	100000
bc1qkzr99scygpqv9y42f95ea3nulmjxnrezgduqmy	100000
bc1qvpy92slzsgeduv5hte7ph46h48mvpytm4r9ywk	100000
bc1qxap3clukfr0k89zyenqam4yvvqwgagcyr47jwn	100000
bc1q8004m4almt6fkzs373pcftvj9pj44qxgjp4vl5	100000
1MNRyCoYPsJ6S9Ti1Q7dnXYpviSkcxLHLP	100000
3BMEX7kdAQ6hdVyVvnuBvXJso7SCB7BZEM	100000
15ms8Hnh1sDi1Xfkzupo3Nei5rFpCpy3Hb	100000
bc1quwvwyt7wlv2z2jsq6hr6m6mfj0rhww53ja3yrt	100000
12i19gboqRrXawiRnHtGPE9j92EbLwx9pM	100000
3LifJFMDyKuFMMMDFtdvKEcVKHqkdoDtey	100000
1DVLTXXbAgGxWGAmFNms8wxaTQ7gKoZa8z	100000
15z7LihjnNtkwLwfc2ReiAVouVsFZJKuFB	100000
1C1UeTWyFCFpbJh6yanv1vwwunRN1yEKxA	100000
bc1qzls3ujahqwcjlukma6ejwycjdl6ulngu2857l7	100000
3MbCs3Equ6bnJdkzAmtuorFHjUwPpLFFRQ	100000
1c6J5f6CMDuMNgXkwHyZouaXjd35Z1fcZ	100000
1DUanPUf8X3Q3ieXbutNjs4N7s7mnNUcpF	100000
14PGhyZX66iN9gCmFBPbWUpERT2FVptDuW	100000
3J7pauM2nwJ7hf5gCbychGDcsR4q7nVuA2	100000
3Jt2i9STgkgN26jzY9nRVPkM8W2CuPFTae	100000
bc1qxs6na69scu6cyae8rey7d2fl3747qls4vs3tgd	100000
3NJ63Aq5m91f5dLTbCzGYkF6uj9noERwJ7	100000
1AZVAhDK6JxL3HsLRVLZXdQihuRPci2Y3E	100000
1GGpVYSW2XVj89UxZFTvXKFCKYWgLGDqMp	100000
13c69oU9kBZv3n68Boa3ieZXtu5CNZ5KGm	100000
3MPCK8xAwFYu3aUiibdxvbbQRV1XrgAhaq	100000
bc1q92jw67sa8nndy3tymkldlzc0jpq9r48jcuurkk	100000
3JbMuMTVrJPi7pmcUxxfngcJDHzHVEzEFx	100000
bc1qalykjujgrnf3r4xkysutce5dyf7lynr7y9zfuv	100000
bc1qfw83s2rzj2dp83w6hrh2ya2njfxf93gz2yr5n6	100000
1EPuZBSqYp3yANrbtPLJ4JrKQP4fWd5m7y	100000
bc1qxfg8vhk4l99w80c4ucxcm898eafc7kmyasmc96	100000
bc1qp3dgmu9mugf6n85mfaf0kgcny7dshylw6xkd74	100000
3GMN5RsoAdZqUBAwXod6qH9wQFNx3b1d6e	100000
18ojtJ5bFfCePMZffx3285xNXdZNNkM4sa	100000
1Df8Da9stSwTxcY491CNJE21pQ2mfRJrz6	100000
1B7BPkjv2XvwKrhXxmNHqgRSkCRh7zf7ne	100000
3QKwh3Jw8cJQBgKejf8qsQ858iHz8r9MgL	100000
1B4RStQNcSXQkF1rrmnc51SS7jZrJWksj7	100000
bc1qj583tlfpzt0rupjezuejxswjh2rdrwp6ekl9st	100000
3NbycbLb6xDm8ww7UgwNVq9BtPcd81ZsSk	100000
1HkJK6QuzgVSMyFH7PUBQCAAtMFEgviFjB	100000
3BGJdTK4iMn3JvmGj17xux73otaDujg5ky	100000
1AccN6JYqUq3GHqbVQ3eH789ZkDTm8ZhdX	100000
bc1q9qhxd600436kxyazlkjjr4netus60j0cp4q64k	100000
18Lj67BzXM57LtTZZHPDXePNYDdUiHGNzt	100000
1B5MoYBRPNxZKXAvdZ9fPMW14UR5ZTDpk	100000
1N5PSHKppn4SWbiVj4L3gcuMPSZmUUzCBC	100000
3N9PAz1bR1HE2igXScZCiBCKfoGjF1sraT	100000
1BVHEoK2hyvuVo3SbUM1SD4f22MH9To5ub	100000
3CQuP9ia3pT4myUMb5vAwdQu3Wij8ej1KQ	100000
bc1qhcl249wvrd4nfd3rx9p85ty4dgt8yna3948zgz	100000
3Fbh7ZZgF6eFQk74jo8bjjHikxxa8cBnY4	100000
bc1qfm9hx2nrpr43jlhxqtae6ak8c5d9lp7lemsh62uknn7dn3v4dndqaantqa	100000
1KUieZdjDRezrmbBmpEE1FFLWCLR7R9akx	100000
1EuXXhdod2L4mS4zYjHGMmpJ5WQEz7KHAJ	100000
bc1qdhxngllyxzkmfhkrn64u7cqmvgj3kpeujahw33m8klv0rrv6xe0qvds5j7	100000
bc1qqhcka9xtvvexy5jelxt22asecdfgp8589zfqwz	100000
1A2gQZ3bgqVFmebxKoRAdHybyapT3Um22U	100000
1KS3pSxpZh4qQ9WhL5ku5u6vWPPfwFBKmu	100000
1BLW8MXXHAWGcvFBoHvP8R19gi8TtRV71s	100000
1MFJQaPAkKvVUq9i1P5jiHWHvbtEGUbt93	100000
1MXhBivJf3kbmmK4woYScgmrRPxJ8eytRH	100000
17qd4tssUk1yjmij3iNMVRibjqCSYCLFQB	100000
135Rz63guVFApKBAWPXzDDUL7C4nFYyGLD	100000
1KfTwUDFivHU2Q8EHy9FyG3mnQyB3dNPdu	100000
1SGQB9yqeakbtj4KJDozKJ4ydYXn4PR4N	100000
1Nhntt4BmQhT3fQTiQK4qhcJHbndnFeiTP	100000
16FvDkjHAafrrFP5p7kemDZwwFcEukBBHc	100000
bc1qsysnzh3j46p28z9de0gtu4ep69pjyyula3x84fcpu26h9l7vd6lqgz6cxd	100000
3JVHPS77U6QnK8TXDA5C9X4vZUMoQPwcUY	100000
1GjbBoGxuACCrJnuzw6GmntB7xdeuXTZVd	100000
1JBaegEzsBVveUKZxL8qRWHJj3nPoRr5Tq	100000
1G1bFiUZ9jJFgxJdfRhPAQowNxzWAvKiH2	100000
3BGkWHL8JK7t8h1eJZ6aeNL9J6wL899nyL	100000
1JVfz4XDbWBZCddo8TPQfqH9GhfhJUWi7W	100000
bc1quy9rnd50lr0lh3wcv3ggrr6sfc42jwqqrqpsde	100000
16etEdGhMjigpmRKPAsiPhZQCJ7MUFmxNA	100000
1PWNKifLDnCjgxMSLnh4yMX21wDKf7GVy9	100000
37Nub6sahom91tp4DKTKvzsU72z2VMotWy	100000
16zwZsQrZ55Rmt3WhFsu6DLCqvw7QjjSTA	100000
bc1qpmrz309acq4mgjxpvxxa8tytctvy5knrm8nnhm	100000
37a7T9Sx8Wvucs2UtmCZMk8UbcZTqrEbKG	100000
14fYTBCCtBWyPN5q1hoqeGTpwYa4rRj5kU	100000
1PNqCUenVgAKdPd3cEpjBCtUhY8bYNri3x	100000
193cNzUKoPeugZfjNMWmbtteiHxtuqTaN8	100000
1Nkkn3KvRQ6rm6yDx7ZhszKWKuVeba15ch	100000
bc1q50c5l933t250aazjv7cha599fs20xpv57lp2ra	100000
bc1qevvz36udptz6c053n6qcf58rqagm7hlfvcv46w	100000
1GMXQTjfLeRWUXWdtRCaa4kS9wr9WWGK6w	100000
bc1qetwhyaux0nqrtkpl27mq0qnqru7d7r9f0esjlw	100000
3CgV7HNaJ3DDizBvquzsqpoiFJEqLT9sxR	100000
1PX5DVkQwbRaTbigxhaCA6KxaigUHV4SfH	100000
1PzJd6C6r6e9aGjmSa7uoHAoaqNzCimL5Z	100000
34U8gcy5WcLeFSyd3WueS6QwrHJe6qJkPs	100000
18pCTmPVXzasqrcAkeNygFuH7SXLDPtfcd	100000
1JdwH9ng5NmBnh5dHrFahn9wQuQzPn67ih	100000
1DFPesBmXVS4Y9o3XWeMdgQrYTDbuoe52r	100000
bc1qdp8996j78ptvsyf49pgxraddkl0hn7e27nxg78	100000
1MDDaAtjjfrSZRJhi1YM7h1t2p5JnkUHBr	100000
bc1qhyx7reemxwjg0fadwz3mcgcavhrdvthwpan4c5	100000
bc1qne48sqsw5xnkp9r3nwuqg0s7d62trwx6hrjyav	100000
1ProCX855wVSF7JARLcKaaMJHvRQABsPfZ	100000
1HqXHULWQZtXuV4X9X9qmTwKHoaR5SnRbA	100000
1FWfHjMVetD83HXEbS9As8Vzww2Bs1Pyd4	100000
14GuF6Wscc6JELvrx9kNbwyYpkXx6HTfTc	100000
19nYrwwthyUb9PjA69HiYQMpkLpvwJvny5	100000
13qer59fdeG3oaRo9qfhyD3LwGhTEDrgxU	100000
3E3Xu1ggWZ7q3XzobSHa5xLnEqs4YeWJYN	100000
bc1qz2h04y0upem83ykaz7f2ap0h0qttpesus7fml7	100000
1H8jXvmUx2LGjZzT9w4h3qyzd3rNypm8zL	100000
3AmS6w2659NN8ZrmdAPr6v3yzfLxGSvtmo	100000
1D77sWXUF4Daf2peZcfCr2EYyM35rWpRLs	100000
1FVo1dmvBFoWE4eBWiNnPdB1w3YaS1Tiju	100000
152nhh7uDinhPHPgpdwnLFxwEyNYjbxAjx	100000
1JaZi77xp7g46Ahe9dErZ3ZKkSi2NXAF3h	100000
bc1qptssku5r5av9emhg9a4vnjxc4kkp32sjdmmw4d	100000
1Le1SeaYos9rntcYLnuS1UPJJutLDP9FNH	100000
bc1q2gcdw75lhvk7jexz0caqk0dtj9afr9644s2d30	100000
bc1q9wnyledt7p7ag3ld8sfv7dv3923kd95f3vqnnm	100000
39gSKLkVJj9ne2bXRUdPtPwgKynPMAjZ6h	100000
1NtQd6Jihv2RFJ3DYeLKRuMdHYdnedMz68	100000
3NnoTCWCbc9N1wTSPFYYMVkYnGBAvdtbZ2	100000
1ExjajnFYEZ44gzJPdp5E41LLtquttp7So	100000
1786bAcZ5vffMYwZg7gARigrzgpfvSzxdD	100000
173vVCxDMmZx3TbXhTVAvpS88psnUCU2qZ	100000
bc1qjt5nvxc2xtggqjpt5t23y2p807353xfqnjdvgw	100000
1G5hCbXvs7u7SC7sWipQDmbC28M8KKwwDF	100000
1DE38RB4KRBfKAvj8jREcKC92HbYGKjQmD	100000
1NGZkKiVGtkPw4wcebtpeurqLBcWRyAjJy	100000
1JKipyDABimQfNoVJSypXH1K7pVQtv1yca	100000
1LvPRbP3F2Q4iBMtKun6uHphxaVJy8LY6A	100000
1MJp8ht1Styc28SBPzo2v5QXGXpyCtBbT5	100000
1AZejt59didWcNWFHerBYQ28Bm8QjvSLDm	100000
bc1qrsarnte3de7v42uy39lme3ycxajgsnwjxgyp3n	100000
bc1qdl2nj4upafk60ar6v8m0eewxphlr72h0enw7sd	100000
1XU4wKDuHttx5eYjMwfaYQGGufB2y5W3f	100000
1HSywTrVYDv6jP5dQm33sBLjyH57PadxG5	100000
1FdxrWs93eSMNzZgTqboHbG4Tkis9bh2ku	100000
bc1qnqwgvppaxzh4zyp8ddjv8sk6dsdf0jhc2a5uws	100000
1NTakxJSGJ1kBKYVTHCZuCAPWCa8XaTa2u	100000
1G5m3eg3caMadt7e72eVzwyJ6M7r8NYbqK	100000
bc1qqq9v3r2f6h6nt9zkslwqjdk88ydwjh2en60lku	100000
1E36QbwGYLGYahq1YxNJPuYA61AFPV6LFU	100000
bc1qhzgdm2u5yzygjuzadxrmu9y90f4psd3hkf2ca6	100000
19DBbMRqQ2yAECSg8eM7Gr5r1ikC54GVte	100000
bc1qe89p9cdl6jzpm2edmcw30kzrqetqgkphkekkac	100000
326z7QK3AM9xN57LTCn6Sk7BnyRjRPMYhu	100000
1C9QJ2UEcTMCD7CYkzChX3yiNxv8ixJkrK	100000
1M9qt9wGH2wxwqzwXqSfF5avA9TKZzu51j	100000
1MsuC8cMrMrYNL9X4aD2uM7fFRNhRovPoL	100000
1DHEm5RUMpGfLSDKoQqYH2H2c4RndjnVLf	100000
1LtifvmUNkEwFaV5QiE8K2Dwh5f8YZkPDw	100000
3D8vSvGMpBq6egaVAL8MzV4tQXzYbqiE4T	100000
1KaA3ciQ63kuAuy42yBMd9NzCnv4GLpK3h	100000
172RUMHPEB9WJTpyRyGKHSrSDo9vvP3KHQ	100000
1CumvsJAzxq8okSbxTYRS1ab6iRpbZ6c8X	100000
bc1qyx6e5zhmd3q6fxat06g9j3zkppcnpayl4vyyd0	100000
1PRJFRkx2mUZ9fyLZ6fZx4WiArCuCQxQqZ	100000
bc1quseux27uan25xcrp5xazjgka2f3sn55fjfgxsc	100000
1C2Ykf7KBUXANWtHpUR9iSssrzsK9cD6eP	100000
1NB92XeWFhMSwacaDgJe1byrBjxH6Qib1R	100000
1DSNUaruzgXVWYbQaqM7c1msE73vZnAX7Q	100000
1EBaroLW31LphBHLFRFWRHuZCMs8hUnsP3	100000
1YXXckaeQ9CXuEihLa7ksZGr1HoZ81BZF	100000
14fa5Tx7JCGUV2Ef2SGRBjHWguvEqFucPN	100000
1MTJqxBtAkd1MK9pHc5xgSNgJnLdJWnDvX	100000
19C8wceQZ3fkzpeDmv8YM3kAM47zxPZuBD	100000
3NfWS8jNbxfsUV6puiy6qu9UM9TVRkaNk1	100000
15ttVebHDhksxc7Z6KFZb2SYwknQJENRAi	100000
bc1qnvrdyq7m4d6venlmgjdy0rp7uvypnxdzy8xysp	100000
1NHDyGjn62v8UivEJkQwX6ULtFGxxY7W71	100000
13gvqxioprRpymgYgCgCDFSf45Sfb9Q8TN	100000
146wj2aexN4goZaZNv2cuo8yX2BqLFcbsa	100000
bc1q3ddt4ts9fvafsadfmv02lx7lq8uh8g2r2le6q6wtzreps8wf98jsnpckap	100000
1mvekLVYCcLm9R4BQmydYWzLV7tJNBuxK	100000
1KUjNa4DjxMgtAs8oc4WrdgvTKwPbWyfXU	100000
361zy9AvufEjsyWjajwzCo8iAovt3Vacor	100000
1HHk3KUJbMr1LLz6DCGArqoyxLFmfhMFA6	100000
bc1qlqzmnkjzzszs40kwh3neymjhz0sfrd9gfx48ug	100000
1HMbDfmuU4P1LjYYS7YppEyAGCXRbXQXCw	100000
16j5Eix9cKxNPWd8Cz9yogRWfaWWH6tr7m	100000
1JKhPkjnrxfz4H9boUrhwAyyu4PtTZA87W	100000
1C4d9W8sj5fBPMmkvzQPYFqSQXkEP5yRkQ	100000
1JBeXEmuQPgWTXRgycivPqCZMFyVqef17L	100000
32UnSxgkZgs4aN4Dr7mSeAHce1qF3yg17h	100000
16WsE6sgTBYQ1HDuCWpdX4ypcnjPBBVJ5k	100000
3PMvWFwjiw4nZPTxzCmNaHsRVnAYdrv2mC	100000
1nHWz7uYrwz5ZE2xY6D6Ms475M8AovwoW	100000
1LPwe4C8ERnXRKJqTDoffHHNz99sVqhydp	100000
3LRLQTvydLCppLxXzvAPFgJ5oPFXszuzWn	100000
3EnoJ29MRyNQMXug1sdpqRDGjiBCgWDM5Y	100000
16LaiCuxCDG9PbG3e6sJ7y9P4WQbpHY7NY	100000
bc1qu5u0fpfx9hw32554zkvy286t0c7rj07y5uha77	100000
bc1qrkgxg0tj9e8rj0a2yy8f54zdcqfs7frtl9hzxl	100000
1GYiKQxgSFoCahCAVx2ey2YyZga42KB3py	100000
1CXcfsi9sYW4etajBuGoBAo52RX3nn7kyn	100000
bc1ql3pfwlcqxnngvl536yesndxpcz8w8fgxnrngw8	100000
1Kbxqveo6FCpzt9kjfABeonLqL7u2coZC9	100000
133nep5Xg8LYELcRWUvxdMqxEytEPvkZtZ	100000
bc1q9vnz3tnyls06wjw5j9e5u94rhdvsac6hla9nwh	100000
bc1qahr6fs9ljnzunclrhq96spxckek3v6ut5qfmhx	100000
1LHkHJPGa37FDGJQdYq9imKMan8eNiaDUP	100000
1FwWCK4i8rht7RtPgufiw7CUALjsbLYW8P	100000
17vTTFZixf82do4uWvYPGwXoRj4AZdxSKU	100000
3MgSnvtcZytkr59NbSFQxyLeov2hPWgT5d	100000
bc1qvs7nu8y40jjsn75gfvw7x7edkgx83r0n975dy5	100000
3LkuaiMsykrMKhbGZrkGL4iRfb2tNFs5AN	100000
bc1qgqq3dh3jtde588fkj6lxzyl58ahq9ypyfcmagx	100000
bc1qph3uwew2a5kkp0wurhm8n6pnafmsljlkunq53e	100000
13NC2tPF8ZmCDtve1vPLArPeVUwaXSvqeZ	100000
1GSUCf7vG2ciU8u6srM2wQ9vibqvjgcE3F	100000
1PaGXp9iGREuaTxzUGUuqcKfEy6nS3s6G9	100000
bc1qn2c83ar9gxgsgemxqd4zj0u8cg6hd0gc0vprxq	100000
1FoQmXpEgMYV2wKCLsUhRpxF76ATHQcKrE	100000
1FoKpn4NTNDUVxw5SfSNx8e4Jm3VaGb7qB	100000
1ChmB2Qo3eUMVMhQ3eHgUU3oL2EZQU5kec	100000
bc1qaksvus7jgjd7mnqxqzchl8u3rc5twkqztk34nf	100000
3AoJBc3ok3rvcYYUmSxUdAoS4koaiLMj5v	100000
1CFTgxo3FLGW4fP1NDYMJUbDSdVD7rvaVy	100000
1JDor22ac9pv3RL6nbgzLTT5DxBNbQwPSf	100000
bc1qat2p8psyc36vm9kznuzm4j5xzyg8fye36uxc82	100000
1EpX72C87YgeThtSZDSBhXGH1LUZK7WUQd	100000
1GpjgQ1X8hU5a1GJxHxJoSGessSsK87yNh	100000
bc1qtupxvfnxu8gkevyns5x59senmg9p3pd0gsxrwd	100000
bc1qx7narv57pl6l6jxckarek2jzl6jpqtkxvfga2h	100000
1Bn3jhsM9MKYXXZCAko7HNa13DARgyurt1	100000
1JjgEPpxiNgNTk1yHJX6uiDFesu61XKVEH	100000
19bmRw2YCUVShUJTi3iYDaENBKZyLqRQh5	100000
1NGQwVj3ZQDDCw6xt9LAdLqoQ2Tr976oH	100000
1Q2QrRXSu7cia5depCruV3MxtLqe9HMj84	100000
3Hu18KsreYhnGTciAk3SLyjM6JVyjaY51u	100000
387eSj2ZNpvoNaQGxkMwdoiCCHXFTf7KcN	100000
1JxcJfwhTg3dCq5LYt4JSuSaHHDjeeizxK	100000
bc1qczv4haeu2k2mq5uycc6ndjyr8jshm83353twn2	100000
3MmTpszSgEJamzJprrwVA1tFcWSmgArEhf	100000
1542hnpKVktvrEBogDuG2UgJpLm9UVc6h8	100000
1QBenN8zaw9Hi6nPs9YePzQhtm1qTEvCRT	100000
3NZGh8UuycwZQ4wv7vKx9DCm6iJFSWbDQa	100000
1Lmkx8yJ7L465Tv13MhKmP7BEs43xqRZq1	100000
1PPzNczYHxDcHVG2qCgpQFEM5ZiSZrws78	100000
1CE6QjpEbb2PnVrdwAtuFofEm3mxKV5cjY	100000
bc1q4wzxsh37qkj3z3xzshexncuuayw8p7q9zvschy	100000
1G7Fy3qrFnYizKDnMB1B6Zc98Ay7iF5aQ9	100000
1PG8QQxsSemydTgVaRQ9gKNeeFtgeasxeP	100000
16jNrnXa5HiiCFnJ4wbAiSbJBDpdnqqTdw	100000
1M7x159TrYbcuMwp1C69yHbsSUgdJweE2Q	100000
1FAPvtXvuamJz6jwG1xcwi4AhKs39XiSaN	100000
bc1qjta66n2gpjr6xxewnj585jy369av4fwuevxujs6te3cgerv4zm2sn7llek	100000
1JaoiutpH4tsFePA2MRHQJ4QjcGiebw36V	100000
12vJpmTLBSveFdXuTiFk1Qqd7hHyZi4j3G	100000
bc1qw9n5eap7c20qkeewlpy4p7euusja5jmjxlcvkr	100000
bc1qraf3kp206vwc4yklgvavsm4lu5smdr5mujvd8f	100000
bc1qhyysx4wu0l97spkwah26p2wwm43y2eve0cs9xt	100000
3EfHMiozeY6A9ofTXrxKD9qwGvySTxtvHQ	100000
1MyHempnhaetBt5FT9P9UBUfwuq7Vyhk1X	100000
bc1qnw3ex06jcvpk5v6ttqg5cc37dmjeqzhls4rt2d	100000
12Tu9Bx7yhQrmB4FxP7f4BH9b79zvv5Eih	100000
1KUugkxqj3PqRZ7XAoWzFuhpaNgivKW7De	100000
1GLuRVH7tfCPund1cKe3yfAw2rrUbTK6i3	100000
13CefAGdv9UFqbv8jYmicGwYfQjiZku5Kt	100000
3EoiSw7kHWJu5L1DWC9pAvLw6vfcqr4RNX	100000
16dYAvAYRRsx9NFW69YHBxv2s9Sn6t5n39	100000
bc1q3tk70d0gpcg0zrhag7z8srt774hrd8z8rc6zug	100000
bc1qxgdtrks833ft5lnepheqlhej422kh6a39n72mt	100000
37v6SXXXk2gYFFLosHgiCcKt6VEzPkz3Bo	100000
bc1qr5y6fz3c2ghvug5asyjaznpt8vra9vw2p0nrwk	100000
3HComZdcbqkbmECCPUmicwyS3QkPojPnQe	100000
19VnqjoNS9mZRcY1TEp7n3CrFbSCzWrFrj	100000
1CfsnJop659FUTHCykQ5AMZvv1trJyk1hX	100000
19qJS9YYdVwAvKQfvbpy9cTtefUZJAV9za	100000
1FRmdAkaLDPGhbuPu1AY1TnXqpzm1aoonX	100000
1LvxaUGmTzXLVuX8XkUsE3tPHT7uPKZhkd	100000
14bA2WPu8ZWc9r4ZVyfF2jEbycKFHP69pQ	100000
bc1qf56kpj3me3auhze48wwm2xgv0nut7zs8ldju0e	100000
13QHVvPyGCXLKYToip2BPoPsTVmhRTzBoE	100000
3MB8SDf7jbsRRgQZUdZQW9LDFLXejKFTTC	100000
3KFT9DtprbTfcVzmXDCdNExz2bnpUGVoe3	100000
12AVRui2Jf6EBsjHdL3QPKcLE2UKJFP7ny	100000
1F5eTGDSTPoPDpJHpepSppyq7QxCEQ88Bn	100000
1Pi4SVtvATXt2zaVDC53MEc8PkY1zvVcr2	100000
bc1q72etckmeezyzlnd39wau3a76wpvrmysngm5tap	100000
1CrqGPKcbY2bJi6GYpvR7qXqkZNBNSj9LD	100000
1GPvSM72ASFdn6rAuC52Fcv587hQrnmHQk	100000
163uzsjSbRvsQa9E7TH1wr9h7jrHMYiZ5p	100000
bc1qthdnjs76fed4hggtmylte0pzyynpwfscds7jn9qa2q9p8vl5a0fsjvnk5m	100000
1Av95rMUSHnkeR5M3keo9CMzPc8p2dFdFj	100000
39jvoNuZEhgzrU79AcjdmRwpgPVfDvQdbN	100000
12Abu2tYi767iTY2KrM6BWhVmr55VjngSr	100000
12YmdrbEbQxPpKJxcgv1ZLoiEYk3engY21	100000
17BAearAvMFTx7qS2K4WUp5vdeGDswHcVF	100000
1PgXi4B5YCpj2yuWA51PNMqiYuZyXTas6	100000
bc1q6xlkppfj5fww2nsqvvltg6hfpm4mtm6qzsxkcv	100000
1MvhJYLCte7n9ijniaUZLXn4fcHM8Knn31	100000
1CNVzTeByWnnw7CAptdnYsAJkgzx4oRTkV	100000
1GdbV6QJC5twTutAJMTYFbi2SAxMzJafqe	100000
185Gn61nNbtE8hEUdAiAct3pGhDmRtnjrX	100000
1CNbhFpUJ3GbUvE16QZVyiLeuK1foHJmjd	100000
12MhyFYCfapTUquk4ice6RhMxQSJs3z1oK	100000
13mK75a68PMpjJRhKVACDxUfyQcSCMoaLJ	100000
14DfqtQEusgC27nnjohQ52LuxvLALb14gt	100000
3L3WrbGBgXK5zY2aKMvjJ1vYaz3ivQytNj	100000
1QKhEtPmj5iEAhUcrt5oLGjM5fVJWZ7kTR	100000
bc1qk9dsafm8djxk7stejegrz0fqx5879tzzs7fdex	100000
3BDEji9nCEcAnpg2V5hBTkw3YAY4hMaDS8	100000
12tC67ER33MwJJMrJSeA7r9Q6XRbX8mEJn	100000
bc1qh0vwhml2lam23uy73763e80vpt4q6kf8n5v568vm0gr6f7q2xu5qk696ht	100000
1GpxD2W95oQznzufhJXBYVGFDpezHtzKoV	100000
1JofhTMKLxqkrdvGMEMEzqKStFCb8PZavq	100000
1H1h9BjErSx2BQae2voQYWJjyMfoRcxH6y	100000
bc1qm3je0cgsug8arfxx4rgzf2jclqknj88tfd0pwu	100000
1KwMDPxwSEovQvytpSzRU6NYgL5vZ2dtVs	100000
1JFzr2P4gCj6iPa6EbfzcBTz2sZYR3wN9M	100000
162tLtTCZretr7x5UbF57QnyBkGPVjHWcU	100000
bc1qshaq545w0s3em8y0my5n467yqwqufhmwmn7xmk	100000
bc1qh0uy4w85444q7f97jtvemzdn8lk8sh3d6tyacp	100000
3KmbERsTxfiVgo4oR3FQDLRjfhyVr5qFV3	100000
1N6XAJT7pPR4zqF4bQfQ2t1hSvYLNJv9PY	100000
bc1qa9awxmqvzrzu7zncjhznjflczwsz83q0clfcq9	100000
13JMFE5LPeL9HoR2k9j3CJ6LRgMjcPazJL	100000
17Fvj1FcbrLq4VpxEoR3C6CnS1f1MWEPrc	100000
1Ef4ZHM7WZKyEy1Ey12RW1Exm9DtQPkEyd	100000
bc1q6xqjyn8kt42xr5vad87d68skwsp3e0zz7ue8rx	100000
1Ci6xHcVwpmjqwwTtQsrkabaCaxmbELoT4	100000
1CqDMkqyGWnbkVdG21YBz8bS1uDBwcvvvi	100000
3BT86mERsjie7STpRQvFCrYch7feg179od	100000
38b7PMj2Bh6zA8dVkwDkfDzGSSGB85yAiU	100000
1CXY7tpECkHTaY6brr6eRQZjwKFkBjTS5Y	100000
1BZakzvcmEzXgWBMx7E38mvP87r9cnBuug	100000
1Nb8iT3B2MWcNNUic1kF7A1gHiVDbJB3vf	100000
1KrVT3NJGmQoqhkMkDLWnu64HWRsNk8kWT	100000
1EoByG8wEb9DWnTedVtpb66i9qf5MfXGqJ	100000
bc1qzk3k6gv469pu3ayzg8csgkaaqxc7l6vufxrulu	100000
bc1qqe9cmtljpjsq7t5wyrsppu2pp65fqsz8q3uh8h	100000
bc1qse8rulgr44vnpnccyx9plrkwt52dk399ed5pll	100000
1KNftkHFaSKRGWDJUe9GVbunGKi2sgsjhu	100000
bc1qr0sdsdg4vvz3vek0gm856gx3xfj3shvng6ut4p	100000
1PP4QFqFri67SgH4KUwtwxqmC3QKmotEFd	100000
1PF8kzbhF75DgXWwMKNsSvhYGzGpabT2Fm	100000
17VopLBLKuaSyHzfyoy9oQmj4hCyT6sTj6	100000
1GgvbkTUsoC2Hr3ptByNZmHQMnmkLC4mMg	100000
1KL9mLfnwNaGmuFsx7QgKqpPoYVDdT6MnA	100000
1CdCMmgPbZEVQ1jJk7pqw29jKZ2mVTtQgF	100000
bc1qm3sgllamsljeukpzkxugr7ymsvn0k2r8cyksse	100000
1JxyhgeCmK1Dzjr4nrVzQqYJwxPoSymSbX	100000
15LD6KzB3BpPmjBir7SCXVReqfgzh8LUc9	100000
15fokepbDkKs7Z7RHc9ttG4QWsZcSFSQ1q	100000
1waXQ5TWf4qffQgYt7NdR6o9BqfoHrDGf	100000
1NXF21ir5DojXKMVXXgZmzwRfzBd2r1vXV	100000
1N9BVahbiqebhSJkDMTixBTgruu7YgxkXX	100000
1GQ7ufFVAro2teu7qYN1judEqLdJHyCFpN	100000
1GZeFCKLzjGj4Au9ZZazYUzwPeGgY1uKHm	100000
bc1qwpsppvk8cr6vq652ktwhq9erxvrsqkw6jfdfj6w0l70hpr54l5hs088vj8	100000
1FSLrvv7yZgrL34rzgoEhPrVVMzGBQYxzA	100000
19qXfKe9fo9RMYJKDgD1RW5DPAGBJQUSSg	100000
16XfjtXnGxhwbhXospm9hiNLt4iAgLL2HH	100000
1QBBk32qfsVYGPcnYHw8K8pb7ybpxjyYny	100000
1KyRqxNeATQ5GcnaMxdoqBMW4r6iuYqpu4	100000
17qWDduTdVPbFxmNowwtDgvKsrymQcdR6h	100000
1E2KChXzVa7q9bmootNQMpkW7yLARcYSEd	100000
bc1qh7swm4rdnznu4krfjes8y3ds9ms9847tkzmz92	100000
1C1LJDkuEeBT2F3nwWbs5S9aNjkdr4grQs	100000
bc1q2l8zzsy4h8nx90wk8v6vsl8ye2qkg72vmfz8q4	100000
1NBxmbdZ4scScZgbuLXEsVwnBrotzN9oii	100000
18CmqADeByydGRRX5XBbYkTsXB59VBkgB2	100000
15B8Y5Whzsc7dnX1p5cUCA3hv4DMfJBDn8	100000
bc1q9xhw75tpknk7ync9ew8y7alrrm5gutpfrfnusj	100000
bc1qt6f9k9hjakdwpxaf624xzzzant4cklhs9ltrcl	100000
1Nu1B1m4ANmSLJHpAjdUAx1g9kPxs5WLYC	100000
bc1qy8g4w5uhw83h56ajvj0tj40qty2tklxhfw42kn4vs64dhe550a9sd6gmal	100000
14aNrWPaCjSrXhxmdbDYTvpgQRp2AP2sxH	100000
18yi6hzUmMD22vo8iDjFjBVvobAUt91YTx	100000
16Q6xcYAm6VP1puFKD2xfmKvs96ee56CG1	100000
3EPmGggw6QzxPJxpHEDfJe84kbHWt8M6o7	100000
bc1qez3hxdzpn8lprz0lthuvnazypz9hrvt0jmyydx	100000
3N7o8LdjwyQayAKLt3tG33tts5jxBDFF6F	100000
1HpPLu4v8LFytanV4b8dbkKHJkwD8pQjQb	100000
17txrRVuuwGuNEJp6t4hDiYk39pBy5UCtp	100000
16wdqLjFYJ3CeaYYnLc1X76QM4RzuqWk8U	100000
1Exr9UHceR6mKVSaixGeeh3xPZd6Yp97Ci	100000
1HmqmwE6dkoWEWWikDx3crNQ9eXRAKUZFi	100000
19qrWBL4kEbsWhp8yCngpujqooG8TixBdN	100000
1PZxU9uAX8QehZrsY8Nd8BSBLEPS2ZKPrc	100000
12JuwrKAV3wnxva5dT6kQ37LbcvuGUCeGH	100000
1NU4EFHYGc4PMqawS5YHAB3t11GkzeHczN	100000
bc1qh4d4dmlgpcl4xpllcwle2d0enrahkh6fcanj4c	100000
3E3sLzTU8vqeqaJgHW6CNJ9eetSzn5cryQ	100000
bc1qfy079u9n0k6jrfqdawepwn5x2vdx3nxnnynkkr	100000
1LqjiFQucJ8FeqEznR4L7EtsAbXeBDDbEm	100000
1GWzhFQZTDjkQJars3jN7Gzarw3ycM5E3K	100000
17Hi7iS5VRp5Wq2dgPDCypCedrEjAMpefb	100000
1GUZyj9PEV1dncQ3YFR4Ds5kgNAZWA25He	100000
183vafNs7fatRjvKg8cZ6NuohCkRvZB8LT	100000
1DCTaRtadMbUjzbDNzB2odkABHecHx7PrU	100000
1ESo8DNiVTVaMFoYjHJFTVxDQYtmpPnere	100000
1KFZYGSrinvhHf4gA4mGkC3SJDRaHuZuHe	100000
1Ee8BTEyw3sjNxX5D9XcEfNjLVCZcmci1K	100000
1g6ks4WhGYPFZ8iwuBjBhNemjSKBb5aaa	100000
18xKFaj8n9NgqvBuXU2Q3WjqUQQcNVMSfA	100000
bc1qckq0f8zsst5g4d7x2z3zvyt4467dy2je37k8ch	100000
1G5MMiCZEhApNLLLQK5PC4Y92tv5au2Eb6	100000
16WgYaHb3RA74SHDqsyR19rorhnMbJoPvr	100000
bc1qsl39j6wttdq2cctj3l6j54h4065s43vh49r9l6	100000
1EoczJ3gV8rwPWy2SgV6WqHAzCxeYidTT1	100000
12S9fAna6YDeqgj8VgTUBKnP9k23DrMLku	100000
35eMjUtJxxa9jPdxuKUUANpK8A8iXxncvR	100000
bc1qerd5e8xcsrlm6pp0j7t9vgfyje8hqj9j7pyngf	100000
12GJwmGoHsY5xHVSp3N8o2cgtCKR47mXTe	100000
bc1qggd0plv0g09znw5f8ap92k4zwqntj5k9u6u0s4	100000
bc1qxyy5t8ah2v9lhg4wznq7n2znl23ug8uz06pv6t	100000
3ACE4jmKGbfcXAzcsZhTf1N3SXi2cQpoad	100000
1L4j8n8CcDXkDu1sZT2VDdp6F46Hwdfzwm	100000
19ZJGvaDdhoopQ7zyrMBHFxMfefXUykCRa	100000
1DAyiWhUSgDJnMRkaVP3Lxe6p8nTTsQpMJ	100000
1PxspqNxZFxoYAaAbqGgbPEkducppGScpW	100000
1LqBJRwkq2Xu7cjAGLwfjKrTgQ51akpZRL	100000
bc1qf85st0zq9rxf7thhka4dvd73plhzeavqwu5pu6	100000
1PJctisGRn16dAWVHFFni4FkB2rUNqpjDk	100000
1HX5MyhxgTSMWu5S8yEkVWwFFxEeEkS2q	100000
bc1q6ffxtm782c4g3jensf6yxkxkkd8ey5cldxnuga	100000
3D81gUr8TzqoWfdJsJVDoP3dKBxeUMvL3A	100000
12jQqjvqMkxXgFvRz6jYdQxjVXkwJLNs5L	100000
18LafvBoZJ9kYwBAFGfy1o6houmiM5tJCG	100000
12yC4aszZwKfUr6aW1hSqcZD9hZZ4gKzow	100000
157gwfpjkAYHVC6Ktt6biEeF2EA1AgV9DE	100000
17tTdVUTkbeukXMHYh13otw9Ju7ko7ZE4d	100000
bc1qc65qcx6q8ux360net282tc5lgrlgrl3drnhtuh	100000
1CtiMDvARJCLcPhG8QxYg7wd3r9cFJey5x	100000
13UKHWdEmi6Q6tHmkhwcMRb9SgdPrTnfjx	100000
16n8cUENr1hip57vMC9C35HbU7kRNqXKWi	100000
1HKKNKYjHyQXCWfsCJdh6cM6orbDrSCjzh	100000
3PEag1rLSnkG2XbvUrDtR2wbm5fMrb7ndv	100000
1Bk3tW3EtM5dEUu4mKPSJPUeRMAypmMJSM	100000
3QBGcVKpGWveSU7PyuGm9D2P9v4LFJiPKv	100000
1DeZLyncEnE3unqD6YUYvRDthADnV23Prt	100000
1BzV4vZRUmnXfyu2GxLb3rrBQpZKrcRyxu	100000
15UjAtSCcRaHU3UoBJbG9DE8on6pWFKb9a	100000
19HCzZhsh6MLcAwVmGzaMiFZwsUqdr3jMA	100000
176FWTSFeuvhcXNbuXP6SyUCregf7Cjf7u	100000
3GmDi5pU4EArfkoBLvRBVjS3iPLVpT7kVr	100000
bc1qydcydutsvahtam2xwsyelghh4e8tnlssxgh8gu	100000
bc1qc8radxvl5qdw5dape8ftdmswz68vd2ckcg4pka	100000
16aTAhVe7Fkkr6UFYTDQHrdYNuCh4gWnxR	100000
bc1qxxf57rnucwn4mdx4hjpmmqyqym87z2x728cx0x	100000
1Knt9LyNZYESSevWVCJFQrEbZhkkS1sskQ	100000
1LQ2oxP2DwfxwLMdexyHNfFpetweYiBrpU	100000
bc1qn6n04075llwdeq02w8hxg64ag6dd6kc2tqhnvr	100000
1CYNDrAmGLtg3z7fSz4XAZUVJJbnaiQSH	100000
bc1ql0xxecu6xqqw4sxudfmg6ta5wmt94ltyaye90g	100000
1LRXk1ootbVBjQNjPymDjLiUXbLZjSxWFz	100000
bc1qlt8t3m90r4c70dfjsst44z59e87862xyr4zzgz	100000
1BPnKJ6g2pA5uLaa76wAhH8BedjR5UbWi	100000
13FY78GQBj7ZB8dkr4aE2g2dEoZpx17CZF	100000
3HTWaJAtepznFvEgdP3r5ngNsgwNZ6rQ6c	100000
15acEEM7n24a1Lr6GeYKmgYrFW6uFPeF4D	100000
122xKgZ6siu9HTm559DGf1DXHb2uCWS6oj	100000
3FYr1pX3GUsAEFvsC1vBERgAEqh1zomZ4e	100000
1KqtD7pVMrDDx6k7yrMSxzdqonCQXcTSPw	100000
bc1q3zv8z522rt24ksgandpnxrnjw7z343qxfmvju9	100000
1PSPtuzW76cVrocD5CTbMZ478HxozGbwZp	100000
bc1qsmdn5lp7rm6szm8d55hsf93w8vuff7sytfeeh4	100000
3Ft3rEYkS4Pz3Q4M7UeLGZwgZWfGr2THjb	100000
3Ln11qUm4zyu62Ls9TjZ28EzFvUaxNTZfB	100000
15isxcWoN4bwyA7584Mpzm8BKmk89ZAyoU	100000
15ejuq9HFLuwvhnQSpdpCP86tmys6LJ1jV	100000
bc1qdtwdpza5h20pkgczfgmrlaesj20yucchkr3pdz	100000
18gfDjWbXf7sYpP1MD82ahez7iLRsxqNDt	100000
38H27c3zaRiWft9PKZPdF3WeyQ9qiCbKZv	100000
18BkeDSj5mfefEinncEtzXwLmM3xrh3psB	100000
17sV493QBSxA98gJyo2igfz5kycYgq8wQj	100000
114CjjDJmDp5CEfJ9FujzzQQRx9NBYqwSv	100000
bc1qyedtldngqauld6c2twatwm9c5rjvxsfdsrjxm4	100000
39k3vfFcp2uePHZ1ysXd8g2rHAfWR8iq5A	100000
1BLuwRchopGeFJxg4uyjLcu79YTD1XwTD8	100000
bc1qxx0apcvqmjqm3gu9fxm55c4m0stg3tuqxnytsv	100000
1Bot72NEuFXB5PpXHarugWGmpU8aVcSoMW	100000
3GzUkzjxdupD3cednUcZrtCWod1A6ptsfP	100000
1NUrhS8EBB8Q39Dm3DCAkxxGA6RJoxyYih	100000
1H3Gh11dPueVULKA6MRvQxNYbSBjEX1VVw	100000
bc1qjparkhsasn3e38qv64se4pjqlegvezyyqp0tfq	100000
1HpxzZ5skBDSwHVoTYvQF79nG4xzjhc9sy	100000
bc1qj0fnse25u28l5v5hzu3hyfch3jxs7xkat3rtdt	100000
1CL4QPUy327k2zZaNCbhJ8jVikensuLKP9	100000
bc1q6vz370lae6nn343fh83z4fj6ce7hdl5mefljmk	100000
1AQXz6aQFPTxd9G7oKBc7CyfD6yLykY8tJ	100000
bc1qyqcaj0edga0kphfnzgj7g40kh7n5tvstr5y2ha	100000
bc1q37dt3mfnzd5vlelfqkn20r0yctdndj9tfmrsuf	100000
19pjEtUrULURQnko65uJtz7rbHnPxK8GCr	100000
12xdzeVsTPfyHJe8EmcQUXQspH35PodnCR	100000
12mvs4bQQw8kebprp7TrdLobj1E1onDFcx	100000
1H7e76LLARNCAVuTg8LSHm4Uqqed3uZQVo	100000
bc1qxx2xj000lny7ffn35usyf8tecyfv6wqptwycupgl7wuaqa9xzles54sr8g	100000
34ub792cgTQE56pTDsjufWb2dK96nvJQvA	100000
3BMEXPsLiNNuXDrUYLDHvvynJWD9QfTSYr	100000
bc1qz0thy2q36kechacm7yjhfktsk2j4ahnkjmjsdd	100000
1CxRUVHbFQhWXAXbJyvq7fFJwu4fvQ9bs9	100000
1NJDmhkc59wYE9pcGavuZtkxMdwfvuvtn9	100000
1C6HXbRJCNbpEJXn7CbPRn4boTGiXDfH12	100000
1EcsYs7iEEKtjpgWJKAn1ieXqSHzF5VNpB	100000
19wCmxaipaz1RKtu71gAfTjK9kGyGAUFEQ	100000
19UjUpsGZzXgme7tg2VoiDf3waU1JAwzUS	100000
1Bo9Pdck2BwPzrZcBWkNXyJdD4Jd3EgyTo	100000
1GAWKQMcmw7SjHDVdpbrXpCKMQMM3ShoKj	100000
1T6jxS1aqx9CzC3qwsxKE58zqporsSJMa	100000
1D9qLv9zkHV9XztxgttEAfg7mpds4kSHDm	100000
1BsBP4aubTHiuATmnCtMnuFyDT25b2exnu	100000
bc1qfkx6sun0aq8lwguqff5gfctrt6nptr58w4zr2z	100000
bc1ql4lalcaa67ly2wcyzmprqtrk9rpsrf3dxvez93	100000
bc1q0le0n93cd36s7r395u42jplsljmr99mz79su0r	100000
1Bve9ZMHwE5dr8nDWycGYePZxAvTMSG5X8	100000
19HFXejnvPirwzaA8jSbqCnLwcEN1yoApY	100000
bc1qk854sjzyfaklk28te66jd0h0rkhw3z59t0mrxg	100000
bc1q4yrjv8wy79z6z2vfxspszke4ypy2mah6l609c8	100000
1CMtg7Br4ywq7VVbEpyTFiyJn19bCRpWFG	100000
bc1qcwqcxh5l6d3gsdu2vlw64pt5540zfuc0uq9ka5	100000
3JKrfMMWdTg6D9B5XCbHw9SUijbZKJBPQR	100000
128DxENxHdc31R1EtV8iedMaEsuxhU11mU	100000
1H3NT48b7siX7vH8uq7JtByxSNtEfRLdkK	100000
bc1qlfx2gnekn6a4lvjgskyx49x7xgy6m2hm32m2jq40klddafdzatqshhxflw	100000
1DuL6XWEiVSuXghgLmiCMiyNrDwMQ6Vnkz	100000
16SwPTiPdhJ7wCCeffxGEMTqUijhUPwdxC	100000
1BLnSPLP3RbX1yRNd3e4rQAiCkJiCGS6YW	100000
bc1qcauprpe6n0engd9ey82m0hc95zglz9h7x5q5fg7gpuj92ugga3gqmz2ma5	100000
1HwAbXjSzjpSLKz2tXEDUDZJbSp27dxbhG	100000
bc1q8h329h075qctazxhuha8ksp2m0yuctp8x7xld9	100000
18tBdL3goiQBMuvHcm2c4csqYzz1MPxuDQ	100000
bc1qfqnx62wj4mu9lg4n5fv4956q0hq3na6gmv2n6z	100000
bc1qtlapeaeh6yydkmxscv9k6u05ne6lks3wenlfx3	100000
3B5nbsejxaH1csLkA9ffLLYuC6iFD4ABSG	100000
bc1q78xsy49ew7wym3jts238xhlrzyuvyzueqzrahq	100000
1DHnGLVnvrRfCxZp2J8mDsFVn61E4kvNDW	100000
1D55GbkQv6aRtWXgiBskmwLbQsSAdqpcMQ	100000
1QxyWSbUvkFRgxshQBZzjkKRm4wBqmFiB	100000
1MUQWMQP8xNVL2oBHRDfxxcavFs3DXUB6p	100000
bc1q8hrdsn999pc080725e6pl3lrfsh23vdvw2ed0d	100000
3MAE7nbQGwFrBnb4hKD1vEyQo1Z7Uu4vkc	100000
1JWuHiBpfAZS9hrcvdU8RQWQnnh5WyvSzC	100000
1mdFQ1wKH8Fh6aNFPzhPa6QgBADUmGth8	100000
bc1qchpcjzhm69mmvaeea79jzn720amyaw2cp4jyvx	100000
16kX8Ub2PWK3FhbtVD4fL1m86UXQuCaSgC	100000
bc1q8xktytgz2v4wykt022n0yp5cn6t6hw77d76jmg	100000
bc1qa73jgymnd35w3v6prg7rkel8kyj3jz7duhkj2t	100000
1CYZ8MHwixmE7fx91LG1Fb39m4MmSUcVzY	100000
13ZFF43xAw7JmXm63r1JKZCjK2rsikZ152	100000
bc1qty6wtsuvp4kzhsemkz9fstc0yarle49sz30qet	100000
bc1qlja8zrh590njctuky2gjcgq087w40dl6j0s9r8	100000
12aFYaUpFhNjCWQpnTmSCnLk6tWT1MkGKK	100000
1M56nXemfpkbxVZqGthp5rcR7B2bshQj5e	100000
bc1qy5d5cykf4lyt9dpryqzsaf3jcyxve47fkfw0zh	100000
1BCQUP1MqQwP8Dfodn2DMpdxCa7TBbdfug	100000
1HyunTFGLVkiec4T1k4EovkudnHYGvLLsv	100000
bc1qg7jchmapar9g0sy24xsvdk0tmykat2gz5vj89y	100000
34dBGK7HLu1y5x8sEmzV1WtAAsRNTfVWDY	100000
35HrKVAsDxRMJmtjarSJ7ckJSZ7xgFBHac	100000
1F4deuvQC6VAMcKr6gMvQ3eFahhUX6zsuf	100000
1CzL5YhDDnkKgn7ALPg74UVJuoCS1aut3U	100000
39gs6kDLWQUn4ufugQe4Ft424dGr5t2i2C	100000
bc1qp5qx40pf6zg57r69zj7n28ar9hufl399hj27tj	100000
163VqL3m7p8QLFNWhkfcduZZqWSRwyEsWR	100000
bc1qjqyefkw3gty8y2557kdvmc5u0en3lkxg5hpv6j	100000
1CWa4dF9b6Bs5pnwm9rKyZQY8MJ4pa2iqZ	100000
16VsPzsfUQ7iGeoUVkowyiB49cYJcZQjtw	100000
1FJiRPVWACweMy1LK3F5Ha4m4EayF3GbS2	100000
bc1qug38gadfgwx32pm3hrzhm7cndrg3tt78eqvks5	100000
1AcYXKYTBbTPFAZco67ahoRVYQzJCb48dE	100000
1G872o9rdACxTcc9puVC1WEocscwgAAH2p	100000
bc1qmanhghkyel987p5ml5kv4awqlyeaxsj06mwte2	100000
1CoTZ741NHwzci5z4XBq5c2MSqEd5CtT9q	100000
12DuwDCkAnpQkjVHbLzsVUqfNTsAj3Zu72	100000
1FpJ4ucLMwRUtaMnoYXE2L5Hz2E1ugUzKj	100000
1CwVB6H9JQMPZnzLYFNGE7D4EzZR8ecjUc	100000
16nsghgjAvg5j889F16zstep42tALU83U4	100000
1zngk184Tchvnk6v81w68hDt8z1eVG8zy	100000
17Xz8wj4cb14o5o2o7QuZPaBMu2WGvHdq1	100000
bc1qex5ygnyq5xt9uh90dh8stjgc7plnjlgvt4vdmm	100000
bc1qhzgzwfa3tp3fuy6pssrg92kmvf49ruqv59qy5p	100000
1HkAvjUdrxKL86WVy5fRrz47ExQxvvrXvU	100000
1NPvcdKA3d74a3drnUKjXg3dr1SeLEhsTa	100000
1MuyTvVd2B2Xd88SojgsaiukNHBmspCa57	100000
bc1qq3827l2g9fw8me4xm47dzjnfvg8dxm9m4mxc0d	100000
bc1qh9w2a80v55w4yq5qynx8n5j0fphnu399y4lunf	100000
bc1qsmmenxg2wgyrlm2xt62n4emd7hn74yaptrhqnz	100000
39ueixqcDcfaWk8d9XqoBsG2AkVGS3h1wV	100000
15Sb7T7mUta4f3kDMRrufRsWmX6T2Dzwrs	100000
1GGpHHW7JrTqi6ffVSiBZpRhkxrUsZVNfW	100000
1G969ezDNcP7fnAMmjBq4mSGxSC1JPUfxQ	100000
1LzxPA5Z2Gq3C54LqK4pcvSRDUyZPufST	100000
1Do7nnH5r6YkCHEFNWnLPQSBEy3Mtb1yYg	100000
1Jk5hcjYBih3nDtgcyTruoZjWS5fzk9CvA	100000
bc1q8f459zdp957p0qhz4sx70ejmptjyg68fd44nxn	100000
bc1qg4vrue0ylrkg832v4d3sa3nunrxw5dtlgaz09t279ksec676xldqwpazs2	100000
1EySBsN3mJfKXp3mBtkHrW6h8ekrRYga6T	100000
14UJiweTScNWgtBRxJ8hgsGrZ58yFz8mH4	100000
1G5zoxwCi9jem2JQfWWdQf66w5C8Cs8zU	100000
19pMCdBFBAyRV5ohjvWs7qqRssbnxs6mfy	100000
1PQtmz4GaQTgqHud5dbkyj8GCBM9F7kxU7	100000
3PsqMQTWYfnYpxxxknozpvJEdZZRzAGLuU	100000
19zNgzPs1AmVRGAeFWZpjhWVXRnYhwwE24	100000
1DfyKbbqgPXtKxfRJGeXS7WXsn4zy2HmcT	100000
bc1q83knjk3u3e7ljft73zgpc0qg9pavm0cp43khm7	100000
163YK9sV6gV9PzgDkZDJAiqbDTnPseyFa8	100000
1GvWsVhBUP2pcUMUKA2yPm17yX3oYaEqHu	100000
1LKyZG2vEimWYPADnJxVryrFU7G6r8oKWH	100000
179HM4stztBd5HVK1feauYyw4ehbYes9w3	100000
bc1qy4hm2yq3sy707lmwrt0kzkkfcccup3lhpldant	100000
1QDv2SrqYu5cV7jXZJQA6R2gtERRkhuKUJ	100000
1P2eXWHEZmuERLCVMTb1wkhCwTFjMmgDkp	100000
1AKsZCKRJKwEHnWx32z7WZFHzRzrpZwFq3	100000
33Z7eBHSwWq1MvFZkGqBkJQ1wDqybgLAR4	100000
1MZS1RJgG1hHTmspP25UvyCdJGnvWxuD8W	100000
1FDmZSaUfNZ16YGmRCFKC3DAgk45uTENKF	100000
1Jdh6uSx4ywyaLwvTYJSd9Fg93P893zNBq	100000
17RBwY22aS2NjNU6oS2foouqVZSZy2N83u	100000
15wN59pdjUz7WudGeiiAkyYPfh54E7Azm6	100000
34Y41QDpCL3mdjYturbP7HuLRCtPaXgt9S	100000
17LyB5f1MjRYFiegZawNdV5MTL7TYsLT2m	100000
3QXsRmKSUZkiGSJiZ869kr4N1LCEEQEJ3L	100000
1CpPoie4euMGPGKDRqafFQkux9SWFGa9F8	100000
1Hk7LSQ1LTGWx2AQGvHLemZ4cFX4YozLsS	100000
1K6MKiQ3su66EqPAZko561BwmnxeB58av7	100000
bc1qmsxkxsdtvh7pknqpu5plks9q3fw002g8xh3738	100000
1FRDxhCQb8UjTknZ23ckexRd3334anjFR3	100000
bc1q20tfe4nyqe3rg0crwf5vl6rfu8cpa53yy6ysg4	100000
bc1qsyyxddyj83eel46f4u4l5rawm3g0gtykgfp9aj	100000
bc1q2cw6gwzd3n99hupkcaks206xytskzjg0hx76yj	100000
bc1qp7fjz0e0tu5mrmvgylc4356elp85ryxsq06sz7	100000
3KATtNZK2p24tne8EJYc5VpUymYwN98c5u	100000
19afzreESRqPFpe4jxuziwAbyUj4ofxkzn	100000
bc1qfqp5k7zrlsxymskh595u2ekej0tyhxpwfwukxg	100000
35QazJmx2aAi56ykkPD3SQgdDSu3PX63nX	100000
1K5Svf6ucNMHSQGgo8Z1fkR2csFiQA8VZW	100000
37kdRYV3FTYXi3sr59KncjbWjnpRVsxEx3	100000
389yXaj6V9cGpjSHUrcis76GemXHmWR6ia	100000
bc1qxaw02vx6y8rsrp56whnacvql7pzk42lcgkg77r	100000
1MaKUhfL4wUte7vTw8cDxDEPrB4p9xQv3G	100000
126KiZkCbRmLQrzcSkekAGaEkvcMLsCP3L	100000
bc1qr35p06sc3e0wfjg4p3xmenlys2ysww6akzdz5k	100000
bc1q2yr5hul6tu5jefdy2pduzx3067aysnc5e3f36g	100000
18svd8E5g5PCzQK5kwyBaCCPAD87XKiBvX	100000
bc1qczus3ywd4f2qgeq47xqtvcjsuka9y9mcj45fme	100000
35T6fnadmaKXtFhYbfAJqE7VKfHg6fLv8D	100000
1PiGoy3ntg4BEdsYufz3WcNw1qaKKLJ58T	100000
1JYKi8igNN3cREPkBPtEC7JRWW7JN8f8Qb	100000
176XF5EeffCVG2qy6K9qUmYxWXeVmT9Fwx	100000
1DERt52RMyczfsAy17TkgeGJg2obNED4SN	100000
12n5UmeK1V1DwVQYEv6kREQX2jD6ghq7di	100000
1KSxbDzCDCcuHDjuVgaeJg42t5m36dEZNe	100000
bc1q2uxwad2wfvz0cjy8rahj0gj6czrkceagnqthex	100000
bc1q8l3v7p26zx8q8n7r6urxmq2pjpjj7djtvuaf6w	100000
1Grj7268GwtC4CZZrkBpdKoRiwB76rgQcW	100000
3JygBBjzm3BJEBmp7iWjXZY5MHqJEHPGpS	100000
15iX3sTT2Bj292uHaYHGF9vDdS7uXH2dak	100000
bc1qdkanv6fhzf6dgre23rfk64h8x29xuzarwkwcdf	100000
1EkUQWcxRo4UqU7Hze985NVgrNrK9Y4BFc	100000
bc1qsl8y40xpc9smawfhp84me7ajfjlpth4n7dgmgq	100000
1H4PYRF8Pb8pwRprK9CMeRjBYiLWyycX87	100000
1GPufp68Hr3QiDz29LFC3vixYm5ae1bMzg	100000
1M8qPpVMkUpAPDgVv8wFdk7jckiiR3prtc	100000
18jMamKDaWb4JYH7jZCwo8hG9Gj4o9RXa7	100000
bc1qe3rws0u2lfpxmm6dd6chd6xsm0srreu0zt390k	100000
1MeaPHWLAZfRTuZ3Gdn2DY9w9dZhdsEYSm	100000
bc1qjrdv5ump48tve8uzlq8qfa7edfr00ftlgq9ww9	100000
1Ey6Htiw4DBkb5ScB6bUs5bSDmE8h7PZHr	100000
18xzLRZKdNQtDmZNSs1cy8bKGmj9HcVsw9	100000
1CbEA812vpWhSgfh9y1RNw6sJJqBcBWeRz	100000
1FtAaRNQQFWBe5Rin9f7ybS5HyvPPEVx3f	100000
12sAJ76NqzuRXohCLgW1gcJ2mrCVMxUEod	100000
bc1q32rvd8caffjg29l2ngt86fdkkl205u8efdph6n	100000
14BLE646hh8DvNm9XxTmsGzDQbwY6CMXTB	100000
17Fy3geAuA9qgBBy3duW9o8rN7mpe7awW	100000
17YVnarVfwyk6v7hdhQ6DgRvnjiQA8Xyty	100000
169SaFJciBJzwDa3Gbd61fXb7qfUG493fR	100000
17vdunQhrFxPDpKibLE6kxCtdi8JByZGBW	100000
1Luez5c8DaJigqcEKfiVSRoSZ4kAaQhmHw	100000
3GVVXA7UT5KZZy5or4k6WSA7NNDYz8AdjP	100000
1CyogxNgRugi1C1A4KCNGPpndkfR3X1D17	100000
1HzSSsNWVnUSWv2gaRqAqGJWwMGFMgruhc	100000
bc1qly2f5yr2dxmquellsqqucxa8qz0d2wqe2cmt5m	100000
bc1qupn4g43sqqaau8ypxpk72tpm8apthhamaxj0dgxxp8ml2zkmnydsw9sfmy	100000
bc1qylusswqv5f60ny0a6xdr87hayxj6nf0fynjlk2	100000
1MhJtBSbN9Yn3Ae66KWaN2Kz3RbGWFz4XW	100000
bc1qsph3m3w244hjucdty5z9ch7njgz0ws90l5nlhe	100000
1K1Kphcpxy2d8CNiy6PiKduJg74dki2SFs	100000
bc1qmuqkxe554g5pyh98jlgc6rq8hllaxwxu6ustel	100000
bc1q8hyn4eprf0rj2hx9047dhaffl7ru32xwl65jp8	100000
3Cc8Ev2afSKMxsHdotHTLkGN3bsH4nGDAj	100000
bc1q7tdqyzzz756uvf8ht04j9d5ek38u499extv58rfx834pketkfmpsljset6	100000
16JfLQDdvhBK481TVQKwnKCgsPXsXNp5un	100000
19QXYRRfgp9HmYbTdAXFqxzkcz3JYyFgWB	100000
1GgfjxMyNQvJCcvoBNC4s5GCtJ6uyLVd4a	100000
12GpG3f7KhJrq9hncMR2cuabnN8L4974jn	100000
15EbGFcXy484au5HpxWkvnG8egNyqMD4XA	100000
3LeNzjyKCQpthPJZypBxHBuTVAiobnuLyD	100000
1Ww4vkjAbzyMzka8eHL6GtiSDpRVHjPyd	100000
3KS59GhecF8343xtgmpGX1KPBvVRYMe1gG	100000
1EYqGoKdS2JzfhjA1k6u7EA75AWMw3DvVv	100000
bc1qt3mmfnuuxjgjprwjftxgzc70eky5m89l66p39rwnvqr89whc08yqva7ma8	100000
1B1c3YCbWMqLvyfRmnojVQJvLMizxjiRsP	100000
1JHeymXerySYj2HCR5kuJGMPniWt8BbuMP	100000
19mXAqp4WSi8iqXMJ8fmgnjc4ofP9mFaL3	100000
1M7L3N3LaZK3S9Dh9HZRHbcLPidGofJTc6	100000
14t37u3VFYvyBSgoA5KHxd6Z8TtDF3ejoK	100000
194FMxX88FiPRyrfH2Vdn2hzEtftmBZKVF	100000
125nwAYP55zx9p4eJDxTqGBCExP1z4qvNp	100000
1oCMp12Cu8ggBKMNViKKYwP6TPtzbAhMj	100000
bc1qwt8h5kkdcanwcc3c9sz4s9fvr0eueyly4kqdrq	100000
15GHfuSGaSt2zNYxf1ULEsDxTBNHxPit4Z	100000
18b6EpeRcjL8tegxVN62HVgQMbrSkpAnET	100000
1GQBYH7oEzFU35Fev5sj4eM1KFcyFcEoWi	100000
115zW78baLqb6SMioVXz6RfTMa5mNKmgMz	100000
1QD9PthLTe2pTL3Gk6qqAU7mWAkoeNBRGV	100000
3NkWDHoKyreatqLUcLDidegrtzXRAtDMeF	100000
1HCCpRqCEd9yCvZti4LfNUGANbWNX9xXHe	100000
18eXANtLcTyW7shGcWUcnmdb7aEvQmkSsc	100000
1D7aAwnHfZpyjRwcyFoFkYD1bowXKHfUEj	100000
1GxETrHGCvEWgVYip4FnpaGEvxp6WKBBu6	100000
17btJDxH3vCaJRBZKoPabR9RRgv6hY5piR	100000
18Xc9qAv3VY3F9WCxFAbWD3W778sKm2wFw	100000
1PhiTK7UkaYLFFRuHnUW1SXWNZN6YTdXV2	100000
12QnJ1WceYJhDwk4zH7wfurHgWoiD3p168	100000
12vTVz6P5udQawtwdaMnaBWtgzgWEM4veA	100000
bc1qgp4rkvswze43vg63ww6mrt28u4kzks7puy3v2y	100000
12m1qt7KrhHNo58r1LFdXphkao7QcsmgEs	100000
bc1qytaldv8rdgsxdqvex8vuaxf9n2f98n5aleffyw	100000
1HT4pKPp9vr4BBg8ugTZ6WwhbUe3AF1mfB	100000
1PZy6ff6GjASgdEBq5e1Am7dA2Lxk6jVFM	100000
bc1q7pda00v02dn0aqss57tphvz96wvzq9neq230fz	100000
194SecweofMJ6CXLZZMevUBLEvZ4BG7teP	100000
1CD4ngUXFeMgYhBwSomUftJbSSzFx6cXz9	100000
1AwptHgVyH5VCEYyW4igZTRdK7sjNV4emL	100000
bc1qq0uwjq3ve6ak63ryy4rlqcr92lu8k67gw656gy	100000
1CBTs46R3JXoGabGhA2xay9sf1LPEn9rM8	100000
bc1qh0naynnw3jtzv5qh6msudjulwh24mpz07mdw9u	100000
15qE6pBjHPV7ngqF8qwEjQ9QHwy81zyUL4	100000
1nM2ys4k8jfJ8tbAuHx7DaAVxddD75Y3L	100000
bc1qfqd68ujefekk6ejrttdqawevjjx2d6wfmv36wq	100000
bc1q5fk9jxlx9gfpmeh0gcu4pj0jghf0dp29awasgf	100000
3APtHeGp7KdZ6a4b4hJbYJrE11y7dTvKBn	100000
1KaGmtNLty5Rz94exZ6jtMD93PDeKxigv4	100000
14g45ZwDAiYmyDLnwBsXKGE29Ta6fmGqXS	100000
1FDcUkkZEzFzeeXftcNQMWzEZireaN96to	100000
1HPRjnP8LDyD9gpJ5Xck4N1ek6uDestAyh	100000
1PypvU2BL53PAMBW35b3XrY5xULgNZrnik	100000
1MCA1V2KxUaGx6gW13ZhRUrvVUMkMETrD6	100000
1CykRy21jzrq9B3RAKRZ1MFUDge4FXs7yp	100000
1HU7eStbJTZpxU3oU4aU4rNQmoKrZTJawU	100000
37Q7xVQbR36RFmnWU38qRKCivrvfPMBpiD	100000
39dcV2JSsBpts6ozH4qUgFrfnaevMecrMy	100000
1GjFTVpBWtSe2bD3T9oxCEFXdZDXBQWMA3	100000
bc1qx49zu92mh9929e82kry2z7cu8n9rec59ngk6qn	100000
16fDsrqMcAov1jHkgGtQvAEfvKjnbprcwZ	100000
1CJRgtk4czzj7aUSYRv68Un34udQK8664q	100000
bc1qyw4kt57dvq67a7asx7xju9myjta2r26zaawrrv	100000
bc1q2j8q6uyjwpudw6fftpjahdzfwmx26j8hprzf77	100000
1JCp8qoZDo97hUmM1Cu6JDJKxsfRgY9QhA	100000
17nnJb2yEnGYgVws9D86DZY7mzmF6hav5q	100000
13k6MFB136zA9RCDAWazX1MgpWPokvzwk7	100000
bc1qmqccm6mrl389svgwagvry7qk4zmvm7kmegqz03	100000
12ycA5hRm2HGMKbGvVDX5JRGF8TRvBN48q	100000
1FxyekUx4bRQt3KRsr7zLuLjAeyLVSDWfP	100000
bc1q3mwl5288gjupk0u660uzye6w7mjzvyjhgycv8h	100000
1AuB2ArmiQNatm7PWn1qHFeLVNuWnED45J	100000
17N1BQDPYbsHiHMvKxNc8PP3J2jrqnuah5	100000
1CsCQdZ8KMoot4GkYadmSp8qmVznYwQ5V7	100000
1NPwxBYuwuPhxMpMtt3FvsA9V2eiWniDAo	100000
38v3wA5kshDzZQcTSK7bgijJNKymnVzHAC	100000
1Bq7adLNgmSDUVbnsxFJ3338vgPq6Rxhm9	100000
15BwDQWCiLDbZJRR3Qz1v7fy57MgEtLs59	100000
bc1qy40txjk9rpmfc5pdgar3esxeceegxfygykl32q	100000
bc1q8wyzuq3unyxtv304jc9py2jy8p9lnlqfz25u6s	100000
36GMuXLq4nxj26xoB2Ffd8hoeVbqaJZ8Ku	100000
bc1q6x5vchukq35d5h5q7h7ayqvgrmzjy9f2ldjxjf	100000
13s5vvWtkMzgXVbZcjDbNoJRLF22ULz9Lg	100000
19eNhJJJ2kKVFRvtGpjc8ChFC2Tw1VXyS1	100000
1LLoyd6rKVGFaaW8oJ4FEpnATCHBa16To4	100000
16KoxdpvfYLaNfHftK1cYMTo9NqT1onALi	100000
bc1qwx8htla8h64ng7qvnrum3suh6mg5cnw23wed2e	100000
15weXX5kY7XU5qCmGHSJjHJn9tajAqGpnb	100000
12z4r8zMSQQeh2VBHpNE9453uR1M9oSvav	100000
3M5vfZ4tVfztX442vbNswmtRXJ8scKUB2u	100000
144NrqNXU1P5pzsf9eMtsJttADkG4wmV2b	100000
1KovrqrErKiYKUFB4teEeeXLucZLCHvJyx	100000
bc1qs6u06k7v9wxjq7lj0u3cznk2lt7zq56hhwew2a	100000
3H9BP1PxUMKYt7GGivf7HA1gsT8hmNndkZ	100000
3Cw5HUpb9VAiQtCqdhwk8DGy5rFMK2bhm1	100000
15vhvn8E7xnCq4a6C2FBRmPhxs6AkHNd6w	100000
1Jxd8nwAzNb4aHv7gzy5fCtVMyRaJyLkig	100000
1BtcS9nRCpLtb7Dtnvk5eAtCCBccw9eAtx	100000
1LGoaa2HvpwLVct1qyWXJuKXQdeFirAa6G	100000
bc1q6exg5rhmvmcd2ndnvrlr4k0fj8hxplasa9e2nr	100000
1Q94CTi84pT9BBkXEN3J2SeVxVqRJs71zy	100000
3QhUK3A7FkRtk6upLxKiwLiiDNyGuoDwEG	100000
bc1q4cx80ale83m59mfmlru9zgyq4x6xr8kdetfyp8	100000
bc1qwwzfm5xhch5wsu9s5td4esw3dldkgfv64qe85a	100000
bc1qjxqqllkw9sxsmz8ylktaksgv8kk38kpg792zu0	100000
3JKzV2DQmL5r48Z6YRfwB1B3tRHB5pSBmn	100000
3DbEUqMe89hLKVk8EUaGtiGZunrhN7Mdnz	100000
1M8cDYF6ZsdoHvxQZ2CjZ1uM7WGVUDXGF	100000
3HGUfP2VNuPxD2F7giiN7UsV6kZZ58ydC8	100000
bc1qfrasyvtrgp76pnw2u8nasy860ruq9fsw83dt2t	100000
bc1ql8zz6y0y9wttkt405hvelzaur5qp56yka9lz30	100000
18zEzaMiwmmYrGJ36Q9FShRwcvpPPddzkQ	100000
17XwF5zQ8SpcrjH8ygMfWJXnqKjmweFq4Q	100000
bc1qdkchkw5r7306dpce8cvgq3qhg336ytwhf6x0pz	100000
16qKPG3qdrY44Vi4tZohNjNh9wNtZEEHd8	100000
1PsdF26WLkhfDnkxa6EJRmxS1CsipGcS5D	100000
1N84BqFodU1yRQvoAD8KFFuGNfCSQ8x4gX	100000
12DX34k3rRdySNQEDAX3tBFHTuCaGHSqhG	100000
16Wjf9gas7icshr4eWC6SA3zbWDcCMDGzz	100000
1ER4qvDNHcUV3jUTjGxXjiStKoVFi4pPAC	100000
1Gu9RSiLeMA74KmuiMGTMPJjXhTzKCBfYz	100000
1DFr3KP5RLy2DrS1W86U8R3ZMQUxw6zzwk	100000
351Msj86MBvNkVRsKcgxhTYrsN3eG5xdxP	100000
1Lsfzxjp7ayq71hNEX9oo4qLv7Lewn1ay4	100000
15twN2kHHKBR9rXujo5R3ZWBxyZCceoGNS	100000
1MTbgbGWiYgdd24WcFr1nbRG9GY5fgL2DX	100000
1DMrN7ghpd7BfrZZAvoUXZsfMS6mFTYKJG	100000
1FGrL7mjmQ3ghxiR9QDMsWeMJqLcTgUcsh	100000
bc1qu0750ulapwa2mlc09ezg4azqndg6zjprfltjm3	100000
1DQMb2bn7j5nduG8P4R846RiigNXMkA8HP	100000
12wFDVQNjTsV898TEiqJ2WWFTCbsHup1Pm	100000
33hwYshoXTYS7NpyjBBU54DdtgkW86UU4j	100000
1Ha37JoHuFPm3MTFcS6KGBw1HEehmirit1	100000
1Bw6uoWczon74vq6UVaMFMMKvUxy2DXv16	100000
1KFJjwUfpcAdGDbRMhn7MLRXhyd4gQ1nq1	100000
bc1qfk396u2xnw5gtkrnqnq5xgcjam5zc3p9vhv4qn	100000
bc1qa7hgx7zzd29ys0q26kmhxrx9pa8z84ulkzz5us	100000
bc1qdck2j3rtk5xnmmlt6val0d45cp3kfx55vkh66w	100000
12F4skoTZRrHU9U22TMZMydV6tV6wX17bA	100000
3PaB5acDMV3jCSnRNaqNRKeuMGvaQ5uRHQ	100000
1JT66mYkmuK419uhtDjtXduMvHLVtyKDt7	100000
1LixafpM7fZVkaUwTMEf55gUQEfpyS8Wo2	100000
13inMD4u9DGKCVE5RiBoTGmTYDZrTDMh6U	100000
1PQtQniHsc953CoCJeD5NShpndCZRXd7vy	100000
bc1qt28l5actfc6f0e8d6z5n9n0ns0g5ww4g4zk25x	100000
1KinL4LeSSVh4ierwU2Q99PVLi4P5BocS5	100000
1C7qogXBnsDLikY4tE1WhCm5kCETeEayZm	100000
13ggzZrApzR8y5DhWwpyWWuDXxwq6BXrfk	100000
bc1qt2ry9thpjh9hq3d0gxrgx06rgsjksr8rd5lhh0rlum7c6tv2prkqa9g7x3	100000
3DW249CcWdL6Y2YHSDSmkUP6HvAaJtMYZW	100000
1JziPPjkmHGdUQ6Mk9pBPjUU1QHW1SDxf7	100000
1AB8wXrWzzKTw3YbG9ojcEUAqD5jUh285K	100000
1Arschj6JGkkkd1nTtURah4vPwnzc1ZepZ	100000
13N8QHvLsdXUagfPioy4q9aAMxMsTjejm9	100000
36kSKQ6LMRt9NKPhHc7NCUe4565jfEGYDA	100000
1Mb59TSU2uQ98JhjeGta8GfssXYoUdudqx	100000
3QGK2bF3ci7EJv935ZWqtNKfaKphygoe5o	100000
1HmtTYqgJnQCPUeUnLsMvTVVeqEeWstchw	100000
1DYUPo3FSDJJMs5xWMpRXmyRc3N4rzmQcX	100000
1CAAePt3yaWTHkm7KT4CDvWKkYXVMKz7Mp	100000
13GFq96C8N9mp93E5fhCDAK36TuHxUvjG7	100000
19UH6dp6XcaQzrt7rHVxvh4y1fG2PWjamP	100000
1962JvYXKLxDPQdtYtMrM4CdgMzvegXkie	100000
bc1q5vgvl6z9dl7x8qk2w48qu9vw9swr9hfj2kt4qe	100000
1K2V9amvznGpoBDkEQXBhUDZ6QZ1jmdzUf	100000
169iujtWYs93pVBHnU3yW6A8EjAr17YyBi	100000
1JTE6qwZJ4bGBAafvK5v9WyhYv6hLphuK1	100000
35u1dVUC3Xxwt4mmL5Zek69UhvaqMMameo	100000
1FxERugDahiUun45bsop7rY1QQCnCH6AwU	100000
121Rbznmxf3dfXCiTBKXxeDuntEEzD73sD	100000
3H82eEW7KgY5EkegzVF9u8dkv2fhtbXPj9	100000
1F7kPAhVhV7yDFgT5iwmcfxAtgKw2fQvyM	100000
3HtwWJVkcRgJcnRxLqmtcS5WqcnE7KFJkh	100000
1mVmsG12oeH6w5mnoL54UTYqnNtz4JrcF	100000
114yQLCeM3bPhXTE8w9zyhkxod58fDEK5u	100000
19AHsrUzZyYXVpvi1nLrLsigJf7mbVeuUG	100000
1DSYsENLA3rnZzB5tdjXCcMov8u5CnxNva	100000
bc1q0yadltcve8j6rd63ycm325s3xypmt3tfter8ru	100000
174EmUw545oaKZJNN6g5GUY9jWK5NjP98L	100000
16D7jmzzYGEHBBdVuYDyQFiK86btwC1y7K	100000
1MiAoQZP85jfyXcAa3VLq7M15xBFLRhX5w	100000
1KQiK2aWN3JxMWYjerexMzoVXhgTvk11qG	100000
1F5Fs12VG9erUH2bgaUZ7aNMFP7d9ndzgy	100000
1ML7Q5PZ3N9HPgPnrSUnMMG7YM7THDUXTz	100000
165vmArWeDe4XdPFwmMm47amCD8w2vjbAD	100000
35r4zw7RkEBsgS6rw9Gzn8BVKsZ5LAqviD	100000
1B5HBHwZp66AGe6ASh7c9rdxaGUQBk1xds	100000
bc1qzz0slaf7kg5mwdw9f2k65hwn0mt6veylzecmpj	100000
13jmK4hKJFDpAopPdeyjBJWMM4shZQHoRX	100000
1LjMUb3GYfePoMRLSY9VCmdfVcqHJ3zgWf	100000
bc1qqz2fj78uaz9vxx6fdhyp9d0e6sfur7v2sex888	100000
3JG9CjCq3LkQZBiaok3F3QPxd3hZ1ZxcpZ	100000
32AmH5XRTFQBbzB9JajFXLbEua94JemkFM	100000
bc1qzxzkvng3s3lhrh635fhkp0hv0usrjrj6f90kpc	100000
1BkHLG9bx1GxyFQStaZv6azFqgduc7yoEz	100000
16zBZ9rev4StmLfnRHZtp1TC2fizR2Rax4	100000
389d8dqqqsHL2gL2DH1sBTayYEVYvzgLfn	100000
1ATyzbBWcrut7sDhVt6gZKYoaB5dYRk4xo	100000
32Q7bmCmDmpvF1bWwxmFxE4bnyvRzSgoRP	100000
1CgmvAPaVBt2pxHchUeoEVTJsU87o8qwNS	100000
1CCq1D3yYi3YtFCivTRfrXN9osdf2ESMFY	100000
bc1q4myr4yuvh0qwaxpes9dvqvg6p83pwl66ee0t53	100000
1KN8g3RxS5rPjUJBJs9BPH2WYodz2JLAad	100000
1LqZKbHeUrcvgp3Yd1eFfsaZqgKJRPTDJg	100000
1HFftS3QRGj33YBTququpgiudc2RyrwMED	100000
1HXv2J33cHZRtbkmkXRZsc3zRHqxVD2Fhc	100000
1Nh8DXqHbJh4jYGAvMxvN13aHt7scEWyj4	100000
3N6GXJ2cYk577V6HwnpNL8rJtfTgBXf5Pd	100000
1Jf8dM8Rn9UngQ733K6HGZCijg1kB4jA9z	100000
16uiTfoNpEMqX7rLTdxFhrg721i3FVeH7G	100000
1CdgUNMNRfkz3fF4iBANgMTr46sLnJaFaQ	100000
1GGDuMNTVgJV7mD35GxQeSCv69wqZCrUoZ	100000
bc1q6hstr7xprndd7wv7gha9ysp5m8mp5zsg7767yx	100000
1BRSdEm5tg84He1XRLHt6RUAbAnvYQxzYi	100000
3AdiomiVbCLbQQq5Bk3pdUGsTsSPeAoWLL	100000
1GcQjQ8NFjCKNTT9abru6P9B8qMp3MgjgA	100000
bc1q6qzk7rn59y3ex8fn8x0yvz6yze7nh64u3fu2al	100000
bc1qcku0v5dp8cwz22fddqsfcwj7vd95uj4yrxf3mh	100000
1MmpqbgFMbJ692wuJoEWsg1bW2tv3NsvZG	100000
1nunoXwrTbrmbJWYUURNH7o37ybRF7hT9	100000
3H2fPqFXSWxMXLc5LvkaoPzpF2Q7K2mPe2	100000
18ZtVxwx5333jjBqXdKMdDfuXcYiLgmGGE	100000
12AZ4nQBNUAPRZKbJyhsZQpafeiGcxnnqV	100000
3KXtoKmX8Zz1ipf72KV1eHrzH5RWi6KRs2	100000
bc1qdemp4qkfkvdh64tusm97sjwwe3gjlj49c8uakk	100000
1XwZzoBRUBRMgRjY4iNFz1KRwkPxtMJ9u	100000
3BMEXVTPx5Uz483jADNsBKupPr9dxLaDSm	100000
14EbxbonBXHj6UNSFXD9bkjzASFR7VSnk1	100000
1GLhdYNmp8rxBEVvePPHTUU2qeHmmA5SwX	100000
bc1q0707nwvd52whx8x6yvd4pz0m7jvsdl8nwlm7us	100000
1r5ykmkneZN2eLiZXhHuQMZfpnNhJL5YH	100000
1QLCv8R4Euj1GwX4gzYs1YW93uzESEuBDJ	100000
33g2JwWqHFtu1kaCxptiCZpgtoXs9aayh8	100000
196W4yf1vVWbByemsxyi9SLHb5D1gD662g	100000
1Bt648PCbN71bt3d1F385V2veSsE9ZhJC6	100000
bc1qzklp7v8rftpk63syj5sq3ufnxzjz62e0ajmvmh	100000
3QeP8pNMwySXL4mhqN33ej1myWkMsBXRbT	100000
1Pd84PZZJXbbfHZxrisKq8RYEbijgr8Aeu	100000
12NiNk6z478jjfewgKArffvWzgQDAL4ccw	100000
bc1q8rd0z0tqfjkt9uqvxh030f8t4qarsz3kav24c6	100000
bc1qgc9lh62sgunf6ndjxa08l554gm939sth57xwkngcm4gcj5zvt95q6gexqz	100000
1JRn4Um4eAVKqwgpXHuibKWrPuqkdDmk4V	100000
bc1qm2saj70wwq9n5g8xlztskwvtxchpps78z9jjur	100000
1JxLF95hz2KmfiqCuUPHYkED4FGZbG5YMw	100000
1B5HMbRviTiWWvLtbaRkdNmqjqzun9kgz7	100000
1EaafgTjbVkbuz5jbxwxdefJQDeNDCVbPU	100000
1JREW6DxWPV54T9vFTLLYLJyYqxF1hwNLi	100000
15sX6unUnjtqnqtrxqXdasLjHWPbxWF3NE	100000
1P2ofrR7mB48zg56DF4ytFCB19X1atf2jf	100000
38HKG86LTAcbn6wNiEffwL1k2sKTbuxxEx	100000
14tHn7FPrfzL1Pqy4eyqRnk39fxJYRtbuP	100000
15Q7mA9L6gU72b48gyCS6vMiaAPfsrSdM4	100000
1HDjAb2iisWQaJ9Ek5RQXrbPVBGF3oPaRj	100000
1Ei5DPJGwoosVtPZjVniBfASQHp5gqk54N	100000
1EXCqRkrNXxCrqzSiwJeBPptCbVAkqH4Ym	100000
1GRicc8rm2Nf9TrKa6TrjgTsuLYKnsp4QU	100000
125Ukv49vt9sMcWbmi4XsDrH7Skb84kmQe	100000
bc1qy6cm05ym6z83v9jejzazwhrrueyn36vrazntln	100000
15MR6bXdFyDZHUf2cCb8bCJmZFjJX69Wzi	100000
1MLqwCSyvREnsrmQfHufr9MhWxDRDxrRsU	100000
1GjvpEyogL8vM2MMPyqPKDvkcskRc24ko9	100000
1933yGeeEu4KzHfBZFkTEs3JebSSFik15M	100000
bc1qpsagtrp4l6uqu6svd88uj62ntlazs9t6axqqzz	100000
1CJAZRVpBe7kQnFb5MvwfW9UUmaQB7RdBP	100000
33kD4gfSsf9Asu526nGe3KGxhaNSJVcw3X	100000
bc1qpvetz4kvya5f70gzurwzumnw7cfcqyp5p0sem9	100000
1rmf5osDhKjGZSNHvTCW5v7s4jVBZLRWg	100000
1kSzir6VoBeTZrhTTppSnx6u852yTvnYZ	100000
1Gny8Xb7CSxjJ48V69TdY1FHe16jw4ub8C	100000
1CLzmM3aCjit66fnWoMGJp82pknT1GSTpc	100000
173hg3Tj5MHLvxZsiTDt2cAC6aKHpXHJpZ	100000
bc1q582f3809jn98usyjgqmwjdtzfu743axjyrexkr	100000
bc1q03qfjfcxrawq5muk8rsrykt3mhc8fac5l8ws75	100000
16Wy1hvoT5YMKuUCkyQvSiwsdj6czJLrhc	100000
bc1qk5qtd0lnlflnl5thnfy4ctf7ze5v0639g8zy7p	100000
17bda5BHBovw3dckH1Rh5DTLKZm9yi7RzR	100000
1J3KytrdpEkKxunUge9o8QTPidtp6Rd35A	100000
1F6aciG3isZrfqQ32613PXu3svANNMQ4G5	100000
bc1qfu8k0gx6j59x9ykjp853f5c8rhha2z6j8sw2ph	100000
35yQxmyNJNgoKX44jGicedZpN6YDQE82xj	100000
1FeK7uajRA4W7FERzAGTLkiTU8kAito4PU	100000
1Mx6RgL7mLSomSbvfgdMo1NcK259wbZ2Gm	100000
1LF58KKoQmFQLoFQuRf6JXDFeKkHB9gULv	100000
1CT3Ymqbub6Row2vGsaHFWuNatM6kHeumB	100000
15Y6Sk15SvMQRvUKjjnL8CXa1qUouVu7kE	100000
1HhTmEKFtzpErWXWL4ib99fTMdUTSeJ8uo	100000
13SxDtaxZm4zeYKdk9p2xc8P1RA6UPEfwZ	100000
16t1NoAqAxb1tXkoRz3z7D7y7GncQNkxQz	100000
1GLJvXxnfWNfmknLEGHswrqyqXWx4p5xe	100000
1CtSz6vEXCerwLH1v25AgJDHmvPukfPShr	100000
bc1qhzqa9fe3xh8g0xuj8qhdmmcgf0t9ytuldh0q94	100000
1B7ZQaBCM2gdcCXVj8SEu9FRHsEBXSj2HV	100000
bc1q8mz9g9jen3d50m57xy40lvgx4sjw8ectgqf6z8	100000
1FtBBxAHa6XRdS7mWQL66xcWWwDhkpzgeA	100000
1QEmxVAEqS75xt41fW69AwYYGpCZW2eaPm	100000
3BQ4GGcaEyFEDpzmrXNrendi4CBxPFByv6	100000
1L5ZL2HiBcP7UjNkp96ihQM88vqW8z7ri3	100000
1AULbYriZKPArMCDQdwuRD8VrSsD3yYqhp	100000
1EZRojwm7QHpD1vwMzAYFugFbK2vo64Cr6	100000
1N8CiSb34ggGtghACQPvXMDbDaABSTqBod	100000
bc1qcqjv5nfpkgvewrx0ujpum6hrqz05gjj4t38mgc	100000
1JuqkxxFVEWv7w9wAB1o57rYuB6a3BxLr6	100000
bc1q4r3q08a59f0cj2lf36gecnzkvnrshqfrkj6hhcsjztjzz7d3c7rskh2sgy	100000
1JkDgG4S9CLA9FGq5brMkyhMrzRZqzVdUa	100000
1f1yGkC9KGWa6wEJFrhuB3cUNLE5rn9eX	100000
3Qxj7qHbUrcK1uqqhQcCsnHS8HmCnfd8LA	100000
17N6muDg4iuPmo74zauE62qCngsCCSMZfK	100000
1BwdCR2eEy322zrVoXTKBPQyNWWJBSyEQT	100000
1L6KNkdoqJfj3GqeNvPvMtEgMPhgTRurxq	100000
1C8WGuMJTEBw4ww6K2nPWEc9vueGErLMvz	100000
3BMEXmuE96fTWf6i97oJvzDvLX2zwHDBNj	100000
3H6BkDndARCx2YeDm7N7NBXkd6yncXMJha	100000
bc1qwvddhcm4ae5xruf6rzsjstgsk3dpzswujg7a7t	100000
bc1qk9gvm58m4r0uhjf6y53v5ntjj48049w499r3lu	100000
bc1qggau5al3msau9j23huy6g60np8vcfqwhqe5ql8	100000
bc1qxrtchvkhczuwwa6vl2u78dn3f4h4wxatma9r3gnv5mxs8xnaa5cs8jlrv9	100000
bc1qfq0yjskcxaatqypxdedpwcddtx63jyvgtu7qxm	100000
1BX2c7rCE1Jci8BV2LKrW12hQpPpvH3a5a	100000
1HhQT5aNgWZmw2CNUWbEJrkxarZrSRGDoD	100000
bc1qpgwzh92tus7l95wnlr55qjztk9lqsd74ywucsw	100000
1GxwqGbDqExxVdcGQMDVwsuTxTR9JgK37n	100000
19CtDvnrKa9JL74qDRd1JEEzwGqaveWuRt	100000
1AKNRsAy2ooDhLmhrVjrwKzyUaPEMbiFiF	100000
bc1qtnmgs2frhee98cl2lasxpy5estrjm7x07ur8mz	100000
1KBPdBKF3SFYGLMPeBeZR9vXCmha7erCW7	100000
1KxbEQ3hv5jxwoAJENR2uWGBqMezdwnbhn	100000
1BMBR6GgGQ6or1PhC8iFwt4Gf3qQEDxqTJ	100000
1NFMbBTPfkW8tu1tPdtQNnm2ndjdS3wZjv	100000
3JzmWkZEaqXfe5ZNqeemNKqFH1AXZnammJ	100000
1DFNjVKCFgcNYh3aXg62ajmbggsXSvXFNg	100000
3Cnds7amvemRY838k4edVQ3LjV2NFeVj9E	100000
1KsFsRjdjxDaLHSftyddn2tEVS1brSQDBR	100000
1AyTeU6vYzQ1YwQgnHhGYGr9vASz78QBVR	100000
16nBfjHM6FQGAGYc8s2hThoM55GqCiYkXo	100000
bc1qh2rj46fkx2y47sh7tmmvqyvw53pma4z8h7t93t9ynyzs24lht5es8rkwdg	100000
1MM167ED9dyEwh96n6vERKdneTYhDRqEoR	100000
19vkamHwgkBf4fUtgaz4uHgcVSjssDhvo2	100000
bc1qucvkt3k53er6d9j5089vk5jll9k422c0hgfmak	100000
1BAGeEUhi6heUK5mdvmvKPb6LjwgDSsEHM	100000
1ARzzVBSQNQ88g91C6R6T56W24hsNk9Tb4	100000
bc1qj32rdkjq3f8lqqzu2msrpcffe2k5kp5tktpkyk	100000
bc1qfqdjest9pq94jfu444l3at6v6p3y2nldgj0u7x	100000
bc1qzqanvqxafeycnesdphxv2jlsw7d0lafxeq9rcl	100000
15srt9jz6azr7bDkAfqQS7dsJr8qqHuv56	100000
3F8oG3rCcMTnENtRhjyuTcBcT2RA9tVqCZ	100000
1C5SXTrCGrjVtSuvzz2bT28qtMzkcqwyn	100000
1FW4orn8bs3mKGNKNeV7Sj6h4fZLyWAEci	100000
1EvUBobR12U9CEFrAmH4A6wcXvAQPFUuJH	100000
1FUfSdxJgA1hGqu8M2YkUkuXqLNQnNj6kM	100000
1AZ3C9KNNj2QuEUd9kvaixcMAEGS42QxmH	100000
1MBNq9bGkvSzu532VH3x1E1VPPJfZ8s6SK	100000
1GeWc7HHRbQTuXhXhyf3J7aLjH7Pu1fw5P	100000
1HwuX93VXh37ezSpuGVBAxgcXsztPuiPG7	100000
bc1qxc8d53jykn5szyvncmq2q3qzrhrn38xppkwg2w	100000
1diceZcAHDw6p8DARm1639oxFB8n1MDE2	100000
15UDDPf4ixrZFcWGU57g6aHaHTSH7VqmhQ	100000
1DURjVB6MwjmtmBpLkjDv7sbrAwJ3hytEi	100000
bc1q7lf37ncq96s282qhkej7z06w2a886djz6lm7pdcq5j03etnhfr8q805mqn	100000
1Cd4wnWn6jPsR9UjisXvwmsCUVaCaetvyo	100000
123ZCSyz8BLMGfVXMXF7o73qAfV6Nikd1v	100000
19vwxTfcmYLuhcjDZXpefsFRS4cWKG4gvT	100000
19kKPX3teWcUqjj4dma4ZWa6gDDy1YG2qk	100000
1J7UeumCBhnoKMbYU8iPakES2Ju1dsVAHi	100000
1CaPup9aA5yt3K82uxPXojF48cXgyVCQpy	100000
bc1qttpqelmm6qg0q43djqtzx7c5shfju6r40u2e7s	100000
1ZXwPUzFCZEzcnDxMQzdyVrtuiZLxruAm	100000
bc1qkucueumh2t636mw55ttp39dvt7vfqvzr2ke3uv	100000
bc1qd2hnduzgc288y8mg8v307m9t7ler5fzl2ezs5e	100000
1B9ZfYxakMACvNMVHoXTmvP42MrqDpJqYW	100000
1PpisV2cNrVnHiCPcPcYMV8DJcHiBC9dt4	100000
3BMEXCtSpLNx4qvGFMsgDn4xyJr2hgWN2B	100000
1EdJVSkBQjp7eCqP3E8zqCg4kv1rpnMMx9	100000
bc1qp5wefg5cah7ndn4nu85ppp3mkas9dufue2ry7c	100000
14GBniaQLXffwf72re6V5xqNgcz9dGj6NZ	100000
3Q164wyY3RzF3kyQ6XLGteui3GcRSCutuF	100000
bc1qhgsffd230nj0pw3mw86mhy5zkmr2f0jzkaf2qr	100000
1DvP1XnZzPfiHh8BvC3fpxppfaj9fmoyFN	100000
1AMAMgxf5QBpbh3kQqqqY27hTc9inGDr5S	100000
15tFsGFdm2QCAf8GPStcbJYmu7PuzH4tgn	100000
1EQJq1WCoN1VRmcrHjrKiunpxUARLHqej8	100000
1CgfS1gHodhD8X5wTBLWuRHCebhqSfDBTP	100000
16j5jLvnXfJbXHRsRxqyDemgZhZ1daHgbN	100000
3K1u8MfpVw1b8TthKs9QGD5GFAgUtT6Xe6	100000
3G4ve1fVqAd3euEDPufBw69TDqMMVgNNyX	100000
1BRfXwVSPf1jZaG34vV1LdtRsv5ndrkgn3	100000
bc1qpvu8s7lune0lq9k2fwu7lz03w7kljyxr0savpm	100000
3Ab8yzFvP7NbKjiynMsY3mKhUwnSrHXe2P	100000
1KPHsru87Bc2WFRKBfeGaX7ecvpDLnDVNW	100000
1CQxBpuPbqV9sCB3i7ehbe4WPbmRsg8RgX	100000
168Kb2qEpdpCL7jATQ6CmFWwoHuV8kGCQk	100000
1ByVcTRsrvnxXq9K1AGuFAcCKUB6jhLV9S	100000
1BXLWsvsL54wBLwPQGAC4mFCJfYQ9rZjcd	100000
bc1qy3em3tzlfatl076f38kzww9ra5608mf3pgecpf	100000
1MYLp2QS7YBfb9cKJQUkFFexNB7teEb2bT	100000
199SNeDcPxARUqg4sfQvBAUDJexGzcJdC3	100000
3CvNBShK5v1bAfKKvSm21F3KzUa4xTUcpS	100000
3PQvjdNaP6UDXZ2e2cRo8ZBR4bokQsQWAH	100000
bc1qnykj05tftgmwcsqthr69eswtd79ce7jnwugpdw	100000
1FtQZe9fokDc1J1tMQU4z6bLSsxTPXrzRC	100000
1V69m5LnHUDdLA4TMqkKGk8cteZYsezz2	100000
1rYD2wpPkTqfAn3a89gW4Xsg4wevcQ8Nk	100000
39igRH3TcUpbb2KiUKwfja17bJ8T2HhXb7	100000
1FGBqzJBxZAtRHUwamsrXKggHhYypeXRQr	100000
1K885p6FfXcrR3TLF4FQH5CURaD4DGFshK	100000
1AF4v76pNQgw1dAQDbzefi6QjweaghYK6M	100000
1Lqitz8DvmE5pkCHKa1dFnT91C61qPPprQ	100000
1F6LRmbUwjfknRoA6tn5fciF9fHkSJVZ2r	100000
1GXGrRcajLcaPxBSAZ8j4z9sZ7Vn8aMAE2	100000
1Mac13qLDCtWodT9YavVyThYUD3MCFhXWy	100000
bc1qsw3pm55lj5r77prgpgnnas6ewzn5pw87zq6xwg	100000
1NgcKSox6NBBViNiLpf2qkzEXzvC61J3eb	100000
bc1qu7flcccfup8p3xq0jx2rxgyxdtr5tkn8ph0qv0	100000
13wV8JG99cgu5F8ZpBGecGWN44mVhfPXp2	100000
bc1qf3tvv5qglm8exzt0tndfdc239nzdsnk5f65scn	100000
1Adam6vJY42bNeWVwUAJwSp2BB1dBKkHMS	100000
1MxVaZfbKSxRXK9t3TtwzrfhFNmcLKbhpg	100000
bc1qdu4802e3hjhu6c00ghge42gmyg6t69drg4vlx3	100000
bc1q5wqrjsdes7llwacklvuhm8zlm05v4y42l2ggjn	100000
3F1799kmkZ1NEC11dzxbDPGHRans4Ywozf	100000
1Mk9B77T8Bu6wCnfcnDpFmNUK7TxNR2r2H	100000
1e8rvAA1krhQFpAoJSeVNGCTWGzFq6HRD	100000
1N2ergrwBkfmajjzWYhBUsKZJXXANx5x6k	100000
1HmBgvPUsTScXk89v4nit3tXocEcjiXfHC	100000
bc1q50ypwckqpflny7tkd08y874q6c5fxhtx2qvx3f	100000
1MofotkqyxsCd6ryGRzCMcYqfhpTHnSesM	100000
1HMBAuHgJxzDMZcKLJ4pAzHAsxHbo7YVcS	100000
12SiJLc7i278w4wqrCLeNkJ35pXoMouBMQ	100000
1GuPts8o1pG8WbcL7RsYNJabKQ4WY9jEqC	100000
bc1qejxljf63kufh229kewz8a8jsranu3p6chlnmzn	100000
bc1qlaakr47pp7aw9cwxyxyr3n0w4qv8q3w7p7nkdm	100000
34Z3yKosJueP4PXC4fPG1RpW2yuKYvPejZ	100000
3AMTdYpbafmpYwDF1TmRr3S9fx1uKgGDDU	100000
1EK3d1pLPqAKiU2k32jpW3oDKYCdTkaE3w	100000
bc1qs5fn7e37flhtjncmvtxl5sdx9dg7spwmd4f7kz	100000
bc1qcwksa8hchf0q8mcw8umvkewwt7du0daqfgmz3l	100000
1N45Lr6CjutcP8ffTpJ436aJVQbEDgFEUK	100000
bc1qdy73nf60qg40sacgdsmjgrvw92khfxcvk550ds	100000
1PFiTzCYmvVs3v9oHUMccb2GUSzr85FppM	100000
19KTFAJeAqg9ShyR7rvcTnHkTgK53JEX9X	100000
bc1qkdjanhaut4x5at56skqvjmv97yxtsxd2xqmyal	100000
1CZGyjLCYM4ov7s5QC848QMkn9XbWzfFf8	100000
3MEQTpAKvcQQqbf1AwYM3PN2dL3ZYVG6Ga	100000
1MXM7SKgx4iTh3gukHLUqxPg2sQfG1tXod	100000
1PiVY2rgMhMFDFZAfvXoTLewwkCPJjtHj9	100000
19NVowQ5Nu4ba6tLW6w1wchQeXuPv4TmA3	100000
147HjmKpivCwSi8cv9JbiUBXGFW7ZeP58r	100000
15EifbVCYgtbgi61j5ZGXXcEg9wnU2ZsUU	100000
bc1qxrvf8aa7cgmdnwkpmfkrgf4wgs48rnzmz5gax4	100000
1MmQwUmJzCKRzfyFhiGbmg3Smim4E2kap5	100000
15FfQCAaQooB3aWi4PBiZrH6KGhqCN1jg7	100000
bc1q08auuhtqh0j9re7kugv0ettv5av5m4nw0lqm60	100000
1MDxn2Tu6PJYTRjcpNbWxZMgGDD38PwTkM	100000
3DYafzDo6Y3EXaWp6SASojhJ8Zkn6S1bgx	100000
1PWzakvXLuYUqk6dvzrfTKehE87pLYjxnQ	100000
1HDAPbZMiKQQGTnM9tDvK1YvvRPHL8rsCi	100000
1PKc5deiF4SbV6mJnMoiTLwv8nPHKfPAJF	100000
1E1iC2ZbmuSMvYSwLCWShumz9QGqojFAzs	100000
1NcvAok13CcBLX1dEBfivNnNTBHFrSdRjc	100000
1bdpoTNpTKmqCP14XCwkcXJch33eGznJu	100000
bc1qxj8xev33nt5ktfq2lzxf3ax8puh6tfdjpexv8w	100000
17EnDXasTq3x6UkqVhxYJYXx9iEGaztkYc	100000
1JJHRz3wtdRMZQJ4EVYviHvziPtZYaDoMi	100000
bc1qu8af85h4xfrt94c7p3d7rufa0a86xrtf2ma34xk582jxdg8x8cjq9s34q3	100000
195miDYp6VgoVo4Urg9CXiXZUMGro5nBNo	100000
18dhodz87qXsbSeyAfNMjevXuBtuKT4fDW	100000
bc1qw5sxvn78cth3rxu8xzftvyn86jvja9wwpqf6cs	100000
3JLGvoHfoCdkdagPVCWUva2mFRZmd49ZwD	100000
bc1qq4v03luh6up9jylhvmfd9zlxfg0m43q8s857ze6h80kt08m3r3fskyrtxe	100000
1L9XWjc2rcDEkSW4YzKBZsJXw6CuphSozj	100000
18iCLkaPfNd5ea6emrbUGpFeTjQ3tBS273	100000
17ekgj4kt1QkpTxgzyhs7WmmpF3da5wioF	100000
1M6oor28DwGuf9VrfZR7KWPVXUPkX7y4DT	100000
bc1q033guwzk2tgfyncel9e7828sjerr3dpndxcqd8	100000
1xYDN1Ew3RKmUECY9YH3eM2CuttBVFi6o	100000
3DC4MxooWkrCwNEdepum9oUHZVbrEfwqrp	100000
1DbY3p1tLv6tPqAGbA4ABK4vv4kq9oCG3	100000
3G1g6TL8iTWn4C2sUktwHcMxo9ZCcwexqe	100000
1M95QjuM28i5PvjMuDExMyU66ZwGHY5Z3	100000
1C6kLgob9eabRsLPR4wnyXE1ADfKb44jb	100000
1BThih8L5zNuKyoE5QmJbD3ddwwZaJmkAa	100000
bc1qu84mk7l2h3057rkcrdktzm9gnfhr74wqmew22l	100000
3Ms1QTXYfYEWfNwAoLYYcb9bYuxHsHbipw	100000
1GEvRGxnNYqKTP5aVJ7DDSNt9dc4EsPh4N	100000
181v7BjBFAZnCzaYB8PHwwxrNfBaWWJW5M	100000
19MA1c7Zmni2zUi6d5HqjDsV1z3uot4eJi	100000
1G9Q8gGvDecZjDFCG4GusetpNQGcUenoxm	100000
bc1qtjqag9q694axf0823wpr0zhk5qfmhalemy2m8r	100000
1GJreCby9guSPvuNiLEfXAx6NNoBaYH3kn	100000
18rHtitn7WCzgkpqjxdzHnnwDpMMU3v2uE	100000
1PuvM213h9X7BYY5XTTXnk5c3a91F8Qb2y	100000
1C27oc82rXQz8uHvL6yq4rqvFBiraVeZB	100000
16evephR8G765hLrQc9GLbqupo4UiXuySS	100000
1FcoiVW6kodpG9HhbFTei57WE2CwHreTgN	100000
bc1q93suv3jep0uqc6tyu2n0ggl0n9l6xwu2cl2me2	100000
1M7uw2H21Re2HHU97n8sGUMQGZyyJhJKuJ	100000
16PGYTy3MTrgRubmyhuGcMBVR4XFReXZKg	100000
35QYDso2ukG83ruJmgxj4Xk1g9z6WeFWfi	100000
1PPoym3tjhfkiJPeRz3Z4VDomxxAHPBFmh	100000
16d9R497djxbaUSQLphvhKE5wkMC7PVoK6	100000
1JijYREpJydHfzDAZu9kScBNmEWLRrD79b	100000
1FYTarHKG6DWMWiQAvzaag3MUGqizEpqS8	100000
16DbPsJzYPrZZZTn7x5M2DvtujhbY32MEv	100000
1JmUBfSvZtLVsv8dWhSAsLyf1bYMqfQLbG	100000
3DPtrsx76a5E2KkemJAhg9uhSeecKy2YgX	100000
1Jw7H1jp8giBJnarpvu2kq3CdDneQcCdMR	100000
19nPiZ93T68MqPNNo7zP6fwRw5jowmcaMM	100000
1MmoTq17ainNcHwrBCh3gnyvU4zMngcjec	100000
1PBUbPrhGMEynsNQDPzqUoNmHXjNi1C5Jq	100000
1NoarTdiauCQwg9S3cshyX9bd2fzifT9yM	100000
1DpxWoY6LitNBSmuTZcMQa5VsQtMTcPeJK	100000
1ZrgnVYTo1LD3nmGuwnHFjTwoXufXLC6J	100000
1H4bjekt1CaNoGM2vrqw4EzbRrRwwkhrBR	100000
bc1qeg0v0gdfe7jr2da87yasm4n62fn77cue9ywl7t	100000
134C2sPvWoNBjNCoNsxJDGfwbwgymGinUY	100000
bc1q3tq96vm6z44wpccxf48h0p3t6wmfj4lhm6tne7	100000
bc1ql52ecsjjedus0v6spg0n5n0v272tg23p7rlc06	100000
16mvm6gPkjKcKm5V8DH9GhfJib9AEKfP1S	100000
36dnxeAd2oZ9NphCi3Tw328RejSySyaedx	100000
1KobwHj6crubM13aJ9XzbMmUmzPPjqVGkX	100000
1NeywPFJFXmvsPQbQcL6NSrqgmDVN5UCfV	100000
1BHYHFhxVMN6NUW2po3m3vNdW9WrzG2aXG	100000
1AZwYsZWdFmnZwi7XoqNdSLhEQV6TCrwqa	100000
38DNaU5TXggCnXeGWVUmmdXuvj9UoML8EL	100000
1NYn7SPuQgRvSpLt5m4KjMEAfQZ583A7KV	100000
bc1qzjpfv5ka4uzs3ct9jcp92xdk2k6udgja0dtrz6dd7s48klnx8lrqk3dqss	100000
3BMEXKzaeWf2MjqNVzsXiEJ6crK7664VSN	100000
1DzyyNEutmzUP72KZQ4uTQqLUu683sTATa	100000
3DJrDy6C4m184F1fvr3ffCuJz5C7qz9JGB	100000
15wXZDxe3LZNzsKVoLvNKPes516oUHwwre	100000
bc1qm0tac7hapnm65dhtem5g3wsh0g68332f53ugly	100000
1Badp6DqMNTJ62F8sN79mAsKMbJeCyYEuR	100000
1DGCnxiULCYCFgxRcLQo2uvvkyvE218cKJ	100000
1BYntMcMBKBaTxznw6JHDFxPheoxdpLdHg	100000
19Qce4z5R7oc4pBGJZGM4jRUW6oSGxFmBs	100000
1H5ThQCb6Cdmj4FA1LbmUBUwxFTpYbtqym	100000
1HiS3YKhtj1SLRJKVfgCEsysLxj6PD1mCj	100000
3BqJznN2jx35BrwBDYusQKDPdyS9LVvH7b	100000
1GdDLgb6SMmX2HcbYP4cTJdjPayHZ9pJHB	100000
bc1quj45aezlvv4x9gj25y0vtk5njfenjcn92npnae	100000
bc1qzy7903gngk2rqd5jsjm93r9hmjg3us49lmxhv9	100000
3BeJTLNcX8KBRZcfqCKcwdZbmxQ9NXZ2PC	100000
121JmQXsoavPbLKMuAsp9sj2erzvp8ixMp	100000
1MXaLQ6JXesBsTwPhNJn9mbfBEAgT11HWK	100000
1BaJEfLT4cuGDUsY3wqhJWQTVrFk5SiPmZ	100000
bc1quq627vfa687zty3ekxssjy24are8ezgaf3p56a	100000
32dzLpPLJFmuKruQ4SWKMd9YMmzdiM3xmU	100000
1JLi3Jm5xzxCC517eVTu2HMX5PpQgwfQWz	100000
3PN2MhwD9VC1cCDTMohxsi2y1re8rxazR1	100000
182s8UtNWqaMgA59Y9djz8Fsm5dVmHRowa	100000
3DjFKBhNphpKQaaUypLDhtWRgLNZT7ShKM	100000
1JJKdP6Zi2w6FQ2qGUAdJBA7VorCxBRg2r	100000
bc1qejmu9uwqtvycd4xn0xqf2lnsgme9wsyq3fnrxq	100000
1Jg1V62i6VuLdT6fz35Pyyp5b7PuwVo987	100000
1ALfGUUFhif2rdEXZG38cwX6umKei3U2Hj	100000
bc1qu4734s9ssyqpe6n7jl7wxak5lvsf8nle87sq3e7rxnhe9ez9cgas8hym0c	100000
bc1q7xj6tfl4dc9m9pp5vzn6wmhmxakcs9jrtmga9p	100000
18QuheXvAdCCQNKWJxRwDboazPvPfhA5QR	100000
1F8tiES4QQMeBrENBp9jcyCJMdGX2Kr3HP	100000
3CwzueTZNbphvSEndSQDvTokBPm8LqJRUJ	100000
1826dJZohUSW2qzBDJ4UQmccNFPQ5Wggz3	100000
16acz4XhmtzkydDyMHx7CK17xA3Ae6M8AH	100000
bc1qnznwld6ntyxywmrp9t6my8slranatkdun7ylw4	100000
bc1qkv2sprrdjfy5sd4vaae45g6ce6nef9adfq8dhm	100000
1NPxLywvQ9c3V1cmRYxxmUdH3tXBGiyDES	100000
1PRPbNgVY21HSmVqFqz26wEW9a1zphquT7	100000
3MsZrrcZ7KoGipho9YeasCFmGLj2EwjzkU	100000
15g9mYk7JyCJDGA5odCNwWTXPw7NgsDKoo	100000
1CtqNssy1hNvMHhk9TWbpeCX1e4ctbDWzs	100000
bc1qflf283czj3zmwe2ufeg735u3v9ykazsndv9kgx	100000
19YXkRHWu1TWyEeV1fh5aFfPzPEiaSuKbQ	100000
183TsffaHz4U2AQ3aHK9AXkVnKiewBE91J	100000
18EYNSmv8BYSDqdYqNpkq9c8XC45Soe1L9	100000
1G3dZFqCMRpGBVWEPcoPG9VPrq9yevVUME	100000
bc1quzfhelpq99a235zulgr9jgynfyagxtqzf8vte2	100000
3FzgT94HxkWDwzttpybh4rUGmWz2z4EFqr	100000
bc1qd37nxrvggwq4ln64f0rj9ncv5n8akc5yes8049	100000
12gK8h3e8YvuAFMYzT3LJNTKwbDHhAxebp	100000
bc1qxwu9hy946w3l6prlrgmdqjaayalafp50d624j4	100000
1mJMmMEdKE6SqjA6kW1XyTrZ2y4TT9Erk	100000
bc1qedl6cahq2dz6kmdvc2hnkqsmmz82yjf98zpu7j	100000
3BTWktZoSAEcFEhcKgJZQmnQBZF63Atiyf	100000
3KYU8gejrkT7WxUXxxNGKwo68h6mLDzj76	100000
1JhSvQ84TghFh9aVWRWfRqqrkdnzFwDPzk	100000
1AH3nWVrdp3Eypp5AgG4MZ4iZ7WkrY78nq	100000
3QAXEGwzfDfb5hKJp8ghkauyueZbsf9Woc	100000
1Cu4XEZw222WAvj9rWF2wNfiHa1redRScA	100000
bc1q7wrrurl3p0axtczf65pz68yk9l2jdy9qrar85v	100000
1B8qBTzQsADqN72fUBHMtsEPC63NmKuWEk	100000
1FxamE5pGAEZyj4Hv4zQGNvQCmZRc4t9jk	100000
1K7YWgEizTfXRNoz4NxCHX6JUQE7GWjCek	100000
16PQdXycaqe7VTzD3Vv1E9i6zfuWdnEhAe	100000
bc1qvjx9uwp8eq4ueudantqw3cs2rq24ydlh3zvczvuwx4h6kax5gvnq9k3zln	100000
3LcpWoSd4Bjdbc9zcrEVkBBqSQFbBaz6SD	100000
3JNmeTPswfQse5pF5AdsemGWwR3BXeuAcp	100000
1MRjjXY3PpGPWmf4jyY8FeDYjeGF9R5g8A	100000
bc1qs4s0qtw7w4kj4du6wukcwd2jc3z9ny0vs9fvum	100000
3MzC4kf8B5ZknDA8GnvrtjPKDAnKeMyivd	100000
18qkfBMYG6C7Yd1UWYYTfznbVa26QFsZR8	100000
bc1qg44jps9cpw9u3zjx2zjxnvlg6nu8550n3lp6zq	100000
3Pe4hqw3v6TmJLdDdFCdDg6UVo7FLMJna9	100000
1KB1rLrgPCgxqVdtwoT3aXPBWntYqqbkMr	100000
1CxxjyEfHcVaEVoKw8xN2AzuWJWYP1a51J	100000
1CiD1CrPVj5EzTYoyUbxwZSRXWAwtija5r	100000
bc1qchwu9gh3np9mwzvujnfv3llxzlljlyjhrwxmj3	100000
1D7WEGqKQeBfz5NorytjkqK6qNCWQSFsFN	100000
3BC8HergtQkzVPHSgy6hcLv8sDbw6R1sPu	100000
bc1qvk9ukn5aaee4ut7kxemha9j7u024226elxx96x	100000
1A2ftC3rPtuu8xgvENoDQgZLzyuDkBpF3z	100000
1KNwNhJbT7causWuSaenarEFs3j8eYbgRk	100000
1MHzn3hjvoMDrCqXxxNs9DT28WYKf4KP36	100000
1GnoCETX4eD1ARoCrVEFqp6QahZbeVHuUr	100000
1L4DPm9CbudHFijbUBEhfiMVReNrsoqd8h	100000
1GGhrW6EfoBn4TERsWfPYcAVaM4U74utNT	100000
bc1qfdf9drgvgh5hmukcnvqr7vz4y8l3th2kdshg99	100000
bc1qgds7txpzwrnk6y4zn2g8twhau0g8dc6nxzr3zdp6wf35un5rsu6q5rjjyz	100000
bc1qldpm6vn0njy04p9xhg9tsz9q9j6q3sfq60sdtl	100000
1CapM1TNoAxmjk6Kc9dLW8gvBrndZLeFLL	100000
17vR88jBfaYRVZyeQ48dkcMYqsc4Ri8qks	100000
19TMshU61dq9xE93oR51W2pqKLDjpVGzkK	100000
1RrB6RzTgobbXr6bPu3f9ff9WN7ZreEa3	100000
1P22FpgcjyeTqFYiT6cgTTuTpkVqoUobkX	100000
1TtYPcTk4Ma5ZVJ7nN6y4JB2YZ1WUstHE	100000
bc1qh3jqe3jy3mltcv094p63kk6s3cnlus2g6eflsk	100000
1GZ7vLmxvPDhN3cYv53tRaPQrowx1kXQGK	100000
191WHBTAWf7vxbk7uCUTChHhmdJGjDYbLb	100000
bc1qtnkheglgxlnm2kjjztfyjhpx40a3ld0mp28gck	100000
1HLcQ1TEbPYB67nU6fZkoRKREXhLDPZUt	100000
1L29B91AWXmLYh1cop5fAqLygLdErLgzGx	100000
1BoHMJF1sX4y6VC1CvMdqJo7tJzY3At312	100000
bc1qwfh4mq7fz47g3jqrp7axjcx8km4l260xdxdxr3	100000
bc1qpjq7sxwmcczaunsx5e3nnuzsuhdax5fhk8zx3a	100000
1B5ABSBe56yk71L9bgYvjEuof2ia5BLCUE	100000
33s2H4mC5N4FZZLHY1s4aQ8mNGSzSMDNHQ	100000
18skz6zZrzfbHCXghuLf4AXLHALB5AontW	100000
bc1qelmcqzefpc92w60pmjn9wrx2hjzqennlatx4vn	100000
1P9nsj6MgeWSRYy3UXfLWwMWCgbNWdj5mw	100000
1NfdxSp3TyKrZsPvX8mnadHLU2UWHUwshZ	100000
bc1qwefw3zxucdwe23fv7dhydnsl7dj4nzdwh4alxx	100000
32sfDoMvkLsgJL8ixvXuFeHHHxcQ8o1coE	100000
16XRP75pecMMjrVXKRu8JDLZf13uz9Yhph	100000
3N8xhZ2uvwojCHLyyuhz7QR9ergT4WYKb2	100000
bc1quw2q2xzme8q6ptcwr8l3wmc5uvquh85qwrjxmy	100000
37h8o3tN1HzwAkTEtE79NTWD65P7HxZ1iM	100000
1V26GeRoLkc6LKEjbZnPg56pBSN7VVcWZ	100000
bc1qwvp7txlsylk9drljhd3gw7z2lekyqffk99aglv	100000
19FF8KgLs46qAJr2V8dxCkdLw3SALh7oXZ	100000
13LcZvjeLYnPNWZLnZAWzEhhu6gVnGMbKA	100000
13ydFCN4QpeYWcRft8tPBuMegcdpZ9sr1R	100000
16V2t9yfMqN8q6nW8WDdJtgibjrV5CoZRY	100000
19L3pgGUuyLdUaRGnr12D84fpzdAdWY12Q	100000
1GM2wiVp4Ep9dvZzhejmGdw7iohLB8uMmk	100000
3MGuHJDzWMnNRcbPpuHrpdrAUAQjFpgNkh	100000
1FLyVX2tTZW21dFK7NWNrtZzsR6kvWev3c	100000
1B6trRnfyp5i2Z2zhSxnbJZMkKR3rNFhjn	100000
1CQaTnwevZaWgkDoLtwhDJF3Afb158s83n	100000
bc1q6pc2aey498n5u72rezr3dxnhu6h7d8spgk89sx	100000
bc1qpyjstr9sjjn3r2vf6wk0sd0cwx90stkm44n3cj	100000
1Pnk4Tr9Aqr4f1F1VzdvFXk2sN56LqQgQU	100000
1Pjz9TSiraapM7gnAcLnQuddT3scVSFGTz	100000
3LMehdtRAz3YBT39WUqMHHBsYKjrbkKR9M	100000
3BMEXj6AmT1yrJJuuSAgEAP7DmwQw7t1GX	100000
39J4EqYnLbpfkfgkKFQeTxiMtR5RP45kCb	100000
bc1qx75x6g9rzkuj95edjkt74m87vxmjht62szgez0	100000
3GdanvpzkPSz41KZ7qyFZSTVxzdp6deAhR	100000
1CdVXDpAWNaZ78MwWJ4gQ8hfcMt2NTMKy7	100000
36t33dvM42t4cjgiEZ3t3iz5h5kzcMt3Z4	100000
16cSUuhFAftJpuAdMey6xVT2HPoNanmziu	100000
3LMznbLR8yYqbVrkCiG6bFtzvYxaQqjsTJ	100000
3QYK9Vg9Re8hgoonHz6mxGSTgr5qE7EZ5h	100000
1BmrNrRGnpzMbf9og5pYBodz2Un6p9vcKu	100000
3QnuQxzbiKoovnKJP8pMPVLtoS5cXXv74U	100000
1HQC1tF9xTM4avoZFfrDTMjE4ky54uyV3E	100000
15WXZXNrp1xM91W1Rkjai2Smk3b86iu5A5	100000
1PSjjmBERXHwDe1C5sbJKzbQU43cSHAgz8	100000
38ESMuKEaxkfTPs9FzcpmSdjSn6rsLK7h8	100000
1PsnJfJ7qeFxiZgoQJkjra1ck3nR18vbLW	100000
17kComjkhbyYxHeKzwvsXE2ZrgwRftxb9k	100000
16hmoh99EjV1AQWFp33tFUHMJByeWnjfLG	100000
1HJ6g47HzJiN6aCxx7mTbfSQBikHUustK5	100000
15K2Z3rGNVYGpJ4b9AVxrb3GWta3H3g3mZ	100000
1Hk3PLfceX5nsumNsMoyeoZ9GU2T6aJQN1	100000
32Diexme1fuoFrudo9ztB6N5dPvwG2TPRm	100000
38F1FXddWifXF1rNtz4TQVS1HbyujMivyB	100000
1BYEW832iX99KKJthNHU2TkcWqJTCciarH	100000
1LXePHBzaLdAax9aEh7WTqbD3X7bLiMzeY	100000
1F78h6yWScTtvb48QVKRUXNcowcEevWG1v	100000
1NTUmPdDRZFwQUX3Kagxv4yBwt1nRcY4Rd	100000
bc1q9a35uf9mhhs46724u5n6rqe43ezr06l30q9e93	100000
1L326pTEUQQq33JgWxTnnZ6TRtYFguNmU5	100000
1PhEaR6YgaQuENXitsHg7D2pffbhKcPsnU	100000
bc1qvtnxnwwv3yhcv79hxya2mm93yaxxytfm2783rl	100000
bc1qzutwf5eye7hyzphd4tqtl2ap50muknrq6hkmj9	100000
3D1Fm5FBB68Z7CpDiRpEMiytyhq2diegrn	100000
1DqS2P1UV6LNRFQvaw5XE3QuUQTTaS5Pmc	100000
12cB1eQ4anSqRXECTTDMSpdDBYn7M1DJGJ	100000
15SZ6HrzAYGXZxbssCJiv2xC8yYZTWMHe1	100000
1P3fCn6BQhKgrY1zZXEfK1K44JgZcGs7Kq	100000
1HeME26kP4w7SVBa8woSAQXKYgZNKai2CA	100000
bc1q0u029n4hduqmtvpfxrjlvvljgdl5fqn8pm3nev	100000
37wj2VG3AueL34tcHCRHwgCgwqyxChinNV	100000
1ENxtiGJTyPr6D3efpJkcVGMpCZ7f8WBLN	100000
bc1qry3yvtc88zcg3eazhhe2xw65hp3zdx5s0xj68j	100000
bc1q29klu4us3pw3e440ppc5x7vg057pgv3f4z04r46w7954zte8esls2kwykj	100000
17KvEATtQegdi3ZR3Zk5niFoFkkbnoJ5n7	100000
bc1qqn6rchupuyvyprgc2m8427std5swgrlkl7gc36	100000
1H8JwGgzxim7bvSTgsCDCE2zTt8YR32L6g	100000
bc1qecmhvmrkcyhll6tsvx8y24de9scgq22u6d6yh7	100000
16N6SPs1ESPRMafjRPJzY57u4DiReLJS7H	100000
191m2LSEuH46HfqRedyvotD4sb6jbCLKyQ	100000
1Mset98DRcaCKAZCktVREvAP7TEwrucGAa	100000
3GaQyKxWV3rEgtFcpsb4nqxvo9oEsVb1aF	100000
bc1qcue9yqn7nj4mav4pvmjnu47f2znyfhjsd569f5	100000
1CXtcXSuZGxJfyxQ3qfgAGpc5jiEip3bk4	100000
15RzLv3VJRSmvqNN9ENSDVEKV8EkuxYHKu	100000
19ixQBtsjnoBca8GeNDyrgMuP3HSHnVZvd	100000
3L2tpKDrgV5QM9HuR9YHk3mGPx1rxQB7wh	100000
3Qsu6ZQSWX6Qs81c5iucuYDZ2AVCReBops	100000
1EYefrmj22mJ4MZEq2B6p9rHgoJcK8pTgz	100000
37iVeqm6C7RTxSJqcfTGWkJs41TfsXB2d3	100000
bc1qm4u0jhkq2kvkxnzke03vuz5e5rcf98mw4z7zdk	100000
144ANhVkyJiMNi1D1sRpuL9gSmfBPv6zSF	100000
3J7SJWUVxRWejY6pL4juWLw7xNscNYrqu6	100000
1ML13BorWdEb3VBZkjp7avKKuERfZLL4Ai	100000
bc1quzkfv6qxm4gl4g3gt4fmz8mu2dtaf5rw849e6p	100000
1RZmut4F3fo77Fpri1U5QM4fwoCwcnFog	100000
13UDfm1nijpQrz4XEeukzS9uu1GKpyvQQi	100000
14QUHPC6aPvSrULhoBHFJAJx2tJ8r65BKc	100000
3PGC1sM3KYEdaE2VLJ3g2LXwbCJDG7xefj	100000
13CD71e3NiUF8oabJj1rVudsJ9WiAkyNug	100000
1JM4jhmZd3t419RFQoeq3c986rvY6TB2Ly	100000
bc1qfqawwfh9fhxleseh7223c2l38ev9ra6z6vrsw7	100000
bc1q6sxc6zgcpdfq894tm5eqm6hgz2zjfp4e0mqffc	100000
bc1q3y2c85mjn2qk5f6j5x9z4ekm6dxrajv5xru4j3	100000
3EJXYZQ2PPuCfJSsfTGQWXGycaFcB79pux	100000
1B5ZnuhVG8HEuz4Dh2FhaRMsoAcYvYPFkK	100000
1Ehs4HRWWCSLBXXTnifry84Q1KKauNi5cX	100000
1ZKJABUtB2pyUSshm33rMMezGCK9PDvKd	100000
1EBHShvARFfLLow2ocq5UWJXbkuauWWDKM	100000
1CyQ64yYeMiuEuNgJZf7tGzCHxtCivHGqK	100000
14DuAmBxKZdDCZ2mAJ3TMKdbTFsLSjV5Cn	100000
1C9JazNmxnBbf5UZpEhf7PZgdQEdZG8WaG	100000
bc1qas4fq3tf4d4ftsxuncgnkhgx052wez70qde2cc	100000
bc1ql7uh2rkj4njwxen0jmczy5ufx2datns3j0hf74	100000
bc1qnrez2h7ms4a8h0zq0plzupzpq5khe3duwcqcx8	100000
17U4eJFueazCyPaZnoDZJxvRcwkbcMfohY	100000
1DUjqz7oan4P1bw43xbPDT8GtsJNjzJQrA	100000
3AjXwT82ZbhVwNarjDzCbmgvNReDKhq8rQ	100000
3Gj7y1FdTppx2JEDqYqAEZFnKCA4GRysKF	100000
bc1qs4383csdmchcc55v933lykd4ycac5uwf9s4kcj	100000
1NgLnXtDeukrXn1qad4kC76XCitJj7kD3P	100000
1AgmNK8urPDJEqsCGocyi6duyWYiSgG82Y	100000
18JmfoVoPm8XBNXydNxiRR7aFzBNbCKoDc	100000
bc1qs6p4mpu2p2fhue6cl46tk8ev3maxe8ck0yzcl6	100000
1Dfs7Krqy4NjesH4V7HL7BztmYya4ycUgz	100000
bc1qvhf089p9de94hrjm7q9t5gq26e7wqh7hree44n	100000
bc1qek7j3tda0vh63fm9uj6ph3e3z32fxcw4824gph	100000
bc1qq6u6lgu5jjdy2cuvqhy9ev2h2jehgv22uca0mxkk7lp8dl7wlxlqnh7xal	100000
3DEXd7frjrkthQCVmtFXoPBH2DwWQ4zd73	100000
3BUta54tccJC1GmsAoBPXdUM8wfhNcnaE8	100000
19MVfTNW67Dr2kAqB1RcDo8QwYaTHDiZgj	100000
34inVYHmyniM9tucLh61EeWH6r2Dkgp5DH	100000
bc1qgh5mlyx092vw9ldmpnwqhcp5ud7ed05kuwvgwv	100000
1HTB6CEaoP5Cj4atpyRTkL3kxwDzfUevaC	100000
1B6VqoJVn62KATSpNRr7JQkhQVA9PKfZS4	100000
1EddeURUxBzBJz1jqaxBoacQN4DEBCLS9y	100000
1pTW46VNc9hU6M9Qox5VpfuYXA9LvxLzD	100000
3MCbXsZsMEKjK4EzdQFDxPn27eyzaEcRrS	100000
1F9bfhWTqYDfPUhcAANSm4wSmVcojNrtz1	100000
1Hdk1UVwbmrGRaCqVxmqeVJhekxjDxpTfv	100000
18NcZ4WdHN5M2k5yQv1wVhSgurrAgpJyws	100000
bc1qrv5h9ada658y7dufxzxt6w4k6me746culkpadxpzl38jls9qv84smym5cd	100000
1JpzWEqB8Q3yGHjXjXhzMfa44a2AxBuURa	100000
1Ntndt5M6JxgimPh5bUpU2JccwaaiHeaus	100000
136A1fNSRJDLRDxumm5nQhc2auJdFwtx67	100000
12eTn1DRz8r6HmB3aigvpF1tCr59knnKBc	100000
3P6HqpqTk8MoX1NtQsh9L8FNsTUFPGkuD5	100000
bc1qvu4ttfkem3mzruf2phkayezqq884qapdf00uzp	100000
1N5fbsKGktY9gqfoyq67kNPi4YQ6AKpop	100000
1LkorEKKCCmiopdjZF7u2uLbKregG9pnTi	100000
16EEVJis3KdqpakAQ9qFMmD7f2apHVKray	100000
16R63t5Dk59h6uXD4KAJE2y611NcWhuZox	100000
3GdAfHwwgJiaaMHAQdRS9Qv868X8EfjKAs	100000
1H7jU68UnJnkoeq8iSdkfB6Pq3Em6fNw1y	100000
bc1q9lv7x29rg6pvkt58vsq7kjuaglancw297fd5js	100000
3MfqaMgLfFcr79QEQnG3VYH4tZrZY22Dtv	100000
1QCRE53i112rHja9boVgttjXEqQduy9Gju	100000
1LcT9frtCrFsJ3ktzdgwJ6wyrLGVEytuuY	100000
19UyRVZVhHCBFo3R1mrPKBw7bsNGZSXbAr	100000
13Xagtf985dz38KMTRmSPJU2pi9dhW1iui	100000
18fWdGvG86s3zNKPLdL4YUzP7Swq2KjZRX	100000
1Gv57bcE4Geqae7fC9HPUntSDDdBe5eyvM	100000
3LCpNH9dkxYP7X5K3tSMx12ZkHnxFMNPyx	100000
bc1qmwmc8r6ua4mgmfmr0uaay6ppqqm3jxpde7pdl9	100000
14EFNVRkwmksrie9b2n52jrdT3NwBrXjUX	100000
bc1q5tv778ga2lyg0zgryfeh9ddfk7j89fnvq2lal3quww9mpadu8vkspdxlcs	100000
bc1qf894heaelzex8wc6zhzyyu9c53t752pjfwefgd	100000
1QCvEkUeCj6MVAum5Nah8WCi9hFQHvhiyf	100000
bc1q20wjdtuphwgxhsjp0qr4sw4hgx44uh7hqhz5r5	100000
1CUR6WQUB9HJVKbdDJ5Ne8AV8SMMu1pGBz	100000
12eSdoLTHDgHMU9ADHxswbJRxnfgBsQC1j	100000
1NcdEVSTdGkixVhUz6UXWiibQDwwBTufE	100000
1QAgXedvdQFETrZ9MF4KMEJSBWVLP7E7Jg	100000
1AAEaQPbVM94HZRf8jDbparMLtbvntiiaC	100000
14fgbMKqZrzLN8Jsd5XxJMaGLVwdPYnuRn	100000
3E1WGhyovSQ2vdT9wXdbzmL9G7zk9Wbj9f	100000
bc1qamh0j9yfy3f7alascnm69dkzsqzfhufag3q38v	100000
1EKKUJewDNLfFkmEaSR8uX84548Cr8px9n	100000
1Nr8qUXCY2oeahnnq6YvLwz62CuLaoYvhB	100000
14wwC729aWyQcFcT9Se9P3kbSvAbHugK6V	100000
1DNi1kBc4HxCEdnrEVsT6XxTgecpkoou6P	100000
1PWH1r2aeCX7Y67xFLqmrf75Rim3DSxTdU	100000
1F7g8gXtkpLdyywJkwAAv6Kpd8CiNGEYTF	100000
13abpZ6VAhLr2wY8xpj5h1rCwa3zZRrf4q	100000
1MERYDEbpvjCnC1ApABJTrrjPDsq49rHKQ	100000
16NfzFRcg1tZpzc2ZSs5TJXAWNSiytx9kd	100000
33eqe2zJimhJHPXD1oVHm5bNwYGdF3nhZ4	100000
31jiLzeujQzS38PWuTfrrZ3MWppJquovpP	100000
176GADbg6djGGjbLT92xEDpn6Wsik9kjZS	100000
1J7ihvb9U9VzBa1wmF5YQKjoqv5AeALZ5Y	100000
1DQLRBRK3zEwrKLC2fna47BwBGaMdjJLmy	100000
3EGMr1jaLJADG658tBFrJWDp4Y94omKfjr	100000
bc1qfdg78gjzwjek962jus59tfcsqsdar8r4myaqu9	100000
1By7mKLu2ypAoSym9qWipZLX48o57FDdoY	100000
1KhQYpP2XGaLyLHsBw2bmyHWdi4kToszxp	100000
1LFgYW8tdKjDBEHrj47qo7sbbLANrwhTsW	100000
1N8rxszmL6ZHpAbWm6D89oJNAVjPLUBiRz	100000
132kg7twLDtXar53t28uvtAfuPVjKesH99	100000
1D6gXvrkvJ6EsZzh6XA7pMGpVhxfLqh8Hx	100000
1Q9i7shoPjCenSGo719SjjkeF2V6zb5cNK	100000
3H6pQWg177Bzb1arCg3cXGhkbptBhDAn1K	100000
1KKpkxJ7WArq9j1mdq5PJewnciHZosj8xh	100000
1QDW1CD19FwPHaGFEfY6GakmFUhLYtbYFx	100000
bc1qlu82kugycqsqgzycglw7g36tz2kc582exxfss8	100000
1CgteCdR29R3W3miKkExau2BN76MyYLq74	100000
bc1q55nqye4pd4uzuy788e06jj4fhmrtw02rtwv294	100000
3H3mrDKygXRhZ96v3KebnYCP3AJ9pzkYkg	100000
3ABGtieSwjtCQ5eybPyqZ8BQjKRACk2bPN	100000
1HgJNCvYphHeN9nAAP215s7xUskNSWDwug	100000
bc1qz7k9akrvsxagfcq4q0d2x7662ywptd5r7ssf8q	100000
18k7pn6P4pUykPRNozKwGm6jgf8HVdRP1M	100000
1d9o9zefg9bn24qtFUtPe8fkhBWKWdsmh	100000
15WK8V2Ez4rR9u152HWvXez79sMiqXT7UX	100000
bc1qa4r3rgnelkwvdqmeds7623ycpyfmfux2ep7m8n	100000
1Ahi3buAXp55pK8DewMGaLUYo9xp8DCs7a	100000
bc1q5cndl40tpyem57c47w98mzvlh4r038fc2hlaq9	100000
19b8URxtTPWji9GLkJk7jSGsa7CgRVMswD	100000
1NokxQpvodtyDzLrPpVvrFivyWvbWXz2yd	100000
1BEDjqt5HWTw92QHmz4WhDLUTFqijeiaKY	100000
18gcfRCTxiPLYZSP71zh7R2ALgeQHjq7XG	100000
112ZVmwxJLGi3hSrG2QpUEPouJJcgWJymc	100000
bc1q0ae932e6leujjp8sxdjc7kl7tl7rrdxr3nr3u6a9qnwfxvl2tldsmcwmsq	100000
34JuZ2cTGGi7EyrDybuEkMQW1q8CBPCZie	100000
14Qs8XYAZf4gaUc53mFAXeXNEuKZ2mvtVW	100000
1GGmy66XBkH7w6anzgdtCgtJTAscbMP3od	100000
1HfmkiDwqs4RMwZBPwMpzwtrGL8Cfcqve3	100000
3MKfcmhyMo3eWWPW9mWhkb6CjaUbu7uTtd	100000
bc1q5auxfevkzxqrqc03qry2xrww4nfgxlveu85hmt	100000
3GMWQxfyFYsidcYNQfUATsJfST3FBdyBra	100000
1JxrzbTRgQyDNfVoe5dy9rcVfm6sqrz123	100000
1NSDcPBYvypxTCMLNppJVtcuWmaUzLAA38	100000
19VjzHGaNPMdBcrZMPUP6KGxvmF7egjS1G	100000
1Gbg2Rkbr4kjMSEUGtGzKt4rrkjphEWEJG	100000
181Dfh6JecZJMgBu51WjWjPy867Lwa3PDB	100000
bc1qnw2gj6puqtk3s367gd7usqtul9qcpj06pj9flg	100000
bc1q66knazndzqf2jj50pkp7a52gsskgnar05hcpew	100000
15CzgGxhr2xBQtcnRnkhtUzWev2MrEKJuh	100000
1BZGHmtGbKyKXNG62tUuX8eZGF2FsR8oAt	100000
1PmRMPrSgVtNbckEHs38BigfHwqgqA6kvG	100000
132CVwQwn4mJdD1QActTFK7GRGVdeoMTco	100000
bc1qxexejpx05t4ufjqp68d54vyst8t0a5acuhxnrk	100000
bc1q6drn9hc433prprgzkwdp9th872ntcmrj08n6jq	100000
bc1q0r3amczlk5vttqqaex5fhw0044j2qtvut8lker	100000
1FyxXf3cdpUXXQa4kmgm6zpG2MeLJkDbPN	100000
bc1qlzjumqx5jypkh275zvdvxdlhx70tsd6lspgytp	100000
14nFMWfSv75h4v8Nn8ckGJ3uaBLVxnizP3	100000
16e2j37CuxxF249eNoYfRzqjU6pYzWZ6x8	100000
bc1qhah9fzzxf365lpyvmeypxa4z4cj3lx8xaz5ewm	100000
bc1qhz004ccr7jpue8f8r2mhem4w03vurw78m68fuq	100000
1HW5aMEjJRKJhwtAWWgjZYHebM8KbRgRLr	100000
3ME5C3PfhuJB7nsKLKR4PWbPrYkBDAadDz	100000
1FwwXjBGgyTpVrjVXtxYZ2Kv9tve6vXvRr	100000
1LkHBncwVqLQhBMUG9TE1jczDL5yCksSCr	100000
1LT5KqqDs9JM3J3dEtJATdC46V9FVSfxhM	100000
bc1qlnl00ru8kfy0zx6wayra77pxajzv3dm2dad66m	100000
1ExifFVw4RNQm1iBC9hRHo2XDmsU7zD77h	100000
bc1q6trrgj53s44vmd8syy564ftngz3hama7c3lz0m	100000
19YPUewvRwBCMFJPqgxY3sAC8oXHc3oPb5	100000
15AMPEPxSnwaSxy4qvQzRNnYWxyXxZsjsH	100000
1NJ6i8K2wjFv1MYqBAmnLqSBSHMYaDa4p3	100000
16qDLCPs33QudJ6HAXLPWNk9AkD2zffpaU	100000
1LQ1hKaszSRgveCJ9ZabdYovcbVPxAVD6m	100000
16rhJMUQm7aEMW8Atb3PUn4pCXTz3JpZzj	100000
bc1q4t3ggjhu4t0ykn3huspa4ncjm3decc7ahmkwxc	100000
1bscK7i4CPDfFJJ56FzAAs7mLGLq4shHp	100000
14EGUdeYSSwNw515cWkVAYyaNSFC6NLKUN	100000
18rKpRNEGsF5w8eukuTapjFj3eDjQU9w4g	100000
13RkK9fEuSCegJ2LuFn567KdvtH57Dw1Nn	100000
1BZxonR3PunuPTzq4ooF3JkkQLanays16n	100000
1BudAMN3z9BiPgURAz3KSvRBXZj11C1EaN	100000
1KvoKqbCvUoT6QjvC2GPML2wR17igf6yFX	100000
3BMEX2Mn8L2urDbwwumeBKC8zavSmGmXxB	100000
1BWkzLtUnGKYFpveQNqC711pDSLKxxx491	100000
1FwBVVcMvUmPvzMDGJweom29ArNZujpnjR	100000
1QJkJcGUkxmiCDPYpXwTkuwLDVUpaEHi3x	100000
bc1qe9g4n2ypz89jdp8e7adt030h8nzc2l2p07salc	100000
1Ew4JNq3YuqUZWvBnPK91ASRnRXfWdxrkY	100000
19vrMve1guZ9pMaeFZWDporiUDG6LLAWkh	100000
1Drk5cZ8Eh1J74aP9sVzwyYswp2xWkht3R	100000
19xWsRMJsk8tUYQ9w7Bs2Nzo2cRngk9NDM	100000
1ApwmC1AjEx3Q7E74jXXdKs1KDu9yhkUxD	100000
1CW52g6DjFTSteR8ijtJUYe2Qi63JJ4xAV	100000
1KVJwgiLaiBc8CamqDJ2TYbevLokuAfVaG	100000
bc1q3c73ree790ug7jkmhhjjtmsk0mg76mjm6x88ac	100000
16RxGqcA4G6xpDj5P5NQCMfQwdaNeJyMHP	100000
3DNadnHuNMn6UXUYg3h4tMoheW1GED6JLz	100000
183Dp6ji1WoEWeCGfCXNZpXthQbCC3jjBu	100000
1Aj9jwvvuHe92EAH5P429E38VVAfu2FvDB	100000
136EReJEEY3dGe1TPJNCAqzmaPweEpXwMb	100000
13Y4J7TzRbebQEeQFedEdCG1YUHeCzACg6	100000
17eyn7QpK7GjiGbtUjn3qzNRwxa2Yxy9Zp	100000
bc1qdfm7al4fakdlaefc7xp7z3pynedd07e9yhw7futudwptj8pkw9msqyuyd7	100000
3QwBALpxZCsEodCTdUHWd6cdRJVZQicpJn	100000
1GzoBsMV43wV5vRW1tLvcBSgrvF3wqnxUN	100000
bc1qvn3vph57przkflvxv6vzcmxf2906eg488u58sllgjeygvxaz6a3qr4lkv8	100000
16vyTrRasHof7tkitBipdqQY7tLaBGzm7B	100000
13H3KLWZov8HX66B2rtW3foWCpRW6tQmrf	100000
1P6SUqxtfdfCnNfJeEt1Y2nimWPE7Q9Nia	100000
19Kgo3rzF1PE9LjwBM8CyeJhqBz6xi44Mg	100000
1C2oCDGzN9nUrZVtqCzpp5Db6r91euzTMk	100000
bc1qtaak4t2p9u7qvgn0dk7veld3e0y3hyp2xxp8t9	100000
1PE2XrwGAbN9jdznVTAVz8wXTxzG84cnka	100000
19sZmGPBnuKiS1JGgQCKXuh7iGhofJMSYU	100000
1CxVJCm9k1jDkaUXrtcpRC9vtyLSFXDPdY	100000
1CndqTA1iAeouSNoQYe42SvPQR5LTGbx3x	100000
3JrDaVRULwuCQPRFVFjjSsnYkndEs6J8qB	100000
1Q1ZmtHuVCkugtLaEpsnEvueQ1sggdDNxK	100000
1UEKRBkSxmNDWtiZWPGjqbmW2KpUiExv3	100000
bc1qwufe8mh8e76sceehypg38g6hutp5wuygmwuuwr	100000
bc1qws9ydsx4yyzcvd6z6j84nkphuej0u3w3shmx8l	100000
1Lo6uCJEaHN66AeRyfQLwhF98YggaXNLXz	100000
1Q5YNg2oysEAWf4a7S3LoGTgxFVqKiEzFm	100000
3HrqDA7tzZkvsDzwuYboQmT31PMW1Eecwi	100000
bc1q7539pneer8lq8s7v4u89sc3zs64eftcmlamtm5	100000
bc1qar24tu9c2tp9nfwwrxclhur0mm8gv8x98y8s5t	100000
176NjaNvNT8Mz7bwxfbRwAcQx8L2fmcJAw	100000
3MbRg92QBiJo2htvC4sANkdqhGRkBXDJYr	100000
bc1qupp4u3r9qejty34nykszmaz9y7hv30q7z8mftm	100000
13ea8cVVro7FxpQMdJGugyWzFEr8synM9q	100000
bc1qx52fkkruqqrfdpn8jfvewrha4r9lp7yalmg5mn	100000
bc1q8kuked54lndmatgts064mz96eeg59qm96q3293	100000
1HebVq3Er56KnEG1qbwZaKnVP132MfQKPF	100000
12hqgeodsCkhYy1DJtwoTzxaWGUnqM3spv	100000
19oKm5sstCyoy8NqkrAVtFMTVGCxXj29Pq	100000
1D9s7u6kMsSaBCLtpcrMUXh2x48g4bguXt	100000
1E19zX11Buqq1mPQEcFL5oGjNCaDtLJcFj	100000
1NfjdQJtAdRM6YaDJ9MbwyPozGtxBJyGiS	100000
1EcoLCEMKLKFM4VC2DN6Kci3SgMCPaHPaS	100000
1EaV737qSt1eWH51aLd1uxHEyuMkeXRxzU	100000
bc1qgrnq2ufahjx37r6gtuv0yw5mc8auzw3ydt4sw7	100000
bc1q0qvll8eyuwy7zupqswzs4nf6twh39qqlunfpxp	100000
13y7UhpuqjYVDMDtdoxrPMBp87bYE9DcJm	100000
bc1qqy82tr52vmvfkx98tyd7utu872rq54r0xssy7x	100000
15MQpitScCEzpmeMFGbEQg1We4T58Hbqcr	100000
bc1qghyawq2t22dehc7t79zat9duuj7k2vzf5dyp3q	100000
3KuunubGYgmcK6CnEjyxTXcGrVUmF9W2dX	100000
3KHFieqJNn7Q4bqZbAjPXpF5WcPi7jJmq5	100000
1KHFXKoJKtQ99t3ZdbQYFeQs1GwTyVB9nS	100000
1PBjvJsZRyn5QC2so9czX7dPjuMJj4inxJ	100000
bc1qfezatzs33u7auw8a5trd6kpxy45xlw8x039cxu	100000
3PCvfbhY88aYo1UQ4q5BqVUWRUV5AMcPTk	100000
bc1q2dwpju6stnpvdlnx346wzp0e7eahdh2ul54xyq	100000
1LV2YnTytPZWDjRLJfh39VjWob7Q5trBw	100000
14MDUhSpPga9ccmpdPU6rYL7Lp37vKaZrW	100000
1MoLTvcxRvr3Cb5yEan7Pjy7pQz16ZRH2n	100000
bc1q3sky0sw48f94x7dsfhhwqfdzc8fhvg6ygr8ql4	100000
1A29NZUcSTKRpat5uhKrNEnxwR5ysRCsJm	100000
1MvTeWK3bdDUbDawQgT7YQdFDUx9iNodB6	100000
bc1qm0lel2hguzrqf3sn0p8y75ahnx7pknac5teren	100000
3L3EQHc3TwffAVpssntMMxkqZ1WBEBFwcE	100000
14M9oGLwi2EuT87ih4GMEM73TmsyaGizjQ	100000
1HjknV61YyEN1CTxDgSTn6B9jXoCSCDVjo	100000
bc1qet5cx9fp4q3gzmnsar3u8ygndeqptwfvdj2jc5	100000
19E4ifMD2VLxK4vzx2uNQMUuDKbsUDBgup	100000
194ghx3jvU1utgUCmaWQ7bJJMfymWWA12m	100000
1LxS1rsKzPuzohiTxtd7pyRNjfvRd3CYCj	100000
bc1q6fe32knl4atycwcu90pk0ksgw3mmxp4jvy6hzz	100000
bc1q4rytj385dh799uu25za7jdnqrxh5e7n5x2f20y	100000
142gBsHq2UMeibj9a1LJJLAUWYoVukKj3C	100000
1PKHUjHSR8fErSkienAQ3wEP54UX139onk	100000
1K5WptejKMLTvG7ACbfLLTL2aGMk9V4qJL	100000
bc1qyz8k7grrg5hx58rg3uk4p80hj8jy30rud67m39	100000
14LRSEzh272orbwGhpCYJHTVjmALgznBDh	100000
1MAvpn4F7DJRDtCYSuWDtAbttx4z8mc3Te	100000
bc1q9nkwvnfwpmjs824xjy3njh5y77tdxk09r8rttd	100000
1CxSveRfHokvnPpXz6JiSowo3VVtDtsvtZ	100000
bc1qxrd2gdscyjkw3hzpawl6hy9ng2l32zqkxvwup4	100000
18vrECxhzsfUKqcwgBdnuyVjAdBtoXpXZQ	100000
1DoxeYsDtgB86jGj2Fc8XFW8nkVf6xfYA8	100000
bc1qn9seemr56ytk5qngvk0rr4mrn6shynrh3dqs64	100000
3HsJDdfhHtp13PZSeYZ1VPb1DC27SKkQZ2	100000
17QSUqp7kn7iLkp493vKzkngBHRzTpenAK	100000
bc1qny868y2wrc7kdguf6j5kzsa95rzxlza25xluus	100000
bc1qlsnztye5r4e3hwj97zx7f4xmu5mjahsz826hsp	100000
15tL28zYtTn6nyYt3rUL95CWgF46aebaU4	100000
bc1qa4v3trmdcp28737ryqyykt6rv9a9xswwwszw9j	100000
1Q3iAmFMPouyiP7zmEYdKNMi3agzABCUms	100000
3NiBsTCHxfAXkVnsRb5wYw65NxpsUfDZiE	100000
1BSgxd7PYEhwNJWodB8djDE4rzuQ1awSbF	100000
bc1q8lfqw33s0mnf673jt6a9ccwd9manj8j28e5rzm	100000
34aUaqz9CGWJ47xjqrny7QgmpVrzpFAskK	100000
1MDQL3yXVkCw4NHTdkWegbWmuaq3nnPcCe	100000
18ettFpLBuu9sQ5xbS65LG8sNBGFyYzu8T	100000
1A52Rm6dEYU3Yo3XQNCrwA3B3bEZH9BcoS	100000
1Gj5kdSmZW66RTSikQNqtMSGYXhjxoXh8H	100000
1CKY3xjEZTxam4KPysWSSmQi6LGBbCgjya	100000
1E2CWGtE3W9pPvi98YXwoPEPLT6TDkrTWm	100000
bc1qfe6z0fe7dx6cr48jhar4c5msex00x4eplj5xvp	100000
1PRMYNGNDv16i2gVYESGupJiyXfNgxqMs7	100000
bc1q40y6ex8twl66gqdutka3tqmzmypkjm65nhr62m	100000
1J9nu8wWfAdwxxnjW9Y3ie5D5vkNuqCSZU	100000
13C9Nijk4kBazhnmpapgsFUThp4yJKy4eA	100000
1GvfzTLrS4d2XfXsjRysXGNFCYRmNYE618	100000
1GGyNJviis69wBswwXPJ4ATvpNiDpFgcUV	100000
12PUXFqhH7acAu14HJZiArE3MKa922pXfg	100000
1Dodnn7E7cDaR9FFxX2ZFYSkrviFgn7ACf	100000
bc1qk0hn3pslhz6ntxwcuehtxxj84zglw2tkm2pjsw	100000
bc1q3c82q62sz306g77eykpxdty7pgucfulzk6mcqg	100000
bc1qaj0epz96an322dsvazkr4dssvv4wmjxcrn7ppu	100000
1Dy9u4k7xX2DoxN49Bt1UsR8Zb1uRHGmf7	100000
13UiUZT3MHdh1by7AyThUiRzzX5eEEM2P7	100000
bc1qgvavz32prs5je0wvjnqyfxqj9plg2keegd320gttykyufc00knjsgcnkgg	100000
bc1q2guu7wevxfwe7hxslr8c6ex9y0hsp80cxq4c2j	100000
1Bc29jnuUKNt1gf1vgLtnFBPy754QcVKhh	100000
bc1ql4klen6glz3l0d26qcn0p3nvt96v8crn40n75k	100000
3DcpZu9916qNYzw82Wn5z8VAPkj7su4z1T	100000
1DKgz9Cjd1vxV9ptKfCY5Md6gQPmVqSLDM	100000
12VTPgUt2kYZ7QQdoe9DDnTQFyyEZC8Ep5	100000
18eYwwCnJiKs4kyAsWLa4ptRks4QqaxP7R	100000
bc1qvv775thwag5u4fe2c52gvxq3rz7gqw925hz957	100000
1PeMgr2Z65CjGkRyTj5BtmYrgPbsLFoWWE	100000
1EjRntzkUtuFeJ8LdJGgygdv7aE6Ggq56v	100000
bc1qksqlj8uq093ll8u4utc9t0gnas90d7am6mcmnm	100000
1DYDLSzqGQnCnD4ojjYZgVHTnhqyVaVESM	100000
1DR6fYYJasB4XTZPZKhrjy4UKNv6cQihah	100000
15gq4upBudTEVsKZjGt8jwCPbjz1Go6CSj	100000
3LEnMjqcFK67AWyHfpsFdvJgNtsB6hwrsj	100000
1CEUyUFSPbcXxSWv8aY4apuFVCHcqBG9ds	100000
bc1qllnlewua8j47qcw3kw55u498v84z80ht8e6gdc	100000
19qQb4EcecvBKgWopzCk2ULwgm1xf8HpUt	100000
14oMUEcJ47uLJ2K22tpfqCqYE9NuqDtkLS	100000
1EqwMz5kDYgjrWoYdekPv5uH2ABpFjpj2v	100000
14dj6NZywDGsYv5zhYsgp8N6ZXAmGeVQRN	100000
1CAZoh6NtU7REzSDpvhqGEh1h881Jzrjhn	100000
1Fp7bHYmpbPjVKmt4Vz8XhNc8CNNLSckz5	100000
bc1qghedefdzsjefd0pmuf7a5mmwmww4l0dq9j2uch	100000
bc1qlfrlqj0ntvzy5nq6j394tj75wqryfyqy3rrws8	100000
bc1qfwuwnn5953lesevv4u2zs9tt8mr7sk08pwt4t3	100000
16BfAzWgGDx9wLmMxqqWL8Qqy82Jb8JEF3	100000
1AM8uD4X8bjCc6uPu2thVCKhK8DjJ4Pm2z	100000
1LKJaJiqbrKZRaTighGafv9rbxEYsEUUUL	100000
3NemoBUqorV7rmba7rymfomNsPKykj6dwh	100000
3GLAfUSRnq5zfz1RSZQt5YczeoJ5nfM9zG	100000
bc1qn04q4tf6z6kcvedtakeh3dan393w0l67lwt8vy	100000
1LJKSPgAMLeEKjp6EdrufBeuvY4JU9UrU	100000
1JquAd8hEoCTHadX92xuVPMYKDFWLR8XFT	100000
1719VAsTMtNbqpKHKf9TX2p9SSnnbHjUD3	100000
bc1q46ftwxmxpzs40avltsxyp6uysjfrtc2g2e39u3	100000
1CSxqzv8fH6U73RBCen8cTwpFjU3qvRy7y	100000
1GJYphUjNhRkMPwqJ2vdkXh4EgLxUh8yzo	100000
1JDgB9tsnYbMMcMmNQZfzhaRuM1nzszeuX	100000
37tSE5snTGniFzx16ukPgpGuoFgNtaNnGk	100000
bc1qmu56z6s3l7sgxx8m8trerk7jc3uwdltz63gk35	100000
bc1qcfptkwpymlvmyyn95j6j2ywumc3sadzh3hg37l	100000
1JwSnpyhJmYXTwfcvhD6BYbtBDbjVRiyfX	100000
13Va7h2FhV2hMvXxnDmerSKP5mLtwPBB2V	100000
bc1qwzlyzezuph8lsuyqw0ut2rks3cf6zt86ldlsae	100000
18ey1ax8yRwg2KW2TfKUz6djTFRk2qpc8Y	100000
1GZPQ887jsWKXofcr7fWJAu9F4EpyRm3Mh	100000
1BVhaw4Cdb8Lzg6hJnfFBZ3bi7EWazGn8b	100000
bc1q7ptyk9tfp6g6rg8e5udrdfer3m5j3psmfq9ljg	100000
1Lh3towJgvHy2mzBp5xJ4sAVHo3MFvnCz	100000
39nGJNG7Appa1P1FoA2cQEBzXa2Hr4WWRZ	100000
bc1q8ely2k2m65dgfcgc2xfpwjy5raud2vyk5lyzlq	100000
1LPUKMyCjoEmAKDPneR78No3fvopiWDGn3	100000
3KLTZyiFeeyheLwnUj2ps6Z1s8rfKJTNEh	100000
1A9j2XpkRWLLVhmkACZxStjTQx74Kuh4xb	100000
15reT37vkztvnivqsitHviWtCpKnfrcFxq	100000
1EAvoVPdFJuvPvifkEHxvKBnPZU5nRzUBS	100000
1AXdkhwUrF8doc2UDDMVFukPFUAhc21EWm	100000
15BzwGysJiE1FPCmdFYN3ur95TdhNJzHT8	100000
1N7d8VDVQ4kep1fjequDkrGigsV8XhDQNq	100000
1FUKZWCLGqyEfcGvfGJX6JBp8jBbD9rVZz	100000
bc1q0u4kmf9ltpzlvtmmtt8kd4vxcqt8vljwxu23n9	100000
bc1qu8hn0f8alsxdn0hzz5g5lyl3dkef64mpe9seln	100000
bc1q6mhg3h3j2k2ck7w2z5tcz74lgqcypa4ym3tt4v	100000
3P12pKSz84fgqX4uaWZYraFfDq8bo66Ub8	100000
bc1q2vp7j6slvx0mgegr7lreh6gl7cd2z9eccpp0hc	100000
19BsXNiDyykko8H5tHZWGiHGhH43yYLfRv	100000
bc1qvnerjnck6ed86ldzgex4w4h9q87g378wyqqm4zrmz8smv86nl4cqprqy9k	100000
1NW5eS7Q9HUC5mCwNkJspfCLoWV55Kyvpr	100000
1BwC3FT2sFMj8GPsPy2yRhRXxV6m218E4V	100000
1JXX694EWSMpj22kJ5Xdnp7ZgdSwjeM3Ri	100000
1CPaUZDeQnAiq4Zk1atTCNqdr62q8zUv8Q	100000
12dcAtgEhHkAttKDjQfwiDqrxnfCm1DKmt	100000
3NiBDEhSwDKH47fxg2UceEK7By3C6JveVa	100000
1LSmbGfL6ncqBXgu5yDSRBXLYiHLiVCwRq	100000
15UYsUybaKZgmX7jybVoe4dPJWHtW4aPrU	100000
1DGt64srnvCFDbSJhX61wjbgGQZciYq1KY	100000
1EJ9QpemkD2Hb7fuTK9f3dCeRaEq2J5ugG	100000
1Khvkjv4s4GrFTAve6C798K7qUZdvEduuf	100000
bc1qh3m2hsl9urf0avryx6d5wy3yt4gjp0v0llpg2wsz2ulpeh2hczwq3f9frx	100000
1PgGnXcJdAmrBXYjgP2xJ7zbS7FVQ36z6t	100000
1Cbxg47bagcg9iSbJQL52uMTGRSvwNmY74	100000
1DKS4CPwqp6FoRehkJVrPgQ6ZF9BfGRNxu	100000
bc1q63lqk30wvrdtns3eq8yd99dwu2n6zlpcwnvhzh	100000
1Fot9T9MDDdiV3FGbSNAHTeohKuAVEA9fD	100000
1DbeLWebCAuFeWbpnekkbAtMTSj796aUa3	100000
1PmyzZnXM7e8TD1MXVfEmfSL5wLByUC1cy	100000
1QHti4tzcTAWfbGt5s9fGSaGjjEbUN9ycY	100000
1LFnNDJZZjzgPyVWeb85heKpwpY7N7Nq3G	100000
bc1qzxucj3l9x224w5cm07gz3qy09pvw82clk37ush	100000
bc1q700jpxsfl7j6xddvw9m9dud2waj3qyp5rxu8rd	100000
1JKe9kWN7s5huVqpMf7dXRgSS5zkJQ8BvZ	100000
3BMEX5FoRhx1KeST9Cb6skakEWBDV9ZxRf	100000
1DASTdVxgx5YHTBnMvMFDzDnDNcqBfq6Td	100000
1QGrmkZUpnEgGSC2K9ZLhx61umZ1vJXek6	100000
12hRBqjmmbQ7iEu8N6u792Q6ZHRx8ymyU2	100000
1FhrwbdHnH2tEddNz2r41MZPCFLfQYmy4o	100000
bc1qdum65dtdqve02fljs5ttp9uwjzax0t0g5thatr	100000
1MfE6y8AstJ1Boxk54ALZyc6cmNUq4e4BY	100000
1DG5iDDcoLNtStWphP2yu8NjA4GqgrWtiJ	100000
35M5e49VUxB7Wx7CncUj8eGSKz6hFrZzR2	100000
39dKYx2XZpeq39Hjob3LC3LptzXnCsp6tW	100000
bc1qn5zps2yuy4lzjxunt8ru52ukscr6anvjh56u9l	100000
32CqTdxc5qboJbucteMMPs5ts1Sb9Uivw2	100000
bc1qcfmxhz57un0qwslqfy03t9qf02qfhpe7ed3ksj	100000
37JYBCKf4NXGKNcBf7j89aBfouPXS4zThY	100000
1C22AkGjuR3YmsPeUPdRLcyvmi6E9MJ1gy	100000
bc1qd9fmsqsnhpu9ymnae264uycmyms87nv470pwe3	100000
12ZDNXRwMt74Thc3ToRHe3TJUjm3tfHZ8c	100000
14wMSYQrv6JeFgSxhVQNRAqmzg8w5MUJn4	100000
13gyiGwLYyG7ASDJtXsHoDftKmcRa2X6KR	100000
bc1qhd23knhyt3p6w3ycyrsnktpvtf5ruplxvvr47q	100000
bc1q7zvyfc2jypz4usrssvfyu2t8hgdat7z65gzmaq	100000
1ErKJtDQJVNmn1E5EnxcPRCc8BpgtZzMef	100000
1PpKRrbU6ddTnxSpKWqBiVzLNcWnuUNZaB	100000
14skkFAiSfc9xpihFayP17ScNf4d8Aehfw	100000
15kmtNEutrASHbR7Gzj1VSAQCLgBhkDhGF	100000
3NiDAmMZozemuDmLwUQZpN3oSEhr8jF8S5	100000
1NMaDFqbdnoQxwFcjQfReRaA8tVWrnvkLW	100000
1Lf1vZgHBCqKZGwdxAgMqghdjXLgSZtww8	100000
bc1q5arhg496ewgf8jw33ujpuncduqxhlskxuq0fd3	100000
1HcoMQzkVcCiCSBg1jkAZYSxbnYJ6C1U6f	100000
37FWvfKtspgUJP8WWk8o1Gvcj3YMLLShgM	100000
bc1qafw2ee7k4l9zfe2zkwnu3k3rj5kkaflhdwpvc5	100000
1kb5f4QpXRNC4j1HbiKxLt4UaD7ifvGEa	100000
bc1qtakag40rrhqpu677zglgc09st90n8f6yesdylg	100000
bc1q50wm4mg4s622efjeyjcnknc5pmrcyd7spgwfz9	100000
bc1qmncu7x4uxn9l2au3x7rzuyeuywxyed32k5frmj	100000
1JjZuCAXLDt7oBFm5u98fDsbjJCdpvG5w	100000
bc1qmev5hfjhltj4e7kmesftq22ml8vcfmcpmpc3ec	100000
12VG2iMpvQ6m755CyJcyAaaNYmV21XVGNz	100000
bc1qgc5pv2lk3gvnmkm37czv99j4rnzpqj9hghxcut	100000
bc1qvzkdxe03t7g6pcprqhelw0hmsklnmq5pxlsn4z	100000
179cMqoNxSUD8Lar6XJjcWTWE8VbJpXsB	100000
1MscZdQAsihZYJVx9QD4WheJZQteWnveRb	100000
bc1qnnsx7mn06gent7te2gdadl3fqz2zl06ek3f00m	100000
1FoFPRUsdoV1vG5Piwjq1bfzLPtCqiuCCj	100000
14Pnbmj5DbRpXZ5Gf5XwwHV56xA3PhcL3K	100000
1L8TL6LPqUorxhpaD9e6THymwifatmiQXU	100000
1Jky65sNjnQ11TMYNrVJvY7Mu2jb6kRAFF	100000
bc1quam6ztvlpyx9yrlpft0tdnqpthyyk0amlx5q7p	100000
bc1qnzaft4m9d7dcelltcw04y9wx9khs6secaf8jjw	100000
1LPEqFCjSDu73H23UffipvW117tuLGkC97	100000
1MfH4M1Ycgg3G2KzTjXgW1nh6ViH1L97uV	100000
bc1qs0yff2zqhr84zv480xlla7s0ke57dwv3gegzga	100000
153BhcDhPArBtKYfsftjFmwDJHn3KwNiVh	100000
17pxH9NKQYgiaS4UK2TVpoYFoDMstUYqkK	100000
1AgRcmpBJPujKYi7n61fjNQJUTiLQ6WGwk	100000
151RM2eZfE2JSh3rTgHiiXz17oDqGzmtCt	100000
34zDFwYJCKsbocFmkX2uJCekUT3pJ6Wik1	100000
1FryK1rzX4yms6Q16auB5CDGkj4GRTvTBc	100000
1LLBh4y7uvPsqP76JGcwZ1hqA5kzuvDwey	100000
3EESkSCBhC8G1rzDNvijfStKPrhiZEQ715	100000
bc1q9rtxxpc36kzdtgvhce0x09sv45htehetlkukp6	100000
15978LEzDg2icCZF7JU5Q1wwnUfD4hijoq	100000
1BU5JNqg9tVPLWDZxMRY6Arx9wtPQSYdbd	100000
1nJYi3UMHswnh3YiNsbTEwYRt4ATSoBNv	100000
1CVGZPfzwyMiD6r9AhodSMgtWtR7mgfN3n	100000
1PgR5ug77egdTr5jeg4QXJNmL8Mc5iEDDC	100000
bc1qk4m0hgs82mhewta46aw2jpece5rds4zdxmyyaq	100000
bc1qn329sj0pl6kjfxmmk7e4836xrdmf6r7crgkeah6gp67mnvng0fxsfa473v	100000
18xtQQYasb58jk4HdPWNpjtwf5LfSfBC8p	100000
14mYebkukdz8FyZoipi3pZeE1kzwF9TfY5	100000
bc1q9tlupnflan569f7p3kj3jqdt6avxvjw5lz4tz8g9qfd27hr3tmdsrq9elh	100000
1NYG4EPvCeewMN8iwbP6gEGqvUMPR7qT6S	100000
1HDWhDSSbY3MZZmjBGV76sFe2byZdBZevC	100000
1Fmcdq4YXFK5UdPuytR5GGtfxGs27BjNMr	100000
1JLKpmNrZpWVD8E2gg3chvKnHRGKKMDa3C	100000
1AtmtQiZkC6JDzA3YfwFY1sTtB7eDPqzbH	100000
1J56kJ1UJ4MkVH9kq8NqimxUgbh5TSRnG2	100000
15QGra395XKiTFxk4YtH4hNXgxuur9bVpQ	100000
3EUQPyc4wCVCXvNUMHhAMKLcYt4NHLxPwV	100000
3PSLaHxcf38aK1f3uYzR1cp9L9741wo7fF	100000
3DJw8vrD9H1ieijEeZUejM3Sm7fNxfE91G	100000
bc1q6qzu955zzxpmrt3608wq3zft33cxy22gg7d8ns	100000
bc1qm58d6kadkdf99642npae4fyvc2km5swm9zrusn	100000
bc1qaqf70ddak4sdfj38prve0n5q5q5xgqt49khgxa	100000
1M9VEnbEEXiY7LQJq77dvkRRyhhtdPjhXh	100000
3B9sPVDYFsgaEaxMHefSXwkyF2qFrtma3e	100000
13BiwQ2pzNrZ14mbWbE6PSiLVQcPCGKBYu	100000
bc1qvgpekyjd8jk0p7mndn34cm8f07rptmluwa2p3g	100000
37VDgbpQjT4WhLR59WjHVT2zQ7BQRcjisj	100000
17R7RpiPC3jcKA9hEJwjAvbpzHnKJRvd5m	100000
bc1q7rn3lhsqae0pstjsm79zmhmxqczhzfj66l9p37	100000
bc1q727lf4du2ayn9jzqmt2mmh64ysfxtntqxc83lz	100000
bc1qruqu7vu3lhxav0mn9xjhf2ypf4dtnn7wxdl8hr	100000
1AhkV4NQyosTTaGFU39efuYG5Z6TeCgDmY	100000
bc1qwf6dv94pfl7knqecv43etx2pgg6ft672zy2x3a	100000
1G6QV1vaf1w3LHq1J3Nb26ewxhFgE34Bjg	100000
13yKVYAgYkBJVzomxV2URxPSHBPwFKM8wv	100000
bc1qkf5jdx03w676zkx59d7xvht4a9g72c494ztw2u	100000
bc1qzgc35axwpn34w4mrm26jkn02tqhpvz28tdqh0v	100000
12qSPiFMLt1btafxT2tcyiBe8HuyyoV82R	100000
15gdTi9KoJFrWpMpZjCtbPoJst2qhHHFm9	100000
1NQcxRCfoo58LJ5NvifNCGc9uckpC3zuNE	100000
bc1q398cp2geuzhvmc0eq88ec7p2zve8km0hnjzct8	100000
12fDPPPXGKU9uPiEzbAsmeEHd3Cqw6DVJz	100000
3K94PgvUpRabfuMaoKMtGzkCW1E2PdgTBW	100000
bc1q2wq8523npks4ydgrfmqk9t593c2xvx30c99pv0	100000
bc1qjy5nzw6tjpucwggtzzku8q540xf7rrelkuqhwe	100000
1KLbw6s1RqsqAw4UiWcrxMEg13rJV76DaB	100000
1ABbuLZboMEkjom3aL7MrSCxQWGk6vgTH1	100000
1F6p7izeiv2XzyF8NkVJmu7wafqzGvkUWY	100000
31uNZ4w3brSLBgHFVLdCRp1QqYVGRj7Wfo	100000
1MCMGXVAyGSSykeAJJiZt91g3yi848xKqY	100000
1PbmVS1tYK3GQsUsBaTU4zHpQQL3dkVJyn	100000
bc1qrwjgudxhr3ktuswtwald7w5exm7rjh46jx4ekk	100000
3DDJzg7guaQrwqK9tMAipy5wDWQFWv2kDG	100000
1BXEtMkskuVKEMijtMtJqs5uYzho3iJakh	100000
1Lja7Xsc1b9N9tNdRwU74udgrujkQn9mKo	100000
1CfQsYU4QJT1TH2XfiguWkvuKURaQZ1T7E	100000
bc1qctaafe9gtzuf26czlcej6yu3fasss5c7mj79dv2z47zjes23sffqs8vdxl	100000
16e9dd6P4JpTSiRmuHUTbtcg35eREj7Rv6	100000
bc1ql69uzqzx6t3kpzktwshwa8n5v48a3h88pxjs3d	100000
bc1qka5l5xeak2j7gwxlx09qz9u9s9t5f5l2fnwhgy	100000
3LcdeUog8E8Np8rJPXGyk2nYMGEPSvQXJG	100000
3MQap4ZY2stwDsjByumcWh51Eu9XHXtPzK	100000
1A84CzHxpK5gU8zzVUGLBFNb2ac4rAE88b	100000
bc1qj9cl47fkkt58wkjq0gj9ap40rmxh5txjutuf2p	100000
1Pz4whqk71CsBrdZnhvabqa7NsUrrfeUC	100000
3NURbMrtGUBfejGU3XiQaA627C7TFe3ho1	100000
12wJrorb4MKUhbhAKjkzaaMY7u393SvDNB	100000
bc1q203urk2c78vhtxj3pqvy39j8x4kdcrfkrqpt0s	100000
1K1KxzzJTCtvCs3fVRpER5mJcWBodVPQDU	100000
bc1qka5z3ddyclyd2stxj7lgp7ee3r3yshx89ehnsc	100000
38eTuyaQgPpXZTSvCptNgNFWWcbFrVwNdd	100000
bc1qdsd8w6rw6k3g5mhsv30y538dtrrfm9smmszeu9	100000
19BMJ6CyeBCNR4qdm8p4e9sTpp5KbuJdmJ	100000
bc1qpmxpnkut9zvt78hae80gn2awd3lzshjtpsae88a3464qv2y2h6gqm0udu6	100000
18M6rmkFtk6XuPRy4d5Wzg7XkhxhXVFkZc	100000
bc1qmwl3ydvm77x6vkj70h2u2gh7xpxdfn9hp7ux8y	100000
1jvnqDzX8WJUqUJsTS6Si6u8XNCp6EMbL	100000
bc1q7539zwpw64tryywyettujxrmms3yjzdfgf5h0h	100000
1KPP8aLgGNHbD26qnuncXn2pwUHMzNsFet	100000
1JXBQacbm85YcQ2neoJUBjokxiTJBdzg1Y	100000
1QBER8YpPP3qejawWpq8uN3TgQUCficDNS	100000
32bn3GrF8jvFGd3NRaWRXzYP2Y4a33QQ8M	100000
1CtDp231jymJSUmGXdSiHMeydLHtEio9GU	100000
1BeyU1BbgmPs6k7d1VAGjSmD1NDzJSRXz3	100000
1GLz2dpRhWdFubiZZSstfGABC3ATn8Djpt	100000
bc1qxd5y3vu9gaw57fd4ffnhgu8a0w8ds6fgc6qwx3	100000
19MrkcEbCBwwoiSJr8RPjiVzviqZQ3qKqG	100000
1AiTxnxz3xmRWo7DF7Mt7NCYyKBMQbuxEb	100000
3KAAt3EHqSfhbUGXZFU93mpurrdtM839m9	100000
19xSjkHLMZz6JpcuE7oxCA9fJ1qnsRBUL2	100000
15SFMfbCmotPEJ74VtuiAA4Kda9GSXS6q7	100000
1G9Yit4vzLqFQPWvJ3t1ScK32yw9Mos7BS	100000
1DW8psGZmmP7dfTpJFw4ckJzdAE7qyuNXz	100000
15Rs6g6QMm25a23fWw95DfiY4iiSW4pTTM	100000
3LuvYDBPfsjptTgAiZR9sLP9sUjxhZn7aZ	100000
1L3GgdPLaEzfahzj7hvWwxA9tCoodvEdsR	100000
3JKMJBwTKg1yM1aVk7xSnimbrzrPUrFg3S	100000
1H5Bb5aF9KPSNME2LgRucSrZLJK5PdE82J	100000
bc1qnd7clr6ucnqzgj9zsy5e5k8vc7r5c0mxm3zqfn	100000
bc1q0q7rhf3v77q2h6wr39azp2dfjnyfdsca7p59t0	100000
bc1qsqurrly8zkjqasgkj8y42sctkd9xhy260rkjnm	100000
15xj2T6dNxLJPQrC12kzfPDyRwvGsdFnTZ	100000
bc1qag8c4vk2rtemynf23a0jjx6nay7hh7lxyycpek	100000
39tdS4Xjxue8kVGsGyLFkMUU63hHgTf9qW	100000
bc1qq6qflurv4n2t04z56l8ujpam7fgnnxvd573wma	100000
1PypVrHiS9iQrvnATBAX3CxRNNvFsN346F	100000
1EPC3ZbHQ9oRN4dh77VNsaPqroxmZkcLcd	100000
1AwPNqJvpv1taEpWabvMbJyJodN4ta7o6V	100000
1EC7CQf4r1Gww4YY2MTP9ydErbMZcGipb9	100000
13yaxtctWbzqEo3tLQ7gxwV4GAvozc3GcL	100000
1AT7ZNPmjtLkeBYGNpLg1k9gMRRHJkuU9V	100000
1QE3EmNVueSoxLHdHSAeouYxYYgD1QW7bf	100000
18s7oEQVcruBcCDStycdLuknF2aB1Kp6Sb	100000
1FKrxNrTvUt9niBU8shQQUQJRktjGPhLWp	100000
15ijo55yxiPSgmLKDSaG9mGqn2famXpaCn	100000
bc1q82npy4r09hnvn48wltpnduuvhwq5wg4wu6eedt	100000
3AQ2u7pnViuTMNQUWY3RWx28fCx44Z1b8n	100000
1Hc9izrN7TmMDsy4GK56gWZJxYUWmjm7TL	100000
bc1q3c96vqs7xqqesrsfl6pzpaea9r8yx55zchzuzy	100000
1NvA3giZwojrUZqBHnGbT4rSLQM95SbNHV	100000
1KURweBnrz4SQ4YxwvroRfGHZxFgDSPci5	100000
15jCXzGeF93mvYBfLRVJ88kd519kH7RbK6	100000
32PmGNo9psDgLCqdGCZT4JD9uTrHXKnb3q	100000
bc1q6tl8850j0fr2mknd78ruhzug9dxgrrax9y26pl	100000
1MKoTuA9keRqMAxXFRUYrznx26YHBJVrvu	100000
1HLUYurCkaag5Bjj93nDq8tXRXHLRZFFD4	100000
3HNYiJ9wM4NBAJMk7W4VnBQtYRrMEsMihK	100000
1Fkr72yD2VozP1ecWjpSWAGDkuvpEGmU9y	100000
17gk1QBhK3R2MBQdAib8Qgr2bDNpDokTEz	100000
bc1qfd2hxtkavgq8hte57yavnp8rlahj2x8hu2jzd3	100000
3BMEXFmFtU9Ppg9D82YtnwtY7ZupjupojP	100000
13LoKLsP9n3PVbHqVHaywEjfCChzydvzsF	100000
1M5CP5fCz5SVrZwa8ykcHWtmyWx5kPN65o	100000
bc1q4ealf07vwugh3tf5gf23x6l7n9h8a04eer6yee	100000
1LjfqG19A38CQ7z7PhUyDEfqkRBB3uoXQN	100000
1NcXwEzyxdpJFVUyzWqF2UbVFivsYWMhvw	100000
3A87jRGxSMjrbgTYohhgF7cuCNHVFoUF9W	100000
1M9camy5VkLyz4Zg7RKQd5ccvFMqjVnZsB	100000
bc1qajzs95qcxvqmrxe2s5atejtyz0tfs6jrmevg557k3qgjrr0mgp5qzas3x8	100000
37WJJ7ZuU3nUYg4G6DC34gYaRHNRyYTWV9	100000
1LJWUEoHXEczWKLJCWghDjkqk4FLd5Gn9m	100000
1BV6wbYWT8J6HHmaAH6YgVwQ9YmWY3HrfA	100000
1MnVi4Z6qdTAsaYgcQqrt94GZdZjnvRRG2	100000
bc1qd7pjlrtn636z2fxd3ku0ux62x970xff4q6t2cd	100000
1G6bxKb4zDDokXh6nejBGB2HzvT2kA8HCJ	100000
18kK6aWwCJxjETdT4jMpDPPrbd714Txrxg	100000
1PkZNHJqSqDo5ZDrLNR2GpomDDoZe9Seaf	100000
1HrXoQPhMjsQ4cJsMRMFCrWWGEpor9V1Dr	100000
19AbowF8B3yLNafd3sb7t6VXMCMf2BWqRz	100000
bc1ql07paqucscrn73p3tg2ncqyvgev5skrv8c5aal	100000
1KYAKsUNzMDVm3bcJbmJoKBiscVir9ceNW	100000
16XYEaBRkrb1dxqrtEk5xs4gS15GA5dHhr	100000
3DGSPusovAXbxonyr9ZMw8JQ6Eo6kmU4aw	100000
1QGLDd6qibNX8btF3smodojNTrESBGmfz7	100000
bc1qv5yz4hpdw8hyfrvut5atrv2vm23j5valgv62lr	100000
1aEYe5bnFGRMs1wP5Gz1QrtoY9CTfKwuG	100000
1CDEN3vsriTK4ZhuT6P9uhX6eDrbyMkhwg	100000
1QbCtEiKiQF4jwDi6oCWtUdELewiNQjYy	100000
18RcCZKAYdJ2xGedek9RVLuYtQdWN64T1A	100000
1HdD3bUxSfDU25rXbK7szbb2vpe3NTKvV9	100000
3AWBFqWP4PjtjGBB1GTm9ZGNpCPZXPUHkn	100000
13osnBU7NfRQJP5BwLpYaczB9gUeE9AG2X	100000
1EU1nHAaWcrbD6gS4344uaiB43sfYfLSFy	100000
15YzCVMU1s5DRS46AZLEZRVKzEN6WaqK3k	100000
bc1qm8zztgyv2mpgenay0rzzd7y4c45rjulvg69vsn	100000
158FtaxQ9bbJEndfRhR2cZFy1yEmcUwcPd	100000
1ChkmbuyXLi9ozGgfg8hJ53WaHwcoycPNY	100000
13qXKCG8bqyFGdrUY8SAu4EfFaEpYMjCSW	100000
16wy7H1ewsxxmYfJypetvD2964kjyope9Z	100000
1Ad8GrPGniqwU1sn2Z7hHRbJ5bcnkpcP4H	100000
12aATEbgTSNzG8hFYYwLaayCo7nPJ2KuFL	100000
13qbg9zAxLydbUTp3B6LHmUKbAbfy2BxQW	100000
1K7dCUswZqKiXWF78siG3ZiQiJ26DhryTb	100000
1NT4RNBxv6Lpur5o7c4KAhoryPvCUjW1d8	100000
1F1EzBL5rPiJ5BwyD89KDYgrVF4QLTf36A	100000
3BMEXaafELy35ScYANjDByXjdkoA6VW3gp	100000
18RQFG4CSU55ZpdExrajeNvevkGb1NyZjm	100000
1MB2WU12wXuaK9kPpNQDgMUFBVuHju1pq8	100000
1HQxckbNtoqZFZsjcWWXACpgT1Mi116PtY	100000
1MURq2gKaPkUMF2W7FA82aJvZRDXTLdX2Y	100000
bc1ql6nghj2ghmulv2h7c49rcvduy74yv8c548dfvu	100000
15bCbvvwGjbSLoBckvKnHhVXNx3Cm84QYx	100000
1MDVk6JRkVWGyfQxgBccP6BAM4iVBu7a7N	100000
bc1q6wtjwdmu8p7psfgey5hlpds37eh7ptywqm3nau	100000
1LaunnQUmvNTfCLMuLLrYAvjpSwYzhAfBC	100000
1C7Y2XTibgcuW5wBHVkwVPSrWgTTqPQ6kv	100000
1KyXpvzWkHbe9n67ssi2NNTaLhS6qSRdSP	100000
16osAqjWMPC3qJAKfoae9rmTLXxKWPVR7P	100000
1L4qKbLh5TPAoa9Jy2ShBXon57jyqcvW2m	100000
bc1q430h5ph6cl7tq9cf9cg5hhgsru4reqqkatemdj	100000
19e37FiznN2kB44L7CxAnJ244rAQwT19bX	100000
bc1qc4emd2tydfnyyvwuc5932elhzwtgj0j6x7qkue	100000
1MxfaGfK1FevFMZPH1Cq2YRU5F9tkxek1w	100000
16BbPpNrzjVoeZznxsYjn5mMyK7t1bCuHh	100000
bc1q8j475fnv5tnydhskjhn9c4zupxf3swrpuyl8q5	100000
1MYErF1H4nSoCUJ2CPb8fbtzhgmt6iXNvb	100000
1Ga6dWjVbYnEkytGsdcJUuxNd8pwHfKsTc	100000
3EdQ3Ss1z4QtrV2k4EmURe9h2JGxenYvxh	100000
3QGfppiQGMWmuoK2sKaVrY8uyieNBekn5v	100000
39tQUd9LCZTZdshkv8s7sERjxwUTWMfrbQ	100000
1Kqvm6ScpYawnX7LpDM9gjCbENC1Bb9Yhg	100000
15QEebCDaabyDogwo5eDP5S14WJk4jSCWG	100000
3PiK36tWQ7HHkjbmHvaozXoM2qiaV43VNq	100000
bc1qlh9cg96t8c3e8nhu0xuv9yreg4nx3c9287l6xg	100000
1JmAayG1VNUfuM99njkTPyqpmM1Eac846D	100000
17tVoHrcpsWh1e2JpBBiToeSdLiBR1q1C4	100000
3Dxk2tg17JBV1RGP6RTQNwDFxFQRRdvLoB	100000
1N57mLfvYDFpHW8GKWFs6AjUsKfUmk9HFQ	100000
16BnPDinGTUindKjMzyNRDD6aJyFyUrdDx	100000
bc1qau2nmvy44k7g63s86xtzmu4vgrw49jg3r6sxht	100000
12LA7nNxf3q6b76x58uhgck6jT5V8BqvRB	100000
bc1qcayvpdxxvfl3jau9e20wj8al35huadxt4juqjd	100000
bc1q5x0g6p45xwdkpgde27gxcxjngcyfln3jxkdxhc	100000
37Xhzm13QxAjv8C9ttgvgeC66B3MsGUJBN	100000
1E9ScK3WwkFUt3nnAHSrtyBEQVpLy5PTUB	100000
19oFizS9ikZhBqpXwq1mpewGGWz6qmZDSS	100000
1M5eg8y4vmnJdgT5nMQ4Wk6MUsGQKVZDpD	100000
1997DaJdvCy2sv4UEVkpNhtN5mijdAo1qt	100000
1D7Z8cWLYzM5J3YbY94Mvgf2Roqorts7Yj	100000
1K7jHAkTVWmFBMbB5UKw1XcDEZdH4LeC8h	100000
bc1q9zd0jzl6hxfcrtvp33rqjwjqyxssmgsjngmdfv	100000
1KAo7ujjSCuE7WYfWuQvDbaP3VxKdKHDwM	100000
1LuNan5vAT1xzz94QfvVV5spV3ekBuwrS6	100000
1H2e1f53bcbQ23MUkXQrvjjjEdnfaKg8z5	100000
15x4fhNN1xsiFV1548hwqq71rY8p8gDr1n	100000
1GadssWDuFUFozVRKEW4SMPKePZPVVfUwn	100000
19RVqf54Lny3RzFaF3t3jLix3f6jgMJqva	100000
bc1qttdzx45pmvgjphwvwhqy45r9jjptcwm93892aa	100000
1JGbnYsM7traESjXByoqTTJjAahX8FR96V	100000
3PfQSU8H8PwKrykBKa4b4sj7Emry6Z3SGQ	100000
1HGTuzFQqjkLafx1sA1wPTFw13hyC2Aj2b	100000
1DURiCedbZfePnxNVTkarUb6KRh7qwNMCR	100000
3Qsv1yvnB45RNQydwHjwHap7BjJTcFtSnJ	100000
1MGHRbkuPoZa8uNYkSSv9266sY4ahjkwpq	100000
bc1q9zpxy3fv4564smz5zqa4e9aplkge43e5yjf4c5	100000
bc1qgm8et4x684p92w8jtx9mm5m70jyx8y27z9vnl3	100000
1Gd4LZ9fydC6DtuEdxL82bnk2CPz1BZzn3	100000
1LpMRVAoo7X2B9cV3yjZyhMuAjFcVCXhas	100000
1GDysQVAncQkijEQ2eW3hLeGaj5sFvuQNE	100000
1J9dq81ncBQ1gdR19FR4pBKCY7jK3v9FjE	100000
bc1q5wt7em8ylwfvpeds9zvqq463exzg0ty6vf289l	100000
1NUYdQ7Nf2277AX8n3NaGJcSEJB4VywhQN	100000
15zwfgu6zcKpEbmzKNjdUtv6qufLHnzBsY	100000
bc1q60acc6ctghx32624a6mjzqala9fzfgqguyvqun	100000
bc1qwqg7ka5zleqhlf3vpcxxxtxhsygy8qznjgdqxe	100000
3Lbpdi2jRD8sLSux1R1Jrv1ZoGiuHhQzDr	100000
34AzrjhZxFGubuuniWiA4ngrnd7Ngkf5F8	100000
3LmypxK3QiD4BXjaVWYEVrgu3BqJkcZtND	100000
18udmQMxQ1g56N4sqWhNTxLZSqpGb62jzC	100000
3BMEXWcyX6qBKb4Hphgmy2jGLrt6Dqm25B	100000
bc1qdr882zg39427symm4qd75cythp9rt6hn6mxz7c	100000
bc1qf62gdugj6q33g22dp6eslxv3dggyygmznx8v2n	100000
1QHYCLayhhboFDkqiGtZ2YtqZdXRrf67DU	100000
33nrSVzStFLYQAsiGQeGh791YCwTKJPEmj	100000
18D54yrx4vJ2g2kzH3R2c1uD8iqga3mtzS	100000
19sGoi1TXT9rrDjp5FqbytoPNJ44ny7maf	100000
16oB7wwfswfB2cDtXmzrG7TTsBxwBgzxXz	100000
1CYoY4xrjWDUNyXjDTSBGG4bjH3CixxYBJ	100000
bc1q4wnnj8ucu5whwrldv6grm49lelr0nn44frjpet	100000
1AXqMN79yQFykJKQDLJ6PpuSWEWGZabGdK	100000
1758FE7bt8PwUw6QRmoBEZJ6MSMnK32CZL	100000
bc1qlnqsdw28df46m48xfpcsefflv39ufzvuue6tkz	100000
13vydXQp4ndwY8BJNVsQySBCxE1T2X1sLP	100000
1G7ANiRdAHfHTQgmSMuFqFr7adVU8f9dMN	100000
bc1qyagy3mv8jr092xwjw4kvz5wt4pqd9zvfjef8u0	100000
1EUeTKG4cpiovCkmkKohfNoyeSY6Cm8aug	100000
14Xi1hk6DaWzCgT8dQAqv2sBJhBSPNfrYv	100000
13hSiPDBytwWKj9zqv8hwe8JtkfM7AJxgi	100000
16kaBMDbgNcpos5WGo4u7ZVMgLeW8J9erK	100000
3BMEXT9o7DjhC7uo3YMwwhHNKbsiVvCY1p	100000
bc1q4v4nuwf4uh5kkyzny4vugfvnypmlhg0jwlxhdx	100000
13sTvjLkqHgjwy7oN8a8GtPTLyaRJ4nXpq	100000
3Kdb7WDW7FuDwW3m7CJJ5AFCTQXbqDJwFs	100000
12WjR3mJdNpXASfz7UgWbQZUs4ADSiSQp5	100000
3CEwR8ASR4FUq85zA35zumo5g21viGVwmA	100000
1NSPuCK19SV3171ms3rSvhwEMGnKJLs4h4	100000
14DMexzocPWpoUMLUemwJmgkqYyTp3HYrY	100000
1B5RaKqUMuuKpHdRcn8Tvvd9HMXKeMpBMk	100000
194cFAXsaKhmJXHnybaofpvL44dy5gRMQa	100000
bc1qr566p6vhlxswak2sxwmfp4aw0mctnvc3apgcsr	100000
1PoYXx48em6FJd8bM3HiUh9KTq8vH3mf8p	100000
34pStnp3NVGZBRFQ37yNQfakZQ5NHXHfk9	100000
1KhGrs3zJucPwnaLqdE2khDMY5sfn2KzMh	100000
38MHha5bEa2K9H6BtX33sNmHEqWT6Cpa9k	100000
1Aiwx6rHWktB8CRL1UncFyb3kuZSZ2F1dr	100000
bc1qc3ypszp5nfd7su2c7lc0xjwd3acvcswx0j6lzt	100000
bc1qas9fn0gn04halj6yevdk730l3l7j4j8zehncg9	100000
bc1qm2a27g44n9z66qhenw343ztx70a25sanw5djgq	100000
1PSrfWxyWYwLGN9HzxV575kizaHFJsRVvr	100000
39qp7DZY52sPuCrbxmkfkVP7LMed3dMsbZ	100000
1LhC1eUjhz8AMkfiamEibSrUQe4BB5Sa9m	100000
32LiDovmyaSxaeqLCYdJXQ236tELRjQfBM	100000
1PZL3NLU4rX4maCw8XcuVyKfswKx8LVymD	100000
1Bra8vCQUfZLQhpkhXsiqBgpHzzy4e3zUa	100000
bc1q5pp00s6nuyg6zpd46mwwzu70z6fderwv77lyz2	100000
17FsDBpFNbdNPe4MbvN7QAdAYCDHoyYYmc	100000
bc1qzz43pzfdecpmemw3axcndlnzgdwep2c00h4zly	100000
1GhWoZb6ovU6V5fDdsBrLUUbZL5K8UYXRV	100000
bc1qnfmkgjugv9uuzvc8ajm22dp5ms6as6k7y64nde	100000
1D9EGRdY8FxCkTmJhycvYWKPVKNt6QhUf	100000
14BbjZQuJnEELnbJxi9si1ttCQyA6AbdNp	100000
3BaK6BBJkcqRAyQrhEujhehtyYJaRA4dDc	100000
1DJuLRe479dRNZCTq4ud98EoMiyZ38yGk7	100000
13RxGQFbYo3wSNrKDCE1RnzTBp7VJ68768	100000
1gmC1666i83BJ6Atjizmx57wGJHLQUxfM	100000
1458nynfwpP7P4QHCsdTEWyWxgogMYdf8Q	100000
1JcNzUkFoFMeEhGG2Ub3yFcTgTVdtzkgTS	100000
bc1qnehhq4ewm3av5rwygsc0gpwtj457ecn8ny52n7	100000
bc1q88hcydyvprp9z2ey9mjgx8qjlm0rzhryzman55	100000
15y5EtXW7d4ndDSAyDFyZtAvGRe98Gcq8X	100000
1KqhM9gv15mFukaB8Ber9FCkeSwt9VeY48	100000
1GdHPe3tcuxC1kUgaEYveNExwVZ6KLikp	100000
1JgacUCM5JuKQYqs1XLRoob3KsMrSKmPkj	100000
bc1qmav4myh2ns78c0t3tvns0c996ma88faphtv0d9	100000
1Q2kQgjxfnLpHTiraawmf6z4aM8J5vmmSV	100000
1sKCiD9aA8csgNb7sgzwSg5znyZdr2h3K	100000
1GREGQBNp8Ue9KUzgtBWnYJAsAx8fA9rgv	100000
1BsfqxoXJ41EbR9THzs26jRo4EL3Df7Ysq	100000
bc1qcg3lt206k98arj8k2h6cnp5jg3ne3z3m4svjzp	100000
1CTk6ELRiBdTDAH2mWz6URYjfskGkJQ82d	100000
1NRb4s9oJJkDXJGkzDRrYiJrhuGMATBTGp	100000
1HZ6iWbSDuQCTjxwTamxhDith7q28Hx7c5	100000
19tsQvGqThWHwnPhNmVynvynsiR66bYPHx	100000
bc1qmt4quqq099nv8g2v6mh7u7tmzs36qe33asal96	100000
1Jwt7NvLJkqbRWeCUunEmiNtNNXyPYgu2h	100000
bc1q2gzysrnmntullpzufpe4xe05pzt67xpyme07dz	100000
bc1qt7srewnq25tqhlf4a432q43rklqs96uj9wyarl	100000
178zwBrsvYTz2yrFJuznodogsr28ecThvr	100000
bc1qv790dfqvulrts2tr33w5f73vwagt3pw20x0qp4	100000
1BFWxYb2FaMMNyu7PiNeSXVk4x3PDb3kQr	100000
3Hd59fCn7keNqTFwjUEPboZh78EA1NUqET	100000
bc1qwffczh3vlptjaj3sdh3aa0qy8jxv0dmafs6tal	100000
bc1qrev64860ny84cw3qydjzx4jkltr6gt8nzv5hgt	100000
198MhXsjzjRyEiE38N178uQ9j6xcgam9CL	100000
bc1qj9kmhc0dde2vzv8ffemla3d24934rphjkw5ejw	100000
1N42iF2CUAX4Yu3f45LYEC5bKDAmCjVFaT	100000
bc1qm4sfnx2fr5qk432pthkgrnuvagdcww3q4v0fnh	100000
16an2iB2sXe2WnV9XGZAExMcNVwio1hvag	100000
14h43PAazorsge9MeaEdPAgkYHqb7Q7imG	100000
3JGD1zy1kwv1SNxc1d2132CxnqKfo1GjKz	100000
18Qkfa1Nxb6K4Zh5dQwAbspjKpK19XssVd	100000
159xmdgoy529szhxGKyxRfVZ2gvJz5G3qG	100000
1GYbqui7RgnTKbs6yp6vjwPxynt4YoFeZT	100000
126bYt5Vwst3ihctJLwQGAY4guVt2dyEYv	100000
1LAMrQzw65ZnNQ4eLyBn6XUfmMa2DWQbKQ	100000
bc1qlfx6nxcnu6r7d644as3dqy0lmghres5faxfz9h	100000
3DZxUYDaQiEjGxMFmRk1Tg6qikTNVUxcy6	100000
bc1qc2xrenaj90ze6drut3m7tzfun3d0czp648wxrv	100000
1NRx2RpGjE6fM98kZUS9CUijMGfUTTEoPf	100000
1Pyr6vDxyNFz6tDEsVoev6bYeiNN6MMhFx	100000
36LZTvMiKqNKLiqYYVR9d4VmGoQ39uiM1D	100000
bc1qhc9rgey5e4lhsc44exk9nl77g2qncmh6uyre40	100000
1FcCE9vGvfFTnM2ZAL1iw1d5YwXc9bqv5T	100000
17KV3E95VaF3xUSch5GQYLpd3fNXc81BEw	100000
1NksdkUaB5zgoD2RczRMZqFXypFRELcq5m	100000
18MUTg2CYryTaCqm71H7By6QbMhSi5qyTC	100000
341tWby3xYAAM5UEjujguUc5QYpHWfFwgG	100000
1FJPrRCnnVXr1nU6da6NkQUusrTEf1Ywrn	100000
1G5YDqjv2ZQpdY1YyQZuDdpeiZ7bJbWk1B	100000
18pyCzwMgvAqLJsxajgbuJ3r7yenD1rgmU	100000
3A5omXHevJDyzGRj3HFTpuQmXJdGXg4QyR	100000
bc1qezvagg3s9kvlvtyp2d8g3uwf5tfdc4resyee0a	100000
3HvFUCkJKXz3Ro7Pc1akHAAZHQH6Sah7xx	100000
3BGic7BnJfGusrSZfaZW2vf5Kfsh1yY4Hi	100000
bc1q9vh307jghxvyj6dwe2km0jxc4uvr0qqt5zs85v	100000
bc1qttws3kt9vvx76gkk8yqv6h4uqexdj5jpkahdsqk54mh67yyh3s0q5fepnn	100000
14WDazGeUDgpPu3xsq7r67a2NCVRcte6ki	100000
12b8eSep8RGPvMuWQxne5HegrZ5J2DdLnR	100000
1CmLkCBhAE7ybgpUDu74CAw3nWHYhMZ9zF	100000
184mBYGiNfT1eXgafFyzpUch7n2pZaE7Cf	100000
3Gf5iJvSUQpq26a2mYtyEN5NVHeSUpsw5d	100000
bc1qc2tv656mrcg9nawh4z5a3tr0x34h34r794yykg	100000
1C1rvgasFwDtTnzXGHxyKYjZtXTP1DBLRs	100000
bc1ql9jjarwmhr3rr3f0y68tndpk2y4vxu0pgerwkp	100000
18GjPqD7vhZ1JPX7LCBcRpBnkejKofievc	100000
bc1q6dgsejtq7lst5gwvmzxcgr9kc2gucfa33vlsyw	100000
bc1qdg3q009lkts4ddz96vt9k8ye4pmjqmp4q8wk4c	100000
1MQV9sjz3hnsfajLGQvrTRuT7JeKvM51dp	100000
13wBTFAyNGsKsfgXWuJLA4fSC4Ko9QLYyN	100000
bc1qaem5ehpfwdae9qled5ks628ucywmrqahjgnlck	100000
1J1YEPsLyxekQUHhLsRjh9WQZDrjfjPN46	100000
bc1qh8pv6g3j4f00zam06wnml5wjsjwx23cdk5xzyh	100000
15iqmqVJFVvY5i6QTwUg5xuvf5TtCZtpB2	100000
bc1qk8hqjnwrepj4rr2rpya9rtswr2gzawq00fclk0	100000
bc1qlwfsq7shewxqatcuc6quv6zs73ty5qegdhf5x2	100000
391zFPbkw6srjLyijhv4vfP9EY6NyKiQYz	100000
1MNE9bitCH7p5gXASD1bdM6PgikiMVMpeA	100000
bc1q2wsyumdtc4le562rxuer0ftgkfdvekzestat5j	100000
38adHsXrKeELdhGn79YGfNCFFRTN674Rox	100000
16v7LHwjXFy2jQYsty8vwHrEtFXkLYXgxh	100000
1DAomzVeQbiYVVB7CigyQuYz7bm5CdddY7	100000
3Pz9QNf4zV8q7VtXMUqETtVnVWyfPoUSKd	100000
39ULbTHngfretYgPQ1gB1gnJBKu9JoLVGp	100000
13XFLYVKNZVncw5gcZHRy1cFBZqWg5sA1r	100000
bc1qkgnr2m3nlvcw23n6nadmgh9s49qm88s0tutt6r	100000
18DWPuuEVfdNgRzTG6uF6w8AiAm4D4skCG	100000
1C11vzdBWzXArE7PZjmaMpCtobRqu1Hgsq	100000
bc1qkqjtvqa880fgq9w9atnffhfaanfg0ktr73prl0	100000
1Bjy6xieZzFP5BMDti8AEZPBqZNkDKn7R9	100000
1NH4vtMeeCTTh5Vya7V7bAJ8ff2MuLgBq1	100000
1FrGsjU6iAzy6hE4nLvSdj8ZRum7pgqYdq	100000
17XduZNQzcS9AJPZ2WHKCzPVYskuzXrJwX	100000
1JSD1r6Fw4L8S8vYgXF7NRo3ZC9PtqdWW8	100000
1G9wSrDnKvR346ZypghdoKX1oRug9VQPXM	100000
bc1quvzyec99w8swymj4vfu4yq48pmg4rfqltzg9g8	100000
1NYDAraFhCqox5G9LV5gJ5RUiyPFv2vWZm	100000
1rY1kgaExWYjgg23hUCyYmdAj3c1aue8p	100000
1ApFkQT2JmQpd4dATGqSTbFmhqwGr1Vb1o	100000
bc1qadety7wnjayuxatgevnhyq8rcjjstldr5hle6pz6nk7swzgxxjvq4tu78l	100000
bc1qv0pza5ja4j6k6q5pxpgz5gr06lk5agprr3rx2h	100000
1FxBLYckvymHDLA5FHixdvDg3YehMyjXrR	100000
18gEPPzpxLbAx1VZ1vvoLWzYJo7gXFZWGZ	100000
bc1qmr4pswpezhhfreev73s8460jdmk27cvv76nj37	100000
13pejdhFctaPPevtGZB1bCay19kt62M68v	100000
13pf6TQKiSRFEqQDpB6FynvNXckbkH9N2r	100000
3EWmAVwSowFD2wMDG714jYccKyW8hJQnNn	100000
1D4b6m9dYtYaTSUuXso2NUGhkF4DqrwHMc	100000
bc1qftzyny9p9gagavzd6am29mrsk7meqsts5q46pk	100000
bc1qn3y8c5nmgm4gphcpf84z4tqqeuj2zxzpl29x63	100000
1DUXVR8yXbjBTZXP2SVwNz1pA6SXSYN6Lx	100000
1PcZDbGNuQ3mhaFE5exnLS5a87JE7Nff7t	100000
bc1q56034pel846lxgycfnlqjauvpytvajtu436vdq	100000
bc1qs8e3jmh2zn5n5ap65q97q3q5neqlcutrvwunvf	100000
1EgNJGMimtER8S5ZUQqnuMyA5okqrQqLnY	100000
1NAWQx15t8k5X31u6shiJXKZWMXxWMUJYi	100000
bc1q6d72qj8y76g6zlqe6ujp7vdwmye4jx64f4aar5	100000
1Cw1icQbjHKp1x4eD9UoXbrooQHFrqGz3f	100000
bc1q0l7davurxejgcnd520sk9v4w0hhrv7gsg2j92y	100000
bc1q8txsvcg0j5au04vqvx4jke2q2qynezx9x6j8kn	100000
1H9Qxs7FdDHNRBNEBh1Ym6tjYFuACJ96uL	100000
1TLS4jvNpe7MuitLVeX6hvvhBq1KxtdK5	100000
bc1qavjewdstvlsg95gdlhyzccgg868n7gzm9cj0n9	100000
bc1qpqc287j6rv9yy6cau80563rpaeu6cpy8cvrw7t	100000
bc1qz2hyx33ag6x9c95tgaanjalshfc63p8gdcnvak	100000
366oMwDspRSyjD5HydNXCG2ycvhA7SABQi	100000
bc1qntgcxtxl0d5sa4dw7rrydck0jzjfeydwd7u343	100000
1Pyw13Q1d7ujCrzCmctnFuSNMbjfABy9q9	100000
19nngnEoSPR7V5pDBoXSWTuJ2B3qPK8ZLL	100000
19k5TZynqYMmiQvkgBmm4rqVMGSKUswjaD	100000
1Nbjih4hN5fxD6fcNJZ3f1z8bRycEHTuVq	100000
12YNWFcxczWPW5w1KoDctPW5Qms4b4ib6r	100000
12M8HtkExrmr8py4nsREH1TWEMwzUabLhC	100000
1N8koje7CFvr4JQMaCaCUp6DJRtzVsPM2W	100000
13BsNFuahdwDgK2Aci9sguTvXriXfgzMJj	100000
bc1q2c6ksdekl8f085e29dk8q3694wtpukxrqauu60	100000
bc1q04fpz0hd0xeq3yn03xvuplgfmeqd845s0yrl87	100000
1FymM3cuvSsmxQYwQCxVmDuXfVYZJSc8D8	100000
bc1qwha2pvezhwlzwktf9c4g6vtjtfmx37mh0avdsx	100000
12LZif2aMR3wm12mMLDLyyekr8BvnuYpQ4	100000
1vZCVeSR4YDeom7ShzhnvsstaBmqQhAG1	100000
bc1qs9j0snt80a4tql6gtcc30t0xtetemxqkfsq90f	100000
15WTMgKKvYnzVLXWeu3num16a6qA1GEJTm	100000
bc1q8aglqg9djpqfaw3hhyxquvlr427us9kzjq47v6	100000
1FPfSwVtz8WN5FzXC4QNw7xusxcNQRTg5K	100000
1J1GEAdmRatiW1ex7ByKJ33GVTo2voQAn1	100000
1c3nnis9J5VzrvKc31WxrbCc3Ht4kShmn	100000
1DzKfJVuQRAM2Qqpxqeyb51VWy5wqQ4M3F	100000
3LMuQo64LxJbCdM54KFh26dpv6EaD5Ra9e	100000
15D8tWnLMJ4BYNqeCRrAcsxPJZGRRwNaTe	100000
bc1q44wwq50qw9cflmxlm4u7u2a73he5qsyf0rayvs	100000
1D3qmgkYTKUXRD1RJmKksuYUiNjVStSwFw	100000
12jYCCvCQWkKD8PdL1QZzrdHAtVcX76x8o	100000
15JGv6BVpzFXRWQpEvEZhbqUVGg8qBmVve	100000
bc1q3jrz6plp04ml7crgx9dqlvqp6camkuh2ekh0ta	100000
1Zbn4cSVC5ReDtoMNBcpCGqPwE931P9J9	100000
bc1qa064xmmf5mdc7d7hfyedr004nnallcw48ru6rmsqwvcd55k2k4rs0vpx7j	100000
1FxrychyUKTVdJa4ctZf4uCs1Psn6yDHZ2	100000
1Fr8bmSTg87D86YTFhCqYB3NY77fYfEvvW	100000
14F2QtnZ1p8NtnamxwhXvyxuDmt5nFqxBY	100000
1N6bhUx2GYdmmQ5TR5kGTopu6SmJ8kFiWv	100000
3NUqpThBGcvKNNv7weoPB1x7CJnmMYmPdo	100000
1DWqW6Hvd71e7DeRRLj2ZnsG9JKwtLPRL6	100000
19oiZ3yZy6ReBGFPRKDGXH1fqJrSB7Qi7m	100000
1CQPGrecDJrcvoSbxB7GJqrKC6MQcJjV6S	100000
1ErWWGeSXWZxfGrs7hd78KoQ82iaCacKzk	100000
bc1qjnyk9ugdwkkvz8uceqr4ns04e8qs88cttz93lw	100000
bc1qrql7hqa99ja7xcvwj6fcnpl5u2hkzfqxmwqltk	100000
bc1qzx2r708cdslj46rrrv64xl28c9zzke2uyg2k2p	100000
16bV9BZZXkRPojoJWmtjHvkhZqQgamFix7	100000
128qZdDLnyZj6mL58bPa4JpUzcXtqCcGR5	100000
1MwNQ9oHbYuEzDTQ5fVhYw29SveUddT96b	100000
12Luok7aZ8z71vxVZ5RfkV14hbTwwwwrww	100000
bc1qg42a8pkzey6pj5yafar6fm08rr7eu2tp7gzva6	100000
3G36zPNJTHEpjWDbwEEtQAW89UH8aJEiV4	100000
3EGEsdwPsbYg1uHaDiSFgqpiufhYbetU4a	100000
17J9s18L7LmV2MmCqF8a1vw9AcugMGH9Cf	100000
bc1qgustx3z0y5mep5r3xr884ny03y4s3xfcz2rrse	100000
13gxfoCcwudsAeqe4HvHzR5jwFDCMvJiau	100000
bc1qtuffdpl67pytx4k7g8chwv4guz8qxf57tntjk6	100000
bc1qsy4nccseprjkqm9v8w9qrs99n48dsrh9y7u67ej54drq3pvau73qe99r6v	100000
16ZNEH7yTCAgrkR1xzTeMvphZoP8aWzhWb	100000
bc1q3qudwa2aylwc8r42sqpm46jvck7u7t5l0a0fvr	100000
bc1qzfpp4vgmrrd3lfye6gfq2mwzl53zsycvnukfxz	100000
18Xmd1E5gtqGxMQzgaFRAye9iQF7kkConQ	100000
bc1q87k3plrx9u6emurrjvvnqxma5nhrz3tq82pv34	100000
1BwmrtztByR7ZNESnYUB7sjszu1Jc9dTde	100000
bc1q7lu25cs7m6lpm5ffjfq4hf7xkeadsdy8vjdxwu	100000
3EtEtaQbFQGaRnALWAVXzy8R1X36JTS2fE	100000
bc1q9z3tfkzd3s7nhvsn7z655uf0tpkj5thnmkddmr	100000
bc1qtdk50cddgj9slajjq62lgkwexfkszkwyz6jqd4	100000
1MuTmJrNZspXFCi2eZzS82jEumDMQKRHVA	100000
bc1qc4d86hzr0f2ae4am7aa0krk540hfxjrgvn2gxlsth7qakg7wnlzsx7vxjl	100000
3HrSm18zBHUVNFk3QuvAwLhYeRoNaJv4Hm	100000
bc1qr9wrxx7hzs48qhwx2ec95t3tnj6a67h9u592pf	100000
1KptF8SctixVxDMk8pkGb8iJhGyNU2ztpC	100000
1K2fCezZ4gSycikXbMdwJ8EB3sxgZXo7y9	100000
1Hr3bPFtWcqWUMsN8rKcE84uGEPBPuNSxS	100000
1GeXEhEy48txCr57vfKhJQv1kmbojrPdFF	100000
1FcT855tDPdZSbFWMrQmoUawjFmMoSMNDk	100000
3LZ9jWMY7AaLvsMwT9GKqgYwz3qRsgPwge	100000
bc1qmnnaav8t0wsw39y83zlvcadx6n526hk5a0dp37	100000
3K3vZ7ZJSciEJSVxSExFtn7tqPsc6Jrfyw	100000
1NUJj5arWEdddHpJr4YBzQyqGcsyBT7dZk	100000
16zSGwhSyhdD88Pz3g7RQdSrHEeTpMUMV9	100000
bc1qxgw2yskc9g2z6t9lwa8d30x48qddfcthr5gdsu	100000
1PbYrYSUJQdfNqYBG3ob2Z7sHRFKCM12rc	100000
1MHKyCMTLt1udDYpQJYJ1kS6VNyJK6KMvK	100000
bc1qsst5hqdz27nl5hqtpwv0j3q4vh0523qfwcmqys	100000
17vHESxhezK9vCH1vRBt1VLE3gnyxmNRGU	100000
14SCWiJUeLiwgKxmPNxUdURnW62nYH17gX	100000
1D2eZCokPaEtWZheoYf9RpqouYWVXRNLaj	100000
bc1qxswgcme985j53ey6fply5a6pazcjhrn6600dk0	100000
bc1qw29csv3cag7vqrkean96zkegn8t0868yd8ue46	100000
15PhiaYt5hXpfyMvYwSSSMzQSsXt5shLyo	100000
13mzBvdDBtWbf1vHdbSVYco8DySgpZwUC4	100000
bc1q2xrddk592safe2e3zt8xn0p0h5psp75wmayf5w	100000
bc1q64pwlau3ppums80m8q5ak7x8uqn6e92rn6pm4r	100000
32BA3xd2vyPMyjQLpKwvrPVPUh7DpkiKds	100000
bc1q0nl2e5jdp72ay4esdm9gdqgy5slk30vhxav30g	100000
38vVPpWbzBKgvMAiXAcxyfz8NQX4rUw8Fk	100000
161Dpvc7nT1SPq6aQZQbc5AQv4tKC1CE9e	100000
1JXoFEFLGchD5XCrt8jvwoKaBAUj6KAoLR	100000
1B7pJVbUxgyL3JnMqSGNbGbg5zXvG1dkaE	100000
bc1q82a9qyle93l0pw62rqmlypa6p3elt2upfmxrg9	100000
1Jgsu9CaiArLL3gc89DJwL2UBNhb5hEWnL	100000
13UXZboDDge9C4oGKB4sf7UVHPa2JHQYVW	100000
bc1qlc2nu4t7sk93u3ac9zzyrev8tnmz6aecg9ttmg	100000
1ChE5tr8AfM1SthXzvrfd2p1MVWqEWEy7o	100000
1B4QgyGQeWkx5jtFRmGwVFJa9VZ6eVfQEL	100000
bc1qevmycanmfcr9dqj49z7k38zvr9jd9xpzldndr6	100000
18peZJTxjxBoYGj67mey6egdVsLiDtTgca	100000
1HAiXvErsMK1Cu1KsRgMkAFKQZ1FrJkHpM	100000
16ECs2aBHX7U3FSJRUAFv2kxZdfnq1W6TT	100000
3LnSnpbNf7D9qqCymCjxiRY1DMSFVNE1tX	100000
1NT91FtrQHNBigx6LLX6Pnpkahk6bn6TD3	100000
bc1q5kl5jwpkt4c3zwprjsc5gfz7n35k020lz2knjm	100000
bc1qkcyd5uxjx69nvek0y3z5uz3ra4zlw9mzj82mvr	100000
1ETjz8ZZisRNhMbDLeZE6SJw46M45rjfyk	100000
34XQaarVK2iF6m16YYXPtZn11vHGR9jFju	100000
1FMFmTmQqLma9H22rBUvrfVbixfaeDz3fH	100000
1Mj69vMGk7sHJD4N3hh8tkgs4g6aS4kmuo	100000
1DSmLAYt5NkqSPt16ZnFJkk5pZM3RtfBJ	100000
1NrJ2fzH4oc8rPvdU3r2aGbqCFd36yXjjE	100000
17maJQYrJTbmqwxi2BqDWhb8kZzEv8cGKq	100000
bc1q77ht4cjvmwsyljcg856a2dr4fnulpe0fzunyzg	100000
bc1qwr4rf98avcqahwqdtsg23u73xzz7ra7m3uwfle	100000
14jp1XUsAi3axfRdhjtmC3kAbq7B7wC8Te	100000
13usUqsFKgTtDLRKry8DkNvTbQunxTJaYn	100000
1J4Haniqb1Gyd5sdSQk1LkwCzfLH2ssPgf	100000
1Bm28ryRnZexyvDrPfEjYXCFGrSqeqf6r6	100000
13kd4Re1VEPs3XaSUwXFZeXXRZjRvJZf1L	100000
3BMEXX9CrZTZnjbwGuow73wak1ncfqVHzX	100000
1HXCepDwXv2m8nMpKHY4p5RfdxfnFHexQm	100000
1CDQNUQ2iAoWqqyq7Puffxm3zuHkwheXje	100000
3Mjq21tk3ikUpG6U9xErsgQVfGQpTkzW1W	100000
3CYtWET64bVEBxXZdogpnUikaPPjTWSh7n	100000
bc1qm2su399sf559p0qws6qlyyr08jrk6tpecwenf0	100000
1Hw13FMhacxjeNZXN16rW2GY7tn6UPzGM6	100000
13W4zMWNeizftREwJ1mfyuiirQDaiMng1U	100000
1w5vSMRtoVvsX3DZto8ZuuSApPecpWsDz	100000
1JQXkQWQvFjBEydxP7FL9kE3Kwj1FwjAeM	100000
15ffavVdPRoxArYoRqqJb3bh1NW9oDzVp8	100000
bc1qcsj5hlcwuv823u66u2jzrvhw4ls43elcw4qqjm	100000
1Az4BXkJnDUANqvCPrdL8BvzCgnKWRVMfj	100000
bc1q3uxu25hnpk6dzc2c2m6fv6g90m3gncjza3agdh	100000
bc1qcn9ahuk72uvxwsavj07kuy7yzwjsm86clnu90j	100000
bc1qv4kqtalhlgx6phvlpv4grxdgq6c6kx5sjnwf4f	100000
13mqhHj2xybaTy8UCFRmdsCRBn4G6fnBdo	100000
1AzWXMqCX4zF1Z37VWoANpuYMMNb85os6M	100000
1C27uMchzRmeDcaKXabsKwnnPJFoRMgLRy	100000
1FbczYsHSGyHBmxxpLRvN96GzqQpFuEidk	100000
1MzL7a89gKqyKVwcSXnZ66XZDjRVNpT1EF	100000
1DsYJAjzCa9LAEaDksNdZUwy2kekU8fUS8	100000
1MPtgtY7tUZmjGgvYSjFWvH5cj1vko6Kco	100000
bc1qhvvzgvlnjhd7s52rhzl977n5vfk46p6sjh7uy7	100000
1PZUfAXa9PufU9ZnUMXqtbgRVUE2nwwQBm	100000
18H3Uf1mMR8F5wWLCAziVsNcARheGY8mou	100000
1Khsh9zB9RARnGR9EfytFqDAjQh8Xi8YeG	100000
3QQH8gMhWK95kDyqy92LBcGziVusTWNmAx	100000
179vebofEU4RC555LgzABnyskZ4Bn8Bzgf	100000
bc1q37z6rdl452ad2rx6k0pz3dvzw8fqtqexfv9y3t	100000
1JZgvj9EqdjkXxKJaBaeEmveV82htfgd2J	100000
1c4azfTWsnhzgppY5h4U1kJ8VySKRGGnT	100000
1KjXaxG4TgiTZuH5KS1dQ6d6ZCFhk4gBGj	100000
1HHfVU4XAc1NBfUaUnP5H44Z6kMg9KXLUB	100000
bc1qellel3cvuhv4cz5spufnss8gsz2n4zffrez60m	100000
12EzLTRqCGqSY2dUS8DVutNsQw5STP5HEv	100000
1DPyF7isPSkcvZ9pvX9zsQ5pzuGUntAq69	100000
1EM2GPQw6nwybcZmjeVoLPTa19vXevtUXz	100000
1DJt4LdjDSQuADf3jCq8u4gf4qHgM4Vww6	100000
14M2YqTtPdCqvp1dvrdHryK7FjapvpppEc	100000
bc1qrjnjt7852n9ygad9w6wwf627prfuxjjpyadpy3	100000
1PEHvxGRSwnJy6dWEotjuY2yuNmuSbocAL	100000
18egFhJdqBNFRJE1mo6MGmGp131Bm5HGUX	100000
1JKsxHBncUCNampbGHCCDoYsvLHvRghrKf	100000
1HPsKqsxaBHHgXk7oV54H8RMUHHcQwcR2J	100000
3AT1Mu2hB8vouiFWA7RkmwgmbPZ6w2vt52	100000
bc1qturh8f5tdkq0mey6k2w364zy06qqysxqxsffar	100000
175yEFAJNY3pSuqd9hrBDJAQnDunDePXpd	100000
bc1qhkd3fd6vqx46yp7d5v4hjvfrntxpl9hfvj0grtdw9mlph6s5gaqqcpgcgl	100000
3LndcMZF5NZ2bAcJgYvJeWyVbkLr8HzXB1	100000
14vEK4KVN8xLZaUTbMWdz69s7JZB4XhXfX	100000
13GA5Jvhg2gcceRW3g6GdnYy93B6kiCXXQ	100000
1A3ocEqN5FQmeseS9NhWMWoq3c1LjJNxxj	100000
bc1q2xefe8k23ahdv23uv7hagslu4snshra23kn8ad	100000
bc1qgay4dzuym6058nykd4xrepf4pj5e77uh3p0d4q	100000
13tk4zpHvG3A7eDRL6atV4mpvfZncrZF1q	100000
1MWMyDT3E4AuCf5WLYFp4W5Cy5Vxx53WfB	100000
1FbSUQuWQz9pnmfr4tYTEq2PeDxBvruqfc	100000
141VxvtQzLZ2AAFoQBLRmFJ3se8GPHdfjD	100000
bc1qhntw8ppna7dw38v3apllk0mvxgf2yu832aevje	100000
18yJxBKb1yvLSNaYdCSXoe3QBKwr2yvbu2	100000
1GuVn4e8HTcr19jfKs3WbhGyhdPMZXzZAH	100000
37ogEd5VvvQm9p3gi48F2HVuegMgDPVSEk	100000
1CH8R6nZ5c6VNneiJ9pjyNaYMvxQGRrpFb	100000
1LUkXUv5MQd9XP5k7kH1cm3z8BMje5Et3L	100000
12qGAWrbMmB8TBytzUtg9JZqqW5ghSbyqf	100000
1NNf4Lr4JrNjCDJCyhdonGNQhv4KjGTb8a	100000
1A8LGvvUEXfgFqRK9Wjp55HtuXcFvcgxYT	100000
31kaTRhhhnj18sbkW5Hq8gmWycAYqimMcL	100000
36qVsTnARCZYSZU1wPHcg19PtmwJm9mE7g	100000
1MXzjZos2fdXQG4Eroje6Kc4EdUZhGj4nq	100000
17dmFx2wyTmT3u9ySmLd6GmAUWQdtDEddQ	100000
bc1q3p5dtn05tmq0xk5xhaxlgfvmm3sk6x50ktt5ea	100000
bc1qytutuc38862ss64dgj4wthqgkqha7kqkj80kq5	100000
1EQFpSdVgBFRG7tCmjjYmbrznudUrXRed4	100000
bc1q4yfn2hmteg939dq86dhc90kcz3jhlt45a9jhu6	100000
161ipP1QnaVw2Ldhe4o3VXXQZk7n6JHZqT	100000
bc1qy7vzhdfl36gddyrp6hdvc0hdquu6hru7hakmr9	100000
bc1qh9r8vjyutqucmzfrs0558ejsvdu0krqk9zjpuh	100000
1ArCdT8cBR8bNgT2sGc5H73GyrY2zErNjM	100000
bc1qttk0zxqp6684enkssv4umdvtcqq5emj4uuvkwd	100000
bc1qwlu0r6a66vsg6y4sn0n8l5e4gdv3e2k9nm08x3	100000
bc1quhmeryv0et4h75v6880muckpae4zv8xmn76j6l	100000
bc1qq5s7xxunt3x7f22cep852lrt20w0lpa3hqng4y	100000
17L9mc2P8sCRNui1NKRbNoP9thfwd2h2h6	100000
1NU2h6fNqQmyRkFjDncjoPghK4RgiBSp1R	100000
1C4NN3NJxyGLsZM7xNFRC21RzBzztHvVvq	100000
1HTiDenoqQqdUD1CrtF8rqtmyurJ75jiSB	100000
bc1qje0jp88s6xy5j36jwy2zr2ttake8e3cxdtwljh	100000
13qCDT6jdSdPNSUqdEaXBNXrL1SAdpcrTp	100000
1Jd1KFuAQMNhj6KL5PDUdhN4FwdS4gp6e1	100000
bc1q0x53jlfpkeepwgvjncrgf6z9n30zjzeh8qa53y	100000
bc1q4egh040d74h7shpvql0d350mf6gnf9tsavv4x8	100000
bc1qvh7vn3wpaa8ltkxwy8mzzt5tu8n9u60f4zdkgw	100000
1BNhchbgkKsuM46xdkPZLNCGNkhchWkaoX	100000
1Nicezfrr3x7SDXnJHtm74pCgmLX2TcUf1	100000
1MVMdFZPTY7sTkqtubnu4tbp59Gy3wJSDB	100000
3G1tGnwf9rXz2bg7zHUeTwukTLPcqwWvdW	100000
1LJfk3CHkFkKGrhQkriZ6FGCBbgShNvctX	100000
3Am4ikJDkLZBJYRq6atytavfyFe8VW9PJQ	100000
1HnAP8jx7hPmnEArxU8NjxbckrfswtsVhK	100000
bc1qawdzv0kuxfwdazwj48g54kf0t72q6m0mmg9v7m	100000
1LimVFbP4fuRzkdY7q3Joj44ANAZDGLj7n	100000
1FJd7efFAG9sn57JnDqfFfENBuDZpKmAQ3	100000
1QDP9TktUBx8f9JRu2q7pXV3kdCoBAf1bm	100000
1Ee3ZnWjBcTVf8dWTg4abbQoNqAV3BrvBk	100000
1CL8w9RradqLA7HkjC7ZD47KohMcSBxrfp	100000
3Fep6x9NjbT8fcgjhVwGHM1V2jeDFQ22rH	100000
1J8DKxwGtJACL2cL6fh5uddx6BiZSqNE9J	100000
1GYZLiwX8JMSYgjgVqJQmyDLuquKsLusab	100000
1K14Toy2hA1EsKochGxgjLK53T1ouR2exi	100000
bc1qsxdk7ldggpp2l6u28nh4f9t4hscw6ah35wt9xm	100000
1PVL6uFs1yhaViYEm9LZBeuhYPKF5fozTn	100000
bc1qpgnfgtdwznh8yzy74h7gcwd2krttresj706pd9	100000
14j5gey3cWsLdHjjNUt8AAp6MLBrdzL4Gg	100000
181P8n2MQggZyeHYaX4JsPSxtHNhP2e4Mm	100000
16RsULp1Evw1zghDZGBu6LcAyPntk2ETVo	100000
1GwLpAVDbDM2HXHYB8eyB9uupZ12vMKUrY	100000
1Pwp4n9tsWQtWHLL6qp9bHSRPcDTMsy4kA	100000
1L6VnAHSGtbJ8rHhkk1UhqS4uGrrVk6txa	100000
1PBTjgW52Aj3keiGmrTcVSimXujFDU6mJo	100000
1NRJW9vyzVDo7kzPzNdrCU62VKAAe4sHFJ	100000
15YZrw52HUHnSENUcpT4n4MC5Sz83Sw4U5	100000
1ARV7J7KQAcU3XkDhXigfruYbnTVwz1gRh	100000
1Gx9juuic2ivac6AQt5M9CzYqGfNUdTZ1T	100000
1BqXqyF52eaziZhaohYvaGVD7792w33Stc	100000
14qzf7j38eS1FRKHztEsHdBKwQWctEyAHY	100000
bc1qgv425fzg4rqjevgphh4zpy7cmgchlh2exaj9td	100000
13bj98VpiQTpDDDfq12JWutiv9T7PAhsFb	100000
1JDn6P1RTd5CKhbEpLpxV1EBN43jVcE6hT	100000
1QKcpk3UhSfreQAPao1hyzcYyujhc2aeJi	100000
1BLrz2VR6mZP8VpnEKfRsa16F6dA4mZgRu	100000
1EAd1EaJBf2veUjykpUcxoECEZkEeUWzSa	100000
1DRShCDhBovHJakqZKzLkEm6Wm1e5z2m5J	100000
bc1qkx3n6ucwvrtmuvh837f8szrrpwq6clmr33tspu	100000
18umEbnWbcBQejcMk95ix14C5GNAxZYWP	100000
13x9onje8ibHJFhcTeEQZWpGaCEPvwya1W	100000
bc1qyxzpvq55rf4mjjsvz0fvmtgdgf8q98lwwav7f0	100000
1GuUprt1VgMh73bjf11a4oSaHCMof7fE5r	100000
bc1qv7509ry6dyrxhah9ztvcakwxhxtk549csezuep	100000
19JETapvbKvJba4AVoGtzEimTEfBzdMhNG	100000
bc1qpte93fc6qtcsqlr0txynecs70f3x74rjhu6pcu	100000
bc1qwd5sz7dfs49v4lydw77e7we8jwlpdgqvpmktvw	100000
1EPeGoqU4A7XWgHo3i8pNiTR5KGfaVCdUa	100000
3Dvxxkwbdcon3Ug5vEov1yhpCcafM8E2nx	100000
bc1q6y8cp4k97amnq9fk3rg98kzcyckyvrlsztappl	100000
bc1qlupj7ymrpzsvwypzrz9cl5n6utqhxe33h9hw8sargeg67u6svjfqd2kkwg	100000
1DH4FS9FHrpcnVtHW4QyCY6uWgSxZHzdHn	100000
bc1q66u6wascj9f0gusk9qmq5j2a05ahwksqyxfk0qxcq7f533q5hfmqysdmxs	100000
1Pa8VHo8TzCLfkVnJDDFZEjMyWnyQfNxzK	100000
18RvRW94rBHinYEFiMYDK3dSuWkvphZVVt	100000
1LA3kBBryXuHBhX5PVcPGPkzcvAepbBpZF	100000
1Fu7KPAuhNhfeuEkrLmaVEyoQVipomUccy	100000
bc1q5vlgqz3m9d4ga56d40j5t6hheux26cx683qkr5	100000
1JfgPy8uDa51rBcb1hfDQVwCQxfcYzhwG2	100000
14vYXndpYFqzytsDocFQkYkXqpA4GuRz2A	100000
1KhKvY7SB1YBUZmE6G7X9qDcheWnZQugjE	100000
bc1qp7jsxkf4lk8h9x7ds03dzux9annsgzd8k69f8v	100000
bc1q2rs30lz40hvaavsjdfd88kfzwqx2xnrvqg6zsf	100000
14F6CdkjzTZowEGRwbpDLuJdpFk6VytQQM	100000
1LqU1Wad6G4JNq1ezyMCog1UQWLWEsiFs3	100000
19pFDiuxPGt3yULZJiNGzjDCaxmuvn3wAt	100000
bc1qr4s4jkkd8fv3c98jagpk02vl8p3rzhl5wl0tqr	100000
1PqASYhMuFTZB2RfnQHQYkWvdu5FpT4DyM	100000
153Y5gqUuoKmmk2UrPZsnP3WsbHtyRKc6D	100000
1Kn5VSyJJX96WnzL2NZhDNqBgh31C4r4oK	100000
bc1qkll4wvzm5u5f84xm8klq7tzt5lpkdlhsmkd7h5	100000
1LM5gxm4u8sWt4vQgBtmBLWKqaf3qMthZv	100000
1F4X9drn2gAu3YU2Yx9JFvwMrUT7fPXHKg	100000
1DpGdFow5wwdfFcaUiThQ7oqMJ1mgYWPVh	100000
14EshuyJV78zXFxr7h9KWCdabPGY6icGv7	100000
bc1qupfn7kq7n2ljumsm6843kj9xc9qxmlg6r055qp	100000
bc1qsm2fazqz48m58nnqj96y4je2xnfytqw5kcr5x8	100000
1NpbCvPZbLDm67gKr7eLJG2eQUAVYHVhUQ	100000
18F5e9aoazuW1uvbMEWxao4pxViES5eY6S	100000
3QJC4oCzHNjRmHguXqt3H4z5mMgh75gUhG	100000
15k2uoHUZeDKpSjMaumLpW5p9ZbqHGVQos	100000
bc1qluaf7z0vu3xstnt8huc7sfyqjxfdd5ql66ztrj	100000
13h6zxWUSav7cQc6yLSmWLfY4jYd2S4GXf	100000
3BMEXuNxa6hqm31eMkDCTi4KoTdmc1DMca	100000
19yv3jEzsD64yosNWnvczA35RUCGuaBiYW	100000
bc1q43fdnj8rske25z74m0zvyu7ezuz26l2pjfwdnlpchhj0533ylnpsme28d8	100000
1FYK1Nv9M5SVwhQ5x9XhynkPwZ1u12pd8c	100000
1LB6NxRBa32Y3G3xEhzDiuq47qWRXqPVF3	100000
1KabBSp4AKFxzCuTJ1qiKYQnGVcyCXibR1	100000
bc1qe3vc7lqcyfsdv77qs5t7ka592a3n7psxntp3ck	100000
bc1qelwvazwlr9uy754hhsrj5ge8qj3gjxtdda33sv	100000
bc1qq9r3vn2qg7mq0qst8u4fgs3f7zyqehh3xyzmzf	100000
1EZk48iWMscMWi3eX9s26er9tQsn2Zw6wh	100000
3EKXNx8N8TNBjLtscVG6N8LAQuFxNb6TGn	100000
bc1qfj9qm6y9q9jacduzc3htvp835c9hpk8ua228zu	100000
1DmSLBWCZ5T7gFaTKZXCsb7GSBfSV5nGVo	100000
3BMEXFjjfT6Ad5vKfrxfVzQutVYp2pV2XZ	100000
1fcfUjsXo52YoFeAyGBzVv3LcuPcHP8J4	100000
bc1q3vwpxrkg4uzcxeur3a8uhtax6p5qsvemeaetln	100000
19PShPuYj6GTbxgjbrH34Stu4djBTJkZKV	100000
1615k2PjdLenq1mvvNnq8NXJSXRBUADAcq	100000
18zay9m2BaLf235PYRfbST9uYuwKgALcGG	100000
bc1qg3zsq6m0un22s8m5crnr32z9nu3jrgaavmlchm	100000
1LvdxmBQJACbEQW69LY5VWpMxCnnJgQo5W	100000
1554ac2T1amYBW6hShoRxC4BDnFuHmnHex	100000
1BzD5i5DjXroeYULr3iSRLc7YJ1wzkSSMH	100000
1EAXoLKEVqJMR8uaG6Lt1HwMVd8G8fmqgA	100000
1MEavDd8AGFL9GsYygk6b65uzhJ2s32DMN	100000
1K88WdJ1xSuSqCnJna88BnYAXU1ytbDy9s	100000
bc1qvvvsnsv6m0ps3dv0yka0fjrny2rxgea49r8gcz	100000
1KtXzpmezy2wCaPGhLikJwjrokgVf7Xfzt	100000
1LANgjzLUjcpHDYE4nt1cGygB7dxMJ3Nuk	100000
19yZCw7zq3Wf7ur2hLNp8YnADXdRjRmiDE	100000
bc1q8dtrlt3f7va9jnzwsky0c7j6dr89lwwfe58dyf	100000
16SGjKqQ2fiKwPagDjJZTUH2Fk3nMd8w59	100000
bc1q9uegttcadl3tap6f439hzdq20wd8w07rzcldrj	100000
bc1qpanrxxv4d3h3hqd4nq559hs8ncn0t7mfjycean	100000
1DXEnUW3ua7p8BiPabXWXzQ1otXM2qzrkN	100000
3JrV3hxCMCmTLyoHYyEDZMPa5yXK5DE6YG	100000
18iissqaQ5cHAQ5acj29nVBwcSYktMSGsu	100000
bc1qtqukrask6rk6hz7rwutdncusnsmw30xfy58h5a	100000
3Gj3x2mnX9viUK5bM5wF3MGff8ja8SDrbq	100000
17hT6xzzpW6mqrFqkSUCmM9dduVbZSyD1s	100000
3N9eT55KUnWHwkbePnkJuMdbYryj5vim9K	100000
16X8sAcpDq6EHPmSm3JNQymZh3P3AoFKU9	100000
17Y3pgKE7xGVUh51wGX5vapD3ZSZw7TQDM	100000
bc1q83fjga3lfk5s8lfen0we4nux6yfcsfzasnvrje	100000
bc1qmfyzmgvwk069ap8hju2l6gazpd04nxh2dz97ec	100000
bc1qf555a92e8r0hknhet6837upgcw4kel7ccxgt9q	100000
18ACt43v9Mxx9V3noq5jfxEtVr5XZrLz8E	100000
1QFSvFZRKo9N3pgZP1PL3PEjeghy6zUnSs	100000
3Q4UGrne5TDUyoXVxReMrpvMUjUegA5vYD	100000
1FiNDRJQzHodaSVjdX83wgbuw3yor96ujj	100000
1JdtpvEPCW8aQqLpwLMpQo2QqU7TC6RbjY	100000
183mS3uCaRmWeKcx2JWm62rJiq5PcQpcXw	100000
bc1qk79jeucymw53pahq6lktm4lcch507urjsha3rt	100000
115Haar42ouxhRMRfKNDXB8Krj2BfKxqrg	100000
bc1qsatrr3zwehgqz6hvq0y9ssegch6cakpfmvuw4y	100000
bc1qulze5tj8x8vvwpzhqan8fffmjsuzhe3d2je8mt	100000
1KCyjBauGzkFfyE2yve32TRjYYtRhvQZjS	100000
bc1qkrwtsn2s5a6qtp4t7cyf6phl6z6p09fpm5qw0r	100000
bc1q9p2ajt35tsqwqd88n60zxect3daq0k4y0024es	100000
bc1qsgj4l230724wukd5wq52u3k0k0jcu02zmyq0dp	100000
bc1q679zwgdc5h7hqhnvxhyzycal6r0ujzaravkdpt	100000
12MBEaHQsV5CoZcQwTvvXmPXRVamCq1rQB	100000
bc1qc7t0yyjt7qh76vjfnjj35530f4churzh3l6ppwqr7ryg38uzxk2safr09p	100000
bc1qd3vfpeegaahq76ghd8e8ussshrc8q0jfjm333u	100000
1GkzxQVdhpVaGiEzzvuQKBE2BTWpXc4S18	100000
bc1qaupkf4cp20dltz7548te5tq65rcx4lv9ydg9l3	100000
1BsDaweR24pHCWzzguJtQbkgXTjJgMDGah	100000
1ATXrudL6HC6daRDTCUPJx9nih925krSbW	100000
bc1qhswgv6kjftaqzxqkrvu693y8gjt3kt82rzwjh6	100000
1CFCfcWT2qE6y5ib5tFmsKiyjLmxFUSTFq	100000
1BqR29SJaGMmkHkFjybcinN5m9G65rX5Rd	100000
1JKp6pSsGNyVncGvMHMHef8L3Jipa4tqDe	100000
17u445xqqin9p4LgrvcnPVMHXbWMrg35E4	100000
1CjUdasbTcJVTNZtiwD49DpdcFgFGcRnDA	100000
12KDtBP2PJazH28R4y7e3VN4FfjNhRWHZu	100000
1KnSyYiMjM5bMjW6ryT5uKe6AqMcPEWx93	100000
1Pf2mtNutSaLp558XzrJivQPLL5CZSaonj	100000
17BM7Hw5qN4y4cWZGVo6fL8soUrm8k2eSb	100000
bc1qvau9gapxkcwxn6psutjx357zmtk56jxh4y57fk	100000
1Bx6USPXKTkp8rFBgdYbVJSW1DHoAFUE6u	100000
bc1qcnlk489ntl9g5q05fgwul09wgp4mx8k276rayg	100000
35QULVZppdhxd6edtuKh23TBSNWGGftPXS	100000
bc1qcyh4fft7xtrmfcp8wjav024fca88nc699j2x4fsqx2ncm07fgc3s9w8ajf	100000
1DPkcL84bZEeb4gPVsYGQk5t2YR7nxd2a6	100000
3GaxrBfXTxQCf3TUog7k6S1R7EqEDWMdje	100000
1AX2SYFaqvf9AnpmhGLZR5nH5YpP8mFTye	100000
bc1qsuqtgpweaxw4ekhpayuefm3pauvmq7ewf5xykf	100000
3F8fcR38swBrnT28vh6ws6sk1q2DfrnEoL	100000
16gL5xamK9yYxocVFPXyZ5eGkrLiphRMAq	100000
1NPrv9euAjLJeA8qhdhuhdLHZx2mGa63WJ	100000
121h42gcaLBL8mWuqZK98SuLKidtY779jw	100000
bc1ql7wdzudetqeuslxngswnlzws8nc3yey5tkxyhv	100000
1FHDeWHATzSF5BQDpeczTSuepPqhtDXLkx	100000
bc1qz0cj4992ke9y8uqmn3hrq86gspzhtj7easytx5	100000
bc1q84nx5kf8djrdkhzxed5s9r5k4wy9j4jtez802p	100000
13V5tCieNB5oJUfxzDUKSvbk4Z445YzrZG	100000
16GydLjdvzSWGQwA9m4KVqKnVuAU2YA1W7	100000
bc1q2e4shksyvgkdkk99fg7qrjhq6chx2d6j3mz6fj	100000
1VoJsVNGPNfYF7ztjkQZHQGx4v46xMvr8	100000
14naxG2c92aT27ybT2FX5CmMch1LdBvtUs	100000
1NS2Pwj22B7vMwFefQ1FbcJt6MWLg5rVFa	100000
1PDtf3JNYxuZNSqyPkoGGnSpPYQ1uP4V8h	100000
39PJFAF88wZQyfdBcYfBG4KZ2B6ew7YE12	100000
14zV5Wo7daso787GCEQvgWUWZgQVyfRHRG	100000
bc1q78e4ds4p4jna9y0emj09kwtwahqpc974flp3v5	100000
1C3r13gsXxQurGmqSkCLbT6wsY5BQsNvf2	100000
3NYskcC4rqHwn3ptsWMtM7vj2kH3Hc28E1	100000
31jNo5cn333DdzcwwjfFBT6jUigfqUfJTU	100000
3CDu54JeJWfQR6knznMUxQ3fRMmRRPjpi2	100000
328dYNtg56jrYQmjKo4Rw8gYkSDKpGRx1J	100000
3FwLCSfRzSzfhcD9DbP7CyRptuAR2QQpsP	100000
1NwwXMDRsoCWpcZcQvVrzEYQDDYpMF2w8E	100000
19jWxK3cwBEtnZsV1hZF1Mjr5X89s3sfnF	100000
bc1qg5u0uwshupwvvwkw3ezmnzjymwxage9apfnzls	100000
15cuxQKtcMKkgtE9TWB2E4NmDcpXhMX2P9	100000
1MLr4KoSainF3zDitc2PK5RHP9rHfEhgs3	100000
bc1qjfk7dyuxlqgq4svws5ka06vw6h38w3yjv4rgut	100000
1Lk1rNfVDY1dke4HFezafM7uRiQuEc2WSw	100000
1N4KeyNWZAhSk4t2xeUpLZPRoUswM2BKk4	100000
1Pa38ZFVwmkkpVEhVueV4VRWpcK1mjwDMu	100000
1BoVsiqEVhzXzzHTZ8VxKiXT4MqTJHRvbi	100000
1GiGyMxH7wT9SCWrXup2THzpS1kTqsNVZf	100000
3LFyZVme4qBxLHzTmYw2NG2mxJVgQjGZgE	100000
3C9NoM4Myauu7XTdgsjCRUfnFXEk89iyhR	100000
1CrcPYTdNsS3PULvXSaCbrvMU9kfGAjRMq	100000
bc1qc7edq8peqhfl597jm88fy8glqg7knrt2uae95c	100000
1KqzNJgUTAoxJdepq8JPJJoc7dj6Qc1P9y	100000
1BrAMomUBV33hGXVKfbX6HiaQ2aeu4W6AS	100000
1JHs3vyVLiZGw2PWY3z9svCyMpTFprgwtT	100000
15d197KabEyGJtaetRV6uJbzdYJfzn8Mw1	100000
1KmgJimjBcAddxeDbSHyDZsnQq91YZHiBz	100000
bc1qac6lhlq34z9sxr34yduw0cjcnrp7gg4sr4tjdz	100000
16MTkTPPSR7SpUrLseF6RZsQJuBVgSiuK2	100000
3NKwvVfTJK2BHaDghuG47nXLRqFhsPqJg6	100000
bc1q2p8w2wjmf9xdy8sgd200eqfj8vmmfrak23pqvn	100000
18CCCDb5M883YmM2vsxd1uQSwgJCeYxApR	100000
1DA5zF6X8LUHiHKge5uz3UMMKvijuEWGZV	100000
1P9HRMaSa3D1xPnqwbaUtFAgNHoXVyXxZn	100000
1FSRT1XveC9d3n3yKpXtd47r8u5L1g1Y6c	100000
325wKJtVGNkTceto3K6sxpA5coEezaCXjp	100000
36qvCCETujfSuWErr74HBB5eVLxPr2quxr	100000
14pwJxDy4y9EFzpA5sP4xmFU3hUivtCuhw	100000
3Gy4crF2gsQd1GAGjKYsy3MHy9aiRtsipy	100000
14MamfDCvE5gjnSkFiXi3N1hqDNBkCFRrw	100000
1Q2VQzeLsfWjovb3dBQN5yBGvtWKkXTEPa	100000
1JQN5tm59U2ChXTqdGhViEA1w7mG6iND7J	100000
37QZ6wY6X61caecoLMLXtgMe91aNfKypEc	100000
1HT6aCE8Tj22EzJRCtte6ChTF3iw7VnFHC	100000
bc1qe6x6l65yzsrg5dny9h2hjqfsruuemaaedz9962	100000
1KNUWXHijPbwQLEpttDSZFdMRC6DAgZynn	100000
12i83ktRXBMRKEFtJ6EkWBTpQo37jbJEzn	100000
1CoNbH9YorabipRSB3tjAD9fTri325RxJ7	100000
bc1qvk586e8cczv75lksp03j9yz9xq90ntwv3gf53pvkl95fsqh98g8sa3klyt	100000
1EaiBXbMBtM5GSwtXtTeNGDXEoqJKsk8gE	100000
14h1eKyJEiev6cq2YKpsc7KmvS1qpukNun	100000
17xnQenKAYY3AAxruLfKDk1cGkKiAaoCj9	100000
bc1q70xfzyvrn907c8rq7eqdy6rj3r3k28y6z8wjg3	100000
