3Dh15neGPLF82yc7GTWnQwVdJbQGG7CPRw,1132950,83a0cec4cee7ec0b24ec8d59bc3dd278589eef33
15DiCjKtbrER7NFvZ1Er53MqC7b57Smhso,1132950,2e47e3797584a6792a13d55b7be176b22c6f7dd7
12gDPgb3Npt9eJUZ3JJZ1XTQSZRc6LF9G5,1132950,1262b11cbc0f2e03e780df2cdb8b0ea66a4a54f1
3Nwi9ThB5GcVwMq2GH7WTmjfr816Yd29ju,1132949,e9220a890507ca069473d118affb8e2c4a573e31
1HUefKZJewKCpgWtmQnVPH65Djt9Ebmik5,1132948,b4bcae5a8203d1156531a6d8a002c110dd86c047
3PXVyJxqWUpr9b3N1J9mGXqN7gpu4xN3qY,1132946,ef86054a8763b49c67580bd30908f76a61fdfb91
36Wm8vRMjTbu99g5cU2C5zDh4XLvzJjvKx,1132946,34e82046e5eebb06b19b9439c14d4f8a5a82466e
32n1HUPRiagEFi5BVngyM2M3oQQz5JshHF,1132942,0be9ac0be375e9efb35bd4c2a61a31233ea13e08
bc1qzppqfeccp9ugg3g7rtuf59666fzzh73x82p3d4,1132942,20641da98f3f3c67ccb351722832107e62366090b2148cd90a64
12T9F1VwGXRS6x7GKXSgujzt4op3P2RpZH,1132942,0fe9d20a64ba63062eb76a98be89a193d2fd9f11
1AugmWSnn9RKDbRhtGaMQDqY5VcQafWqHg,1132940,6caff54c833a569fb2f67036bf31ff97121aaa84
1GhWjLugg5wPkom4XacG74RZojbx5TLjwp,1132940,ac3357b68bbd4ce6d1467e06aa9cc17aa437d571
3GmfJ6Awu5RFHZuh7gebmsYvPZpnv2E8MF,1132940,a56abf2affb9f4702c9e89592aaeba9f1c54a934
14XxyeXpQZBX8hqYa8Vi3uzL8vGVovN56q,1132940,26c3954b3d47163f0a3ef4e596e3b010e187bff0
1JFZmouFKU961micZar7DG8dNq2PYmxr5T,1132939,bd3b51a680cc80902735d6c0689583e0365b5bf1
3AgkY3X552g1WD3UCm31YaPbb54bM6YB3B,1132939,62ac496fdae56911b8a1041b7c537354048758de
3BMEXUVQY3dSbYqXEDjMy9KqvPsP1jrtuo,1132938,69f3755c325a2586a60c27ca0830a69cac1aae59
3FtQmzohyNcRFmkRNemFZDzcKSVoCPAJvo,1132937,9bb969b954ed182ae25274bc751108995015bf2a
1LuQHcAogCcUzt9qSbvGzGAQE4UXNXFuZd,1132936,da537555f78f8666d92798ee8ec3cd5f38e14cc7
1LUrRi6hxeyVtEMDmUNkUvtCFADEVoJ1eo,1132935,d5aee12e7d9b201633c5b21bc4ae528a594cd868
1HcPjKipqVApxthzbdPRWun9M7CuSKzmy8,1132935,b6338b855c55cb65d59018148c3f70fb7b4a6810
3MyfvSMGPg8tBqgZrVVUqKS1TrL1Rx77Xj,1132931,de88e3ed82f7d6c4065f3f412d264ff907214060
14G4gXefdsNkP7zZrZEka5QNkWDyiAequh,1132931,23c1b0a13d1d92bc36afbea6ea5865946b018dc1
1J9Jp45uwTvREE6Nj43c9jbPmymmY1Wcqv,1132931,bc0c55884eaab94519dc4e5b8287bf5413ad0baf
1BpU4h4YfyQEfe6fJ12CL3VUPognGXPwMA,1132928,76ab664dd1be1281b8db17335879df7456ead234
1H46MaCE1txCk9i5VrYYGcTzxtzi8Yxwto,1132928,b017baf4f0880944df83d85eecfa2ad43521020d
1A5N84AojWorG3QP3c4yVm51GDTQkdZRPV,1132927,638c6d66e69abe9cec5dab3993a6235fb8db97ea
31uqAcQRmbXPNAzZM3Mh89uv1CACtGDywq,1132927,026c6d792ab68c9f1c677350bc32b420c4ff789d
16Szg6m3jqQdS8w6KU25e4LsEuhXSamH1e,1132926,3bc32c01992344df4fe7069c300e1912390aecf1
1BSskUQgjYsB7tgmfsbwQCzPWLchGsyzoH,1132925,7296053c7b266ff64e725a7146fae198227de055
34VFSs1AR9UYXUG7Nk4Pwau3L4F9db4tnf,1132924,1eaeac8d2181f284e52b85610526361d219fa30f
1PXorHAjoGjnhfyBPehcobs12r8thxtvPw,1132924,f7265aacf413c5b15cf856aa35287933ecc5dc9f
1LyH7LUFCyWH5RLPDqJVsgPaknccHvro5B,1132923,db0f218d78e087af068dc2d872fae36d2bc459d3
3KZx6RpqzvZhu5EY5L3SEiWtQAffqLBHrJ,1132923,c41c27d647eeee6a4d72a0fd2e8b657280734e8d
3BMEXHRRunc8wFrgT2T98u1mghco7nLJCK,1132922,69f374a832087531979ec86fa711c41e590e7788
1LE6KhY4UhD6muYzHGU4Bc2AhYk37rQLTV,1132921,d2e43d84b71bc1a0e07249e8cad93278d97302d3
3HBNYtr8ZNr2fYBSB7nJsbcuLezEMLcjhw,1132920,a9e6c08494fc97ba10b55834722b720212d9bf40
115HxTF3RzhYst987dJPZdAV2u2FvJbgGg,1132919,00cfd16cda34e7c023cac300bf842391f957d110
18VMP5RKBD43idgeXqbemLLotNiUgdNVxH,1132917,52258a5168d3352918538c08f16717ede5e6c923
38UYoXFJcfyLMz2M2Us8GyGxUgy9DrhoUF,1132917,4a6d3fda4c7823fd2e6540cb814e6e20140d8ecf
3BMEXXsNbkYoa8pbyL3a1SiitAe2R511Au,1132917,69f37593249c3deb2b032316d4847fdc53afad9d
17kQwedb5ypZ7kGvXcj8M7xvQv8p484dRW,1132916,4a06a084521ee502f6809870fdc39319358bbd67
1J7dsCfrzQS7LegupPEGYRmVd6DbsGmbqm,1132916,bbbb686be57f658ca993b0fd9a6579258b247bbe
1JrFMUmgQ4Xv5dLjrdX4AhywXNroQqbKAB,1132916,c3ca807618544026c4836030ccb0b3a997953a28
3PY1ipbiyCAffg78qvYhx8TuWnN7yvUcoe,1132915,ef9edad9217b936ea944de829aa278e70a9abf0b
37Nu1WYJkS846rBnBq5RtFBDeYcg8BArgH,1132915,3e637edd309b968fc4a506dbe9dfad0f47a0c03d
3JzwWUCyuHGzhbQp5WbvLyntRmuZFueAPv,1132914,bdddf0abffb3aa629e96b3410550b3e618c21c15
3BMEXxM2m1JAfXokxn3vAqZUhkbocciTkL,1132913,69f3772132055ba0417be71f22186ff9c73f4c5f
1MR3uCDqcd2vJEdchAgCnQo6GHLpBg9wtu,1132913,dfeeeb61e70b6c33a3c6a5258eca8968bc1a51e1
153E6R5pyed9FZqq3hBEwPntzx1pErmWaQ,1132912,2c4c43cd391df638f47120d8cf47801472ec956a
146KQThYz1AB1UhpkFVr3n3SmvbnaViXdg,1132912,21e9d2093e7323b1bc418a7469877c429534f035
16K8BSkauZ76C2FZRKwzq8cZ15SQdJDwWg,1132911,3a461c1f2cdc714cf4761bddc8cd10364b792abe
3AdDMEPgWQ7AcFUWbRfHNH3awQF7hUJvb3,1132911,6201018036e80d406eba7a1a3b26f744dea78a4f
1PCNfG5SH6Tdiqviv1FUjpZBGVAdBXu5vc,1132911,f3796c6363080e3c77dc8efecc88ddcc92f50ec7
15kCriAe6exJqsCTtMmi5Lo55R4GZ7L4Xu,1132911,340c498a9d75f68633bc85488a284329a041ee3e
3M2qhQtNfPfQ9vh69vPQhyESKKD7fABgps,1132910,d42a2c2ce40805872ad2f534cbb5826a3bd71cbf
1ApYz1ViduRfta5K6sYXMmp9Qp22XCtKwh,1132910,6bb76157a1001f7c518cf2c178eca52120d585b1
3BMEX6iY3FLSQxWWJuE4jRPDgwp1ekqpM8,1132909,69f373fa1af3f04c0531c4abefc3bf5d23ab30f3
1PGdzpbC4i3CnwgKdMo9JhuesshTmEPED6,1132909,f447e3dfa3def3841086ad3165eb928eb66f53e0
1BXy86vptL83hR1GRwSbta51DUwJi34tms,1132908,738c95d9d2e5291e24e107884cae3d72a8bd91cb
3MBRS8zN7gCeo7NFdJpWCaZoy6VVqDQwdG,1132908,d5c9a985966e232fff1d542c3ea3b2d945eef3b4
17znFLjNya7tNorLjR9DL52E8W8vgz2AgG,1132907,4cbe3c2a6bd57690fed066633bbd577cf6f2d4aa
1PjiL4vVrR8oDKGNKtLdVvukEb3uxtJYTU,1132907,f966bcb56abcfadfe379a8aa25619836dcc0bc0e
1CLhyqEg8xZtwV1TRMsz3sFXhwhsmdytDR,1132906,7c637ec29665ada48a59c05d641c2f40815bcdb3
1NZEfk3DNVuYYNXj9EjUeg1yJSSseS4GyH,1132906,ec735c97122eb9448b8e65fd8997974274e29494
3Av4DBa6MoQrQsF6S5wYN8gP47W9fLj9x7,1132905,653072d455fd42fa25db93d294a08c2df154487a
154G9UGYFHzuCbFDfn4VK7mSXqJf5CSSZW,1132905,2c7e64f089b0b162902556821e018c9f55ae871a
1NEM6XtAmAHJBUujTTssEUKEsP2KHZzbgP,1132905,e8e0d2e114ddc33b247b314299147bf6f9c1dc07
19P28RrMVS6tYp4eHt7uYnAQ3iHTGgiHYC,1132904,5beb195eabc7dd63769e53ef3e77c8dd71a1def6
1Q4cn2swtfQS9xNXg11eCgZWS4zj1CkU3r,1132904,fcfa016ca59867b8ace6d56b406edb0d155de6ac
32ChRWQx6pjN2UC5iQ2HdfnMTHW6oL76cf,1132904,059d090a762f9403bd10f1f358beffa414018fab
1F5eShAM2RS2rsNGibQk55HHNXSaeLKVzt,1132904,9a72ae3e69f4ece3f2301c974df12f2dcf4e06c3
3CBxujmZp4iJVCLuBYAKu4zCQUBpawxqrd,1132903,732ace0b6f45b8eaa0a13573a7e0b47e0fe7ab1f
1LFT2dQoxr3g295YVHhebsMQhsb7s5QmTb,1132903,d325f0c409559452ecc115df69d22c2243931095
1AkojtYcyJanUGX3cuR6pLztpC5AE6DrRS,1132902,6b0208d81ed8839dcea158c82fc6470c877ab802
1Ah3tuSgPZ1AWq1knf5FNHYj9ZYZ4zwcvF,1132901,6a4c2fe391b80ad25d36c78883a583b425a4fa4c
35NbBT7mdCUJYnGvJZmT6Bg9LTrUSix1Wo,1132901,28645c866bb3a8fe490d3326001f41cc590e9b75
3BMEXeP7a1tbimfQFdFhkB1dRiWBd17fos,1132900,69f375fd0e6a1787c1d1665287626ea52617fcdb
19qN67xDaNzBYyUaUnQxRnr8nAPnGrNjv,1132900,01abb318208fccbc59c430e1e8efff2019dea6ab
17L86UGwsTpK6Av2gbJfFRFYcS6JoZvoH3,1132900,456e947bb18278d3842dcabccb84c79ce70d54fe
1GVMrzWHf87ookpuQfp4WZ2eZkpvNxmsor,1132900,a9e6f2c68c18c55050e8bcf73230692838722b5e
3BMEXtdJa1inhonFXqbYHtEkoMMUFsFwTK,1132900,69f376e4b55b31418b2ba66f93c510db0f9b99d9
1NLaLwYVquxGYMe2C5zXEezMnxdX7FErsE,1132900,ea0e60f4d4a90070178ba71b5a513664c1a92761
1JMYSLuYZTcapdrk581kEvoicTuhe61xmu,1132899,be5cb32679ae2e42649600e71e76d46107867e44
1GuZuonjPLxkHkMQWjoxLCzykk6wRS2Pj1,1132898,ae7afd31a01caf83fd7b88cd715f36fa3e43c32e
1Pnms6qJKEtRbr9feTN3sAtqKFVpr2HbD5,1132898,f9faef99c794e079384f9563e7485fc3de1ee63c
3PuEesAcZshtFXQmkit5QCYCxqcknrZ1yF,1132897,f3a2628efb2f31fec789f76cd6a2fa557f31e5b8
1L42kH5Vgn5gbuvhprUHsgGuh5cjQ1ucEP,1132896,d0fd186beedae6e6b5d2f868f7b48c4d93d2e592
1JeK5WswFtyHGJnaGcQHaNAu7EGX1Avdss,1132894,c1889e9a001cc350a5ac86f4ae68b920bbc936e8
1KHhJWBEgEyG7v2L4JBK2RaongBUWK31RP,1132891,c89a8fcd3e6011a281f02781fd252ec1a9302e3a
1LFG1BCyHkptJtTPx1duatKofWoh942e7,1132891,03a3ce49e11a809d5b515f5c4430dd63443456c3
13X2xV1Uf9A4DKHHF288UcmHn7CnKRHct2,1132891,1b9e5d1c1b031fb5c3bfb18e6ffc1bdcac2478b9
13ejdDrLBpz1H4oBowSn9EpJttAQpTjEwp,1132890,1d13392a5b9112a053de9c5e52a9aa03f53cf789
1FqP6CPk2S1cHosboNdPMoqsEDNxEzT9oj,1132888,a2b82aa679b2fea5d40316a63915786afd3f964d
1EykQUkCPEKufiEjpz8xxdjuaMafHEdsRu,1132888,9955295b697d18f884acff01a1d2da1cc3bd1723
18541ZAEeyBLTGECpX6CiQwgP4MgMXcFJG,1132887,4d8d0e7c86be4a107fc133205877ca119ba18bb7
34Mh9w3VV28KyvRdvXVjBE4BhYwbk9ZL2B,1132885,1d40ce6e7ac842cf6e29c5ecaba6035b8bb3826f
1woe2JYPk8cjVLQcPp8vny6o4rkDRheBV,1132885,0a5d64c5db9496b8fee4376239e981d39e1c096e
1CKXT46fkFP4eBxHsU5hu9X7xiRarcnwHj,1132883,7c2a49e4846589e0e0d27bfa5023a19e55b38be2
1ErKGHTZh1VCyRZzB63RzPLjcjeBwV3cXe,1132881,97ed434f5cfcd226fe4570a9b0b52e48d2768550
19JqMM6SN7BZ4rsvRdHpUNjJB1ipfyLPTo,1132880,5b20705797518df603ba39a82613301517acc019
13awsshoXjBGQeKhmVEW3znir42Z6iDUDh,1132880,1c5bc9957d14385ea219a3d5e3ef7de478517ccd
1CyZT16YWvZZEU7tDnzbrCESKspT77JNhs,1132880,835bc39305140d2b6b7d6ac1a02d54cc2edcf0dd
34FnBVyobfhBo5aQJirmfWgyGYMNkBWcQp,1132880,1c2281c7fb4c95b80dffa5427c82b5ffeba1f305
3NSad7timW6CsKib4nJykVeKJRXgiUcRkU,1132879,e39fb2c1dfc058c9ca43a2f646400879c29c25b8
32YVAUnh8i4edrPaJPFq1Dg5HiBn5NZ1We,1132879,095b1f04cfe28ccd51a7cd666e8855befb761b31
1PwoLBF8uW74NMcMKcYNX2jLSHKfik86En,1132879,fbafe76f5e426df91ffcd10a78544619a4423a60
3BMEXCvwzNgJvgyima8zyNX9xpkjnuwVvU,1132878,69f3745f28fa80bb27113f6c97ddf80bba03f565
3KSXkz4E5mTSTZdnb69YtrGAzRo79NCUi9,1132877,c2b4ee0a004bc2c0d925da107c0fa72acf3d61a7
3BMqptC8jy9KMqXDUf6jmmmKRH8SdjLbJj,1132877,6a10eceecbb149366054b5b3ae4e1a604a40981e
1PfoFD3Rnhq5dpLHt1g1VSbjZnwCsWfqLe,1132877,f8a92d58f758599340cc1e9c749a9d055aa2afb6
3BMEX4zh23ha4E2bY8s96kHQHcxuDwwohP,1132876,69f373de1c2e380708c5ae94262047090695538e
1MGtoyyjWT6kRxvUnZ2QD2eYs8cZYRJgaC,1132876,de640102a6478a545c739355ff2d1cc5db0486bc
1Me3PqPP6gL7EucKDbCe4WwsseUSKKvFkH,1132875,e263e787da490be3b86e1d04cb06eb76d9d48b06
17CB8v8Vin59m4uCr8T61jzcQ4XGe79fWF,1132872,43edcab2e71f7bb16ac7879196067bfc70f24118
1CY5htK5nFVUDjWjkFwkiREhth81GV7ivC,1132872,7e8a34b5a62b0aabae5415387d34655c0a7bfe2e
1EMi7qsZAbzQrrQ8wnc5dTwjfgKq9HrWiF,1132872,92844729e1f2fdc5f9907263909789e2c00edc51
1GQzUfyFHUhp93YeAJQKk6vqtLHSosTC1T,1132871,a9136eefc36f2dae94287d3763fb6cc471e3181a
3CAk6NXiXWet4MGJ2xw1HcaMq7RLSYsvHa,1132870,72efb0a9e7fbfc7948355a47ce35756ca6241ed2
3E8EZERvXsh8tPKgS2tSmJWK8rFwX5VLyb,1132870,8866741df29f8dd300491d2d5edd1ac96ea897d8
13cvvuiaGop19NcvP5BDfiGVgobKkutJV1,1132869,1cbbd40a21df454882358afd995dbac2d91126c9
18BaWcyR6Ed5sT3vJK5wwg6qp5fJCj6XBe,1132869,4ec9036fa7d892980caae4bd9599137211d92166
1GWL9WgkJ2d7NuJ5K1zNpiCcL13jN6mo7b,1132868,aa15eebbee4a3368e36c8b697057018685f24f41
3Q92gtdZNPukJBFBMpQZsbViQWixZjURRz,1132868,f63e387377eac9849cd839ec8d594539077dccee
bc1q8zu77ycz6esyr6k4tkk77u8m3exq9fuqg3w7x7,1132866,2063ca23355665694f183a650fb26f89f794b762bd7a5d98b79f
3L8CrB2MQRZ3AWKbqkjrAHrutGeTUc2Gbs,1132865,ca35c85812556402306f992969022e2d8b33d5f6
1PFwwHmrC3MVggsomXkf358sSHuaCZ2DrP,1132865,f42672f0ecf7d8392fbc59b2e31c1e074488f68e
19vEDG7VsqaeAcZ969m4oVTcFp2nSCSomA,1132865,61d2149f6352eeec239690b0f92896312cff8e9b
1Mj1o7jHNHaHrko2rneDVN6uB8Srn8EnNB,1132865,e354a658a13fb0994492f7b3a80bc47c90c34c10
336UJFeUPAPbK7bSjBeYVdCp8NXgvGNnTT,1132865,0f67b5853f838ffaa8a16a2f8e2f7a73f0f84ec6
1DWTm1bCCd46NbiPPdhmXqpgikLRcn8A6L,1132864,8933e8cf6ee935250fa031e2b60dc7d646793b4b
35BmWy9qb86S5gtSU1HedQ7USPvVw33vAL,1132864,26586a11d1ead43086f268d6b0c7bf6b63080e8c
3GWPQDNvooVoetcuLBX8w9h6gz4Au9Wdq9,1132864,a2873d454443becd94b3920a08047183249d50e4
1AgVPQrjMzYc89HvMz814zzsrTyqLyyXAb,1132864,6a310ce30674785defb630137028799cfe0e2ed8
3N7v1oA7upaMQwYvJoqDQzZWKv1k5YhcUR,1132863,e017fb5588f0acdfa36425b73696cd10fc66bfb0
3FpYEy7knz2QPSy7oHEGJd4UTaxFuqvoSg,1132863,9afdfb09c69c5c7db44b9d3d5a5b7d8f6bd04697
1FfB7bamk5y4SvgRtgVepKiTZ8QYHrqu1z,1132862,a0ca0291baf29c6f1fa572dfa58fe739f4fc9dd3
1LvHHgi7C9F65M12BxQrG7WnfQFJGA9xJX,1132861,da7e0839616bfcbff91c3da433a081e11e58b775
3DhrGvnsciKVtnxWJh76fjrtoWDpAhfaMm,1132860,83c9df04ebb348ca4a83e0749e3a433aa800d21c
3BMEXQkVr3qG5NJgx6VLWRAKdCaVfb8VpP,1132860,69f3751f60e9ff2e3fdc200a1415a55cdd1d452a
3MATmZyQrCXCPBqyZpssu5c3wnxWJA7PEs,1132859,d59b3205f6b578ad40a2f4e18dc382a2db01ebc0
1NkXEF8BdEK6rB5wUymT2NbGDn33mg9Aff,1132859,ee95c2db6f30815d7495fe18f37aa0570131b17e
3JpBZx7i7dzzfHR39gfcRoFfd7Qd3WbBpY,1132858,bbd519ec1a7c653256f03ed89e05d2dd2871448a
1ES1r7buC2Ay39X1Y13ZfBRUh6kbgqtQtu,1132857,9354bdb8a2e016c8fe5368988bef224ccb47dfe5
15hXuCtfRjrhp3QVsMJ5vGtavLzBAxokKh,1132857,338aef8a0673044d1174188d4a7927dc8eecb929
1NWJ9tot2xAU6Q4S9NszgLaPtQSZB2YK2Y,1132856,ebe505f280803b51820c86af22b0a082cf35c6d9
32k63oCgzQxF6AbiffmJqHDNmcYTDrb2NL,1132856,0b8cd12d580c4e856bd4b4eb7be05f2d67c2dca7
3BMEXoxRREfwv25xcJMhBqdDWP3W7FyWRc,1132855,69f37698c1c39874218e106445e52f8cf946b629
38DbSRgjFHdC3Tkyu7BZDc3PzQmgL996iN,1132852,479935ed4589d316eea6a244c4b02026f72fd94f
1k6MFoWtxQrYWrKgYeVs6PDGgSkKox11d,1132852,08265a06df241aa3e4db979fe8433f0c477626d2
37qjzqvcoYMJjfTMPCSYpZKUEqWDX2BjR1,1132851,43773441abda43ab5b77c6ac0807d5b119e719a3
1JyPHvSQMgErg9pEL8w5CJZLhCz5jfdEed,1132851,c5240a57859425315572d4e23123724ef6f5076f
1uFw9siaTdZWQWG8gxX1wjQMAvP5W3X3H,1132851,09e218947200af09f9e9f96eb6716645a9bba7ad
3NqPhMR9GWuXmWEGDdatJcTSFf431NRcjL,1132850,e7f024dbddfab2f73eea4dee01deeca04d1ae381
3BMEXBm1t7wEXpeuamDtxL9sbmyzs3KaLY,1132849,69f3744c1cd56b17ffcf38d0fd351f8155ee244f
1NxFtNdTK9eC5x652JJq4r3BeC597J7Lp6,1132849,f0cdf2024b6adf12c180b3ce5c24df1b350b3f95
1M9gB7ok1ZaozeyzTLs7KJBnr1cmvRXy1Y,1132849,dd068b672bb3ba74e10f56b968bed720bad6a5c3
1BbTw2tkjBuVTMAxFmAeCnU1thFga7rdKY,1132848,7435e1c46fc07a150dba9d47d3f86e68d5b69e76
1PC2wthnaALpqQxznEEUtjiqSaEKFQFuQS,1132848,f368f7b492765b6944703686090f3ab05d52ed26
19BpAqMMQbjJYb4tgEwWkmpX54Z2GuR1Zn,1132848,59cc8a81b613fd6f773d27947bd1dfab1abacc92
17gv5LZUeCPM6SPikR71H4A5YLFjwRuUN4,1132848,495d48248b85ffab220f0b0597cf79e3cdc00f68
1LJ6GvWkQVTWvA7NKY2wjCdJN1Hk2kYcyg,1132847,d3a5dd3bfd396a99cf20a0526d492d5742bcae5e
1dYk3c1ZgP3wcPsU7gQPT1nh1uWC6CB5g,1132847,06e978bd5f39b50c6d65331240b315b568856de4
1KTJ5dLL81ZgpMWtGgK78czKTvKGo1CSPs,1132846,ca6b562a74051f9daa0a028857341926e18e958a
168FJiQpFzMpvetH6vCaFJwYHcjQKbrfdX,1132846,38377b720eb01716fb12c53bb1aa6739a97103cd
3BMEXQxuKXRaXGXCXD1tPsjQXPLdrFBbmW,1132844,69f37522db4f7dd3ea424ce26e21c2c76fadd826
13ywkWNuWZ7LzR6bMUVmabupbaxzJPZ4Ri,1132843,20b53f9effcfbc34c8d0cbd9cca8dbf175b98f51
3BMEXjqAv7B7d2ZjVybBpa6dvJAgYMVLmv,1132843,69f37655acabfe5a6244e134c2e7114c3fd12309
1BqRXJZ76vfAE6JDQscMjaHX48XiU44g3k,1132842,76d9b1bf14cfa488dc9bee767f6c51b22487c942
153zf5KTEGdbLrn5u2T5hQWDNNr8gqzY8C,1132842,2c7176d8b90c531d1f9037bc908584ad4751aeca
3BMEXEETfvYL42NhQEGYH4JabekxprV67x,1132841,69f3747455201d39465774814a5651ee6806574c
1HrNbVm5TzX89ydTaUW366EMhAv4gFExMN,1132841,b8d86bcac5bd92ec85d5431cff34f1a986d13d1f
36b4Gw7BPG4AHd9YMzWRjjyN78kA2npCRf,1132840,35b8189b909214497dd8c6208efedb31b7637cce
3BMEXagHPJfwxgK3uayC7JmpJigtnn5VLt,1132840,69f375c0d21bf33d6d9a724a84b3eab9c5797e1a
1NYbSQcGeqZxVMzVyfNLKLBgSBA3gsGjc6,1132839,ec5448a16d6ca0ec7761fab584616f866413d89f
1BzHEczvwPo7ozYApr6cv163JSe6Sqx2Ff,1132838,78868512fcd49699065e9594e47c114ab9157248
18AL55jBiwpj3m9uTRicewBe52fmuWBdq2,1132838,4e8c8b14d13aaa0e061ae8ed9fddaca6458d6395
1K3AQvBtGsDwGRozKZTrQw4wksH3817AiX,1132838,c5daf3fccca9c55fe40c74cf60f6ad1b1433b82b
3BMEXZiecpcVo2ec5GH75zNHnEzkSUKExz,1132837,69f375b138c55e83c86a10fe91b4cfca6d78422e
1Lq53LE7gWNUf5y9tNMpjjdVzbQX2jaq1W,1132837,d981ba887c93b347a49e4e48091d1640ab720ce4
3KkQZRart2R8KT8vma22cCEn9du7xKyJVg,1132836,c616685021b31eb8d18468659a2de43bbdd9d0ed
18MNXhWub97axvpUo8jYDGSaMfm4HhbXgy,1132836,50a32be5193fd30002becc50b8d340149d9048cb
3QeaePf8sKmXHwMbHqWV1vZ76rzj1GnJNh,1132835,fbd4f5ade023744a2f52230595724f641a76ed5e
39B7Z7BUXENDgx48fG8wsLZ9wvq7mCYZZF,1132834,52193a39c334277e55f07a2e602994ac0bd6a9e2
35HGNEFHvkiKnGasWhyVQhMJZEBJfSxTZ1,1132834,2762938ae8ebcc25c45281713159a13d97eb479f
32xLZDTcPkrDE83LPo5G5LEKXBVDw7G2rv,1132833,0dddeb2c9ad4851b0fd28b254b62aa920719ca62
386d9gys4X8F2gtMyTHjQpFUvd8caoFvUg,1132830,4647ba41620a29e4d1106ab4d4f5df4fe84b745a
19ZwW5dpFtSUuvWzpEG3zZgV3B5ofZRyii,1132830,5dfbd0006ccb625d8ef819c127ed50ff48cce3d3
bc1q63fqqpp4zr7qqctpcmw3k74hjnatqsjuzv3gdq,1132830,2063c5304cd0ad0da9b93e934729ad06e11bd804662436572ffd
3P1t3cEo2opuebxo4UVDehcrheXjdBzqd8,1132829,e9ebf7e589467fac813a889515a4ba937e431d1f
1HxwTcgwZQ8NFm9ZwmH68pjCFNB5Bh5BVa,1132829,ba1659b58e56494072a8375791a750e1f0528da0
1DbZTMyEuMTcUa3TirmBtXx1zPhWzbWYLi,1132828,8a2abe6777c5f95277f2b7fe992b8b8906870f00
1LcZKMTwo3Nw4FvZ8XLU5HLXpqgUCLXV7k,1132828,d723ecc988ae67a1370ca8b8885ce51e186d6f7d
1GFwi9UFmNu4qaPRnbghHyy5iDc2D9PNBM,1132828,a75d611c7ce74212d9d5ef02705ca89bcc73928c
16PBUUt6cP211AALJJWeoZxvV43wB2FUFk,1132827,3b0a85ee823d76f5cca2b9d903a3c3fca41fab03
18q4DHhDEKB68opWU9zcNzkrzXNFMJmb9Y,1132826,55df871c667eeccb19acf573a56d28411245cc7f
1HpevJxhWPxJtnfswm56fjf5tDyZ3qk9st,1132825,b885374e8671d34918b36a3577a3a0307d4cadbb
38AjJR186t7eThEoSJAua2ueZVsRxcjWrN,1132825,470e86889505537aa046c54afca0700c3ab21beb
1LyHWE7oK2epD22jQWPnKC1jMsW9wZsaaa,1132825,db0f75e433420c12de783357cddd1077e650bf56
17r1EheTg2FBaebL3xnCQKcShrVtAS9wxQ,1132824,4b155582288356801752d2dd160a9878d55d4ec9
1q1ChbS2KoAxA3F8p439Z6PCBPENuxJ4r,1132824,09142272349e740edd940380d2a7149584fd30da
15vun8shx3TMkfZxzQDN1ZnNhj4KyjWQ4m,1132824,36129b2ba8f4fe5d89f553c1e1846571fd0637ce
34pwtrysnnBfAbBiD4dxhZuuuC5TgEdKPf,1132824,2268578156a47a747ccecd4c56714eb54be578a5
34JcMHwcwXdtDMhMoDDFdUj5qee7jawLE9,1132823,1cab8c56d8f1bed3b3ffeab6ad71499b80e53da6
125L2mPCkLdgXLLFGS6nTFdfGXZCNXUeb4,1132823,0bc9ace980241d0790c7e49960239775baa4e217
18EM54ujLxMdeG4nSEwYAz4EzruPkJ3srW,1132822,4f4f0aac18c1c15a81967eed4d3e93af67e901a3
35Ru7LGfg6p8QPvJDdAbA62E8uYL4BHVFj,1132822,290493602dbab3ff7d0c500b8b50c3050e93b144
125jhcdndWHUvg4EiiXdHywXk5R9ca8w5W,1132821,0bdd6f1ad0c6cf1f26387c150795a803afc14ddc
3KwXzbwX7LDym91hftoe3BhQ6oPfsw7F5t,1132820,c8313051188b74ae69fc7cd26dc7c3b586b904b7
18zEZMZUPyBVSKYravGGjWwZUhFutmu8mH,1132820,579be866e20e149c3dadcaee6e6a98f78cf6e7a0
1Q4YTqthoShWqkK8rKEeDNgGe1ob9woabM,1132820,fcf6679d3dad5dd9c2a2932386142ad15be29559
3HV1A4DZBB4inXx5A52LdwchhdtasX6jXP,1132819,ad3c6176c128166259c116a7238815720565feb6
38cEs94VBDR4K4i29nuw2AgkMfQqduM26V,1132819,4be19a819537a9a0c461cdb2d3c19a271003aade
3GQhuaTvRzw46C1YrwvA8wpdrFA9ikU4Jg,1132819,a174311b4158b1242a151912ba48632d9997e862
1LGHS3KabaXrEZ754QjJ4UuDKRKXhZiV6Z,1132818,d34e5888658b07cc91b0a311776e3de4bd4f674d
3BMEX3TPT5qpJ6DxRXSkw7t7VcyKkukmpr,1132818,69f373c5121efefbc6dce39e7944dc8536d2e202
1C5RQSstykzMyitKpL2hHo5Ckg5zWywgRX,1132817,797f6b4a85ae7d341792b067b607f721e4ebeecc
1FJd2hiGrhvEmVYTo6S2jxGFc5aZtV4dbF,1132817,9ce6e8798c385c145a1d7f2f7eb6e04c9995a803
1JKaFZAtXEdYnjveo1PVVJ3TXvxG6mpPMX,1132816,bdfd61d2f8577419a711d47f501c48e2a101c4a9
1HRXTfiH17mXvRpq1AUCgGaoR2PskVjX8T,1132815,b4256c135819a994001c776e7d2f5797b7aa6515
3A17BWYoE1csmz71sHCsNaU3RNV6nrbUJX,1132815,5b2ce1fd9b6ef60fd5d8ac930dbbca60e2f7e979
3854SCZLvQzYD7mQRV2m67bo7exuRREedk,1132814,45fc00906240e75a3f744d0a943f4aa9855b23bb
3KaeouUBpnC6THJB8rae4s4CrZS8ixY6bV,1132814,c43e2493b931a43cdcdf84b4dd373b8ea58d808d
3FfSMdTfNn6thopTVFGeTLBR11gJpp6zHR,1132814,99455304357480a30188a45cbb3d108e867ecd8d
3DXHogkmHTx9aewig9o8RYRJV1JXfyG1XN,1132813,81ca9b72b27f1590cc6288fddd25c6818b360ea8
1PuqrY7TQkSvHqdFAT8bTSy7mTf4nxwBLP,1132813,fb512db7be9fdec7d321340e837131ebde80a412
1JH6f2EumHL11ujtxpVNZhkz1TSYU9Tw3t,1132813,bd8583c4bc62386ec04a8fa47dc2a32244e464b9
3BMEXFuNw9nmNzWeG94hKB5y2LDamC7wDx,1132812,69f3748f81cf924b6f7a6118e5979a57de80e5bc
15Hjokeda2SH5mwqWuR6eArJ8rJxbTcuaK,1132812,2f0ae428394197040728552cc1a7baeedfbb5cb2
1J14UNEPjykEkseDGjy433gJxSoztNMCSn,1132811,ba7d09557c57f9124359b8e28b626e66dc6dbb51
13Zk4nuirjijvYJDJYt5VRQgSRL4hjPWLN,1132811,1c2182f214e1183aceda2a0541a6982cc4d8ecba
1EdoeY6W5gvFd13pHUNdLPQr513MJ6HZJX,1132810,958f8c859d4ca358a659986add82b2accb24f7f8
3N2mjzrCWFusXeMhFhsFFeHs6VX5VdSEYD,1132810,df1eff1c36f3b8c16cd70470c79e3687267e0882
1MVkFtsTuG8uZtevP3zKjjR398rgJFar8o,1132809,e0d24585201eedfeeaeeed0c8d35f47d30f9552a
37eabjdopBnTb3mx9EjU4bK8yA9Fbfx78K,1132809,415ac87be0cc33e93e2134887d856036a1e52c70
1D5QSQxexPVymNoDtY82jabSPHrjuLwZd3,1132808,8476bd0a6feff108716d5f9f6969ff2867d59a9d
3FM1X6iLccVreeMorNmyvPzAhCXspBJCW7,1132808,95c91ab470fe933371d3cd537bef056ba0c2163d
39M4oAogbCg2yRepuK5Um9wEmzKAc7zAxr,1132807,53fb15ce644b2d811f0f4405b54beef452c1da47
3CiHScJf2tjmdQtX8p89BPZgye6u8DJ6WP,1132807,78e6c0f08de81359f758a7311f297034faa2eeba
3HTKtASDsRMpkbkzGLHdLZCK24eschUCfM,1132807,aceb2e32b12df9c06b8a3ea11f205e369ffc96d8
18swiN61DiTZAYnVBeJpQqUASJFcyVquxb,1132807,566b59cfb879918c89781710fb58d95e57e7861b
3BMEXLZtw8GDEUSUikL3m25Uc2GRe3WY94,1132806,69f374db5b39ed2335bf8fd5eb1c86068d8c19cc
3AvA8aSjGDRiacnKMmMBqcSVPgAV3QhZeU,1132806,6535640c65fdbf65231ab0c5071c4affcb33a860
17UqybqZiAPvwAwa3j2hFqQQbivDaNYHD5,1132806,4714de61399c2f9ddd8869b51e4bab1ae085f6ed
1FcK3fZDQ7pmkUucaA51RKRq8nrzQrGsuG,1132805,a03f6235a25de6bf7d19408b901d3bd0cb3bbdc8
3BKkTSif2AsnX7dhcvz6sTCqL5ojbv3DX7,1132805,69ab9c7a805474d4c670b955010a7f73bc95d809
1EBCJ4tgbSvfF7CGH5BiyjF6LPUGm8RPrk,1132805,9087390825bc7b50eb9f0d8d433acc42a2b68180
37zqrapZkKGcE2Sg2c3zsct6VbYLbJhvAZ,1132805,452fd662b851ab77b076f3d228d86892ad056059
3DbP5CuTXS6wjBS6AnDiqGoAuTA1g6bcpi,1132804,8290ab10aab8b9daf92c711dfd06a2ae61c4ab8c
37Lo49PRFKfxSPnm4yXrdmqyyvjeEjbD9g,1132804,3dfdb169b6c2cd456aeac22072b346ba7bcbb0b4
1PnPLR44vGvk1CnthYDBWzFD3KmBQHvyiu,1132804,f9e8212ef1e2655d99a1bfcc1dbf184399cc1445
1Gb2bDLGidaC3T91qdW6rXKXgScnKnnAPS,1132804,aaf95b4b38566fe553165654d0b1065e31c0a330
3JgxAn94syH9hGnNH7D8BNkeJLcZ4hJ81W,1132801,ba770111736f9eb5bdd9420bf114bfd5a2b0031b
1BJXormfDNyesba5cjcKbc9a9otYdMpn71,1132801,71020bdc0f98829ad066bc22ad8de5f8ce98c793
3ChtWvR5VuftgYZmgQ24s1FVGBEUe1oc6m,1132801,78d39dc5e791b83280671d845441794aceacae6a
3Dzir29F7P6EpWPNUsnyrVBg2n5EKCwNCF,1132800,86fabda09b893dabd4b0175123818290e4dcd2a4
1Nao4yNnMBaNjq12LT1TjoGaxjhj8HF4xy,1132800,ecbed300ce2bae6d7302973d5adf4fb1b180c057
39YhSUksMErNkCZ1YLtZZecQuZnCnsRMP1,1132800,562e3fbfbc8d855a8058f596ed1ff584b31b97ec
3JtPEJvL6GyGf7XfhcfGXJC1XRE4DifJMM,1132800,bca07fe04e25e7440690f520bd83f20574771683
19tbfkHrUhYnR3yisHsYEbfLdjRZfyp6ff,1132800,618328e50a6271e3890fba498fcd80a12a847b77
1HBWGdWkDfWoKr9XxuQmKAR6xh6EJYHSj4,1132800,b17e9ae6dff288df3161f554815ccd2eb0c02de7
bc1qwpkp5fedhfnsze5ptpv6gmav53t9wmakukmhf2,1132800,206418a1a1f9afbd626ac2b46ccd831b3d19164ff465a23fd3c5
1Ee4yGtjGpZaiDwZ3Y2XRoowjMuMwxrxzp,1132800,959c5708010ec9d04e024121da692b30052d1720
38yuJhyL4smL7A3cwW13PRfgZR9Avuksm2,1132800,4ffa6d71b183cc285db1bdc67695727eb5de9d1e
18dD4uLyQaZGjurS4jUnY7FTFhao3vtT78,1132800,53a1eda9d1e922278a53184ca6ab395c603269d5
1D3Ms4crC8LVJexgzjexgw1e2y7v4taGAY,1132800,8413c1cb12767b607757195ad0346afb0ba7a003
1339nPhmw8pFknijcY7nyNLtEtRoTdvJga,1132800,16586a335079bb112053eaae83f76d7431efbecd
3DtT4NzscB3B4iJ6isZHmdosoVc1xseChW,1132800,85cb111467026e7050e84d76cb0ff48e0ebb0fd6
1GxA86m67qAPSFRa5NKxNDXTyaEQ4PKhin,1132800,aef86130ebd6afac22ef15bbc7349ecd5b56cb58
13wg7SQE5RqwQzvSmuCx6gVSmZUTrZqQgM,1132799,20475c99cf1bbe749c7f76d1b5fd2cb937ed8ba1
1MiD3F61EhYHEkd5WK7KMnREHwG3uBxNCm,1132797,e32d9e968bae273783073dc657f02bcfc615a3a2
3J5t8LhtnWU9YEPaXs8g6a5LncMhi4Fz1N,1132796,b3d5124616fe65eafd588dac0c688b0af5ec9c0e
1217KGG5zPoiSdndsNwHgRS3Md1ReyZFJb,1132794,0afd65ada8af5a8b124afbb800360ed6550336ea
3BMEX9tmFUPbgzd7CqtwKXYTHbL8WjWKvU,1132792,69f3742dc29c3432ec35a21c613fc60e894d1ecf
1GmkM4noiSvjtTpA4arMiCSf8N7iaHoH1y,1132790,ad005f594241587a962853320deaed3f455cc6e4
1FdCnkGDNcJMdG8wKUtfuAXZg2PpzZf7N7,1132790,a06a938a2e427de220a4d88601f6ffa259cde0e4
bc1q3paxpfwhzqqmqtrmcs5k7jdz47tfz6u4x33zry,1132790,2063c17537558a94ddba16398dbeccbadae5d32b0ffde78b0469
37KnGqTQQL66PUjUmeMb6VS3xhfn8phgv8,1132790,3dcc9ffcc8e21f1e8d5f0158f4d7b61a342ae8d3
18RbewY5mADgLVbtUab9JsqEdyPE2fNSC3,1132790,516fca9897c032364fcab2a80b1524445f795897
3BMEXqM3kopKkWhAzKLDDMRokyuqqK387E,1132789,69f376af5d0ab995f8470d38fc5aa1290631c123
18PAjqAZaNTbjwZL8kSSYwAPXJ35SksnGC,1132789,50fa2930b0cbfee4a3e960f0f611fa2a4084b02e
14NpbzyiBGC8WvbVDuLDwtBFcas3ufqHS4,1132789,2508d9931a21f2db3a8b7883fe149bc98d86211d
16VPWEQYnb9Wz1tjwgTy89MFLG26sn3d6L,1132788,3c370facc0d2650134e792b50e218ffeee5450c0
12gZfEu6Wc75FJZDyKD5beFBamxj1VLiar,1132787,12739c646edda302803833a7ce2d58dd984057b9
1Mz2PxytnYyvz56jAnG48J69feYDiXtqb8,1132786,e62b640a1acf95424b37763a02adbcc2341d43a4
3BNGjL5PHkrjYxSpJ5R5di85WKEuaLzrUt,1132786,6a25b6ebdb54e1dfba024aa0ba6aa5a06f9c5796
17hacGUhW1uSpFib1RqvbS8ABRC2nctQag,1132786,497d72a0755c0b93f3103c0ae6c5cd567fb090de
39NrW5Upi1i7iuqpjdMKAns9WuhwxHT32B,1132785,5451a76da3dd6fc9e1a68b836bb76474041ea8da
1Lnco6UiBqgNogBuHSKiHxmt8kRsy8YakQ,1132785,d90afcf4c10f707c0fc9b23ce54b32d36fdd69b1
3BMEXP9TVzYrdX8d3vWHVXY8MQPyJpwcCq,1132785,69f375054a93fceaaf1379582e594d710af5078c
3BMEXmLrjvsQCPpHKaYy7NpJLbZeUd9MRW,1132782,69f3766e42b7961e8dc9e01eab81d3aa232602c0
14897jeJruSaoPkN8vJ8PExN1qHfNkVruo,1132782,22421067c6dd72e548b43dd23ae791ce5ffcf7bc
1LW8dgTzTPz2hsqwj6ThFJX1DshzgUn8gV,1132781,d5ecd2f232824d379574d7649de9d303d5e7cd56
1H3sLyfWMa4XTFkJEtAzqV59MKU92KgUv4,1132781,b00cdeb055795b8a00498eaefafe3d11aff1909b
38HXFJQ7vhRVSWWinacfHLmDFQiEMherdA,1132780,485760167742fa7961b268d4ba2dcc875e7a4d8f
3PNzW9i1kdq33czy1LzTdbMe796q6FwcvY,1132779,edea181716ea6ada338ba53d7668a0b3db7afa9d
3E98swK15CQkhSkgHm25dyBHkFRVCWQ6Ni,1132779,88922154fdb07a07100148d7fea27e941d042214
1QARTqv6JbV8FzTU66zmFPzpMQ5UVRoU9y,1132778,fe130ea593952cb075691b1d6fb91ec13b2c432c
3BMEX52o7pjygXErRtLCLg3jLvo7TKFN3E,1132777,69f373deb34971df72a196701dca63ff513f6566
3HePwYqePibHu7fNppLB4AxiSSq6HaixD4,1132777,af0324d0ab92ffeb290a882fd8d8dc6dd5f2e54b
3BoAxFwotiEyGTLdh6mdbZz7h1EFUHEhJk,1132777,6edb4a86234c5ef2461b97a1865c36aa75690968
13ncvAN4WmwZ6aPF7gfJ9UczRP2f5J7ujn,1132776,1e90f39541772ac8adb40d2374c28d0378cba0df
1HKgaDUidAj5C62aUA8TAmGt7pxPs3rL5b,1132776,b30a8890b3b5bb0b061148e0281500f33353e21a
35bewRfXBaSqY61fGtMVVjrotRhALm62qA,1132774,2adce7f6a887791cd1fb6c67e157d241b55d2c7d
3CMndCQ3JsRd3qLJH4vqyT2efrWiDVnRWv,1132774,750660fb80976e5fa20fe33d82e8633109fd8320
1HX7BTAToBnFa13dTYcdYasyCQsu2CVRGW,1132774,b533a67ddb3a082c6dba981b52739e55cd383f8a
3KfyU29RbjHBK4j1xczg2TW8hui4pDqq68,1132774,c53fcc0189bac4970fbb4a83750ac4ca97ccb551
19Lyj7g3R9kAubhuHStG2oALYvd6QFkBF8,1132773,5b88431aae9f137f13e3a438b0e5452598a692dd
38489LaRx5VepPv5o47MszJQQ5Yg9CEM6R,1132773,45ceaebe629eae7b0d04baac1322d3828b2cc0e3
1PPmD2RAMvkM7L5wr9942dHgVsy5VGTeqb,1132771,f5a0d220ca8ac2518fee4b58192baad08f31db98
151SVbMDQgRZe33mMfw2qFM4HvmiMRbfC4,1132771,2bf5c899a0600efb1429f0d9aff0fdb63756937f
35ZjqP7yxESQ6aDgG7kSBaBQZ1V4T7NNZT,1132770,2a80293685b71d57edeb69e4fe14e81bfe3820e8
1CZ73vhPV8pAvMvAMHQ54fkgNfFoARhT63,1132769,7ebbbebbf9e39cfc00b8b2fb5b2b474bb0b3d316
3JatbyY13p5SdyNwHk8EMQPccHz4PME5eh,1132768,b95188319e651ce951882f16eddbf81c905d090a
32GLF611JaydAN8FYN9GQsrzoNTr6P8T9W,1132768,064d04ee7eac1ff741431804ba85f3b2d2c6d657
166aRHEmjZmgJ3BpmJq6KvfQcah2XpmNtj,1132768,37e69aed873dbac625170910ddbebef7baae97c7
1A3kLvMH6HMwEUxj3uSLaafsB6WS8H5RY1,1132766,633e252ffdd606932b1f3e61d800b8900fc044b7
176tuo8yK8VVExYNq27CrGAQvq3W6zZ6R,1132764,01276aab10e73ab852c5f2c5d3e34587e4aa36a1
17gphbFadJk2iedqYgZQUqwhLhZUp7hXRr,1132762,4958cb8728568cc20e2dddedfdd35216e94e7675
1CW3cXjVhh5nr2mBM34uypQYjgEYVSPiYR,1132760,7e27a09c8cc26bbd52e9c831ba925aab72b7c6dd
3FZwk7Qx26umXjd7TCYwgiwRhRoaBhwB9c,1132760,983b5c2d043d6ea55e818cf42541f4cd5453298b
1Ax2c8RZUmra9xs5gutQuedogE8pW5Fjyi,1132760,6d2159ac53074ab4d35ca43be30d27a83bbce4b6
15G19ZHsDfmUXsBQGwQpxjiA3wPcweCT1f,1132760,2eb6dd9f6abc7a2fda0290b9cff50d91d7fd2951
16iq739R7ebMURKPeigTgq2Khh4uKBxgr3,1132760,3ec1d6afdd6875569a9b874f2326340dcba25c3e
18LPxo11Sb7nbcCsAtJFr7uYfrnu2CXpfq,1132760,5073f390fd263c3f261fc3f1a39e4de281641efa
35xBk2zNRz1BTEnSaeG22UqPjfXHFKeaMb,1132760,2ebef05b9166c7032ac813f489b5930936926e62
37yvPN38KZgABAzmyffjweFKyq882LKRxv,1132759,45033418efe2427e97bbaacf4034eec08467816e
1oR4Yhxow5gizQzjKdW7VovvkYFyFBKLN,1132759,08c7382fba1e8f3e027e5520b1c0a3f055a36df2
bc1q88kzfxfskyau625h7zs73a9s9k8xfqwn773j76,1132759,2063c8b03a32b8486d82c7559de92ff4081d1958bf4bf412d958
19L9dgxHaQU5cZX2SESVLE9BCNSf3mgPcQ,1132758,5b601d9b169b00f4e691271130dfe52aebd90092
12BVvvXtE4YP2bBgXtthC4FHvwZD4xUcP6,1132758,0cf46f48ca9339ff38502b9f0b5f9904af15ffc9
3KKiRfKTJNoqjrCN8WnSnuhfTnhmtrCMXQ,1132758,c16aec1e7fa7a6e217438ccc8fe6387b654c525a
18N6SZAWP59bJFSpiPor7nDP3LuNZV5qFq,1132757,50c628427df9fd1da576f12d739165284f13c4fa
38K9VTRuTMBxbQ3jeUvjzLCYscJGvNSWtR,1132755,48a60bdbfc32e54a45a34a4b43b64af513edcb1a
12UjLTZb9hqdGUMYC4hmnfMVKzXU1PMdkH,1132755,1036b25688070c28b425281b93b4e061c5c0232b
13kTy6Jvbx8Fq3dLBCZ1mZeb9iwEZzSHBC,1132755,1e28a61fc28060003f610f3405e3076fc0b63176
3BMEXFKiyH5xKKS7fN9U5Tysz3fGgNixoS,1132754,69f3748612206d99fab40067649fe2bed79722ee
3A6zCcX1KEwwo52LZdDPH2yGSacCVBsnJT,1132754,5c498d15d8336eafd485be4bed3d7117a5b8a281
1NRNWKFUSLcrJjdct4raypbx2JRj54Qo6Z,1132753,eaf6938cc9380807eaeed90219e2c828786434aa
1Q2YWhXAPQQGGKEkJ7Ri72UtMjncYprj8X,1132751,fc959d29d09f37e5abd0cde4ed5e93a7979b344c
1A7VKPVSuCp5H8HACT5PXUQUbdKjQjUA8x,1132751,63f34404596c53776db9b16b0d2d67ead1ec9f10
3Ayy2sfchfoapmVkx82sygKDbj1cvgUruM,1132751,65edca4d5ed638255eef800fdbe5ae7ce34fe014
1r5Ki5EHgi9Vo88SUhZQKC8ZVaChCb1xc,1132750,0947fd8bcb8b7e680a079d14fc184d1a9eef9137
1JqKKwrf1V4JcYpLXdwmiT24DkLH5dpnYU,1132750,c39d671e74d716be1c1f18ab0ab976058b6c6366
12qBvSCfLHQnn6q1mu1RLbZrnrTRT6HGxp,1132750,141535656c6f7c3410d98bc117f5f648411075b2
184A1nkzMr1wMYyz2Nng6sweVDry9XEEFd,1132749,4d61a70d65951a1c73923cb4d908adb14ac48626
1EKK3rwyDFcoBooPR4ZEqkXbVPZM9VNhEe,1132749,9210307783a765f6326d6102e00524d34706260a
1KjiLoebqz39jQUHLaYrbt34NRwU7PwL1X,1132749,cd863e9ec7b6f1bdbc772fd17e197fbe6bb7699f
1P7f89LZg7djw6AXysy3g5uBhQqPVfTJmT,1132748,f295162d82193f076e23d2b18215dd7c77e4ffbc
1KvXnaddQ9K2FKn6AtxNCYUcX76T3kfB64,1132748,cf9202424d762ddb064895990c3206fe6671251f
13yZ9L5TG3sSyeNi2Sw8BkVjmojCVodLFu,1132748,20a260a777cf4fb387c11e8704679ef9574aa18c
35PtnP4w8WjY5CUd5f85FixWxh74yEMrzS,1132748,28a3789392981e20fcb056d1ca923a69beaaba47
3D72eqLNZHv6aLqgV8LWutahAXNmMiLxE9,1132748,7d33f9b17571435fbfe7e8532fd52857ce7a3311
1Mj6JaGFTkc6KfvR5HgF1LsEsi8xSnWaSu,1132748,e35869ac46644db920dd35d69f8d8e2106dcdd74
1Gy5xFBi5WS9zPygCvbJDygsEpyHzG6WX2,1132747,af2550936a36eb085c5b51b32c0368816e2224ef
19tBETnSqBtH1GaXC2yxiAEvhT7qBCvND7,1132747,616ec2fb6067ae7066494708bc60fc1a2feb1c25
12NxrUhTJYhsYomx7SUTsQcfzF2kTtfJti,1132747,0f1f7c19ce9c0868c8c931d20dee401065b9d67c
13hhaQGGSxKAjqcdN5SuRV5JtkDmNeTmMc,1132747,1da2c2d60e515598f4718a88b6180a65ee430939
3GZ9EjBw6hbr7YzY6ny6uHww1nWWYFXYcF,1132746,a30caa0183477245137d9ad7ac3a278a51e30d31
1BWjakP5KfiJcTyvY7Pj9UvPp9UTKGHrN6,1132746,7350ddc457ef66c81b849847395283fe076022a8
15tZJVuokT4817DatjzZHu2tC7hb2NB1kw,1132746,35a0ae68baccf38f18de760c735a4e235d3519ba
1Bd5uMUaD6E8e9mXCQ8aELEMMBqEN2Vi4P,1132745,74845331cbdc5981ce5598f98a0846da6ef2dcc5
1DTNPgSpLBJLJhoN3SZqYMoqkMwXnV7Chr,1132745,889e2e4598d719f77cef802fece37a1fb352e492
1BNkfnDLQdj5GJb9pcnJcaoFdhYWSfuBkb,1132745,71ce721d27bbbb07f71266ed3144ced80c10879c
13iiEf2AbjWrdbBhq2G4iDziG13vkBWzNG,1132745,1dd3ba44d44932428aff161461a0aa7c48e0019d
1Nr2xLaRbBG4Kq5w6y6NKQ7uvkpTUrzmHp,1132744,efa0a79fe4d1e80bc0528943f9e04e03162a9670
1pkV4EnQL5SCTdbeM9R9CPksb3SV1naaU,1132743,0907d93cf65588bd430c13c29702b5490b706166
3BMEXbp1FdiQxFyJqeSbrTFSwD6eN3dSjW,1132743,69f375d33f8c64779dab72448747055866741c84
3BMEXsCZrz8hXLcJAiifi7eqvWipDKE7Ym,1132743,69f376cd82a330d77a0d3c9173bd6a8a38ec31bb
3BMEXuzpD2KG5DKU2SiFU2jUMq5MoZUjYt,1132743,69f376fb0090798b0416ca86bc231efa680194af
139twTsmjHVWK17KWe6NtxyZdGfvq1F4F6,1132743,179eef8ef91a6baea630da619502bcb8fd80ab6e
378g5HjdoeBpuHtiYALhqYZwSiDArab54A,1132743,3bb2dfe8276f0b6e967e22bc010376d2fa7c65d0
1GiTAPaVP9yypZ9keqUyr16hNPXKHVYsWw,1132742,ac60c7b01adf09274ad8bfefb1929c3509fd6f35
33C4Ti7mmRgGUgRVecwRJdVPytsSUibEVz,1132741,10764e86c776dfc8f103ec50573ecf2348ccdb17
3BMEXwFAxhdXuHosnFyiYHLzg3oMokaFBD,1132741,69f3770f4a53210ce115640b2dba87f5088d32b3
14bQtdB4oFucokPbDBSFPDruuCC8L7c2ZG,1132741,276a76649f2e68cfb98a213b2ebbc421d0694ff0
1Jz2pzo4DxFnYzHTPpAJ9Lb5BPjHR5v1pj,1132740,c5435fa9f796149b611f6fb87f6c97be239249f0
13QeT2J9AncdtbFpF85VMKHzJETHj2yWKL,1132739,1a69144a297815f61fbbba91b72d261e70cd84e9
1MrxR1oZAWh3wSFUA61Ew93vFqAR5HbsZr,1132739,e4d527b51e4370d4ce7f7584a4a3df411f94c869
18G6Yp5cho4psX6gkJh2wqEpeNktKFGi5f,1132738,4fa3c0658a0f4a2d89ed196bb02afff4e87897ac
3LnGXnvM7YpZaacBo5otHk1h1q3nRBuTfU,1132737,d168a9e36516eff890ec79cc6f1147282d2bb3a9
1NU4WK4p3mdCudn26kCVvHRjGi5bMME7Bs,1132737,eb78cc6ea6dd23315545c14254720d51b7e17844
3BMEX2YEZstvQFbQSLKcNKXvkfpaLazV2L,1132736,69f373b62ad9578813b7a93f2864aebc612380ad
1N6MhYoK7Sobmx2aAXHpi3mz7xTvNJbndb,1132736,e75e0000dec7150948127e136e75bce51aefd896
3A5zezyX9NUDJRPoC8bQxNVSn6h6UjvWSh,1132736,5c1983d245927d907da7e99901906019d7102bfe
3BMEXCPSUSQzHhMAkom9cExvHRjddCTngp,1132735,69f37456534e5a0e117f9ac5f146066be65fffaa
16UqoqEz9x2pVzWaoux8X5gKrR6AQ1kJN,1132735,0109521b4de55e7167e1e8c5429ddf4841ca1887
1CeC9aZ3NZznJFnDQAWHJEDCC8FDATvhpN,1132735,7fb2147b8cada4d935ca159c628a4081a7c998ac
38i88TSYeCSjtETiUXETWF3FqLbgYiGNR6,1132735,4cfe79f8b8b7b04daef94cd8152dcddab7e34ae4
3K7gGyrqbMckzgHpG56yV5mymPH9vSPmcz,1132734,bf2422e7fe6475a5f2d9c715be4b73fc18f53c03
395rmDCcRhQnL8x5sKtmybh3VSvxerWmtr,1132732,511acceb74e76897bdb5f26109eeeee4fc5c9839
37H3px1JU3p3hjxpLBMHARCi1BhdL2N8HP,1132732,3d485c515c1b926efa484e8c5338b116bd1a63ff
19vXSqQAT8JyHj2e6dzny6qj2mTEKUCifD,1132732,61e077806d9c8905a913e9874e62fcf1a7982deb
3NiHnSSe6rmHEW6ctm1mmsdNshU7PpZscA,1132731,e6984c0234399106f2435c73b3fd5bb805e3b09d
17KTAWgLXeRhGgJdtSTZYrB2qdFTc5PSUa,1132731,454e15267041bcbe6ea4994bb883fe921a98be02
32P31rAmQ5y6MrXjVYDEwaSyHKm63GCV9o,1132731,07918cb126f587c18bef48392a07dbc9dfefbb02
3PMfZnJNr2fCzDrF1RSfFz5DChnzSvEqiB,1132730,eda9deb81908eb9da7a680c88d1a473ace2c7783
1GhcdDi1JWCbkENZqYDnRKkWJjXTVJQ9gZ,1132730,ac3843564ec462fc436383557da85f5348043278
15wAPcGWTT1uq8fcVtDUSMwDa8RjDpiwgB,1132730,361ecda391cae61380b24be376187f0bcfca9922
15ymJwvMe6qiAnuxZf4yFGuowH4w48UYnZ,1132729,369cc8de70501ba269be96201280ad487f0c4daa
3JmvE5vwkDqA871m2PsqWw4ti1ZtW9Mr56,1132729,bb677649652daccc151fedefb025606f447b36be
3MZ2y7daSn2fY2XLrp9W77qQimo7EdLyTS,1132728,d9e00f4b9d47615beefc7b3d084aca9788b3eb04
bc1qus5np5nvt88dfgypfs9mj2u54d75hjj7s4qtr4,1132728,206415589380276a83e81d0324f74dd11952034936e08b981a88
17DmbA6HxpBuMXggmBd9Ry6AyE6p2U4pJc,1132727,443af799d8f867449ce2ce186e2ed6a142827708
1F32CcY715GqYEXk6M6g3CmSFDWrXxsTDT,1132727,99f3984412d450ecf12017e26712fbba7b699fa9
bc1qxxr44ns6ar9avsc2p5x5uwwt52feevagwdfpmu,1132726,20641a8aa162d49a9c7df93f70a38307343665007a0428ee1701
3Kmvxc9mjwAMjtU9Up7XV6DZKMeXWfczFB,1132726,c66033276ca1ab6b53c2b850e8f93c01173cbf27
38eG4os9PoMZJcgPE5pStYCXqjhFkod9iU,1132725,4c43702bafa0e32fef88d3bc93765cfb1141bdda
33ACwEoH6jMDCMavxVgWHGeN6LMduS7GtG,1132725,101c8c914710760657aab390b0e171a73d237c24
3BMEXQSU1awcewt7eT2CfxjA7Nuz4rVe1q,1132725,69f3751a529f85764bd319106386906edd37201c
3JMF9kkF5VAgTfMgVwmfYAndGKQevidDLo,1132725,b6bcdc6ffefb2a04f07b0a8285ba5bbe96d2b669
1917u9715rnFgSf4Sw6APQWcF6vVpZa1hZ,1132722,57c6c3e6472e4a142d8fd491f67bf1ed40761ccd
3LJ9QegxEKgWvUTaKFCiUQea4h4QZxN3zo,1132721,cc171212e97c2633b9783bc26f0aa622b826e333
1MdVgMX1TW3W369Mgg2afkBJ9tz7KA5q9n,1132721,e2496e0f095c542c392f247cee071ff608a97e25
1CCSJ4YUpQLeTweSQVPnTEjFizeusPYuCZ,1132720,7ad312ddfe09b2df2f89d7bc6b798dbca719989c
1M5hVQnJd5HcovvSbRmsqSHWhmabx1gab1,1132719,dc45fa8dfac14c8a9f91d75c0ef50053bb9e729e
18nNNPhcgTtd7dFCztjSQ3PyJPJMzMX2Qq,1132719,555d6fc23405f2ffa17f89bd154ed6add57d13b1
1MM1RFM5APmUy2h2ypYFY3CDVqeirgWV5r,1132719,df2b2f134e18d225c2989329a2c140797f9ee050
37fi9EkyBrreY3ZYiDERCtth9dn4Zmha7b,1132718,41917eeca381c28148d78a2691c777c6fd0e214d
1EEsnvbL6rXede21zkZqFsHXdZr13VJZK7,1132718,9139710929291903ea82bd9c8742dcba59472725
1JP1SztAU5gRz87GUMFGSbvkkZMvX7wr2Y,1132717,bea3a9e55f0d83d494426c8d2c138e9287c05c17
198T7Jjx2otMX7oM8qgKKDyuXDMsVpXTkB,1132717,5929b6642fe10e6bd335feb7141be3b8a4ccfc53
3KbecMpZQP2Tpe2BJGVK4voQUt3f1coy4A,1132716,c46e64861a389c6bb28ede3c7559ae56540b104c
39e6eCXVNJsuXN1jEdufzvSYdgmEUE8qB3,1132715,5733b26ad2846c6d27027b6a156e6ba3195f6498
1LUcsRQD7XninLyTS9sd5hXjGgobHaKbEA,1132714,d5a39024dc48424a80b41313e309463777158d54
1LkLRdnCwfHh1pqvFhXZRv3p8CDDzJ2GBJ,1132713,d89c7dbede897437f0ae5569bd3b597a5bf91ae4
19cZYJWV2NWoc3CSpDdbY1FcLH5DdrZ4zD,1132713,5e7aba4a4849cd9b7ba4b20f823f7b7cf9711742
18ELKJTLs6GjTBFApa4DjwPhBiCkdW6QM,1132712,015e0aa5269226784c7d04deecc4dac83f42b06d
35SDTbGUNNyYs5gzV78ppvFj7wXBQTZ2zB,1132712,2913e494ffa9244bcb4a220237770a575ff4e0ce
1Jzqgz9foF7yuaqJyJ6riYAqce4WJwLwD1,1132711,c56a7df4877620b3637ee2a751142c1d20bfefe5
1C3w8Mx469iVH3T67R6fr1b268d4oZxtVy,1132710,793765fedceefe788cb83676985715ef50ebec0e
16Q6KTxWF9rARjCdwdoFxJMHYtUEJGYg1C,1132710,3b36a2b57ea3248945cf620f41e7e4d9f5bddddd
17TQVyhnenE5hLvsvBk5mhsGgZJW1ktMx6,1132709,46cf2faac54aa964f1d23b1bfc1657f7aa498b77
1GsWhK769LvgQodPrkRjv4BqsyaeP2dCNx,1132708,ae1779177fc743bf41193294a7a08ab255ab6701
15F9GZrZGNo3WJVgAGXiUuZCWt6C1fBM2w,1132708,2e8d3a8c39d34ca3c7903c6f8a86bbf842e694bd
1FUkL7S71vujL5H6vy7n8YZ6iA88y6gBwb,1132708,9ed1295da2cfbc6cd2c10c192791cdc453f58a80
1JPJNZ5ii8NSv15ApAXAauudReqgTzV7Bb,1132708,beb1ca62c69e8eb06420b9c89e399738e2a33361
3LLGf91piZKX1fstwqoZ2W3w4U7XYewVJY,1132708,cc7df450717b947418fc5e0da6b69026fab09ee6
1Nasw8nEPJ7vWq17DZVaYAMXedgSXeRdkF,1132706,ecc2e29d7aac300d571c3aeb287ac58a75d06501
3BMEXgxEGHFwrKjaWJoXUszEAHGogNWJ8w,1132705,69f37626ddbf527c9104d0acdc4b9705396dfa8a
bc1qcrq5cedg5yejwg568je2ckf62nrekedhw4y8kk,1132704,2063f8d75bdadff1d22f8db50cea9fcce6eca19f65c884d3ba7b
17zJhwNLn1NkSCCG3dJrwDyeyYKSKSge7z,1132703,4ca73e9ddc3d6fb769986805768edaa1aba1e2df
3PeamW9W4mSKspmVaAwVbum5cpcu9y4swx,1132702,f0dcefae91ee13ca318beeb8abd44005ebc936df
1Lw227qRFX251r5T8dMuk8kYDLbkL3juxU,1132702,daa1b3e27e190b3ac3c70e9b6d8d75aa11345a80
1NHPspKEWH4RPsJg3GyYjDdiWykt5rTDfe,1132700,e9746493f8699e57739e975290123d61fadf7c1c
1AMDmcWE5a5a9abo3b4Qm8L2V6KGoaCeMF,1132700,668c1c471ca0b47ddc2dafd67a856c54487d859d
1Fdk4GBzuQFeCtkyRMRAyeQMotQk8wtn32,1132700,a084ad58c94078201ed9c0c5d3b9020fb261a708
15QVEG2m8q9Jx5dqX6HSWmW4FmLfsqeQyF,1132700,3051a26220db694956a6b891b16f55d243340244
1B3LM8pove1m7559kiaHyndARTsrWDMGz1,1132700,6e223d6d7a7c8fb0d8f9035d09b0d42f52eb0c10
1BUPVjW8zC7X2i1yHGerx4rQ5E3aWTgJ75,1132700,72df445b114391c2aba7f23161cae0b4b1e74734
14bEEBBzrrNS9Go2K8XnADih6mwUqpwawU,1132700,27618fc0c383dcbea86e85a4eebce49c7c50965f
1DEyzuu7dGHHLj9UnpJ9ze8ckqkdQbR3rw,1132700,86467f31554faa6902dca60f99a952b55cb0d74c
35jg9e4WnJnBQqA1EqcizEqFzmRFQDuEUa,1132700,2c613e8d5a7e8d48228c9f8e47cd5b71ac32cd45
3HFChEAqPjLiJZfXjWVqdjvvaZ1nHnrVyz,1132700,aaa0302f78ff4a7e79098c443293675010a469b3
1GNQ55gRTwSRr6tDaaHFM5BuxDBah6LwFy,1132700,a895e14f6bb8efac8bf65089db8c93b2fdab1ad4
1JSWCtnEYeqVVnFYE5tzk1cDzkMtSE8FLt,1132700,bf4ceaa0b8812d019c2274f3cf08fbc080460c65
bc1qg7zwp636a9f85p4pkrezjurqv5p6vfh23as566,1132700,2063fe4f03a8c14cda348ad742b40d3092920d62444e1887b096
1KP8cKjzX6Vou3STc9aj5ixhFq3EJd6aR,1132699,0379f624d0b618c4ddcc3bcaf2b0e6ee72d32e1f
18pgsEGkwTfAMpKNYYVUbufngRRh5ZhVn2,1132699,55cdb58bb9851cb080b23955734043b0e43d5ea4
187xbbidFVVCoXhSwUnYGvG5QjqHi4Tdih,1132698,4e19c930ce12d8acc64efa542017b603dbed6caa
17RzNCBMeMapjuPA1R3pvxeDuhwqRa6ApY,1132698,468a9fbeaddba290c8d08392eb3a51af3ef46d1f
3P3546hJgATXcYDw263xZQV6YvGGYqibxc,1132697,ea2592de76d31125fc53d58d31b6722fd4f0e940
1NCy3bPdShZ6xQk1DhPx3MxAuivw1RXj6y,1132696,e89e0034a61de8cbbd96d6840dcd6bc34e0676cc
36i6ZoeHaHbvjgx8U5RRtcCHo64paiTpV6,1132696,370ceb919b88eb72c2562281655470ac13bcc9ca
39ebyV5rHvVrxpGT3CDWtCEKMQE4TsX8aq,1132696,574c2eb77d5cec8f2b4841541a43d0667040bcfc
3DPqB1gWVmuicbKR5c4ifdYfCuAhJuEyc9,1132695,806176c5f1b22165aae83c7ea006855a267f3991
3Jps6a5Wt1i5UsxXteYT42B1BCBRNL5AVL,1132695,bbf618f6b75b85e5ffd9193283fe84fd369d62b4
1CPovP8JNSFcetm8yDy1yXEqjZKwzvg4jL,1132694,7cf9b3b1ec4f6d644b6c544ead6cb405d82583b8
16jXKZRM62cayPUyJ3GCn53HPDEFCVE7SV,1132694,3ee368bebdfedda870f7d9d70cf50b4aeb6d138f
13bsffNLQotdNrApTM9ZvavCdVq1kyhj62,1132694,1c88b047ef584b6e4fb4f37ce1a9d03f7ae343d0
1CpK2GBDP619GrZQGbUuvCUf4tZvFbL2Yv,1132694,819bfa45c6cc3aa9d23ae62bc8c0cdb2b8d4e0db
17iWpHDB1D1hrvTXyJmahrzqq3sox9bAbu,1132694,49aab294ace716564cb5345fdf2d223ddbe3de2d
37UtzHD6UC2KThtkMXF4ds4MjYR5QQZys5,1132694,3f85f94001087f9019ac2fe55543b9ad13061ce2
1BuWRSkf1qjLE1pb4NyMDUbzPXDsGiTpwV,1132693,779f72987b4d37896c548c7b066adb43120b7e9b
1DM3roZqLqDaWMPJ9iYvovDg71SfDacYbE,1132693,876c37063936b93fb5dd0d9d62a19b67683bdec6
32vfjCs9EarxkPKCZjP2siDQXo5pno7Enr,1132693,0d8d174571abeabf4fe4182bc8fab950b335b5e3
37junSykruNkGDVNYu4MBA8rzg9ku32XMw,1132691,425ce0a60941e7641e1b1b19ce75e5b9d3f5164f
3LFYJeDvBBPqPrXbfgtJsWEQ7AVjdQvC79,1132690,cb98ef88a6debd85f90726fc4fd36ad768ad58dc
1Bob52GcEGzZDTQwakadD3U9m57DE1i1nU,1132690,7680d4ec996f4ccb16b0a765758bbe44545e0f24
34hcnyrtDQ1zpE5T67jbwAmB3NF3yUGFxf,1132690,21057c2b5719cd8e353c93edd97443e0becb2f2b
1EmNtThEJVzXy9Th977NpcF9xUJo9GTVdu,1132690,96fe35436f3c5002d426e0231ab3c0503466849e
3MLZNaRkxUxwDivgpicMJWHH8F7jmGzUZZ,1132689,d784085c3877e6e35b3a74a25cef03f61f987585
1GfnAoggrzUzUugpPvT4ZtraGUxcyNvEuJ,1132688,abdf6605fb999763da0d46a2ec8d89973c80b7f5
13UMbon4h6aS2KGmv2ViE1snhgX7h6ytZ5,1132688,1b1cadbb934189c3cd8f8a8412ceaaab3dc1b708
32RZ4ozvTBNeh9qm5xPkRdUjZ9KNfVLtQ6,1132687,080b778566c3be173749e107fa0f65cb9943df10
3BMEXYgo1APmhzneuYWrQYvSw1izBQobDL,1132687,69f375a0706ad4cdad7e67f4db6fc69288dd2753
37kTPFfH3SayDog8XLjgWiDhwsMN4hB9d1,1132687,42774186432843da7013a6ce09d223b282538c57
37xQwfa8cnMe9WfbCRefcncSWTgjj1Jnfn,1132686,44ba35afb0fac20a4ac67fbe19b4fd2f71b3ff39
14tSBTJUKZ6fhDYPyaxPdZoDjUtKVk25vH,1132685,2aa29c5d83c914f120be44d32844fe0e5df410b9
3K7yrPSf4yXN2FDrjevZfBEZHauJm8c75F,1132685,bf32cedb991d26730b33ac2036b68ed9fa1d8989
33HSGtEeKXDvUJYouEcKMZzmL43Rc8ukJM,1132685,117a986da1d16747ccab9c226e02bf8270d3840f
3ErFjKw5obVamNrJMNaJshQBNZmCXhooSu,1132682,9058e76e23a9c322b8886b0e2739994a486ec046
1ECtpTh95hSQwCAXnf7KpkbLc3Cdw5yg8L,1132682,90d9776be5abfe4816915fc913329738d8979553
1JJWzvNBdyP6SYGFQJhCdurnFqvJPFFnGj,1132682,bdca4052cc5bae72528cc47384c1993b6770898f
33BkgD4MNTQkNagM786afUtcDJuijrzRCd,1132680,106776037f165e411618fdb0b675cf48b097776b
3JVR8LycbFnthccVc5q5dj4qn1gV17kQUL,1132680,b848841cfb293d82ffe0b2c46c5b3968d2f326e3
3BMEXGujiVUyvmVDzUq4QSyMvqkeeH4rgy,1132680,69f3749fdeb3e919642b7304ecdf9a1b71849a25
1MtReYfM8JnGic565BYDrut9mPJZ7FXPXq,1132680,e51c4de61c015cc8c2145b879e9386880a2a69bd
1KFdLbZ2VMxmXA1YJ4v5EUSFiBMDxS4Vx1,1132680,c8366bbf5e463186af7c7ed71b45ef0f62de5f6d
1G9zqJPXyNowgYTKwWVudjC8zJ2HMw7VMG,1132680,a63d7da55220b26adbb64135735d8788cb3abaf4
1QCc8G4a4ZXVJP4nkZXGF2fNkXFyymd2Wa,1132679,fe7cca247df6b0404bb7d6d78be4926bdbd89cc9
1L5UNErhGVeryxaM8zUZhYBiH1TZvUr6eG,1132678,d142e5db9dfe6d98396a34b4b515ca5e3a8c8c24
12FgYvpvLNKAB34wapJAqwWSASn8GxWjHb,1132677,0dbef6de508c4a22cc1566fe7d21ddce8f60902e
3AyW4gsHwTfbm66ta5Hm7iyeS8GjxVN5rU,1132676,65d747235b06440703ea40524311cf39619c229b
3EZamqReqopwx52JKTZPcqyh1Fe25Fohqq,1132675,8d31baab6f27958536d28ab8a9f8a524e39b8640
bc1qwh6epq46jhngs8cfy84drdze3tk5kkaqkk73n4,1132674,20641868f8e90d028c42107c83ec3a36afbe871f79c34533cbe1
3DSdQNuHhqKNTpPF4NCPJaCCPYmAHrhUU3,1132673,80e8e319ecf720fc3ea2668091806ab6200c4796
bc1qyqmfe6afsx2hyvzd6s8gqyxuvej378f3wsnmfh,1132671,20641c036a812c3af020cc6cba18b96387d45c20e85ac4cfa0f2
1GR68CXZtpqK3KvGz87sMf5PGMnFUzRtNk,1132671,a91825b1496f7990a809787d4ec5a2a1f917dd7a
3CJ59NewdNKZMjU2J7XJgdmVrxBXv25N9J,1132670,7452816426573b1e70b72610ac517770eb6de3bd
1M84dUHzwUZu3FkkNXCeypryY57cvgwacm,1132670,dcb874e27102ffe53373080f0e6c5920419b51bd
3CyJvz9J3roVu4NdKngMr9HkRzvnX1NNhr,1132670,7bbe3c7b9b708f593c6e9fe5a9ccd3af62743b22
12DysqG6wFcNUgrogCfvMvrE3n8yiqpQcb,1132670,0d6c9869e12c2b941d818a4e3e02690487e6c72e
34AU1bLohMEtFhAy8fZUJyZBJye57fR9j5,1132670,1b21424812d708ff6798e898e52e89a4d829dca2
14kEdxNW36Sw7Y1bhNdjhvgpZEQu7qFeAi,1132669,2915a5bdcc53ae2ada472061ca1c926192c877da
18yQWeZDqaqyu3b4UUUE5sj8fbBf5ZfAWP,1132669,5773ccec1f66fd6a2b1dbbd88df95ad69d11bc64
1D9DHen6xCEMbz1rnL7G2ud2Kvn2wtxARc,1132669,852f180664ba21253ccfd9f005df1d41362de9ab
1C9ByfBJjR9QPqkrhM7G4chMFhF1ceThbc,1132668,7a35dfd4e5291a5be4146aa5e93070170ade2897
1FnrrBXiDTVRFnE2ud34VvvRhcuefP2Roo,1132667,a23e17198147f0b189debad15b7f7f75a033ba64
3EY5H2hm7KeW4qrqLw6bcC31TKvy2sk6m8,1132667,8ce8b0cec7c7fc29559cc595066101f3492d3d34
3MSDHjCfe9YuSZVggEZ8XXaRpkzH922oeV,1132667,d895c373b12102600d0ba5b31f07caa890df8815
1G1p6e7AjDad83bHfWioibjBcL8yJFtNrM,1132666,a4b13398d040caae58b0ce778b0ac51822d5ce2d
31mRareepVPCKDquMxNpMQY3itFbHDSdKU,1132666,00d56a298fc4f75a5369694d96254548eb447056
1CcnBoVdpAF8P2aQ3J9oMkgnYjVRUUzGqn,1132665,7f6da96f398535648350a6592ebb82f3feaeda8b
16a9jo2KKka93ieZg2YX9jsuSySFXyKJUb,1132665,3d1da64d9d625e483d77716704e6f8a2ce39916c
16viCmVTDXNrfVHmZNHVtKXv4F1mmMqpYV,1132665,410111bf60153bfafe731820bb2c5337c87b3edf
37weeu9HtevoeEi9F2i11DpZ9Vtpj4iJWg,1132664,44953d32f9bb1a230f5055506d8b7a18c9a81800
15XCF3a7xnpwsGQHvMZMaBLdFP3EtZ92CZ,1132664,31965dd02b4abb63f35e042fb177d10d4fd06917
1CZVdvBfTRg9eEZnvfZC97LUCNC3XT3HcY,1132661,7ece99546fc930de9f7934f528be49f238e571a1
1Akyc6nXrB3Ks8MopqHoAdKBDNbMhmEovn,1132661,6b0a45206577974543a0337065b0968b3cc4c8a7
3BMEXqzdFtUBYoHq3Vb3oa5TDAVdLe8QTd,1132660,69f376b9e651c851a082a065856250db66653238
15z1pw1xETw8LUXJ3V4NnDwpwoQHU46xxX,1132660,36a8e71e1516218648d4d336c70e057199a66256
1CJPBCP3WJPKRGjSdCpdLuzznxHw2XrkV6,1132660,7bf2f765a695ecac54943a6c093ea99d0b42117f
3BAz3dgi3BmZVYGHxsq6ScT8S6WcgoN5zU,1132660,680336251c1fd2a1d4b42d3099a8d36b90604709
1CJtprq9LtiLZXUgwCtsw3MK8QbMreNxQK,1132660,7c0bb76846b7283087c048a82f62f7de17e0a3a9
13An33LdxKiRVNUdT1o2QHi6Dz5bvQZWoT,1132659,17c996b4d8cc886501d2b4eabb3cbd0250374f69
1PtYK5KumPg76uDqerp3qwNzx4qkiHkQJr,1132659,fb121e7207ef5f792a77ef8d789b40c17e15421b
3BMEXTbGoo12PcF7rVQmi4xb6iHpk9MK1G,1132659,69f3754d94499a73d692de069c74cdbf2ee9cf5d
19DJiY1ZDuzDo16kkpu1eyeGtzG1s3GMSE,1132659,5a14c956b72d9d6e66e1e0766bc3bcc6212ca641
3BMEXjkHwjfqrbGzg3tffHWW2NAPRQbbd5,1132658,69f376544e79afa98b352b57d236d879662ebc20
17Kox19ocsH5jcPMxA1AaToCYCLFtLn6Kx,1132658,455f6eb84b63c079c7bc6f45d65e1b07cf4ffcf6
3AyjD8VR4kkQDd7DJc6T5Z1Be8KU16fbqB,1132658,65e24050ddd1f1df727e8f05843345030fa8256d
16e5zbEEW7gbPycynaxyxSDzXdBSDTrr9k,1132656,3ddc2ff92ff994ec7356dc4d0c2006bd4c20e361
1LX5SFn571m33av3zf7aywYbDS57gUp2we,1132654,d61a923dad55d14243320f241645da51bfdef6b2
38ndP7GWV8zbKuAAzCjBr5xc54VWH4gng4,1132654,4dd88f2511043128a722b4a5016bbef7fc00d025
3NkA8pSbir7uCRKWRWM28SJYLLphojD5a6,1132654,e6f2be7bb47f578c32f53323833b5afdf7fa2d24
38MPo45USEuffCHw3ne9VDNLPgDuFEvJS1,1132652,4912d170dff1f3e509a0445adf1a86d35336340b
1cgUHyCJdDhMr7MX6ZpXgVLM7Y7BvWsYP,1132652,06bf81cc97dbe4fc1e6717d795fe6c65cd6ec777
1HaF7xq7jhGHw3R8bX9xDp68ae7RiCanG9,1132650,b5cb86ae6d0cc65e1d90c9b09c34bb3c13bcae97
1K9kuTWjgpcFadEX84e4Ln5jtPMXWEqbDE,1132648,c71a3dcae7c1e6b8be5f30fbd368a297380a0d30
12BJojkiqXjhNBTteLYredBPtiKn9JosrM,1132648,0ceb26214be1a823e6c481f1e9a311e5ca620106
1Htf5EUZVGUkSRARixLFbu38Qpic8A9WHd,1132648,b94702207192d151361f02c19c0712cbecb4cc95
19E9JqWuYgV77bjfRhUo2jQKSzjctnsYPk,1132647,5a3d593a57d9557ad13f0d5f4f0e3f3f54983e31
36m45WMdGb6MXuf5c6mcZ9QnPv5tptt4up,1132647,379c175e5d8ae27b627d6dcca2727317af859c0e
1EQDpecSc2aYugRcRSj7TLjiexDtAhuqTN,1132647,92fde7b9ea11993e907590548b2e4980094f033e
15XpnAPbBvriJ1KGfRPuguhtx7sXLz3XRi,1132646,31b4dd97f5df58adfb648565767e1cb6efa24f81
3C4hSFEmrJhGWF3nKkdXYjW351xL5ZFhsw,1132645,71caf9e0c5eed5b96140bd0fa26ed19ac8b1fe9e
16junUUFz7fS9pznTHvZU8j446Wfji1pjA,1132645,3ef629448254f41b9691169cb41ccea93029f99e
14oguATLmBoeU9ArJCVCqJTahBEncBMF28,1132644,29bcd162255a43caa10749960bde9b665f9018fa
19YnrHgwjXe8Rz6iL83fMJf1P6GER2Pzp6,1132644,5dc42cb013e03ebac80b27d73478ce57af51314c
1F2sCYQ4Lrxe8kUuardvo7zspmY4SdHyLa,1132643,99ec14b87ce8369520ed45ac219b0252cf4e373d
328yDBHiLUtHPWieqQ6EmzUk8JQJ8gKVU1,1132643,04e88cd618ddc7d9083e9fbb13251496ceb60db5
3BMEXztF4juKiGbraTU8h8FgFx47LFWqQa,1132643,69f3774a78bda6981a2bf69f4bec396bcbf97cc0
12F6G8RRi6B6xAh41yXpKA9avD1Lwa9ekA,1132643,0da2573c6df34eba3377887ce63db1305434e572
1E3aSQNQwfhkPyNLZN3qaJZsAQ31z31xtw,1132642,8f1661363c7dca60a41490e41a98443b1b6fc36c
1JA3FdP4SM7ZXv4eDhWYbipSTWzCC2uPrW,1132642,bc2fc3138de9d6d29d4db99e8ac30df4c7d3ca90
16sLJMnaD4hhDqEVVbZNrAdJQ885Cayjbb,1132642,405d89886cc7a8b399ad4c0520dec6f10ae95115
1DFv83JDi1RCPq1gfjakvHu7yQxEvoa9GA,1132641,8673ad25dc87ec9e0b68fdded52ea40cd686e245
1NaWG91A1NHHH641sGhFX2tyAWAzsoqRPd,1132641,ecb0cb46e949fb51d2577ddcab4148a5b10244d7
bc1qp5cwxh8xgszg8pvuaqk8436cfpvwsazqwuzu4q,1132640,20640ba68307acbbebef46ba255b9fd23dc346424987df9ff5d7
18JU4SHxo7We8gdA1DZBuSprLDyxiBC7vz,1132640,50168a2d64b6f8bb4e05538ad43ebb8215cf6bec
1G7GzTk3n4KwBVvxwzEG98yq6xpvqq6H3C,1132639,a5b9bb1c2758c13c1cbbf3047aee81588053a067
38sHY94zjeW3Y4na7sdDKdeha917pUWj2Z,1132638,4eba12e3bca2290a0f2bd3b29d511682c1fa1f40
3J3kS6A9U3VhW5nQxLLLuAdhpZ3gVRTwQ2,1132638,b36dd11cedfc7b718531b2c1a04248ce0ab505e2
333GRQxiiXnnPUrmfkbqaeP117En7eFY9k,1132638,0ecc8c11782ddea69e04584883bd75882cfac6d1
183JbjnL5PWPDxbgNfCQNBzgNsPJGD5jNJ,1132633,4d38673b8a12e050bd2a19ba44ab9852e91d888d
1MpwYDrFWKifUmVCw5h4qppwWuxTApsMUB,1132631,e4739797e9ef97b0f13fd6104b85c795d79d6f97
1AD2n9CEZhy8dJJp2evuLPzwMN4eJs3qrk,1132631,64ff9ba8c04f88e150821929670b90f1beb0cd75
3Gyu63hdzVWVTAm2s55FCJPAXVemkqxq6B,1132630,a7bb40679ef5f001200d8149cad1f0b46022ec6b
18v4Nqg5rUKFnbd46pvVExn4tkYZgmxCSu,1132630,56d1bebbcf7877ce57ec34e21c2c7b78a7fc3499
3BMEXznwSknr7QU1M26bDorUwBpouQ7BjN,1132629,69f37748fc0a46615d7d5e131cd1c1cb5df8ff07
bc1q9t22vsr76qvprjttv3zaypjprahdfvq7he3fcu,1132628,2063cb9d6ff420ace9b728fd7d3b0ca07e9a0c8f5955cc9e61ac
1C4YKRDBWBhvNcModp5vALCrQ2JKwwAx1k,1132627,7954c629b90289d613d7e8e7482dca9bc48b8d37
1Lp2XyZaV63ZHCcTPjXnKLot3bHt2qYKyL,1132627,d94f387d378960cb43e17bcabc27f034fbe51dd0
3J5xpv1MYBC8kwhzSyrxshkwMLaj49Kjv1,1132627,b3d8fe8f31696eb2c708bb9a0af9d7b603c5d172
3H1neB4v9ATJz2y2mSmjHbaSgyZDE4GW8X,1132626,a816b3dc7d19ebee3fe1dd835383b6086292bbc8
18GYprKTuStU5RwNvqKEtTSDWZCVpsoiNi,1132626,4fb9afa397a33ba8147ead5a604c19f5d9fc53e0
34Wiqf5HpjiFq5VUPTprCLnnE5kssw97MQ,1132625,1ef5f4de7caaa33ef81a156aa8aead80b558cd6d
1HiKhPNctmnVgz5WFg5ozZZevnTsiJWtFd,1132624,b752ac8258c2a7697157b0857eb139984511c197
1JdZJf5sSZbncVwzkjAUYwUhHzkUDxenHQ,1132624,c164144e96ce1490e5bdae0bfe2c9010b6432531
36fp9FRh3DzUqx6ZSbvBBjQ8bKyskWz6aL,1132623,369e60f45118801835738881f30e38132d6489e7
3NByWKGWek3d84qbwuNpx484bAojKaZwyT,1132623,e0dc8f734f4569f27584b7485f5a2a3e7f80111c
1E6Nq5GQcRmrFEo8MP9tgjU5uvrVRtAanV,1132622,8f9defd2a4e8dc3d987dd2725e91fa2c1d3e13d0
12AJBjRPSh9MT5GqRw2yN87MdWnP1x6pfX,1132620,0cba36fb85a932b23c3dea98a6d9a68e67f293ca
bc1qghs55hzmtxnu4qxnut97w3u8nst3gdjey4cdqq,1132620,2063ff4992be5643e7e202496e2a589f56b4908e32c1e15265b0
1DzxLtHyAPZN3ev6P7rTJcBitfv4eAwqVA,1132620,8e976ac6f5a465e7e7836b12b8901479fc64b315
13nrGUPYSdGL2Y5G4N1iiVTBhQA6fnRsuy,1132619,1e9c187dd8142a96ec4e8097c1f924a5af2abe6d
3BMEX6ijTFkt556y3BaNFW4fDCcuiwXJ45,1132619,69f373fa29140fd6b829df10e32bf9ca3a040c1a
1HbpyPfabDFWfqqGkvN8Zq4vJK1wLRmwy4,1132618,b618335189c43e52cb2044e3c58f579240e7ee03
1GWrFeY9PCRM59otB47o4bNNH9a4yjVMmZ,1132617,aa2f1047dd8a3eaa914049ddc791a761d74fe6ad
1D3B4KxRHUMDcQfK7trqYrkgJpK7Q3g8Te,1132617,840abc9e3a55e40c987cd63ead1e011db1460abb
1E349uYWyyEZWiKEeRkbBeeYAfdUr1JviQ,1132616,8efd197d05fa420e3133d0613d08ba7b2c47f3e9
1LLu2jqmopHq6afetC8GeZ4B7LTnchpVnE,1132614,d42db9c11c994fa47b1a7c36fc7f390341917e25
1BF2UVEkRGG2vpjFSmMRQhZdYckRFC8PvN,1132614,70584fc912a402dd5cdfe793435f00265dd6928a
3DRK2GrpKsChThprJDhqEwnNB7F9nLBBKn,1132613,80a9209bcf4892edc6ba16af8234a796b869daa1
1Ge3GvR68TtnfmFHp5hoNSPfo469vE8UZG,1132613,ab8b2d0e485bc7e99e4948db52a38ce1657fe015
1LETqVdPvf3GhJjyZSUKvwyAM2YYgJdSXC,1132613,d2f632f448ac7b9a567836e17e51ca78b7158a64
1LsQoGb3RLEvKhb4NizWmrYrt6tHTbKdDU,1132612,d9f30da723966ffbd535c15e7e9c3994d0c05e47
1EYmW3b4jhqQQytcDsJH1gAFjYmhqDbnfj,1132612,949bad6881ef2bdf8eea22040fdf5e2858d0fb5a
1HLf5kXbzj25oTRStc1fKWg12jNjoGQ97J,1132611,b339b47a120c27a600acec311ccd735d010a5fd3
1ALrZjXjKLMUZVwCre76oCwbX5b8BySKZ6,1132610,667a68da16f018bb48c92a13d7f9ddb4fdd8d86c
39AeMVG1REdeMpjcpWAuSCT4MbB6qDLNEK,1132610,5202859156b2474cd6e41c4f19dfdfe0721e0edd
126dA8jyckc1TEJA8GMWQMesn15is4ovYm,1132609,0c086369b3c52ca132455cbbb499d512f76cb021
16GgLLFotXYarRGZH4jHKZDWG7EkCUzxmG,1132609,39cfb3bf6aa5c1912892da41644668b262294bf0
1NuFn6sHNQfvNuZuaUJuDUawHKua13YMjG,1132609,f03c9b713e9cd3f0de3333daafd43910d47c9083
13KsvVePnwaY9YG5tDJz3Xf3DMVQRuJ4ZL,1132608,19823f268c5c11b91074b0c56bd32fc2e90d9671
34kKteV2fbeu87ACX3btYsJqVJJYVTvAaP,1132608,21889fa317fbf7092d39230ee6df30ee037c652f
1Q6BTbXBsoVmpYGSC8eM4PyiH2pZvy4Den,1132608,fd45b403d31db9177528430fe0427eeb12cfd84c
1Jh3B39thykUvNT92e3GdD2b41S5kd9eTV,1132607,c20c973cb10d3fdec08ea7021c060eba38249c91
32CwPS3PuWDqq5p4zcqS9DrcAESZGohddi,1132607,05a8b12ab3150cf23350915f800d21cebeac6cce
1Nba7qWyLRKVopfiqgspE7uTZpaynDEqEy,1132607,ece46df80f4a47695e2f5c2dc69fd161e49a297e
32CXiFJ1M9mXQ3LqazjcGRJz4YJ34FSNy9,1132607,0594edbc529582b36c870c8379a95f04391d2442
13wQHXgx1haxM1CSHkBBzGXfWvHFQdKqzG,1132606,203a269cd5a3f098bf4d370d59078007a29a1353
156MCvMeH6tcpiN9JAZRSPghTwc7s9QsCj,1132606,2ce3731ce16e824b3b52485a6b58804450c703a5
3LSxpmgopEWmVarU1PmbqGerZgBnfiwJgK,1132605,cdc1faa488791556ab1ff74d1d2b6a37f79082f7
1FCYojBDBdLixgK5FS9NG5CKya1kGbqpQe,1132605,9bc0e2f5e507c77b93de7a3a23ae0cbdcdace41d
1sLVmBz346fnCvYFW87BqoN4hPswwzbrE,1132604,0985128b9aa1ebe425244314e98a5990b0ae6003
1F3B7mQCZM6gnbCoB396vK8WaTyXvnW3bK,1132603,99fb09b06783d230823cf31243f6db8044d40643
3PiLZgDief4aWj5VUK99t7hNs8tinT22Hf,1132603,f192be47de12731ba6b80aea0ffa0e03a8f8f0ad
1KwGxUmQoRXB5nY8UC9kyosi9ZgTdMA8Tz,1132603,cfb60bbf1ac9d45d9851aab2fb42a9243d7b535a
3MFMUbXsRRLmYgJUtEXzNA5xzxoKZBAo6X,1132602,d68805bac70b7712213a919ac959903af4bc7c1a
1FNFqpJnXvadVMtsTAqhtLoev2Wq4FATft,1132602,9d96e2a69fcafb9d2bfd387b1851fd2ada0091c5
1KEwxdYrwPWQHtcVQ99h5Qbg2S4SnzW22T,1132602,c8158c97d110c0990a32addaeeeed7410031d14a
18druxB4FkgVjnKAMGbRgCGKDceUJVkMxY,1132601,53c185355f557c0a5a0108817c16994e0e0d40e8
1Mh2gQRuXPbpBEUpojDocQECAykTQS8oa5,1132600,e2f48e5770aa08a6b8dce1f2675040bf5f38643f
1Q7gxDnJ5sjXzMPzMeZyuwAdUPxqKnHCvV,1132600,fd8ebd36582b08c4355b40a319c8dfdf87e0c382
38KqaUoc6Wj4LkQXTbSHK5uCJa7voj3zYL,1132600,48c7824a569ed47240618198ead88e75cbfd385e
1F93wuywm446gHjfyQMo77d324b86Ltnvf,1132600,9b178c6bb8e44122305cc12f3a60667733cf04b5
3GiDFyxfYGAdHtt1J5HZ2b67k28U1UouHK,1132600,a4c3c3cbfc27d73a73e105a833e1bf5037596aec
1FU222FWujWD71zqzbEyQfsyQvGnsExxET,1132600,9eadd7661b7ddbb6af9330cc017a5e9fe361b635
1FmQNGGRxs99Mo7HTWiFx9WZVJG1TfC2vs,1132600,a1f79199c9cdaca07e557b04b1539406dfc61711
13iFTWhuHHbH6tsZ8T9bKoPRawJKVSjGzo,1132600,1dbd5fca9d63c65a92d38cd32aa51890cd66d92b
1E9LG1jQRJRnTNTmLvSBRdHifM2wY5bUPi,1132600,902d0a12f59997f0a73f976adfd8c2d3875f3a14
18cm7aHsrH6Vkqpu5VggXc3iLUuaiRxQnA,1132600,538c435b7b0d5b811b5bdae8642d32ca2e34e8f7
36ZYX5W99ycJH8y9rx3YxsEEUWTF9KrJcQ,1132600,356ed74bc2eeea9bc3a3ef50ba5151192242b40c
16Rr6xcpJLEYAbzgy8vwkvPt6irqzgsQYU,1132600,3b8b99d4e987a0759e794cb785c732b98c32c440
19gemtxba6HwM4ZFEHHiVEg6JW9W2nZB3R,1132600,5f40c2cfbf6fab1c5ba4552e264d0845a0ce614d
3HeYjMjrtvJQnoNwBig3p9svj6nnygaTK7,1132600,af0a7b2dd0a20fdee5282f49c37a746b9f0217d4
3Gz8ShTfyDyYJ5x1BBnGYUFGmWnKGSpf8k,1132600,a7c66691203d6d5b9046b09bee3d68ea8265791f
1CCNKjHjgciNL1wqUo67coeLjWzmahh9J7,1132600,7acfc2388503ffa241f83b58111aa126bd971482
14ULpJgJLFTUdo4269nv3uw9BX2YDo5byv,1132599,26142648dd0100c63e231e8942d04820a2bcacb3
3BMEXMC2Loyea82ef4iZBdzvnKxoPTXDcK,1132597,69f374e57c6ee28f60e6dbcd49ff6fcf7d25ab34
1DEyp8BVMF3TYyMQaYJ1e6MzkB2igc2KGm,1132597,86465771aa3c73663b183aca987751252ee12a3c
189HhP69wVuY3sHenqjdYoR6cKt4nWGXbJ,1132597,4e5a253e79449d681252767e89d143ead38053e8
19mySBPsCQegMJiJqqv3cKVfLYZvaicNN2,1132596,60426adc4517433a6eb07e1463d246a5eb5d9a57
12ofwttPFZJF98t6w3L7Qb5npHuLy35aVy,1132595,13cbc559326c1daa9234a114b148a06ff547387e
32sv68w8m8vnen6hURZQkCgDimDrxNxEyc,1132595,0d07d4b576fb981af0b213dfa7319f1a59e2bb83
3BMEXk3xwVm8DBiuG6A25M2ekpZkdbDNDd,1132594,69f3765942f9c940a2296586831cac3c7b15f3db
1H6jGx1SF8kSjHAGMFqsfevLHomBGxWYj3,1132594,b09761b85ab8676387e26532d76108e2294429d7
1H9pJjjXZAPAsHQgmkqU7G8DYDqQc7GgaN,1132593,b12cd442165fb94b6365346904a30d8cae2fe071
1F8HQRdEir3qdABaHyfu85wtzmDLxHL5W,1132593,02abe721eeb2276aeaa6bf4190deac56dcb3cff0
3PCXux6aTokf1HWdcp8CUDCvgsiHDuRymW,1132593,ebefbd11f68e06cdb4587954c766df63904a512a
3E3PQ3bX81ET7n5fxw89sNnaTMMcVNjyxC,1132592,877bc11eb3e6ae5ea64e939d9c1f36cab9d84783
3BMEXcjBNLvWkfoWencyugSazLeJ8yTutP,1132592,69f375e22858a14f7ad89c791b0ef580fcb9a066
1HJQxee1yEArNbZW6i62qkyp4covXgAaRL,1132592,b2cd15910c94bd45504d20bfd1255afda8cc6439
1D7hZfqNs7jSrE8KpAwXGATm8ATTb7VB1e,1132591,84e5dd9dabd7adc9baf71b6e657c17c6b24724a8
1AzQT1TwxMArCSsT9D4wp3n3MPp7YBaD9,1132591,01e3a98f02203f3248a967e018c3b7de3675d24d
1Nf8pYhjVycUZuqMPJuv4jDaTfdgCVGZr,1132590,0418918c2da041aa63481eca4ff4e613cf4ac23e
3KrGF5BncZZ1pXp2EMKv3JPfkHduqbHqpS,1132590,c731f607b8de51e858b91cda457f8188a93aebe5
1SQf4QczGrB2eES2ZShGagrvrUGvBNQDF,1132590,04ce256f92f104cb156d72ec52d6b238b01c4f12
3Q7RAtDpCqaYTpiCjjBoByYcKwy7tBkXXT,1132590,f5f027f9593ca1f6707bfca2a934cd600cf2c815
1BaajM3pU6RYMUAbhsK6u9uakkCkz4JXmL,1132590,740b241b7c9d9973ee6a51304eec6986d69cf5da
17s688rmKp5ra7tR1VpRRtXVziuku71Eqi,1132589,4b49d44b98ac7a1224d4666deec83ee1b612d101
16DaQmm2iCuQkKqvEzXvtvP7Yhv6HJ6jh4,1132589,3939827571730a3e52bd5c496fa3fc41af81fd6a
3F15A2GBQHM3Aoap5avauSPqJKwpD8yAjX,1132588,9203d21dd081dbe837491f6a9b407b39017a3101
3HeWfTPaEkoC1pV7NhJ7NySAxaJhEhkk8W,1132586,af08c1676e079c45f6569b221dcf34763989cf8e
17Y2C8xPoa7vfcLpAguLCS6phEUivMi8cn,1132585,47aea5024b6ad6265b858c3c59b1b3b27eb8860b
1AnxxL1ueVxvfGFHr9Mqrzwesq51DaPpBU,1132585,6b6a8eee2eaaf8e55c8dd3cb5e312957c1ba6247
18RpU1bqXshkWGzLgzspJgWNwXuPAhmooz,1132584,517a7c665bb1f67058725a58f27bb893f95f81f4
1GuBVikvGB1GiphkPty91j9vqC2jdLMtYF,1132584,ae684717331ae8c0a174dc16a4af4b54db39615e
39DKyp99DfEdYoTmANo3B8udiBUrDvERZ3,1132583,52846e9a7021cdf363be207e3f3f34935b7a8bb5
1D6H5dwsZn7k8ovMT6gwMd3pRbKFRkxRK3,1132582,84a103179e68a1aa3a5ae004ce5b13b3969d904a
34SGFsuNkPBxLbs4Ncf7veQDDpaWMSPkpf,1132582,1e1e1a51a50b6eef41af0debf7c2bd96ef90ec46
19fP8uDezQiCQJQuHuXEFWz14wB7YG78Ea,1132582,5f034a8bee5eb90fa7324683e8bb2326c6df1f37
14YyjaJbdKYbQ3JwzvKy8F1z5ruLta9o58,1132581,26f4a1a0966db7dc09e8474b468dffdb7b7cb525
1EPRj37WKHPwZaKWAzrufJJDz8xE2RvW8x,1132581,92d76cf06c9c5cdc3e487a6e17db4d877d58ddbd
1Ar3Nov68DJZbEubiMezw9kxqGFxP7YDHZ,1132580,6bff7f615bcc17a49dda11e4a100c4c79c0f5575
13k5p2r949kUvapTUPQhzfup2jAZhTC9J8,1132580,1e162763240028d2e8e945cfeb15efe2741ecfc7
1FFUYbVd6cDQVRmke3x5AbzRy3cKvomjaJ,1132580,9c4e93df4c66364cca911805131385b5b152fa24
1NjzeD2ZCEYaiYjHUkEw9iUYzrP9DJS6QF,1132580,ee7c3a82f44a9ea29cf881057385be50e8582b27
1AYuWCpirCEUDP73jqL8pXCJjM4gQkQdLp,1132579,68c1dac6d16eb157e2002f11c1033b5cb4b2848d
35bStE82Es6aqRaSwrYsEjSRNBYMzkNpRc,1132578,2ad2d7cce8e9c9590ff784c014c1786b0100a5e9
1CZShMDAVioGsHth4nUkoxV7zzBjsRVjqA,1132578,7ecc24e0fb110b9bc9693489068b7c5d85d1a314
3EiXkJEGtzHPwm7DrZLt7aiwMDZjeQJ1k2,1132577,8ee2f2490b3033b53baaea99e559037ae5f74b9d
16hiPsWYheWt5nddE5s9XZzMAfqPAzT1J6,1132577,3e8bd25687f762d7677b73ea231740cc8f129103
17BsYzFNof3ivCxMAtpXo5SQdM4EszSaLV,1132577,43df1cd29361e732f33e6595a00a5e73c24daff4
115ocpk5HXM27MyDBVZ8goxHG16pqZgX7P,1132577,00e8940b0ed803dfc9dbe9d6d84870dac6620bf8
1vrUjucPm826WndZfk8zqmwaf3AnWpsja,1132576,0a2f592de18dd69fa87c5d432a65c7733020c70e
1C2YiCksbRu876iVgEX1CUHcFQMFmuqAZr,1132576,78f4452449fd3bcf1841ed13bc370d94e2018016
39Lmdpwp52UHzBySgTKi6maLYfBM3nnM7Y,1132576,53ecc28497204f4625a78b0321d54d3037697224
1KHjc9nXoqsjmBu1viS73x25Ux3zvST41X,1132576,c89c7c38f748e03dc7b1e1f7907a7f6eae3349ce
1LWzULLtAoHAeb6hFQ1FMmzf5Jj7S9F42p,1132575,d6166d68e01dfc6edb57f275b33f91eae30d650d
38dacjW2vsFJbYXpWciMxmyB7EPs7A3NyJ,1132572,4c2281dfcfa9cdb8bb9c9994c9b1dbea429eb02a
1EgbQmuzJXvMuQejqqSg6Fns2F69s9hbqH,1132571,961694e65131e291c9e2083b045d97b926a8d881
3Deze6t4btkPJ4gGhxQyz2yR5okBLWfvsA,1132571,833f9b28c397505d854ad3f1af57ad556857b151
354hzDZtdRJCmqg2vkFNe2KfE9VbcDxETM,1132570,25028e450dfb2f8c49e3448ab74f10b318d07fb0
1BsjezWgx4jZMeuFjyY8rMLoJc3rSQMeLe,1132570,7749a99cef98fe3c9624d17f95b4c88ce4aa240c
1JNwcv96Ltmx7qAWdoCpJF84BT1VzNHUX9,1132569,bea077a5a4aedebf0ffac10b947a541466a48458
1BCjUgXvFzU4msXyGn4vaHj4wUmgHxwXv8,1132569,6fe94aa9f79bf72a33405cac50e7bc361eeabd35
3GZdkkZgWyg4zbVBXWwdqArNrJbtDUAaqR,1132568,a324782bfaa9b4a3575bde020429677db5f6d181
1BktwCCZdTzaFvMxhpLfFHLStpV4aukPki,1132568,75fe7f2f7b8710757c8c847714d7a08d6bd66870
3PktXHNgVFfjE5kHxA8h8bL5TFWcK9YZtw,1132568,f20e40c52e33399cdaa67be40e3cadded3ef6a1e
1MvM6EqzSicvrE7imdNHHJzKvCjdubGyfi,1132568,e579550b8470fada90e86c36b608cfeba0485cfd
14bFcznn9iA2Pa2fqKk17GSquevEYbTd3F,1132567,2762b9885cd1dfd9b8d3b12b936eb846f9cb38b4
3LubP56yHPQwuybXUAB7jy4HNAP6TxQ4Qv,1132567,d2cb4f6c298ec43f557d4046c551dd8ea0142781
13q7kznetFf6kVFf44n7bW9K3uk1q3tsSL,1132566,1f09dc07bc84b95559226de863dc74328aaf53cb
1NeofkaCncrEW11vKov48sn4xo39jmj3LH,1132566,ed80fd172577334f68ad3e929d9553b75f1860d6
1Hf3qPMTyEtXwTshZTAsE3vCsyjDouWVGq,1132565,b6b42f5b31cb913bc6b83e4ad67048531753e1d8
1PS83CVg5ozceinhozmVXYTQkXXpd4FBwa,1132564,f6130a8e169c31d59c9ac488352b099f803b1739
3BMEXBWLDUazZKCbyQUHzoW7XW1FBdQvLi,1132564,69f37447fed7139fd2f304f575d231a5f7a08d85
1Df4SsmANKUqJbgEZVcXk13JCk5kStWVSK,1132562,8ad4315062b7a1424cbccd108890028bbc209636
1EbzpPvVwn4ogBLcCc3P9apSpkEBo7on25,1132560,95380a8da1d09485f02e397493b9ddbc39e16dec
3QJsp7ssfic2u67Wmn8y7HnPPkUPBh23kC,1132560,f81af8a9dd30f63946d1d8ee7d12b5874695bbe2
3HbpqeNrGbdQeSH5uTYEhLNT1FR2SVc8zV,1132560,ae86ae0d7282118fad1c7b4c4ac763c50f88c0e2
18RtoaRZppPdu6NwTEh3xVfYRRQtp6FoF2,1132559,517e1b481695230c58dba02d51e52fb2cb7ee6c5
1DnjtimGqzY65a2gPrxr4pLAzHktfLiLrA,1132558,8c48082a43985a26a0243553bcca660332e79d4e
1ALRyL2ChYJr5SNxUe8YAMd9GPzf1MBzxX,1132556,6665e15595b5fbf593cf3f46ca406e7e59c44e14
31i87Ttni7Zxvjg1FSUAfN9WJwMGdfwqT7,1132556,003594e94d163801963f12a4621442c8471ba5a2
1QJhXajbCcDrtDqFpii4RrqAYxrUrkVDmq,1132556,ffa3cb7a82cc9c6c2b3e256b7ca16e11d9cbcd18
1Q6tEFpLPMDaMU6RuibGzZH6iXGAdwaxxZ,1132556,fd67bc7c25d656881e76358bde420b39f8176960
1FNig3FCaYV6S9rpLB1PWShZxodLkAocMa,1132555,9dad4879ae5b663815186cb13948bdaac7abd8d4
16EqvDbchri2Dqg5urKFpJyT7Vp54naySM,1132554,3976dee7e9d9d9e052b6385dabfff7d76a15e6be
1NkJZdY5kdJpQ3MU6F1wCEh6Hz9JFj38UY,1132552,ee8b3035ff0ad56be09099e292eb2f64062f0d8b
15m4qWk4NQza1a4UKajppkVe8k6wETAiKJ,1132552,3436020881ca09088801ed377db1438c4ec19fd4
1BmU4oAsmBQgbop5bCmJgDh7vZR4e1D71t,1132551,761a273bc0b87cb7efdb79f330edcafd8769401f
367evgMrVhLkTmHbMNUjwmHtB4ND9cqZ9z,1132550,30895fcc938d66d015fefd7e577e3c4a1ac26a07
12KnKx7kkMaHWvM1SE2RDKk9K726SvHB2E,1132550,0e85732f86754608fce0798fd52943060d173f51
3MJowuDWYhZbQtGFk8YjPpXKB1K5S4maq5,1132550,d72f5df0d262997bbb95b7629dcdc4b56a719641
1jxeRJy95gXnS9DY9DNTtsqctTM6qte9U,1132550,081febaea17670a51dad8c6b86c68da5db378eec
15uHxVZxKUKAhLKqPpgn5vWMBvQwKAY3He,1132549,35c449b6ca3168ed430133bfd78ffb89ffea3060
19nAkvavyqFao8bMyQhCxM32X2YKKogmWx,1132548,604bde9a4594f331a2a2d65abfbe42b210276fe8
1B9GojUdk8SQru3txExer2v75XyGZwd7ej,1132547,6f41c78cbcbbbda2a6dd29d47998e94798e2ff92
16sQv2Ycpg8aNcLLvkkmMvdHTWaW81mAUz,1132546,406163be32fe084028341cc05d1721e5fb8a173a
15mpU2ZwJarVfSHrXCVNY9Xrsjg5VhXM8K,1132545,345a6d956d5c0ee3995958ae1ff034da449a142e
1MwANkNmXcV5v9pk72om9Lv3AbinkcAxA5,1132545,e5a0cdae0e2922f41073ecab44439968a3f6e3bc
1Ksv7o6aimcVvwYKgg2FA5rq9iAQaLoWgS,1132545,cf1366f41ab60770abe747633d71db5e857581f6
1Hp5H1b5btcQ6JvsewuFSZykxkFvBWiDT7,1132544,b86921d7e019443e228cd112fb490bae4181036a
18b1yqnPvVS4zCR7hMJxSdbEkJVtmKg6Rx,1132544,5337d75d2f40a2b7be70f3f008a36d38254e7115
3JBfm9j4uToXtDWv5HraVoZtoMQMvtW3fo,1132544,b4ed3ebe648b6d0d04a482cbb2fa515cfbbac965
3NQ7u2m9SSDxD7J6ZenFFvXdPUZ9bpnmWL,1132543,e3288e9028375f75ee0c484c42ce89b79a03990f
1ARevPccFHBQreEB1No1CB9LUfq5sc371o,1132543,6762c503cae4a2714d76b29dc4a806e834162b9f
14fD9sMepyC9rJv71LNnuFugLgNSqqptuM,1132543,282254210fb9507fe3bb4a33cdec0971b46886cd
3LwKHVFiauCiZcsMy36AN85BiTDquqXM49,1132543,d31eb4a760afb8fa6954cad802ddff145640c050
3Pe1oSz8bbMzdWNrhTc8UrKgjY9o9dffJ4,1132542,f0c16ad090fe24a6bac1949912ccc46161f76b9e
1AHXz5fVHPEKJzdPsZpZyTLLvSbsuzhMH,1132541,01c18bb43e34b987afa8b8460dd64447548fdaa8
1JE8EVRywBDfyL6QCyqhDC5ihPnmH8WmWS,1132541,bcf595526e9013bb29fda42ba93e664b4588877f
15JoDq584nUX2PzcnSnrRn4ZBm2FjufZxc,1132541,2f3e2871f5af9a7fd537db8f851a224c29990826
1MZ7XzsvhSnm2ZTzt7upNr9NxVcRcPiYrY,1132541,e17547f866ba1bd5790a78d575d913c3d5f5cf0d
19gu4MJdHRXaEYEJWmEyuhSxqGwaMYxrdg,1132540,5f4caf35753ded9294f24cc1569a2cf4b3618ab0
1FYsmHsZTT5kCRH8ECvRV65wFTLg6mkAfK,1132540,9f9907f8a474d36721f0d3744f941c6b35557a09
13GCNzVv2jWD2NVQboP1m8iS96wbynkaGx,1132540,18cffd66253efc2283051bfb2542d7ea84941627
3BMEXmMnhZ582VvgfsUrgBFEZPQKKT7Uvi,1132539,69f3766e857eb9da38525b7742c945174376dffe
33zvv62Mna8NphNvRHp26jNWLcevCjAHh6,1132538,19538efb51c4612c72648edeef468abe368c9b06
1FYqHBKWo7h8ndW45kLyRiMn1eoArUf6M1,1132537,9f96f4fe8ea9266575139426cbbdaedf62db25d3
3EtCJhyu83LkyVSsf8qCEqcuCmEssQkGgt,1132537,90b6e099141ff327220ab58556191b16c0e857e5
19bGuehTyAh7PyGNKwqjAEgfnxtV7jrtTU,1132537,5e3c6d97df661e3aecfb72e3e765140483c0d1ec
3BMEXn1DFYSK41isTjUNuNZzzFvcC4j4Fy,1132536,69f3767903b251de2788c49aa8604f25086ac271
1EJKvzdHdWM6b6u9CLqEx2evLh5JyMd9tu,1132535,91e082601190a87a2a9845d1af42f838632f232d
15VJHwxW2p3aKjUwmwrYE15RKzYNoJyqg1,1132534,313a95b9c5119a31f2a99af2128195a15a18190d
1KSkLev9YxjwwQe6VtTPFRQNntSgNGupzH,1132534,ca50d73226fa84ac23755ea089be9cdc498b6758
3J1rJLKjJncK2aMdWdv7GYfLEbrv43WLMm,1132534,b311e1c0c82b7e2ba89ee8ce47ede359e268e00b
1AihUx9GfYne9pjc6La1oZed8wfKNLAWcW,1132534,6a9bfaa5356f7b6080bb5c853bb5b2d218b5286f
35eicwKA34DSbz8jM2qaVTMnB4rJm8i5kH,1132534,2b713a17de02aaa36f2f92c053b40dcba681e455
115UGRT35dtyeiEbppfDh8dnAtVwWcbRHu,1132534,00d86c9c9bee9a23043e759cc04e2ed9f6e2c0e0
1EJUV8t8Rw4AUHBGpd5LEeEBizemzzsLA8,1132533,91e7a662eac69207f1c9f4bec759dd4a69937c60
3DNUWmJatHy8MsZreCEjEyuBgxJ7suqY4C,1132532,801fcd67605eb8fc1a2b4b02eb1c3c4de73a5d3a
1156iwN5RFGimVyCLLmhsDCqFeWqxyDhb1,1132531,00c670f36e5acd8e33a5d8939cb2f96cb19a8164
17CDA6S2Zc86BFmHa6dsjVCU3PW1sFn9sX,1132531,43ef7a6f0e940118e00ff4cb8dfec80bfd849b1a
1FHhx1ExcLwhDDVo8fMoDAJ9vpUzsAjCC5,1132530,9cba992b88e24d251bc50def6b951cfafe47f1bc
13osTar3nup8xAknt1Bftt8sh812ALPBFi,1132530,1ecd819d6d9c453fa14881bd991380248a4c9ca7
bc1qyvuj5a25y4fe6sx4h23saddsjptd9cew6jcy8m,1132530,20641c2970531c061d3a06538a9bacf3161011829133a0ce9c17
bc1qc63jh9tj23tj2m46cnp67m76ccwyaktm9ae8py,1132529,2063f78c058ed722e3bf8c67523a2bef4ce661a4d19d970b0d4b
3FBXC8Rh5xdS2DuA3wiZMPqr9wKhiW57xi,1132529,93fdb6e35abc8db7a0d2685986e99f51b647109c
3BMEXpWA4tB2nQYXmCpdmvLQCm7ZHYvNZH,1132527,69f376a1a7b07cd43f06e3a2fd8f679ea73db377
13GLR7KmAxGFSQLRvDmHJJ3LNz1Ndgxb5T,1132527,18d6b2c927df3dd39a2b23719c19890be16189aa
3BMEXyCuZ2d615D9RUoqSAEya1kHtaY1wK,1132527,69f3772f2e0b790a55a980f27fb5b0a6ad2b110f
1FBusXeqfkjSxuxrdPNQSzrEpntHHk4pGa,1132527,9ba20e238cd917d0b7cd1269f8cf8371951cd6dc
1FPmjPfjUYwQJBafs39ozJqPHRxY1uMr5D,1132526,9de04068079349232be143567ad543c2bec4ede2
1EW2wvNx6QY4gifS2SLAZFzSfd4XujdT73,1132524,941752c2047d7607ef43a850067fe9e427f78112
149TQREpKfSFGkJzAEuBts3X1rsNjJqBq6,1132524,2281beec387d899ee9ac7a8af01db97c7dd5ab68
13GP9oJnw7ZZcH6CJvv43d42fdnxLqb7fk,1132523,18d8fb77f8607f84ca2659eb0dd067bf31e93304
15mqPMK8prZ2AtGxVrmBCJ7wd7TsNaoiL3,1132523,345b320cdda2475f4e379e4e663659653c93a329
19VsB3ZbevmEPxBmHWzfyV5kQvv9VKNvhi,1132523,5d368920e130d3f80dd92fcc793b328c634ef453
1AvyJW2USwH112pv26sZJwLpZGmcHZbUZ6,1132523,6cee2d251e3112159b72a60b9b74a2b2748a2665
151BnkCk9piQajgU9SPcRwPkMQ18vX5ZtV,1132523,2be98253de3af60c27bbf4b89fcff4cbc0fc7c44
3K3iTiTgHfRn818dTKknoGrJBLUMUJGXeL,1132522,be644be87afcf84a97aa1299c0da2f525daa8c00
1MduU8sr3SUp8epa18MUh2fc47TBaNyznf,1132522,e25d49cb967d855b5859b56163b90d815baff5ce
3AxDzxDE49LhXFMW2buvnAkKh8nNcMaHrH,1132522,659973b85e469b5904e9f4d6e0b6ead89e212838
1AeRiD7Arc4ha6T9NraNQnF67YQwbN3NFx,1132519,69cd266159955e10586eb075ac6cb80c402b7d9c
1J8jWS5gbZPgjzhwccRj3tQywKNiAc4ccZ,1132519,bbf088930c37696b582bb034352d03a0d8a8ca78
14vAmR8kobBZnwe3wu9EXfggTQMJiaHJAi,1132518,2af6934d7d04ce4d848669e55721c9ea802e6988
195CQCtzh5wr93WkAB5jAnAETsCqRoq85j,1132517,588c2fb9fd0a77dafe79f6b4ee6eae40760a1291
1MDHhyDgbsots7oQXeoKQzzjM5sG9b7YKD,1132517,ddb573f7259546b8d8f87c8ca7d40339d00365af
1HqRi8jBYE6VVvp1bqaJarABvjoif1zcnR,1132516,b8aa9adae27eebae9fb5d6f5618938eb1eb8508e
1PxGNTc3igwTBhbMtuVwNZ2ZrhmDcTpn8k,1132516,fbc679b0b52ef320647bbeb0c06cc606eedcace2
1NYX3Ks7zi5iJZsgBowRAjt7vYCn26smKc,1132515,ec509ccb73f20346f474efd85f26077a80cded2f
18sgafpn3XCyPeKPgrMRDxAqLqQXBB6Xza,1132515,565eb7fdf4ba0debbf48de43eb047c08e9d6e324
1EvyvijCe3uvNJNrSsZmSdSWFfjUBA2hLp,1132513,98cf336507b318d69993a21cf80a6d115d71e547
1Cq4mwcF5LTBmgTwFWrgSS1kjDAUNaDNZu,1132513,81c0803972587a8de07118e751fba29974a8151f
1AwqarsZ5giaiUZLCkcfE8Cv5iZtdctBLU,1132512,6d18265284fe1b5d365600df30b3d2a4516451f2
13UYLncTFwyAgiRdbEnSVYdCdJTNSoDZCn,1132512,1b25a5120284672e42f00e9c9f973c3b6365bb66
37YPPFnRKbGwF8AooujJq67GNZYMHXDnXo,1132512,402eece7cfe1ad6027a1abb442eddb4b96ce820c
13jwaKeagaHFCc4tUqoTXH18CecUMhvFyf,1132511,1e0f4749b69af45c67d2bfdf2d20a58aa2325176
1P6NATSTuiwtYNJMjaYpm3YygkuXUjvbLn,1132508,f2568357fd46cc16d9832a3a2c4b1b3b2663ef3f
16AwGAEHvh5GewcnUD9tmYPbaJtcpHSjZP,1132507,38b9aaed20ab841338a7bec19b8e354d7a1f110c
1CGUqNDxFjtYrzrNmMZnvLzmtrFfB9KJ8m,1132507,7b96db8c97224ac036b25dde79eb0514bea0a029
3Kv9oGvj9archeVbUHWFufpcJHSzcee2yA,1132507,c7ee3ebca822799266c0c0fdaf2388b351afe3c2
1AvGZ9HLV5yTS5whragaBRg6VRoip1iWd1,1132507,6ccc2979730f4cbf53e4a8e1ed0cbd9207791c21
35QQnFtM6LyxZbuU6vKdUNomkZLcrAVsEc,1132505,28bc830fb37f4aee0d1f7319356a1c4c2bb0e945
3HqJaE2ULajXJ8pCrMuWxZPR8hj7wR4QtK,1132505,b1133d1ad2eec6af4c486949e77d68098a97a9f7
3MATAyzUt6PewtKp3mdg1nReyoGQXrimFT,1132505,d59ab297e60ba5cf0121650a33cb916a9570e133
18hc9faFerq6b8iiQgxGmA5GeswEEosTHe,1132504,5476dc35e6ad3fec84ddeee5f29e0bec31da2aff
18AacZUZzN17xmSWk5nUjo7EyQyqAEvV5r,1132503,4e98aed59f3d2078bdb1b64c6f8fd3f6d1fd2ed9
3B7ovD5PN22iDKDLomHjRK5wgMQSQN6M3L,1132503,67698259fb939d022be4d88830ee112c85bf9f35
1MCoYwEUb4uQVCbc4GCMUE8DK7kZLE9xKZ,1132502,dd9df32255fad6b655434c6dc289ac91d935557c
3PTMF1PjWoeEHwikdb3gGmU3xBffgZzGSD,1132501,eebd11e61f32a6dc4c230b45f8405e7a697b768b
1KmE2tgj8GrzA649cq66hSqyyqXai4ML5,1132500,038c677bcbb59b138e98cecf6495b8bd1c309a79
1EKdQaZZsSdPdiqVmLmrkb1AXkpibcJLtp,1132500,921f835d313b4965c9ae8e1ffe3f77cec9c3b631
18s3RwPdKykcuC6SnrTEYG67WPZ5zESDHm,1132500,563fb4fe505d27dbe9a81c06bd25e11a415e183e
1BwG8r8bYZmjEDai2zxPPJJ1exeYwM8G5p,1132500,77f45aa51f0bd47b0f881a533ea2b64998f52598
1EpXYpd46weSGVuSGQvaMpy4o4vQ2PbeVi,1132500,9796afa5174b3b720085e20f7ce22e4f1ec45f6f
19nqWpjSpmCaP7Yohwfcn4HrbEctG893k6,1132500,606c38df3bce827e00f4b55f2c336e787ee46952
16vkxLW5myFKgdZ8dz2Rbjj9KoyWCquHhQ,1132500,41035dac0543bdba950a3882767ca21a967b8582
1Hpe8LbpiRN1PUft8qdqmq7uNJDjcZBWpi,1132500,b8848ded2043f895f73e481214489b210434cb3b
18UNH3m72hunXkZsGCjKF1LzY1HZq2Rvg5,1132500,51f5df5158994b54dc1de5bed415be08264936e0
1NJZbeLVpHSh9GaAVGhnEftWcY2NHSAcTj,1132500,e9acec75a5cf2b8637e9dbe6d84652753b1556db
1NBihjZcGtYGGBCtNGJsMYFzP4u8nZSWfq,1132500,e8619cc6ed451566c45b70bea986c7dbc0081f98
1KRNYNnatFBYKpiPSVfQXA3WdgxxtZigXG,1132500,ca0e3a8aa321edec7c6dfa300b725c54e488354b
3CQHCVp2neej2ZUSM1skDGJMAu9ZQTPWsj,1132500,757f10316569ebcc4ce50859e84f1b94b77c69b5
1PS7Mt8fM1XkdNW4HkcFU7GcSkGJosE6Uk,1132500,f61279b1ef73c442e26227ea668a834385d19994
1DH9FBwwck8ppvnp6Ptrk6EFt8vV7V4Zwo,1132499,86af0c0c9cf2e76f87eae355b1565f8d86201b0a
3EhKQwVEu6pt7vZRQDA9JwobNrQpgfoJu8,1132499,8ea83c19b9803cf2822d235616503805ba367ced
3Pp67i5wLMPFmwGbc4j8GLEjn1LtGN3AWz,1132499,f2a92dbf948b04d9e7f22bba7a958e83f3718648
32ETLTn5vfZYfRXQMQ1xbaoKca8LpboXyZ,1132497,05f21ba6ae2c04b82148c14ed48776d14fdb837d
3HAC8K4WEtBHNHDMHzAdV8nybJrGyJMc8y,1132497,a9ada27a6d0ea479c96e33f65291567aa2047b27
37NW4co2jfNjMtJDvA7mfiQ2jTsVGvKNSQ,1132496,3e505742800f8b9992d108d6c1dc02cd9c034990
1Ned51V5LtkMzujqiaNXPYWywY296dok1n,1132495,ed78241a01067d7207fb03f207435343917a61c7
32dexEWjxTgsgFs4LydLoMUxgnQnYrGPKZ,1132494,0a555f4f6038c1f03a4c83d2af2e0b34230d54af
362W8GLVcJLmqQ3F1esBVUaCD9rFxZspBE,1132494,2f8ff2c5e2ac8abd353c2789a4f2f6691f0ab61d
3BMEXEpQ8BrjGJbytCzZzBd7JoqyfRRod8,1132493,69f3747dd93767b4b597971cd6fe844a164a98f5
1DNnEs3z1k8PHXtxMMgEk7C9FRTzH2s11P,1132492,87c0021b7fb22019d301ff2927e7125ac2a06115
1KEsE58trCuWHo4xrdFh3qTmmQhWZUK8tE,1132492,c81198feb6c0334242a6dc5d33f84f0b8f5dd23f
15hsMv5DVz2Janxtsmb9WRxJ8uGVNVUcXH,1132491,339b2e36b143594b712e19b93179be8ec3429a24
18cjkij8kREJWBcfwLEWUN2Fk9tY2ARhDE,1132491,538b20d25dc267c301b0a7f372fd8bc1fd175cdb
3BMEXW4Gk7bDobSRV6cFNJhqdeJC3opmKE,1132491,69f37575ac9594907039326b8607a0ba29821c54
13GEDCHLXgGxZBPEXRjMPxzUVE5vvBhMiW,1132491,18d184b2f955370dbbadb5acdc190c08b4792e52
1PzzFMMB19kCVcPY47RHXrafVwCY9iSeZ,1132491,04598e690301a0b5d06ff1adc49f5009bdc79dfb
1K76DzcETLMvuFa5F8yCmJgFvyFtPaxqRh,1132490,c6991ee45d21b5cf3639207f320bdeb5d3e622e2
3BMEXNShvqhqij1VGJymUSFDnA99XNJKut,1132488,69f374f9dd805c5ffe95f0d8fe6f41ca1593a2b9
1L2DwnivCoWauamqoYSpiGmU4x7dPtdkPd,1132488,d0a59c8a2cf0ebb91d62b0ec55adc530384a57ce
1NM1mFAHjHTZuozKDrFRapzr3mtnsTjy5u,1132486,ea2398f40698d53e8dc1f361c63f1770fc18e4f3
15gLeaZcWL9ay17fYNem8F5iiesGrCLfSA,1132486,3351207c066707b24ac81e4b8b8a252901828753
12xXd2QHAe2EjYWBNzsRrWNS8Qzf3zFHyv,1132484,1578909ceb9c18327fa6bbb6010596b8d43a000e
145UgJS2yCb9EQVDgpBDrToqBHKkpXByM5,1132483,21c12531d7b6760aa194e1f3626eb7755d748a9b
35Guw4eTXsetan5y8F9AC5WojfAbm2tSvy,1132483,275184dc5a2b710e1d2cb502aa8ef1a5e6fba1b9
38cNei4acvKjcHjUM8KxEMbWTFQsrSTTEz,1132483,4be81a4a01271cd659772b6c6f58161ed229db8e
37GQZtsePu5vqwSXgqszw3FnhUpE4FUpUr,1132482,3d29420652df27114db348d39affc87567e94187
1CCgQU9me82wBXKbd7SRLYRZ1jFXBtMzwJ,1132481,7adeda3f01409821dc3936695c7d4aa30a72ca9e
bc1qth8vxf6ay8awqmdzavgduvecgr7ua2rhtyjzpe,1132481,20641361d98f7d84da44c84e4691a41f7c8ec5bf34ebc0dcbb39
3KoqFQt4oExgEDKox1q5RSc8E57PAkjjGV,1132481,c6bc43db9ce9c9a6a257ea907d860956f3552932
1DrmKdnZ88JS13EzyV32sAVekkxx5dboj3,1132480,8d0ae39a5e917a53bce8ebfca0e56317e3b7f291
3BMEXw8terWRUNWyPueBPixAFTYMVotXWg,1132480,69f3770d87784290989233462290e6071327bffb
1KHB1pnsSXFQHnvKV8kHgHn51idwEKWsac,1132480,c88147684d7340ddbaeadd9409812faf305e893f
32o3ts13DTzYq3essZgMdNtXA4skV7Re2f,1132480,0c1c44522d1b307faefccbba53e3faa296697ffd
1ACPEjjQ4def2FZBfxQiYd5kWaRFtMVJP1,1132479,64e0451f962daef86b2d4bc48bb50d1ca6b5f500
1FJnBGFQeFYqjDn4iTxAFdatXRDyAN6YcA,1132478,9cee8b4cb49cf3f3a660b130309bba362e317c75
3B6Cp5BKh2fY5fxc6frvnRNNUXdhfsN5n5,1132478,671bc9d3570fe1f019a5012850655fa238534ffc
12TUKbhvi9prHs8LcoC8s8bGJLFoNE3uCU,1132478,0ff9bf36cf812b592b2dcc7f0e9632ad3a00e63b
1LQDHAHet4qosfnC2sUQYgy2VyijTYb2XR,1132477,d4ce34e9b4d83a16d835c70c5101ba1b2703d3c0
1DbsiG7JqKrTtzQCUsg9MTD8teWXTYxcZK,1132477,8a39fbdcffed4e863767e2cccd6212abb77afb35
1BM1beiwmEwNR4DSZyXTWmBHezknyPp1LR,1132477,717a13660172c180f14e28c2aa135b1272d47964
bc1q6v9pm7mppk984yv3355tstfkdw9trkesgzhzsd,1132476,2063c6a5d0dc83c238bde60e4cc163629a6a24dc5eb10265fe22
1P9TBKiUGCkhdXUaden2FDXHaGRKuXw8NV,1132475,f2ebf27c805d7922bb1927f168b77e8f7d597d11
3J8a7KSrVeYYbPbrVEtu4WxHeKGtH9wiiu,1132475,b45747673f333449444ff19515dcf05d497c8359
3MVeKo5tZYMLH7J7hyBQ7zj3SHRL18DDcM,1132473,d93be8fa23aa72e5f58f9d2c8e90301360f6e059
3D4sugLFYzK4XvM6eZ3BXt1JBxjP4NauzW,1132473,7ccbd8221f9d58ca95b6a2f6da95ab8d28187184
1HcVhNnWBtp7TEjZkLz72cZw8rTAieXWQx,1132473,b6388688ed9b40262309174783c5c9d4458e50fb
1Dpd5ct4UTdvXpsJYakvnTGNvM7DhDDcA,1132472,026cbe937305def73a5ff1f3c144a22b2778cd44
3F81GwP2Uk6PK8gm1GALfFiSeGvKD945eb,1132472,93537e357755e139ffabaeb0b19024da26080f98
1NHRCVCLYAULTXcEUTbuwWKojBjtDz2p5Z,1132470,e9757f10e8a1fad228d200a655553f0902e17f9e
1B5AkgwBKaPHukhGH6cEUdv9d5QQQD3eDQ,1132470,6e7b1033a9747e814abd8ef9f5de173e36673d10
35kaALPavXVdUAYWjDy3LA451W6ZqM9cEu,1132468,2c8ca9697b53a9f41faad186dfad40cf8f68d256
1E1wBz8fsxpuUASgAoUWCxLQ2x354ZkBMi,1132466,8ec6dec6bb06a21ce8fcab517b316ae829750396
14mQvGBUq4zMYwgTdY6XJxJhELGY7ATYhu,1132466,294ea54a623d08a400b7aa38c7c0733aa7b8742a
17G5wyPWFNbhvSG5V3uySnb3ZV2LDKRQXp,1132466,44ab1fd4e373da98ed1b602e3b921d177688d5da
3CzFvCvJNRWcamC3U9iWmiWhUbBu2RHFDE,1132463,7bec230088ccec830e0925a7fd9d7404fad3a01d
1WosaMScjqQgTkEz4T6MWDWjo7QAUVZkP,1132463,05a3308d1e3e5faa01f09b1cf6ca3a76d2be7aeb
3DacGXoiSDe9FvuGNKFBdDNTxgjTfGMx5M,1132463,826b44620cbffccb02754a1d82fae541015c5f2a
1N5JPNqy5Q8uzz5syxTfMBpcbqcxHEtCrz,1132463,e72ad1787c14a71fd8092605d60c3f7cedebd0ef
3NCYR9TiDVdc5aL9qBLLmWo8ePMmW6nVs8,1132461,e0f80870c21f22d48ecfea561c9626bf535a44c9
3HFDNeb5ksd8822EKygdLumpQBinPdFvyP,1132461,aaa0c16e1b65098a1ad2fbcb3a71b11a975a9837
1DXM4Tm5Eys6M3xcS8nHun5DtQMzhh5Qpd,1132460,895ebbb555b568c98a9f449f8679fd26876ec7a6
1CT3KuxHYYBpqZSEqGo63JYWaAXWJU8c57,1132458,7d9623edc58484bab07c91d57561d51b378e3eaa
38NCiCKbJMeQnn3vBmScM7FHoWgBvWsbxU,1132458,4939fb59a24fd4545161c7aebd0bbdeea3c08b7d
16uJJ9rTKC9kPGMSKCoApBnuLemNMDqFRC,1132458,40bcb259e996c1793922eac03363165988632ff0
35UUjb7tVn8V29AJ3gpaFzeBA3n54qokMt,1132458,298179f78152d5c3c45f1ddd3650104bf45733db
12pXQP79CkmcGBgzhdabJmqABYt4GEz1jc,1132458,13f50e2401452600376f3e942446372e4124e7ca
1MmvaNddCsRqmyAFvnHRCUJAR8qJHZS3GK,1132457,e3e18a5d0f52438e04d9bdde5d85bf2e472e6345
3PjBuSw1k33HWU4Ni36jLEZwFk3bjVKoXP,1132457,f1bbee5457b84e6b7680ee243f0db9e3b1de76c0
1BPioAjRNt6NgsdYQhXgQPX6Qt5c1LbQC7,1132456,71fd4c6cf8e531e93efc56925a95d977243ee33a
184KTga2uwQyiHchdavEqEipLbh97kCxs7,1132456,4d6989bcb90661521390f59565648bb6f0381e8a
16uhvrxcD8oVCQVbbiC1VSumrABzmfjHjY,1132456,40d06ca8539838eca998e7e5e350fb3a5cecfef6
3Bz4bPzbc29TCY3tApC9jjcDSJkYX1MJDL,1132456,70ea8ed26cb427ab987d34cf3f4d3629380de7fa
38sG6MjaEraGze48gXyH2yKpDjxCspkcUc,1132455,4eb8de334ff4b15fb2bb7b7f5eee4f53667e284a
1FBQAYAkgA1vGE6U2QCDX6HWiBbynRbo3A,1132454,9b8941ddb9c766199f9df68a0d943900bc46a615
1QArbLAZ5JyyvPnJKJcG9GZnxE4qKHCHHc,1132454,fe2808aef4a41abb3b400f73080e59ccf6209218
1FjKD4vHUy4hEa6pToX9Zw8Pbfc59Bbhvy,1132454,a1926e41d9ac4050d8e0820f4a506122d05346c6
3AdD1VeQ95ogphzu6dWQqQcEt5jBgpxDkV,1132453,6200b8c7e605dc095f562c1ca5a7b47cce0a87d4
17L5aw1WfoSRo1WgpgzjWMJjv6j6MB5nAk,1132453,456c7c407caf295d6570527fd2eb16448ced8c58
3KnxcEwmXhHfVjdxf32mfM2b8CXyeF5afA,1132452,c691fe00098893e9a771beff4e9a0c50239793b1
19WXVWjECYqfX79p6zVLicu72pYvpeqsDV,1132451,5d5685b31f05d026208913c60cc9db676ed5b7b7
3HfC6pXJ6Kd7nSzyffS1GbUwqb4Qyo3urG,1132451,af29ad14cac9a70c9b2f90ecb9f0dd482ae138f4
31sRPpg3B3Hwa1sM8ExzkW5Mg4hppCwhKW,1132450,01f7c06cd915c97655400da0937dfcd13f34e2ee
3JGTaMz3HunfZFpeVe8FA1a8NnzKJqFoA4,1132450,b5d5270c51216e8dbe3004a22e6f3e057a690ff6
37jYwDyEUgoLzpf7DP6YNGMGw1h9mPQ58B,1132450,424b7952cb7e92282ad65aa2c73240b19ab8c71a
17W2WfngDtzw85amg1iYwsGGqEuAVFAZHK,1132450,474e1450b3901d1d8af41fcfdc9b88eeb5ae5054
1PNXvZhVUrnNYZbjHarmwfUTTQ36zBx3pi,1132449,f56550eb3d3b113fae4fde9baa804d4397f2ca5c
18uD4vaw3BodKCF5GfSeoUH99GDku5wgoE,1132449,56a895858ba3222e53126b791c3f9287c881d350
3Ly5K1VSL6JaWgJqX6hX3wWDZAZGneUW5k,1132448,d373df757d6862b71c211d6d8157e6c54e17e90d
39qRbsGGY32JoFU1eXmQtvA7sz2VHaR2Ae,1132445,5958196f9445b806842220fdb54b1414a8980817
3BMEXyS3gQ9x2RiyEGXh3y4pgyTNPWvrSp,1132445,69f37732dd3a47ac81b32cfe477ce244a3e9fa30
3AoayMbdumLPCz4XEc9UpT2yy1B2q22T9U,1132445,63f7371ea8117b3045a3a267cc8ab6f7002b8a09
1B3ymKY834ZztxRE1t8UcBt4L2pkteV9L9,1132445,6e41795cc21f29d536b5739b9238375ffb6852f4
3E7rE7NuDuVNJTkBbmuBgg41HnT3nPGXY9,1132444,8853d04ec0a311607a3cb908861ba392d52af241
1BW3bRc85w8hnQMiAKyrf2CSrYMmintC9k,1132443,732f7c5652dd5928f054bfbd6dd065be8ba62cf2
3N14GwBceFzT2HbxZvURzQHXWWqRZZkzff,1132442,decbf74a9de9b7d3b7dda1d868ea9fa55c759a5d
15KZpPm2tZFc2wWbyXuSBP6yhDi8XXnjhy,1132442,2f636281b16d5c020a3349a150ba770e881abf1d
3BMEXCHDqrJv4spuHr9zoBtrACdhrTtH7F,1132442,69f374549500614fe22ab2c65a3729672d893c9c
3A1tkVLjbvJPtLoj7KKeUfdRjugZjDgxE6,1132441,5b52ebe996789e9c464257c3b6170cfc53e67402
34x89mDFqdpRAmr8qQpgN15inKY9az7U43,1132441,23c3d0ca148b2f8a2492917fa2a78a1e85304b69
1KDPuUPvVZPvqVDkjKBM33BKrXkBD5QGn9,1132441,c7ca60227dad7d5ffb190c9c905ce00aebf50960
1AdxCS8YZ8SdWDqQX4iauYYeFfF1C4iHSQ,1132441,69b62ed3bcfaf0636a9e19bc275fabc5aa1cbd0b
17NNyfzFCQQSnPugiSEAssSTef2rTgErEt,1132440,45dbd5e1098f0d06bf5619d2bdc6f69cd97c0230
1NdXMGr29NQG4aVAiaiZE8xFyMa2wdWpPY,1132440,ed42f35aa827ca7e596719760499eab6971024ae
1HSUwccXB6wXvnJvi6S5TJdzeSjs3YyCuk,1132439,b453bc6f739a1273692f173e4d7e288da2f00682
3A61mpLyahts8trcd7pbUsaaCNuf7m71iB,1132439,5c1a72a2a1b13e1a04e994f778168aec5a042a41
3BMEXz18y6Dok7T5vnYT2ok2dPtp3Q9taF,1132438,69f3773c24793ef1df1fcd4c53abcfcf0b4e1b04
14XnjPSowNaPHz9vzf5dH4Ev5LM68MzTMq,1132438,26bb07c5db3a2702ceeeede312d7992deafacf18
3QEBLef9t2cZQKVSHwC87qPRcjjfLMApRw,1132437,f737859680b653fbba1496870b69916e7b2b165a
37ijVcKfZA8gmT71fRiEvYrzZ3Qnb5DpvJ,1132437,4223df23ceed0196b8917d31ae8b9e7893266fa2
3Gi1wYz3r2cmPGvJBifHcY9MAkPHz9KH2a,1132437,a4ba5136326a75e8e1b8db54b60269487659a36d
1B35CeBLM71bsEd6Wv5SUbfnAuwc41CBnB,1132437,6e1598a967d0134dfaa787c7cc151a1d86863cc7
3Ct31QNan1P7XN8YwDGNoEEmG9YKRXtjgm,1132436,7abedd28fb862250edc81d8aa91696d14bf6958a
16zhy6yjKwK9C7FJYxGW82JqqFPb3NcY1p,1132434,41c289591ca0f5746c179af8f9c29060fb785db9
15XtQN3C6zhWU6vnZhyrUFcrcUooPKE6gK,1132429,31b7e4115d57a34d15f672ac0ed37232f238f9cc
1CpP8gHXTHMUBkfNYajWkHxZbJTFn4g2s2,1132428,819f68b3f2cd843fdfb3a5e6540f84d782641c3f
bc1qr42mz4tpzskv2ejv2sxqpzxznmqtxzy7597m73,1132428,20640ef507703004d18eb51b9361c624607fa264dea4dc75a7ab
3BMEXbBFnd6xqjCnuVB1bM6dqD2FGbNXMY,1132427,69f375c8f1b7db04b1ac0da9641746abfd682bae
1FVrxN2oLsP8moaeKRttwcJAZiAB1PnqYk,1132425,9f071b9b93d9c613e34e798a71a51f35f0700e2e
144VyeMH5FLrtrmPphVWe8ATTFvYteuTvt,1132425,2191d04eb45b81009603b7846de091e56ae7e2f4
1GC1e6Vw7UKzsrszLiuw5KGjjiXQwjQfpj,1132425,a69eff08331105516b84bce91bcaf69061f60a45
1HUAKxtCSf461pXTo6rt3TEWWxpUfpjFoK,1132424,b4a5077d98ddda06c61bed220de5dd86bdeed5a5
3BMEXwG7LhYaqf7tCmKqvjuNf8HR5WpjLP,1132424,69f3770f8d9f6904d29342af57fa046dc36c1b27
3PhCPd6kLBMCDhBkS5ppGmiTfrzwHU53gk,1132424,f15b812ae1ddef530d6cbbdd5592d89dec61c9cf
1JLx7LX2tfvj4h4Nqp9w8Q39NR24QowyCg,1132424,be400b634766be941524c38369b1b3ae7f30831b
1HeM1AyNe4Q3w8bxxVLo7ZJ89f5owad79J,1132423,b69219cb6e6f640a77590371143dbecfeea02eb6
1GDCpq6uBJbEd5UKtEM2m3Tza8YhJ2oDpn,1132421,a6d8bfbf5c6c9e58577790d5cf8bcce88507d8a1
13ZpczuL91746atZi7XKeaJtSRtKhcRV8V,1132421,1c255066ead4beb0c40271a05ee1aad836ea67da
3P6HpC2oGypUTVPC6QuNm4kRz9tJP63YUr,1132420,eac17928a9da051f691207652c28d5490b01ede3
3JLanKAxwCCzGCTDfksQF2W1DDBStSQaDm,1132420,b69cd4e9fdea81746f71a041a8fa563fb166e022
1Cvm3LhqEpKR98nkGMfXRTnAHA6h6TMsWc,1132420,82d4314f9a7c547e90100861cd6c0bc675323ac2
1GbDHSpSgMwLnGD7aLpdZ2Q6oNSXuAroU,1132420,02f2cc48dddc2cc7ec726986c5ea61c5a22b390a
3K49HHofYzXXCR4KxdzVqPgowbSbZRQCSP,1132419,be7903f2c7ba0a2799b299b893d68617f1e7415a
1FSHtcCM968yn8X3tfEG1NYz5fMq4tB6ti,1132419,9e5a42469c2a41c2f150ece4751f9395725f33a7
1BKAhAJBbvfPy3P468p45vgvxpDsKHxLd3,1132419,7120d6025da9ae0d3883f180bb60c1675735e79c
1Jyt6kCG1yhpHsWB3da7bibTjGehzYq22s,1132418,c53c1667c283fb7d6299f5820d72e72d6578f3c7
3Bxc43ByyRVvZL9ziHumrbZmyNBMZ7uBwD,1132417,70a3fca5b4a1e2cadc828ef9df4ed02bfc7718bb
1A3bXTLPQA366gNHy2PcRDH21BWaXP4P6w,1132416,6336c8b7c8faa180d9a96971af61a75c92ebd455
11BECPp9KrMu9nVcfJYwNtZJ93MmziRk4,1132416,0008899a1b50e42dee5dfc5121c072fbdfdc10e5
1EicNFCM4RD95MkZ1uASYJUiBoxE59qf4Z,1132416,9678363ff91750fad82f412e82d0b3a230f43837
13yFXbHruFJxoj9CuJffsftYp1DMHinS7Y,1132416,2093ac1d23982b5f93f059f4f92d4920f001c601
1EDNN7kzRcmWL3wC2Ns8nrK66aG3WEWkt9,1132416,90f075e793303305978ccab96af8c0998ca6093e
3NAWank9fCysY976EdgdkxxfTQdfhgRCV4,1132416,e095ab99b50c02e1d80510f7eff5f2a60b7f0747
1JS5R8cMypJssGFEYTrKC2zZRUpLfBjidG,1132416,bf383944cf07938a5391ef51f48909adc34029be
1PKHYstLA7sd2r1ZsGhXmWe9HqXPSCZFhK,1132416,f4c811c90023da05aa98414c737e86b722744c2a
1KHKWZBwHoEkCFrUBky8MC4fNw6H5Wc3tN,1132416,c8885ed980bf6e554134ef3cb4e7c9fba2c35875
1GiTUrbttQWqznAPfnEZmeXfBsrDoXDaD5,1132416,ac610bb9863b69691b7fab218da43258a8ab8fe3
19z3yKgCUKc8FkFkYgQfx45Z4koGFHFN5R,1132416,628b323b302c0d0fcb1e86b9487c9217b1e06a22
3AAXyF5VYswsXLdfw9vTJqYF4fyGhjm1jN,1132416,5cf5519f14522c7b0d3c857ca952bdaab529f9b7
12GQkYtYM54u8FSTWLDGocpxXsKbqwuZrF,1132416,0de231017dd33242c7700208ee90135b2d428015
1Cuu6Scazd1BmMB96bf6fURLe5MGtteLrJ,1132416,82aa7fd6796cfaca38cb40f3e4f6a6615d7a0c57
19D5GzzDWb1MSb5Avg3ZUcUAwj8BduZuNW,1132416,5a09912ea94105fb88376d9a467282f9ffc9a864
156JcaJ7F3wYBw7RSsz614FVKCa5xC4wi2,1132416,2ce1492bcd6900e1628cf90269d86a83a2edd0c5
16zQeFd2MxFnYb1iVrvBqzCMpYUGhqAY5C,1132416,41b41306a544a9b0b27b0445354a6cc212f85d37
128EFEhLiE5if89rS2MmZdSSvSS5RbmJDF,1132416,0c56182186ca63c671b71eff972d4bc3cf402315
16VwW69vUy7sMVz66dDq5D3AZ2MVpeYGrQ,1132416,3c51c57ce1e6617de793d3c6df38c9f897bc6eaf
12CQndsdrv3PvPcBurABqAf3BiqA9HRgRj,1132416,0d208ebf19aeac86c9ea237107b68399ffd50343
15z4hUDQQEw1AduAzWik3KGEhbxtevUEbA,1132416,36ab4cb7c4f2957fc47ac195458edb7b5bb05618
1GgGWK7bcxDwCSNAPDzg8xdn8vqU2b89qJ,1132416,abf70d71463a75203d69054dde0714249a6002fc
1HBdR1Z79tKaFLmUBm5xoiEbabrAnrx7vg,1132416,b18491a9f206d97b5184ae87be5ed8123755ed6c
1JHiboHjcvDgUN2cQW4L7E26Y4MNBTFHEM,1132416,bda38505949c75376a466d435b24af273a4882e6
3EN3YLMg3YnDBxL7ACHMQsYMfBDwtCJrJx,1132416,8b0314f00a9a5fc5c5d4d9bccf2481d73c26f1c2
15rbaLgRqpzjGxAGBpDcbKTCxbcjefWtcb,1132416,3541bf32926d79c87f5a6f170790156c3bd28faf
185WNDxptxCCbnBUAJ2VT4WvZAyhdWYhYT,1132416,4da30eca14ed1c3cbdecfde5ecc7ad095197c264
1DhGdjnkHkq54QBNFu6p1NkVqrESg4Q34K,1132416,8b3f32af74c60f184ce52510b4238195d52897ca
14HkzFLrDUHpLj9tnpnCYMqqsWu7Amcs8E,1132416,2413c0525e6436b1bc09cc18587048010674d67f
1JKEtqY1PsD8tPvfKJ2JcYrCSeaC2SHx87,1132416,bded393a3bf846d9d3a980c99ecab54674321962
1MboyTQ2twyZC93oWGqk9YtHnEgogXfbYA,1132416,e1f7dea8fe5827e0bb4b50be8879506deaefb489
17bK4sMSSexDrGn54pXFdbjUt8xthbAttq,1132416,484dfa8d4da638cf12fd6a19697ba2208f054cd0
1AXMC3C8AzcyKLaBGoAgscSAoMfX9o7jSn,1132416,6876770574058b7f948d4b19673fcabb2c97d658
1NWLUvjiuGgf35soncH9aysBV76sUxJmu5,1132416,ebe6f7786a8fb54b446b91131175bb0718a1ac2c
17DJ8aHRjEapEh9FceKqxWxjjFByvKTbTq,1132416,44240bcf83f4472c79361fc20bf1406da7ea3599
17xg7ZAg5LkCC76m7WDD6Nhv8UPEiBoyfy,1132416,4c584851c7cdbdf85b7655ac0003276d6c6f78b7
1BykN6tvhpKBxX1Dykdpoe4FDR8sektiCL,1132416,786cbfff8d5f983e2430926b93993840e81990a1
19gP7MhGjohrn8PuvtUk4HfnpVB9Mo7Rbu,1132416,5f33af5887d69add26bce4ecec81c62959f1093c
1HikUfexccDZ6PnzAhScT1KmfZd7dmBMf1,1132416,b7675c18b9aa4cce34fe7e6b42731f099565d175
1LxnG9gAY7yF8re49GabEpfyy1BX4iucRe,1132416,daf70cc8a98debcdd30a100b4778926cba40fd7f
1E7cx5tzfNTLrBXKcuG2LyMeKCFdFojCdD,1132416,8fda23e9ad126796516ae07348b5220013acaa6c
1PzukapwoTW6QcKZ25cpLGYsRUyJ3Ux64K,1132416,fc468301bd3c71e5a2c224bd6b0f28802a385e9a
127aZ4TQPKJLFCnjfYSqen1CJXUZ1H8n82,1132416,0c36a1466b6aebd31d10dd83c2c935761ce74e74
37kx9TtRy9ZCQopB2F7nJgYQgbaJJCTkLW,1132416,428f43f6452a1a400bdb587268f28b5b4347f9cb
19VhTA7fpesAo55xe7fNyhpszriJNiDZpJ,1132416,5d2e6b83f8b1f0105d5c0c9273a0af11c7e7c255
1Ajrz89Vms2bdhSH1ig4E7PcAbbLMoxmPE,1132416,6ad453e5ff33c3ad574687c517202f65a0e22349
1CzY3PDPaKE6zQXRudmLNSY4FLrYWqUAva,1132416,838b01573b563e1425d6f1da9bb5958ae03fb87c
19LaqafqF5EQ8KFoGgWpLbcD31B3Bv1V6p,1132416,5b7527def8eaad5244bb01c8478544ca9870e824
1Ffq5Xt4DJ49Rwdjn4WhDDxvstQgmAazgh,1132416,a0e9b37d9ae332bdf333d1c007db9729c6b5eca4
1LptUCfcHuGKQwu5LhnAKF33f4bAbGW2C6,1132416,d978e77c553a78f56a5126578febaebe1549514c
1QBEfrdcU4CUFT8CfULvUEUG6MLSARFjvJ,1132416,fe3a76b6a432ef38ec2e44356968254c26861f67
13YAdpk93ka1aqroZAAw8skKvz3yjxqe9k,1132416,1bd5306df2859a7bda551f4d357ff5b4e1c92244
1KP2d5EKJXvWzcKhAzFHXr6BuNeZJtwJ8f,1132416,c99cc4ea52f3a6795384014fd4f93d7fd41f2701
1BxdBGcod1zaFtwe2Jtxv3kDCu6TDrJ2MS,1132416,783655b6e4271ee7c308c8413c47c0bb20ba676a
35zoh4hkSyr2RBS3L95dQEoJdpbR9CZkgZ,1132416,2f3dc783d70642a49bb7da5e70b06d84b968d15c
1H3abzJE1zxoPLHVc2BRYMxwh1FpMY1qDu,1132416,affee5210cf8cc0f76fcab41c1b6948512bfcca5
1Dq3HS4CiBVQC1r8YVPHe8UzyTw15poKxw,1132416,8cb761af642c784bf2889729867bc8e892699ba4
1B8tHqXBkikjGM3rDvQUuPQEiGKRaW1fch,1132416,6f2efc0b1ba1072407f8b7e79c3ceffd7e3f63b2
12oPoh9KcQgMZygv4KJ3KtZBfeVE3BMzZy,1132416,13be4bf55202922b790170a3b0b4bc18fbc25e65
1MrFedCGn3x8gPNyKDQtLA9fVUMvMyMy5g,1132416,e4b3203be88b7a2b4dc56008ad3e41838e0003e8
3BXSDAv2cJEEpbgYFBpQxUwjaJVAjb4RjX,1132415,6be15f29873a06feb4598106e9c80c823323ed84
1BP8W62nFizRUxJwURUBpjwtWFuAVLx7L4,1132415,71e0abc214c4f82956260c123108f09ee4dd2c0d
1PwpxWiww7ypAxBhrf5RaYGufiwuEkQDya,1132413,fbb14302bb0c6ff32c5976b1bd87d206bab4e5f1
32g518vant56V18LxSA6M8hdBAvFn9FvMD,1132411,0aca47bbd576942a7607c4be6376deb466aa0c8e
1A4cWBEbWaBfXhGBYUVA7n2GBcpy9AksjL,1132410,63680431e9e5cb97f3db2dbc0d32e471e6074730
12XBmMUqnxAXF5EVgzBx3FFitxij7jPkzZ,1132410,10ad972f2f69cd85a9f62f241ca6d892db739863
13nUB5WLdh5XLUH9KicqFoMEsUkL1wuyFU,1132409,1e89a74244c081d834e4e3259ddbc882e4b70d02
1GLMjwineS7erWGtDn7zMLVxuyWf6Dro6s,1132408,a8331a6e7c673cf15721ac7fe96151f2e77fad19
18xuvWBT19nYtsWwxLTWnf6RFbj3DPXAPm,1132407,575bef92efdf18031b04ba51e9fb126a75ea3cdd
1KN63BEHnbZRmuZQCXUmydTWaRNKhiG6Yg,1132407,c96f3454c4523028d372dcc2e310caa0fba1f549
19VioH5eyTUdBErQaJKGEeV1aEANLbWHKg,1132406,5d2f8b5851d7b72dc380440d1d9f339bafedccbf
1X5dd1Cc8ZviZZkGPAxcFweuZGxVSHAWG,1132406,05b0584e545c060b8677ec6550f69c721c711c68
16nhqW3mwDXXfCbKwgRqYEQo95cQrWthqH,1132404,3f7d6f80de280afce20d81c568364ececb39c657
bc1q7xgdej655rjzqtvhhv6m4u9djypn2z4wy2tgnw,1132402,2063c865ae7b8fb91429f395a00695a688095baf062f43b363ef
178UPH766ARF1TPV3WCMPi8fzJfuQokvgq,1132400,433a86890f023e10e39e2ebf61f0114c06f64c9c
1xxaEQ38PrjZAqeyDyAvg6vaYTNLjNy4w,1132400,0a9544926c6d84569eb40b7ce01ca6019ddc7b42
1NDrgMME4NdP1zQsLPznUzRH2Y24NgbWzc,1132400,e8c91a3cfd389545f6330b792af9876c7821bfdd
12q5K95G5LVBzvwHthiZNu1DBDhKQnD6CM,1132400,140fb12a09dc737c682f4c1216971ab65fb72b49
1AYMuk8Hk3fR2La5HRQPJZ4Ag2W3nMVPxc,1132400,68a77b2b957fc7f0bae213f2093aa4b320a9c968
3BrQR3xJoZtydfLJJyCxK7KiY5ckKCsUFh,1132400,6f77c6c686d47ff4b2bc0c4945fc509f4d714e90
3LyF1pjsbQfNVQxQwQiohr5A1Nbvfesx77,1132400,d37bf91ee83e282a3d90dfee299c8f4d17df8c28
3MpXRHTauVmZmicqagxbyKD4LzzSxLkCpd,1132400,dcce0c8dbe86e871cb2f8195c8206adbe7dd73c9
1Mi1gkT5DKXnt9qZ94zQConiz7ik1C5U4T,1132400,e3242466ca0c94be5f78ad7a5b3d9e710e0f2986
3GhSK37ZfTcaVBCpktC1gavnN81bKQHDM8,1132400,a49e3ea3860217a01050e4e3136a607584ae8c3f
3Efynoayg7BP7Qg9k38Q4VSmMKx3i9PW6g,1132400,8e6770359f79c34cf30f23213c5089de96093a47
19bcSUvaF4XJbD5eDoeTr71gLs9RauiVKs,1132400,5e4cbb73f803dfc054c6bce793d7fc88afe88fd4
1Nn97zyZwvFKbmFY9AgU6mZJWtvZmF1LjL,1132400,eee423779fba1cdf59453bd337829a2b5a69fc5d
1HFF2Gbs17LVL5ipmh4smvPGTYNurrow7h,1132400,b2338a772798659ed43d7f50bd667d1ba33b788c
15A4uvjL5YXrjVxgM4aD1LZZcS5HKAwSQH,1132400,2d978346f644cc2d09c179a69ecbfc55f160a075
198ay6dht7ryyuYnVx4QQYApvoDQqB8ZR7,1132399,593045bb1e53b335057104a9a7fd99d68a1afaac
1GbDGLa5qTYYbJstAaVhchFjSAq4eJu8wR,1132398,ab02446d7219a0fe1b0a33a3d8d42682170323e0
1FagLW6uHPpZYrsjN9ooYfQeMGXjNnvrNd,1132398,9ff052ee53a82ea410d784e6134b8d883d9301e8
bc1qr727fqmxqrcgwsg3pj2cn6pdgkjkzjfu3wmnzx,1132397,20640f0b243d7783289da5a0d2a107deaac85d9cc9a7dace2b35
1JJ1JK6HgAbTKbUFQPzJZ5Ff4VgcVmk5Fg,1132396,bdb175762a18d414e7267b7ebe2015b41e1a22f0
1ESX7kpomVDkKz9YXSvqTpEv141aAg6qYq,1132396,936d2c987bc592e9756963d9989c4a5602eeed78
18JJi7FbpeftYWRJZKi8Ex1RJFJhaZnpk5,1132395,500ebbff164b2ab6728b1284570ed47ad2764b4a
14JwsEMVMXRx8X3hYmJV9hUqhxRMoBJaGe,1132394,244d3fa1e6a00babb6527eea8c1daf918be2644f
1LtnAhK4ShosGSeY3RJhTrkkW4CJg9BKCs,1132392,da354ebdf0c838adac236c64c05d7002bb5d8170
15esHCsiAfFKCEjerhZg2vjWfArdUyfzNp,1132391,3309dd666ac097a68d05b4fe920c4171e5a3192f
1Fie94wXHNUNjXCoB36r4LudtqYg9kdGS9,1132391,a171d14c1b9ce6d89b8efca781dac18b1b24283b
15HQWgH5794zLSWDcWHhaoWppxfYT4Ty2o,1132390,2efac8fb26358276e054b4f3998b5006df6cfcc6
1KXTZswdmwsy6e7DyFG9ZC9DsMcTpBCxMc,1132390,cb34eb7c52ad80bfb7ccd55822bed2b7efeaea05
1BqjiFAMFXLZNWKUnUiKRaKBThGLsF68fJ,1132390,76e8e09fe1cdadbbee20a33317a3e3c212eab45f
1BAApjRkCQaDuJq8mTqGZqJJDjPqZesuaS,1132387,6f6d33876e68bfd20c3785896568692640975a62
37gW3DtNjLV6JqF2REBCbzTkzrRgjA8ygu,1132387,41b7cedf3cd2f8da4cda82bdaf9586f052d8ef0d
1K5zkLhF9ApXjxK7emXnhh3yhtJKSkQRiz,1132387,c6642206ed1c4f57e5d78d6afab3c5fd4848ea8e
36Z9iD64mFe4TstJ1EDpGQmywoGCh2sLHd,1132384,355bcd40781a7079ecf5fb358cc9945cb321cca1
3BMEXuBGeMMAjpTCUxYyWFEdNfnPpoDEAH,1132384,69f376edabe594bb4b3e17dac985c6da83d73c7b
1PntkNckbbYwoFQqjcTX1CoGxCBwQbYyNG,1132382,fa00aeb2cfe00d123bb9e6ecc473de7bae3e168a
bc1qvazm6h9qg4f64e4c5yc3g7s95srskydfxcj7w2g82mpsq9cegs8qdhqf87,1132382,768793353f4f25ed5db724bd5fecb9d754e46b042648c59f46b6d5f5160a8f92b130ce63e792ca0ad9
19zRYDFjAHdrX4Lk9jBTpp8EDLAHWRW8hz,1132382,629d3311a1759cfe493124d708722a4944521d40
17wpanB93at36GR8CaPrdDsGJx1t988iHZ,1132381,4c2eefb957f22d1b77802a05d98815be30e86e9b
1EwnCYdJWRYpA4eUnnuQRu98S1miGXuANd,1132380,98f5d3d05a7590ecef4168fd41040b26e3327f37
1MN6E5AoXx9KpvbDGYrPRXqVTk9ePrR8TA,1132380,df5f9ce05ab1822c2bd448398c3203c847d09da6
1E6TAwF7j16wJDVcfoCm4354M8tNvWSWDs,1132380,8fa18fcb5a4acd2ea149c1ad8fd7b4d103ae0498
1DYo9hB6dikzvVsWyDLagBRdddMg9CdTiN,1132379,89a4ed9e30e10f623eb14784791870a4853ac520
17aGaHfK2KQ2NKYUKifFNJE5e7SJh3XVhZ,1132379,481b7b5d6545674ed2e32e4d3fde856048d1eb9e
bc1qxt5w2a9hwktxma5x7a5cat28kqfn8595vdud9m,1132379,20641a6768002ec17649caa87ed36e3da55af8fa4e02def754e5
12mzuudXsSBoztc199VT6xDaLLMsR2JWLT,1132378,137ac5512bf751036f0bb9605dbc7c7306188f5b
17xzgtYab38UtEBMpmcbobnTqYMsfSjNmN,1132377,4c67c9b3b15a4181c2ab6676358961f798c04c6d
1GFNbgH7Kq6VMtJ39JVEJFuNsj6EknK46K,1132377,a741bd3df002ea48801c16282ea9ae7187f3d0f2
3AoKhpgJFyWinZ5WggTRR6SG6j9w3SPeXQ,1132376,63ea786b14140ed05d0132c7ec8b8cc927c83e9a
1JpRfHnFqGeo8CtGynjh2fTbdjexRGz1NL,1132376,c372461758638d8b26168f4701ef933ca4ff24ed
19sTxRtkyKyjBbgp1StVxp7LSJtG8AFRk7,1132376,614c4e4a827365257e2babcca8a47b6e64f67bf5
1CPxVrU9NavZKT5XRraQZRqMa5gXYjFiJR,1132375,7d00dc9a61005c25ba047dff3b519241d5bb1121
1BqsP3cjCUBe27GDXevJWeTqZAuApPUeHd,1132375,76ef47788d58f2048592dadae98452c9aa5861ad
1BSbBpFXsgD9A4PhSZpqf9vdyU3tEiRZ7t,1132375,728831bdc5fe35bc20b4d498030fd98172dce221
19xrJ2b3GV9NwDbRWsdtd213HHjMrsKTjt,1132373,625108499868945a9a96220939195f538cc0e59a
15sNLVRjychF4Rnm9BCGgxtDoWjRNWgxt6,1132372,35671c9526a6bc538ee7f433aea908748ba8f854
1M5fkrhTHz8NXwGoE7GFwR6aRA69TKVz7U,1132372,dc4488125481ecb21a8e03e88cc82fbdc04c8591
3F66ALiJKieP9aqTUhQ5DhxsqUQboE7Dsf,1132371,92f6bd6aeb019b6ab8732cfd11b05f4ab9b722fe
1FxfFbbUCaeiTsRVCApYrBr4bssyjKAWKX,1132370,a41891db3c815d3aeda33217c81728ebf32dc5cb
3BrWVnBoSkCx3THk48fbbN5thwVr8mbzhV,1132370,6f7cda6264a9627332e32ff971ba074159f0aac8
1Dvxg7L6gVHakU5BtJovCo3Kg9b5RUSgEr,1132368,8dd607aa3d796bccfd06fe62c339536fea11b0dc
1NtvM4rkXx5GsgurmGwSNX6BzvZXZBhDR4,1132367,f02c62f0d6eb4a83a8a9dc50ef952e908da1b6d1
3M7T4PtkoBK96pCmNRsCCZB1VxanKoh4GG,1132367,d5095adca48c66a567d9b76c5203070dd3b518ae
12jhkrx4kcAzAyBs6fGauZBT77xAMCTQzJ,1132367,130b9e25cdebc8caa2a3f97b0634517fd030fb36
bc1qemqfj96m285qmjae3wy55jrjyyxd32sk5c7knq,1132366,2063fc0cb6efc30084bd5f09f2896fa0a5bdafeb3e91f50f3a92
1FCYMFj4YwNUPRomyRcvHxtzV6PpwhWomt,1132366,9bc0816bc93d61893124137ffd1ea7174ab38963
16FLgBwvozkPaPDhyE3VGkaVxjRbzK4FzW,1132365,398ee076413efc153f04ea7ac7b975f69b987637
3GbfZ7d2dXXioiH9Fw95DPf6S33A4hr1rc,1132365,a386cdaa23d2e2d5924980a9b5dcaa44c731aeee
1LxMFaskonQiRZriwsPqjTASFrZEUc9Wzb,1132363,dae22c3fcef624d1ce72de93808d7737a36feba7
3P13Tpo9pTBHmNQmqPaUKamP5SPMCobJx5,1132363,e9c369ead2039a92a7a6ae42b3a961cf893abc0f
3QZiCWAixiMqYbQXrSHPhNioSJbWrd5nxL,1132362,fae92f7346eb0500f470b127f4d90f9baf4715ab
3GFqdc87kE3FVB3TAMsMiSXJUSFomY8eHw,1132361,9fc6e5780f63708575874aee15f75e18b5b5e47d
1K6fTfMhyRCAzAZTrYH5HLV2M9shd6oawA,1132361,c68472ccecfe7c864b64be22eb08b4addd6449c7
16ejd3VMAur32X1uuEzBYVxP9abeWybdPD,1132360,3dfb991bf28422a68cf3d0bb65ff2563bbce2ac7
3FwkdCE1vYedvuXgiv68B8jHKAfKTfL9Na,1132360,9c5b3ab56f5feaaf493bd2dd92ce8b83cc23f557
16FsuLrroH9W25j1zZaceeZERvtGrLe1Ds,1132360,39a8f190ac3273f2103d27ff175c365f985a7dc5
1L87iRf15p6XaaWAPoC91qXdq47bLnHuFm,1132360,d1c2e8085d8c9b41e6c49a905d756114e67f1b37
19WqiP3X1Pm9244pqY6A84wBe9YpbBDqdL,1132357,5d65bbac8e76bf40f512a68bf0de34aad7effca2
3EnJ38C75V9DSgAwFfutM4aAm5Kt98HfDt,1132355,8f992a74a6c8ed5215943eb73ae45d213df341b6
3BMEXCKJ4fNwMgkHwDh6ALRXZuwtWVGYji,1132354,69f3745529c8664dd8d5ed383b8363b6f17c0945
1GXnonMipymFSj7TckZZjZ3arXBkqzxJYx,1132354,aa5c9a5fba7365ff271bb90bddae44fc246120e2
bc1q6kagdkgqwa3uw5pcuggnutymzfjz2j8tkda3pf,1132353,2063c65eff77fa5a383f5d252529bbb1c82f57af0eff96835c08
15zoRdsC3HFZ6qqqb4boVTvFyiVPCtrM7c,1132353,36cef7653a59ba24eb2387507ac912594b62b520
1BfqqnwCNZ5puqnBwEXnsNrieQkD1TAuhR,1132352,7509d5c2977e2b18c7528a14ce04f6f579857fc6
1M1eGuKNgmwHoioFQUMNuAzHByVT3YCPGL,1132351,db81a16e3623c14c800a95b4bffb37f09f0fca0f
1CaEzuv4jX63fsLxiRyjGyZGfqmspQjx6P,1132350,7ef2cbb3aa5baef9fe5af6f84a5d13b8b2f95946
1HWXzAQJdzbNUvN6dCcfRAV4KG7HPjyFRs,1132350,b517f0dcd76c16bd02948e5eff7c6f170d9bbf63
1Pz7NsfBuMNddoCHQjA5qSJdcccZ1a8wNf,1132350,fc1fcce88cab4bad046a1831da8a8b610a965601
3JSNWwsaHPW6fgUgSF59di78yDmUmJfiBa,1132350,b7b516d5c76e581668c199c0f84c8542383a299d
14N4PwrMTY4txem5V8Ku6PZVMJzFSJpBPn,1132349,24e3f272ec114afa3e23c66f8ee4c8f58e07803c
1gs8HDFNi8tUnqnvw4wjnSSNDyuGVgFje,1132349,078a10af749a663a2f36b130e16efa4d3c1810fa
1FmiSsrBZVooNiyUYMZoAYP7hmJAbBJu4F,1132349,a206a929df1ea64157fee4af485513bc218961e5
1JGbkbor8ng55LdWKoH8snzJb8HoADJ7xr,1132348,bd6d63147d24ca0a3f0d8117b932695f4fafc664
3FxVPToTN6FKF755iqwBnJrKFLta17CEBv,1132347,9c7eed21afcbac4cc87200cf16a169544a7b4213
3GmF7KiGSWZ2DemwZLMy4dLKyXkNLEMizV,1132347,a5568ebf0958fd593e950ade8cb236beeb8b0320
1ELYBBGpS9f33xUb9mu8F1ZKDzqxtrKvJ9,1132347,924b8ffb990e5d0e7e6a2840fa79320b2c0b9a7b
1N8wsCg2kKwCuJ2fZoFmQTqZQNUzN7VhGo,1132345,e7db5a4670338a0d659aba8a67fc2b6d36fb79d6
16bPMu5M4cvD3J9qShYvSs8LcY485rbULN,1132343,3d596fe376942ce1fb1fa1f8a0cffde54e192e5e
37racSavD5EAUCukvKNGEwxC6FwQr7Wzir,1132341,439fc8eb7ce96849b2de3287681039ea208f4b00
12i6dXoC6CBXZssjaCq8xtAfBCwZtuupWu,1132341,12bde138e7660e99cdea254c5310dbdb416d4171
3HK896s5K2Py8cdx7edDKxp4ZCdhEMtDYn,1132341,ab5e0cf8bf2560a367f192fbe0010581954e6ca3
1MUQVSStXDRD9UkQ89o1qyyRUwMJdRZMwF,1132340,e0915afa0cc7a2f15318037f6e27cbde91e0f39b
3BMEXxDvYCwSYfryTNJsSjkF1iZ7cQ1vir,1132339,69f3771f33ded884b2864707489484868849e72f
1CtCEv2gx8bKYabzvq8xJWwdpNcpx2PCoM,1132339,8257faf2fcbd5342371522ae0d08fe2b8873a445
1AqP7xhrHHHKDb2zijGuTrpkjNAgQmtb72,1132338,6bdf90257d184172f2619e5686b5af4124761e9a
15r2VkytzhabBRJEV4zn8mjKAtMEoL3F3w,1132336,35262248a54569e22ed7fbf17e822818935b7616
15rHGvGuVF2C6pYN1ro1DvKuHFsEVHNNWR,1132336,35327872659a45411665c83aa37f46d0aeb9b71d
195cWE8Z3WCvb7WTKv4C3mooKgmXMSAbnx,1132335,58a04eaa1cdf1053b848d0db547a831f35a06f7b
13VAFvANqSb4yUAxu1G1esHtDMKKa3cKpq,1132333,1b43a041d2c90c749992488d7cb5e6abe61ecc46
1vDBLNeQMMZ1rRTDMKJc6MwbjqKDvjAzP,1132333,0a1036389facba6e6dd4bc8433a6ad0cc5527bac
1Bbq3wgQzHCKuAZfAXV6pBDo9ahQu5p5xT,1132333,744782e2d9bf5b7a229e2c18383441789f5917d1
166r9gp9qzW7m8KGXJ2eeaDSMHHMp5UDCc,1132332,37f3bca495b6246e9b071258c97671dbeb2e74a3
1bHyAVpWt1axN4MD8d78tzFZV9Jf6ra5P,1132332,067c4ea1e898890c8c9af9f610e02ac382539147
1LbCAfz49CkgnsjJDrsvEzLkhekfq9MjD,1132332,03b4721d63c4703f1d8f865b29a1716d718e72e2
3M2V9J8SQ6eV4LafQ2Au99mWUnHJXAXefV,1132332,d41903e209355dc5665b5338e001908fc69783a5
3GdiSjC5q1pU4LNSLLYb9oqBq4jaWVveeh,1132331,a3ea0c3318b3f2a3ed7c50cfb7c2f765b0c246e9
1N7Q1Da5kR9Uqpn28j3fQSk6Sb3ScwmftT,1132330,e79056fbfbb27a2ef147273e3e20efb7cc52d85a
1KhmWqWgUZmmgtSYs5yfTUDqixaNFtCkZD,1132330,cd280fb46c586843e0172dbd72a0f40958e1fb09
3MJMgfgDwVn2A7MxCgnbWPSJFs7ZS3cqpZ,1132330,d71971aa3643f1b3cd2d0366ab07c961de971279
3PyZc62umga9tSTAuYE3TTMayKDEhiBChj,1132329,f473de87b88e2fbed716c70113fbfe66bd9190bf
19jgWpUqBcHezhWkf9UKaxibRfA6mk4NtW,1132328,5fd3761d70ba6145da79cd9c0cbe442bc8089c6b
bc1q7u8apma72vp2vq2wtkkgwjwg7u3c945cmc3h5n,1132327,2063c84b657b4475b81393ee540f2d66e88822d7ac0179278e7d
1E6dF1PaF8eX6PP6Q7vJUZW5GDuAJFNffX,1132327,8fa9f7c6a08f3d408564c3cd567fac148bf9ae5b
1Ni2HC44KqBiz6oUS9vi7jBZ8w7rt2ko2x,1132327,ee1cc37ff7b0d4923e78679baf19e5d3742fb2c3
13ggsbKFjZ7Ym97gXaoNbRhWMHYfWm7DPF,1132326,1d71c1fd550710b4a284d9cd0d3efa526d55d458
33iwjLrYG6ZS8DTXTb1sDft6PmJ1itq6Sg,1132326,164d95503e17d67200d46ab7375a5874cf4ebd1a
37yTKmbK48DcuvCwtcyPMQaY3p2bEfmFPw,1132326,44ec9d0247c4995a6bf500e067ec1218b53daa9e
3HBF7a8uwaC7ncyFeqABinmftWmodJSygN,1132323,a9e08b54f1bf159f89c2cb0834fd9f137d9a9099
1Pv8R4dVBvYHP4uFv5jQKHaiAMLBXyMoNM,1132322,fb5f00ba34fd170b14146689cb8aeb94c3272ab2
1KVhUqUgdaDdRr6ZBpXCFcXgqmgrbUB77W,1132322,cadfb3b4f8ea8ce6115d71eeacadbf43781ce593
3METvkLXGucHkMM9a1s6UTdYierbV87tPD,1132321,d65cfdc95d4da4cf5f2a1cfcf9cd1bd0bafd817c
1MyjS4EfuvvMjs9HsxsZWfmf37Znn7Uudi,1132320,e61d3ae022bcbeec63e4ea41d6da6e01ab300671
3N4BcM74vXdZX7FE4oRFqKajB1kSfj5jxP,1132319,df635629195c66d7de772ad18569f2d424161f26
1DnAZLef6Yd9cofoqDjGTCwS6esxHyusoT,1132319,8c2c34b87313a637c683f0e0ae6399024f52a1d1
1Bz71PDRjy2r6RJiE7Gzotu1v5mjCt5Edc,1132319,787dfb51fe76ec75413353954c7ef66136bf17b4
389uxo32xRL4EFkvNBxeAnDtu8NZR6HYfz,1132319,46e7026fb74d6fa366caf513ae0a49c7902554a6
18NmafPZwW7Xrvtv2tRKEcu2K6d32Bidtz,1132318,50e6d45ab1a4f5dbc8e51ca948051a9e8f10eeb0
1Ks6savuH6EuYJYWU3gTKRjHfVRQNGQEqZ,1132317,ceebf6ca615d560a0511afb58c2de09ebe3111a8
3QGHvt8mLvFxTgLEKh5Ua2AvpRTvCJqwyf,1132316,f79ddae03acdb8e3cd459b6b64760b8111575543
3JcW6LA8MRNgKDRh5Da4ezMAWrgXnVH8pY,1132316,b99f929605315ae0cceb94bbe34227b1ee57587c
3QVPe8aiEQzVeh5Ch54zc9KNGpFZ1PiDpc,1132315,fa1807aac6e1e675d9d307f5119124d30815e167
1FLgGu5eD4s2oo7euURQVjTqahuhgbqZDU,1132315,9d4a72d88704055c5810a9a737cdc6d5810ca5fd
3JkpgWy216xRFvK5H7bp5LsmrTsqFyTeJk,1132313,bb326aff91ec4362dab97a996830665b75ee1aa4
1xWNy7bJXPWA63Wb15Ad31mDegsgVHgEe,1132313,0a7f66ec536aecf569331362dead03ee3851a2f1
1NVGU11KHQY31wSw9DbvhNd4xiDEqgU2dL,1132312,ebb332c75b1e2280d837f441de181d110f1e03bd
15Kz5KemfhDSdczC6Jsahw3w6azqmeEwBN,1132312,2f77a243eb2065b8cda3dcfb791300ae934d3bc5
1LbWHUkUDMDnbTrMHGkGhwV6jTMgGLhnmF,1132312,d6f0fa4d003891d328756cbcd221a97cc09445f7
3JrAit6PLBNpuVCybcAHfkrBnqTa5gABgR,1132310,bc353a19e61d81f6f137a76e5e49043ddaaa2448
17Gkc2h44XgALWcePzVFUwur2nCys8Q9X9,1132310,44cb64936e691bed8cc3df95f0656d4bfb8fda78
1kKQt3ENEpkZPGR5RiVgWcNxqmt24pTqL,1132310,08314174e4347940b895f741a60bbec1e8e2b387
1L2f4sAeZzgX3VdL2ypv9LyCnLKqSZ9EXf,1132308,d0ba95106ab58c0cad2a2820d29cecaf4962575f
3CAf5skkcw6VUWP8HLV3ibLCA86syri52Y,1132307,72eb82587681975e254962725e58965d005a963e
1Dwx1wubt96JcFxC1GitioPDqjx6EysMRW,1132307,8e05e58b29a48e7077a8b08cfd55d05624c7514a
16UPamtqkUw2LirkYJu5j4aNDRSd7Vcxif,1132306,3c06b5ed39634226b9ea9c540a0cac49cd87a81e
3NUoS1ckDhiDmympyaiHYWX4RK6LC3yHvB,1132306,e40b38e06d5d8eca22b7bb9bd2aed485cd6fc254
1GJm5nE3tdVfjMTfUZdiX75zsuxniMB8zn,1132304,a7e5c1998d0c36d697310f8ae9cf478b3c67412d
3LSvHgqX35uJACVkys8z3CbkiKbbmm48JJ,1132304,cdbfdcb87b2cff1f75731c75cd8bba56dd54fc45
3BMEX1hi6ZtZNm8TcousgVqoEj7CbaqR5Z,1132304,69f373a88fc12a747c935f18b9873c46500da7f1
1NwzWQfN2XQsDw5AwY6EbxH11a8wBjgbWz,1132303,f0c11b9c12441f0e9549a20c2ae010650a337e0e
3Fr3kAQ1FPAmvHSc8ujJ3d3AraDd8LFEZi,1132303,9b470655465d03acc060838946192aeee3b387e0
17Vod5JoJ8LC5uKKnCVzootJv77sofx4ad,1132301,474351d76cb143849fde4ea880a6b30b5b1684f4
1NsLXypmYRwYqRPaeWniPW5wjpSsi9eHhB,1132300,efdfbeee2ee462b7e2ae29b217786ded0dcaf775
1DNhtzQHJNwXvkVKACoQKrbnrNyotgZ7ak,1132300,87bc6217db6ef1002ea3f9220279cc5d792c1194
1NnVbLgzBrb3SHwHUfk5zMfyeYsSppTWK9,1132300,eef53a2916dc57bc3c4f724b6cbe4ee523d5282f
1G3cgzXT6X1LBPSoeUSTCygRbD38pZ9RWW,1132300,a50882c2e22bbb874081f49614eca52b27aa9585
15eiLzYDcVXzcqTEYkDQ3eiaoqFpZhMvVJ,1132300,330268126602d4d2b31bdb6f40db14531a97149a
1FqTaqL4y23wgAJMQhn4k3rCaWg6vv3YsR,1132300,a2bbeaf4133de11ab54265edad6c3a3c4720dffd
1ASLQZVXqGJhu141TmKr5ifnmgZ1pq56EW,1132300,6783bb07c6b7c0afa90b7686e0259001dedde26d
1KC1mX96u7Vf1ikFV6sCFq6hPrR9dq7KvL,1132300,c7877afd8c4a29cc0894323e55481ddb18aeb3e3
18xjtiuimv56TnRctW1SabrL61ePbEtSRU,1132300,5753900885bf2c90b1ecdae5fe6581cda6ceddf8
34mRi5qeCZ3nhzcKddJ4y9w4wEWKf26bmK,1132300,21bde564aef569cf98d56edf4ddd1c9afbbb18ee
1Kqs1NqGE3RzoXbNtQMeYhZUDgfcaZnet2,1132300,ceaff93d293c0c382a4dfa92ef663e48f64de80f
1PUn22wAzfzcNDGxJSSj5BhqjGw2mSiPxu,1132300,f69393c2dac1fcccd1c8900753f11dcb9c882c18
1C1DDuXVg9NuoRxZnKvzwCi3ePitHSqQ75,1132300,78b3962237af6cfabcbac702fd3ff26bf05b09ed
16FLCNuMng7LFuUjfF6uNrtsEokb9ECwfU,1132298,398e79fe4a7433b2114811c60249da12684979df
126JPvvKvURXmqo3GJ2vfeWJ8cx85v7LiK,1132297,0bf8b9fb4331e7abfd9ca6e230daa2880ffe915d
1Jed7EPLtLdWn8QE1M6otnwA4gMAa9DjBL,1132297,c197ab7cc880e529ba0c803d155fd83364e6c082
1JE1NEkPFCCtgvQYhDwmKQPArGy1mCaS2S,1132296,bcefd9fa85c195eb0f69b0883ed861f9c1ce5c5d
1Ds2yrkwMpcscNXFtDARW9nmEY6LhtnbY1,1132296,8d17f5e81d05390e367fd7a3b17ff5bfc7d2a1f8
3JzD63JXAsWnTPpYk9datmkztMGGDG5S5F,1132296,bdba87586e3c25ac4634ef90aee82647396345b0
1L23HTFY7tykHTe8tRaazupqSPXdDA1dTh,1132296,d09cb6503738d2b8e368fb0b61d0b1db1a6a5f28
1LocCxbGrrxW6x2oRvFzGvv4dEyVBTaqCL,1132296,d93ae9ab86065150f7d950d35ac823cd116ceb53
1GwCdXpCjmbA3kERBaSdsapuUc4KtLFfUR,1132295,aeca0e8aa07f21fbf8a3d1c84d2b0d66d42de22a
183yEprCyN4Mh9EeV8ep4ZvKd7E5rhvxZA,1132294,4d58a8678e0ba1e675931c404eab6a5cb164799e
3BMEXFB1LwYCvG9tKS9X9PwLUgWzzKFYVB,1132293,69f37483a0615d56cb084e79c0bc530c33733f9c
148XqgsMGfquE63k414LySrkeYPag9p4pQ,1132293,2255085531504dbc11bea15fe87ab1ca0406f326
1GmiWfmiDrGwe77hRTfW8pAVf1M9zZvpY5,1132291,acfed755b5e16b2d4078e8279c3d6d241437086c
1EU7GC95rajUZTvJutFPff2A6xHCCa9Dg3,1132290,93ba17e61dbeaacab93277e25354d4e12823bd57
185jqoAdwPTB59d1Ueu3MkhJqbiuiuonKq,1132290,4dae4e7408e5eb3bc95fb9e066ee972ae4d5943b
1FXGXEzuHcaEejm8gNYHTtHt81euYfgeYu,1132289,9f4b3249f44f30720bf5b98fbe1423f0a3efb140
1D1xQ1JPW5XxvGQcLTmVcFKy5u5nbkuH4i,1132288,83cfc08fad4adca44eed2280f24c424887c5c06c
1M1gF2GKheBvK11srmhJmaWTgEwD6JLaR,1132288,03c8e24f00a9ed27c145eb0886b02c90186c8828
34cRtXxdpQ43ZWi6oECX4FaWmVM8uSZwJP,1132287,200a4d8568d17bc24c1ca616dd66b2fde9d6ff06
3G8w2ou7HaBAbAPpqKhzLy1drKfWXAfgEq,1132287,9e787e0bc87c152ee28a02347df0d414c8b0c6cb
1EVMqwFB62NMj2J4uXUJgMJKgCKU7CWFKZ,1132286,93f6ae7b92812b318565a7bce42bfcb2ab109797
1Am6E7w3erX2hnPJqpLpJuwPggCihorVSV,1132286,6b0fcc071d32772ceeb73d1582a1a11244d46ff2
1KLD4xjvCsV5hBTS4y3cTzYWPGCwq9cCR6,1132286,c9143dd20aaf322da0931b7ac992f1622f7e7847
1GFSkUrMvLGmuDAuaF3kcG1ppRNKqNxCo1,1132285,a7453477dfa49505edd4337180cfc7dd2fe6de47
1JLVwwQFCAtw4JjxbdX7TxUUH87eau2QWJ,1132285,be2a349c3a4a77a22874c308cae1d544d35fc01d
1MnyABFeibCaJoXvYMVFoNmuyQiK2kibx1,1132283,e4141ccb52c093ff583ba75385701c45a1905e5e
123SqjFeEAHo6t3TaKuxo3cxTad8osLwZ5,1132282,0b6e87296376d4ac5740a4670b6a643a7c29b0b8
1BZRkeSvGa6ccNHrWdvSo5XvjaokfJVkoe,1132282,73d33b20e434320355b14995baa604b1c4dc7f5d
3LdGFfgZrQXr4UJh5Ux4GzH1wdiBaiFuPL,1132281,cfb4b019f1ef5fb04c1cce1d3aded8a9d8181483
19MagnbBfQTdg1QBG7oeW3CGzheJbUpvyu,1132281,5ba571f451bfb6a2574858cefa501762389d3afb
33v9kLQyYUfsVQaseyC2uSVNmwGsSPBsQa,1132280,186c30b1db7008273ba0cbad082ff846248a24f9
1DLafM3Y5iLw17b9qM5w28bdkSnhabSFFY,1132280,875582f6a85c16881171b1ffc06c5a16d0f10a36
16mHckFnkj6PaqGw7f8uuj2G7QPQP6oZrG,1132280,3f38cd44d857a815cc3e7d3291f902eee479e07e
3MidAmc3iqzKQhhHauHDpTFduiAqUisZu3,1132280,dbb05a5889335b01d8095c1e1d865c560dffc800
33X9vZaTngDPvLQNNFhBSJpkUWz5QkSFHH,1132280,1412c5314405c43998da09d83cdba7df42e8d47c
3BjoWa52CpPxPGiAPtiK1VMRcaaisB9ixT,1132280,6e3824c31f3ef56b68594bbd252c335d47e63220
3Ln63KCgHKg77ZVvDogeTZSZwxTuxj3gQR,1132280,d15fe7fb84cf4dea5d884fca723a089359529e14
19FufSzVfxxngzaDsRF7WtwqrcBaEPj54N,1132280,5a92ca5ed0c62301da8e0d79a9f8c8135d532c0f
1P2w97nB6ycSpxHKKYFhWRpg6Acag6EhJR,1132280,f1b0608030549ca4ce89091bdb3a7adebaf3788e
3LmhnFPZUeW5La9VvBcJpuob3GQEWw2WAy,1132279,d14d531de2a0d80ec2d621c1cb158809a0be59ab
3BjT5FG838RzWh4RT9wyGCjnZ9BCYwKkYK,1132278,6e27157ed1ebb91fe096c119817e66663235d7bc
17SvRoRPvnf7QSFNotCFghUuDVrWUcpWbv,1132278,46b7c0bb2308f9423516e2da4f46557cf848557f
1Kx4WZef2G2wVrCMYcMsLayU4GorBETaDr,1132277,cfdc125eedcbf80d94e3f36e1634c85118fe7e56
14cHi8t2wYDds9NTbM64VQ5gyMeyUkeZ8m,1132277,2794e259e5af71cf9b0bb4527583c5de1334585e
3FAhKtz4q1WGrG5FjVWJtfykrWQUYevoXD,1132276,93d5c201040fd7364c8737cc95f8f1226c0a071e
1DouR8E8yrhZP48YzzDJ4eus9qVC9gvSVs,1132276,8c8065f526bb5f2c2f56a3e1fbb6d4a8e9c60e5f
1QBPGc67Gkv7uRBNNkijmr525hhn7UscgY,1132276,fe41a4546129bc0b880731e1f24dd7532d34a470
1C5wkyu1jwPDaRg57dkREnno9K8tYSAo6Z,1132275,7998c1e44822253e9cf676c715a36162a33bfa51
373m13j2BtztkELAzXoqBSNCemhQAbyymT,1132275,3ac4e8568ffd4ddc08f7254aefde1682984d5137
15H7vDpV6XRpEkewnGKqzHVLYEwtfBBDS4,1132273,2eeceedc43ac5e9fbb3593912268c2ea4339fb07
3Eyq6LobQacvz6CHGEMBWz63RuPMnBzW4u,1132271,91c7aa4c3aa12d96db449d1668171e1f9ea780d2
1HCZ4YD5AoVJFQWiGuVtyxHGLMCaLdWqth,1132271,b1b159ee8ba8abd8f1a095e24c9e4bee5d2061e9
3KHd98irZ4myXHDz21LicUduck4kASRGmq,1132271,c105adc2fd8195bf4c55a887c9a03531c68c4686
36n1Nmwj9ig3zPbNAQCSLyDJk6Zyrn4UKN,1132270,37ca4062f68e4a3968d853c58dc17c8372b5f0c2
1DkT1sfqKX7wLW3c15brWf4bokwy1PyCr8,1132270,8bd91caed3a22595af0e0effa4b33ebc0f9ca6f0
3EEm7Ry43gLN6rsMBawXZr9pnJWhWhNiTF,1132270,89a2749c552b9993a6f01f71105826fba2413862
3NiaaLzNhkHEG1JngqKwe3Ybcf62q9ivyg,1132268,e6a65050c34a143f79a7fb4ce13c7f9771a49434
1AetJCvqsUkGGVnjBhCV3ZZpArthQtmRxn,1132268,69e357ca0a55a1d71ef5224e368a36acd85f7438
1Bx31wWfFjeFzCkzX1fFyf3DdRsbDCk8at,1132268,7819d19b7cdc779adb2683b08e5a22f72730d4ba
1Jmi86D8hKboDcvvro4BCkDeXAqfKRkxcf,1132267,c2eec48bd4f6e4bee6e7dddda9163a7c0622c929
1NHBLaTWsSsi2fiKreS1TRpPbuLtBzePdA,1132266,e969ed1a7573d2ebc320854016e3ed020b37952c
3BRQit8pGKzzU9PQk1JeNfVijcLEUcmmse,1132265,6abda250fe81b0a107165adbb720813db66bcca3
182414z3Y4Wqsa7LKbza1XMbA3SPz2ccnG,1132264,4cfbcd3ce7fc59a62efe101cd1f34a42906a75a4
1CGTqnwyAULMBjrhFjjAA3LSnagcED71bP,1132262,7b96076bf87e433ad6e3376729a0813a39071282
3Dx4GAnxK5G6Cny9AJR2by2o3uNu4KHfqK,1132262,8679b3686082b287203a02662b6746f3b9c634f5
1ApdWsknMrkZd4EAQdJTxc7W2chx6TP7qq,1132262,6bbb29dc54d9b7bac2f1d728b71f3791579b1d40
1HuW8PgkU7fKkM3VKJ9hQq5x4mwb27uBAG,1132261,b96ff4f812480d74b1cd33180ed08b78039c1957
1375L5rASAUdeS5VToq2Qo8FbzAXae1X8f,1132260,17165c6c58dcad56ef46bc3a49d2d6c7eaa438b0
14qb3v6qPt7KNFmeCHKZUWnzaev4wk6eJY,1132260,2a18c46a732eca4a0f270808d66adf2093d17892
15tkVZoyrEG6Rb6Hts7jCzdpsTcbi2auUM,1132260,35aa05dd3acbab6c78abe2195e48db437b094988
1AHE6KhwejfeV3yuCCJZ2MDTMD42UyQvxe,1132260,65cab745356a920f0fbedab01c4ddb0fa0f1427f
3BBVho7LZhL9xfvLjnuz8NdvRpj7DncBeX,1132260,681bf7feeeb2a756c0fd899c0e256a05115e6c8b
1DErEkaW7y6DKMkb1WmGWbsBuCtoC2whWx,1132258,864004993c5ae7ff059990d174a9dd96d171720b
37H1sWvtcUdBSJcvXUVh3tCzBPS7SiaacC,1132257,3d46ba61d30225707b8772ae28fa504e98993e10
3ES7TiBZy9pYtSe6wzR9wbrgH3eX4tQtnP,1132257,8bc804a3908f938fc0c450dff1af99049596ceb5
1785dFSCxzh7u37f2FzJXpjfRhcjJsko8G,1132255,432786f4e904c8579a4e53555ff0d9d1b4011124
34Sh5iHt7Lsi1Va2YGmx72yKYubghgpwKk,1132255,1e32d350962f9dcb466f3df0ca178b6876f95000
16tpjP5XyBr34WYTy3ZaqZMrSfNkPncRYF,1132255,40a5afc1ed1a5d641f1c693203dadf1ff59ada5d
1KW39oDo5CBXcfKCkvkuzi3NfamwoCoTv7,1132254,caf01f8511ae5ff89f2686aada4590b9b7bfce73
1EnGfU6eBS8aDUpMzLErTV9HWB6HuP4TES,1132254,97296db070171f036f1e11d55d6b4ddd3534bb51
1Bd3ZWnig2hNUpCzP9i9N5Kc7RoC8eyiEL,1132253,74825eb378bcbd7c7f1389dd323fbbd607350643
16onUzoV51YnPUqZTyLkg2ntd3BqPGS53V,1132253,3fb1baeed5681cbb4c47f8dec9007f57ca2aee92
396fD9WXE8jwtnBgwc4f8iRH7tcuRvoNho,1132253,514192973826eef0c538862bfc0e90f501854c71
16vTYg2NM9qDqXMRyNpURnnCBzB9Rjyjpb,1132252,40f4d59e618ec2c0dc3e37755d4b7bb54fd6cbe3
1D5L1SPNrpU1b61UZXe2m31xjT2nsffpQ8,1132252,84730a3a5dfd450434c5c3e47c4331d2820f2604
1BiBxrjXCCzbZ8gCCFscXmmutd1N3mzTp2,1132251,757b76b9ccb53c19774227f4020bd599476f14b0
3NVT1y9xiNWFMdkxiLbuV6acjpAjrBZazr,1132250,e42a98d1a776ca597dca8f7fad0dab190bb0ed06
18pjDkCL2F9s5qkiFirQrK8fqo7RRwozmj,1132250,55cfac8820f0b52902532e076009cfb577b61c5d
1GaXYCxXm9WsWDCXvf52qic8JoRKSfvoGY,1132250,aae11af93b4a6f06655e0a9d172e5bac96acb7db
1D5gQkgpdR8mJH1M5EJtXGhuAtUVGG1jiz,1132250,84841217f8f7b504f8bbd0567d3099493bfea58c
1v2XZ2JuCTU5c5DY268LNtpAakYjZ9Hbg,1132250,0a0752090925281532d0e2028dd8020d2435089e
36nBLjj1CPMmvtGZzTDnp1Jbfv4fY66M7z,1132249,37d291db6931a9f7ec9bb318efc87ffb4b70fecb
15KNgynZPAdKTTanB6MnRAeJhaxR4jgCir,1132249,2f5a18839d7dfb60e01583ec20a327a63807c1ea
1Drm1TPAkYmt7CVXAj8CtkdPLPhASHVDBQ,1132248,8d0aa09f3f6b1bbfd01c8ec05bb5be895bd06adc
3BMEXaLSxQ5igituddiKNNFpszaAZkxjVK,1132246,69f375bb42605e1866fc98d7d5f1669e06884f84
1DjrPBBBhQTroN2qvJ9AaU5B49ds8QcD3a,1132246,8bbc33bcb12344e80a0cfb8c101dead77a0be8ad
13yPW1hFLkB1m3mwFRg1jZ2PA679ajAQhb,1132245,209a53e1236b1573232aab43b38d4c8f2689eeee
1D1s6oSZrecxf3h3QTZfAUMA5AuNvsXR3p,1132245,83cb54ae9c50eb889c45fa89db06d02285038521
17pTr5gWZq2fwUVHDHJ1vXMHVXLxCUPjeg,1132245,4acab70a5df812596d9302e3c9967b27629bcfed
1Mvr2n1X348kzksZ5bQrs16tYQSShDum4W,1132245,e5917d87aee4250daaa2ca17581703872e715427
1AvKrD26Z5pWVZzjLDuhYVNSTdA1VvG82g,1132245,6ccee9710a8108c5c7f651315011d296b5e49bf0
1HhmWQ4hGbxYFQKMVs6EcHfCn71Gb2xYVZ,1132243,b737cdafd888ed3e556898ed3b24627b60b7925d
3LLaauFgGTX5zGmj3H77aMX6s3KzKNc5dZ,1132242,cc8ceb4456bd3b7178420d8f58cf678d58ee300d
1PLoYqkoKkuE6TmuaxMnrjxxpbQfFi3Xf5,1132242,f5118713c4ff1d24e56d38b423a52fb0ad5b8834
16wxx7yr3MVhpH9GChT6uCV3NW7LFwEGmB,1132241,413dcbbd3d386c2a41dedec7ea5a75702d2be9b7
3GVkqujvEvYKCi5mffBvku6AD5KMbeEBun,1132241,a268b91e4d83dd2ca3d415760c2358c4024b0451
12p7p6o9v67jctCyAKdC2aekrRVsxhhPpQ,1132241,13e15cc7453ad0f4973fe48c256ac6f126392075
3Jcv7H63ToJ4ci31shVSWxZv3X1TafXuSf,1132241,b9b39ed40dc5fe19bee4c64ff4d67b771a66b632
3CHNVuGSD8Y6wuuDerQHKt9hBsrorCUnDX,1132240,74309367be12a5683dc645bdd7ef9272c200562a
18VSNTyj9LRoMNaGjQcamokwyThtwSdwYy,1132240,5229b48e8a58903f540fd1133f7d7a447cc5d90a
1G4jWoHFWbG6RMr8hd69GEndM8zfsmv3d4,1132239,a53e9f932ecbe8ba37f6b815f5311ce1fb92e91f
16UFddBxxSAD3HbjW2x4s6pfrPnkVdt9r7,1132238,3c0012d7bd0cb5bcdedfae8475745fcee5e6441a
1DmhsE4czmzt1Dtk85ou8TNymokHYdv23o,1132237,8c15ecc66ea6bf61a67436efdc906557d52b4515
3DYZm79hgnwocxk4CdfxM7UarHW1dkqqeX,1132237,8208579967e982b736ec77c139b48725fad22de5
34MCzEhRKAbQTFs9wLbPnCcMaqi2htwHhN,1132236,1d294b29d8f300e077f258d17a24f74b93a98081
17aVrGHHkk94swEpwf7dkhVH2yHs3R6Gbt,1132236,4826904d885d8362832eefda56922c768a379f4f
1BTQuYdgq5RkUyD2aMVkV13HjTh8mfL4rt,1132235,72b0074dc728039b11d698f7116d4c7d3ebfa909
1QFWVRv26fQfzRqWtx9zEYxVgYnCUrbuym,1132234,ff0955698b6a2eb99a3054567263e3b77bc445ac
13eCvVrAw7RirB98aGXyPqt8Hzp76CAABA,1132234,1cf9982d99ff061594eb59bad20fba24b392ea0b
14ozc8M4FDfeoTnkAnGVGxHPkuK8GAP8Ns,1132233,29cb992db28975c5bc8b9097542f88e5b9c74c16
3BMEX4AM4JfyXPxWJ931vs37uaxCQNpqcP,1132233,69f373d08e17ba1db7f303b149a0b7a8c6a5fec6
3Ad9Lg1cNmDpzHV91mcPwDriWctCfJog9E,1132233,61fda8a6d6944d86a17c3ffc570a78255087d7a8
3BMEXQjUjBSqch9v7hXt1BW38HyUVfzpan,1132232,69f3751f17c04670c5017546ea4877be12324ab9
1K8otTX1WvooYwTMYM26khF55bAcFdywau,1132230,c6ec50b7626b1c4c4d0ca5a05571e25ad30eb5cd
1C5qGxSjMBqjkDwY7WdbwTjauwmhFZenF2,1132230,799358725558b0666f2d8234a47b183d9120ea34
3JfW7Qh7G3gqeNomF3YdRVZtjtJfgpi26A,1132229,ba30d6046414fee07484793d9bbeec7253de6105
32z7SipRdsAgovBa5vpbA11CjhECMBPoZm,1132229,0e33ce2563e7ef442d5d860da09bcef28cfbd784
1AgYmKvYNZWjsd3uKSqqmx9MEKpKwnvWzW,1132229,6a33deb9b101553500b780475a1276c859efc47d
3PA9KSC2bfFnz9iRC5TNEdbnvw8TfSfJ5Y,1132227,eb7c0b91e186f2fa7bd7812cdb3fccce553a924f
17e9MYuxETEaKKX6qdc1XxfLbgJkS5qQfd,1132227,48d71e7e97efda92576d2da8d6aaa3282b91bc50
12AjHY3N3hQ422S6oQWm58nfh8tpD3DAMu,1132226,0ccf2ad13805845b33f209db256e7dbc3c478188
35HKedQMogMXxNaXUCDr9LooVDyjiMtcnR,1132226,2765510f1557cd3e2bd01870637c4961b7661b73
1L8qESBKBuxG3a2v1mYcEN8bch9ZTfMfsj,1132225,d1e590380ab00ed54cd7fcec9b5da5c132a0c86a
1P5yvHx3vn3FuMnaR7SVwcgkBiA6pi73J,1132224,042d4f3417262471da01d09c3083d77828511da0
17dsdQobfHNKWb1tn5AAMpuzsKFATe2JuX,1132224,48c9fdc30cff7753b22bfc23d4e8062cfc2d0579
14SdXvQGCfGXTfERsTfs5gkkLciB65Lyuo,1132223,25c145d00293ebcbe1121b4976f3fb2026d3753b
3EdnACZHNeEMgYZQYzMRgABWhKQBiC1BqY,1132222,8dfce5b176933ffaddf6bcd0d18731ab2449a5f1
3BMEXt2A1tYCUSciy2wCx17tVNGBhg3K6M,1132221,69f376dada82b455b18b8c9f5a8e94573630064d
1NpCdPmvSNJc4XqUmcQLDHLhFudT13cnZb,1132221,ef47e5d4c783e4c7bcead0a94925b9122477213a
3PBB6vQpD3acmgVLV7sNW9Sn9AHLAA22HS,1132221,ebadf358d5a1f9d19cb2489e9e390913dc2d06e7
1Kz3nBwuH7jF3hetKxmkukeE2B9AReFsaj,1132221,d03c4b37bd88ec21497c4b4dbb685029aaa394e1
3PoSxLQLSvL7gcsGJypGKfqDJbNWdC2WzF,1132221,f28a28622d7af1f161d298391a763a16fc18500c
1Q5EBDBss7zv2feJL8Y1vh6mq9g88dy7iu,1132219,fd178e40c19b4e958ffdb89596d6786f31feb218
1Nc86uQxCGnYYSsQYJxTcuG3rbyc5MCEQZ,1132218,ecff20de88262012f440446ce11bd86af51b0615
1NSyJnpStERMDYgQncoSiaPmJeNHztZCC5,1132218,eb440b01621d4e6cfa6f9bd8331924bb4fc2f5f6
1PQThx1vfUFqe61BHAnGqorCvyQZeqCdQ1,1132218,f5c2a09e7cabceeb7f0e66cafc434521150f7660
3Lzz93zk6ArojLLfcQ8Pe4jRfLJWaFvABT,1132218,d3d063417f4461b361d42b7e08e9294efdda4116
1KAtB5oA7fhxpNtXwPT2C2CiG3TFzi1pBd,1132218,c750b9bc9897d8de0fce124dd8ff86bc776943ba
3PEqmn4vgQaKcL8gumnHFqKM2n2HW1esLy,1132218,ec5f7a7ea0e93a489b2ae9d2366965e0746d74c5
1K8HZ4ePE6AFM4pQL2SywZ5dM8rzTPo4nA,1132216,c6d2fe5152dd16aab5cc64dc3ad87611187b59ac
3JCvBwUFq4YBmGiPdGszzSdbrE1WDJ2qCr,1132216,b529b455ce1aa5dc3089414d16208995b8c4d17b
1By1xUvK1mkwZK3dkbfgDujPWavatpNW5d,1132215,784959a726d80267fdb7f6b9ab0d848064e5979d
1ALMyGGknnzaaHzFgKD4Gwiu5aj8c7jcbb,1132214,66628a4dd319646976a045e03b3a672708200b91
1GkSfNgD5DGtwYt4jthXZH8SSHYGJF2Ney,1132214,acc131c10a7155b99a1873a0a4eb9f31b10fff5a
18fZZNQaeNu6BwD7qVCpxMzQLHfSSQweoi,1132214,5413dd7af20fe3de939a226e486c08d205355354
38ranGrk944NcT3Es4ezkoM3vNnu343wz5,1132212,4e980d58db3d9135d6d57850e68c485f0a3a5254
1LQ1TAnpwoQuXKp2Jgxku6MyGXQn3nUR1f,1132212,d4c45569b3bad37ff3565e5dcaebf82bb455a6ce
1AzoRNzfkbtaYN3p6sy6gMtRy4YobA78CX,1132211,6da797743788524341a7dc234df361167928d4a6
1MQv5JRpvmXgRubHdoK1mkBUPn382hfgN5,1132211,dfe8630971f5b68d455e1c65457b9852f05a6fef
3Mv3MQR7rt3HRtCwmjape6vpXLNzYQWzug,1132211,ddd91da14e7d26f97ca0af1b1d609ad819aa2fec
1LcYFfK4JXYVRxSRW7ymAbdh6VuDGVuf1f,1132210,d723097c31071e0711c45d6a8836c94ef0657193
37gKoeSGuyKvw4v8h6Tu3bpNLhRNGdiay9,1132207,41af43de6fba28d1d006ec9035252929a109e9ff
19X8aPn5ghRXKGCZLdbwwMueSPrbhdDG3i,1132206,5d73cf1c9a08fd016519952b86893c0cc17495ac
376cmFiGcakBNT8DqxvGhe9ZARp73gcxgu,1132205,3b4f476444ca6ef3cddfde45ba2f790ecb1bf8f2
1Gna9BMyBNKTuf2DAb2G5aqmEUqXoC5fbf,1132205,ad28450eff9b96e8aaa894e9b338f9c11fab06fa
14Zxk8R6xVaFgCqwKoBGqNyw2UxBVCj8Jp,1132204,27243874951835b2c00ff2dbab48b874a7421dbd
1Gm69NWkVmDxx8D3hWBVsstsmMMeVfAm9J,1132204,ace07bbc56480ef059144fe171954628448857f6
16n4uZRmu7e5FHRbyRp566V55coDKsVxRv,1132203,3f5e9ba0e17af95a29cabc0bda36692a71d56455
1HBNXysGGxYkSW1cNku8DixiEddHAFACYc,1132203,b17825e093caf95e264b9227fa28ba5cdf652bbc
13Ytwj8e2aaCvT3zxSfNxFXYZZvtVNXwnX,1132202,1bf881b5edf00b23e96cc0c64ce896dbe3b7a43e
1L3bQ3auwdSSQmxwbCHQqHESN7hC7vDxLo,1132202,d0e7ef6caf4557ae643f3fdc3eb057eec52e5ead
34EKtBTPdNDV2uGVVGbeWSTovCwcUScVQ7,1132201,1bdc2355651a1b54c3ce959e3f139f8230e6d8de
14ohxUkUHEUgXBW4w28ZvnSRFG3d8oPPRg,1132200,29bdb34c06c8fe400dfdc4d6cd5cf74004f15fc8
19awtZnmE9VsLgUXQwj5PCTxbnACep28eQ,1132200,5e2c8d5591b075b9832db4c5006897f06c859dfc
1Cn8FiT9RAUTGKmbdC7bctDmBoWWg77mto,1132200,813228304ae5c906c8837ea623f0ec9384f089e2
19NoGX6j99s8waLHUQPyFt5rac4ecjJsXq,1132200,5be05d1ab176638217ae663808ba6662cea1bc99
19HRqTU3mHNjwd4qKQvQzAqSzJVDCptd45,1132200,5adc64ac22c94ef21d9eeea20e92ad852cf0fecb
1PTvnEkNtVVonrfwWwnF2EaodfQsWx9QQA,1132200,f66a79b9b84614fc19b03e84745a54272cc6d5ca
3Ln5HT1NGxeGAS9PAPawPEXpReWy68VcWC,1132200,d15f465cd0587fe2c2c823aa5a9ec50f683667b4
1LY8RzXk2mM4vciWVyAXAZCW3nzBB4uCPB,1132200,d64d7cda49eb04c8999b266a131c194a326c5fd3
1EBr27WyC3mF2askGo4Squs94owN6TnoiV,1132200,90a6b6c5dc09048d2d71885f2d83e2608529e288
1NLHa5akBwd92xpJ8H7fuuuRR7xxNpqwEF,1132200,ea00607f8b2a3b00131406f1044ba305c3e766e4
12TsQnKD45ErQ2DnSbvP4DSwTrT6SEFQAk,1132200,100d055d7889804248e50baa56af888d932d6a3e
1CFLdp9LW1zgGen1KgPwoVVBZjXaLuvTGD,1132200,7b5f98e96fde5e7c937a25a6fbf0cdf9dca42e6b
1LZ5ebiq1N2P8Ns5aM3C213jLhyELAkB3E,1132199,d67b94b196223ec588af1853c376865ea8d792cb
1CGSdmc4U5DfPNaNWR444zNZLJ5cUZ4YaN,1132198,7b95056ccd208f73814ffbe21c2ef0d030aaac33
17VfMRngGQyPa1Bqteds8J1TRMmJAVvUhf,1132198,473c6a9b6776c4fd6945c61ebac25e71d65420fe
1NDi8yL4dkcPwPyoLhSiyn218aHyH9WHsh,1132196,e8c1f909857c8954e173f8da75940b222e1a44aa
bc1qn487kx23wfa7qcwmq9z5535qm8ydy3xjueu595,1132196,2064084128dc048830a267e17961ffc9ce8117c7b9b44b3ed94e
16YphiLzy7jBotFSL34N3JG9dWtnkp5N3n,1132195,3cdd57e35fac0b0e371bc52b81d27c37486849a2
13WjXJwe42881z1WtTdqsCWL7JvF8JA5jW,1132193,1b8fcf7e11df9b36b5f1f63b7af424bba26a21f0
15CxKT8cMxyzn1PCY1oYMvoWHo8UanM532,1132193,2e234185ed7e52ad5a959ed882dce83b7bd4ceca
1GZ2KMxb7dXXBoaLZXsgtCZccoTds71o8A,1132193,aa984beb0e3ab7e6ced70905c19be3d4ff5d049d
1NT8PWFWCumpcdY9kAXAbeiSj18VGnSprS,1132192,eb4b9fa852b01a0c44bb4248ea9799d4083f30db
1G293jzJEDN5TqZuwtXKrmmVJFLmt5qaSs,1132192,a4c1052e10095427dd11a4626ac1724095e64f5b
16KfUkdjL6JLS54LZTEpzZG57BhXmaHNzx,1132192,3a603c885462735007b2e7c7b0f847f48d461d53
16JhqzR3C1g3CfgKHW1Xn2WB4QHFYt33Aa,1132192,3a31cbb0f7395b5bc7959d0955c2408d2dad3727
34Ly2UMPDN8QYK8m1UWJvGtqwX1Hk8rtdL,1132191,1d1da3a09268d45efbb425ea6a1074fea74b3cb7
38nfdCnTsqRsW6WZHsHuqUuVDtrMdSUiZZ,1132190,4dda6e793cec7af037762e81188a641cb650029c
3Pt17revJk1FVnRc6EqFDXtfGNTJk3Lt3c,1132189,f366abbf53552d78204be25db33b4a41611f64f0
1LtFUh8FBo8UqueLoZRFQJQTqTdTxSrRyf,1132187,da1bb06937aa70d123efd3019db14897ac10d908
1GPAsLCT1AUj6T6VzwawrJ2JKXiUtiBX5i,1132187,a8bb466e49699b19f293030b040c8992aca54519
3KwAcCbeZ6W8fJaHrxuvZBZNTV31Dix48Y,1132187,c81f561e04e0e98a550f216af97fddf9f3921b68
399i9PBtFxuXBHndf2dmvfUotW3oWX6caf,1132185,51d545464ce2fe5c87b6aab68f81dde120f03dff
39tpetmfi4n5QqGTFwmqtaEqdVrig16v16,1132185,59fc971934cb0635b23d803d37dfee60a8ae8902
17d5zAnX5uhqserN6CrtpXk9KgQpM1wNZs,1132185,48a3e42292e90dc6f882fc0ea75731ef3c66730c
3QJ79YUxjCAHe6sT4uHpSmwg6Abq4V2A52,1132185,f7f5afd1c2310530a211c799b8aea81c4c576bcd
16V2vnnaWm3KK7MTXCQVMYmbcLKSyWmkP2,1132185,3c25e27fed6833a6273c6efd25567ef5dbfc28f3
3QVHyp5RXzSQBiUzGUhRrS9Z7n879ExMpL,1132184,fa134dfe089e1937786fc8a4fd7a7f634b1bde41
1L6jLwAh9rSUGLgWGsdEJzwx3gF7zUkXzg,1132183,d17fd101a9022b36e04da5523ed283374fbaf896
13Bcv9E1d1VRinRPuYBukoqeEkENJQM2z3,1132183,17f2647e38f5f168c4c7f067ea00ef9e72e787bb
39s9C1kwKN1U4weGr3woDUQwv51qRAVoLJ,1132183,59ab3b5a3dcb854f0ec7af318cc11d87b0f16a34
15cvyZ1jfdgY5Nmt9TvRKtdgKZvAjzSYsB,1132182,32ac1e2dd2731b82423840803bca299a2cb875fa
1JUf5tW1S31idjs2P5x4n2Q67WM7q3owb4,1132182,bfb52912dcc6c13a12c3236b53c334c06f58453b
1LMqzQz9aFZ9UhKD3ku8yixjpt4eCmzL2w,1132182,d45b9a946a44c8c7c03a3675d2b7c427bd30e5a0
1F4VcEzCWDfx7CS2dyYNr75h4CKse9q4dR,1132182,9a3ae3a82f146df47e9976d5057fc25767ccacc9
12BAuEL7ha4jWvftnopQkh4ZDepmSPpeVK,1132182,0ce48cc884e159ab9fbcbc2f5bc1d3925ddaf592
1FmYBDKDBr7YawE46wzXa8HzwCYgv42Qvk,1132182,a1fe1677f46225e426dd3d5c4f1d5ab5af089182
1PWBcG8P2Hift2AxpY4fcUGiDHUhU4aVFm,1132181,f6d7af695f6150be361816b5a61a7ffb3dba7330
31jPMbPSjsfjE8x9GV12CitpvVTE3ZTajk,1132179,0072b8ed2d1b9db75ab26737a819cd48a10d0b7b
3LY7PadKWBqoJNXsu7K7pYExajEEyUaJEz,1132178,cebb358ad5b2df0e9a116516c51c6ace5a2ea07f
1BY1Y4NAGFht73sDuuoQjj9KvwdDrxPnMj,1132177,738e9982ca2fd5ed5c5c5e4ebd3bae2f1250277b
1EHWqsUQu2t8i6i3Ug2EQXDH4AMMH7gxCs,1132177,91b933b0da4cf5bb67a0b3be68ece069d70c7d97
3LpvHVyqDx7HLEbL7WnaJumc8VpaTxFTDk,1132176,d1e902ba4e4ef3e2daa19c7b8c13136d1f476941
12u9dgENWmbQqqyQr9rhFsQ6rjRMJ1ySAD,1132176,14d4f63358b52d6aa128c57d479635e5e6c0ccbf
1LR7P8dWpR6UTSeLXUkjj5Eg5dDhwTp9Sx,1132175,d4f9b3365959a19bb05f89b4ff943a65b2e6a672
1DfuNdH5HYiCbUgPeKCKZuzAsYhUumwPjd,1132174,8afd08dc27177128808dfde9b154b062ab5514fe
17HuXV2nau5zPNEGtuXkHDsgU8XJAuWRGC,1132174,45034198719ae48a86deaa1c94cf14a6238967af
18npRMEtGQtATEHhdMTUwwxEK8qo5j222F,1132173,55732ecdfb8ffe506e02cd466589f74987f7065e
384FRAnZcEtXTGPpakMxRqfGvnv2VT1LZK,1132172,45d4c0f58ce0b206b7743b3e475c9c4bf904b765
1MmK7nEXT8AUavudr4aegzMwVZCSCaWKMd,1132172,e3c3f0f38c04b461eb873873f77e38a6a9187029
1GiKReUhsboCJnwaNBpsjSqoHYjdX2ea7Z,1132171,ac5a52511edc731e836ebe81c898a5e732551fb0
3EhQDPMtwpwDxawZDFZhs9QaLnYdZEHTSy,1132169,8eac3e05597c33f2dcdc3eb8484f124a182f81e0
16KwYAFT4UQBfvMsvBuKWAJYoqVy1KKNYQ,1132169,3a6da441338e7781990ee651b3a2c6275b3ce20a
1K6jGixFvnxaDfhRF4LFCduUxHf3wmVZXf,1132168,c687a14ac893f970ce5e2da488448f809223adff
3GkyxY93gfTCf2XqBc7zQkCvLEcs2BkxQ9,1132167,a549e8e7b23037e568b40c11ea9675371773b394
1LiZDV3dm1ZLpAVT2NDvfDkAgbaVQNW6g9,1132166,d846561455801686463b141f3b678658b143efac
19AFji5bTGGMUo48nftTRj5jbdjHFyBeCc,1132165,59810d1c2e91ba465b760b09fe65d9a8c7d13b01
34RPwxA7zGEzMYaphK2L9N3dSot37YEfRX,1132164,1df41b5dff9f7b63af848231ebda7e30a74c81d4
1HTbTrCv2LSd7dEz1jvGDrS5pSQVt3ZhUN,1132164,b4899881bb90c734f6eee4630e141d37d82f9fe0
342xCShLcWKKfSKAe5ngzDr4kPoD8keivz,1132163,19b575eaa4165cd6d828da79b9665a1a6a6c844b
1Bhewjf8F9NGGrUUsqUxqJ4xBbpAEUUvL1,1132162,756191f3e14591fcd46566393574991d0cce4239
19rV7vcpuAvZLVwdq5EhU8HJxTgtXSUXtE,1132161,611cdc7cd921533dd84625b13890e15c780cde49
14KuBDitZE1v9rKjJ8c2JBEgwq3iTW832J,1132158,247b6b4df538f9e9209c696dbf70015d614b4020
3KZ9Xa3kQ1BdUH845VHeC1btow8DUsV88m,1132158,c3f548a9acd63aefa66565aa7aeac83e8cae6e1b
16zeNFY9UHB6UZ64tfGuM4zEix2jPCFCJq,1132157,41bf87d78b531ecff427301664ae06163a90a290
18B1g2j9GePLsqj72AJkEDHmuqExdW6VZh,1132157,4ead9a11e4ff9e246c42b1e03453506dd96098ce
1GyQprS1hfE8XjZEq7QntJBD8KG6LhSsxS,1132157,af35119a1dad79f4e3c5c24d3e8ca420746f07e4
18FDaqYUj7MhCVirh95a512Nr8mmTpYXso,1132156,4f7935422f22340b173183781eb3494fa7373e7f
1AHYJ3CPuJJ3fiBqg9PSxA2Tkf22vmYsV9,1132155,65d9e8ffe9ba85e954e4d2a6cdcc410bb94fe4ed
3BMEXBAokNbP1S3vB9jmwCvgygMd6YofWf,1132154,69f374428556337db255e7981670cc10e2a9392f
17Uyej7h3CutodpDUFBWixiKNvnDcwnrx8,1132153,471b466c01907b66ff18baafa18091d5109a7f6b
346Gxqd33rrcXxUoGV53JdcZqaeF4gzy3w,1132153,1a565f8313fe7ba9612e145b66e964153b9e94ee
bc1qmemf8edcwcx8xygg3dktxnv2mrv2ukuwrethhx,1132152,206407945fd8990a2dd34af1f381164f4d3a1d16bfa63fa95305
15n8QT1egGNUxYh6H41ucQPQBnKMF6CqQL,1132152,346966f69e6cd65dde4c32e2daa360c7efef3036
3BMEXE66KjgF5ep9DPphkF3wwij63Sgdbk,1132151,69f37471fc799b1ff130b80f9618d485c043bcf1
1J3Gqj2emzSwK4czEQHGbcgSRG4nUv6G79,1132150,bae831609e60df134718e60a3211993d84a72786
1FQSUQQ55AJ5DgRaro4HNqgxDTtK5rmEas,1132150,9e009768d497f32abb1bff0912bfaa118acd3e08
3MUv55c4huUrcYx7L2GsQ8DjRaHa376kM1,1132149,d918a371350972e2b8b0e4dee77e2c9c477bd8c2
3JiExxULojYGV8q7BBcRipE7qqLrXv1qwX,1132149,bab570dd2fb343edc971dc94510da6f359d302cd
1NfDqiXsH6iCcui4QPU3YHzewmcRaTNyxw,1132149,ed952a8ee718110c56b6543611125f695bab3763
16xVXppqNah5fy7M7ywe4JAxgQ1NSWJL3J,1132147,415752dca102bfa9299277997cb4f0865d34a5ee
17JYZTWQL6iFz3DWJ6nUkArykP1ASL3ugi,1132147,45222bb1eb1506a62dd7a398f5b389b0b19efa40
3LfbC7AQCURUjQ8sWFrTocNkj1ePdAjQm9,1132146,d0255437a2911fe7ad63599ba7b5bb73c30a26af
1CU2wkEokDUfgAEutTd6ab9Vj1VEgju7LV,1132146,7dc63cbd6f691870f75cff23da68b87bfa365efd
3DsSd2kZDoBxCMgVcyP2uw8XkTKpc4NfLd,1132144,859a493231f75d010fc9135a239cf407cb947f7a
3A9AavdJzwUSz7ZmXQmCbDW19FwP19WU4F,1132144,5cb30d3f12caa2006e57bd6f635f43f979bc4c22
18MCqUEz1bYX1NtbWuKGbLnk68mLj16ozv,1132144,509b14642f7bbb1df8d2c40492b0a8b041b041ac
1EykAEzhyef9fTEVCVHNarp6REYThhbcpF,1132143,9954f4e6bdf4ad99e027ad4e9c8b3de8a3ca1b02
3NiMrAXoaES97QixiW8gUUv4yN8c2AooYS,1132142,e69bb0871ec9eea6bb9596d70194bf8af08461e6
1K1kyTY5zYDFapjf11QnDVKLbbYYuHaNk6,1132142,c596f8a4628e88d328073b7336a2aadab1107b31
bc1qwe2y38nphveg2tr7skn82jxmg9r4gdzqjhhsa8,1132142,206418524e2919daa62c28b208b6e419dfbef2aca8dff419709a
1LS2wegqphRopCqcwA9aFMnr7y4aEUw9oy,1132142,d526690524788689971a8223dfc1b8496ea17435
13K1uVnUNv5xXZV5V5JHn9CaEhJhviXFdD,1132141,19587e92b48202e622c90b5347a9a5e3a0a12cdb
3GgdRnWnibSs9sxQ79W92JGRe2V99u2Pwx,1132141,a4771bb1d5fcc0513b35d4c422cf666ceffaee9e
163S45zmu4NMkaBEF8NZ8tn3yf7d7Y71hd,1132141,374e5fcc1f3f7917e71d7f691be72fa933eab142
1E6NGgWP36FE8sKZwTmK9HVBgNnuvMdYSe,1132141,8f9d7879856d7d9219390caa67acf2880a9d827a
16civtx3AZyuj4DqqoE4hzbhFKT2cqLwtA,1132140,3d9a30375e503ca17e6aba8881ee4c62c7ce54ce
1NYyGs3g5jFCffetnSHJ3L8cZ1VF2yNBn3,1132140,ec6682d288e49e276fc4fafec302b2c0ea932b93
3GbC5qi5TSQYwBG79kyGHqVTpRjQ7TzXJ9,1132138,a36fdf539b17e600f33a4eb05d24a56c98cd1726
1PXTQ1DF9a2Gv3umsFF8VHnRq9DuEkR7oa,1132137,f71547e7cf520ca3f83b65ab985a9955170bf9a7
3NwR6n1nncr2EgVBZ7wPaJa5E5qGJ9H6mB,1132137,e913cfc77172257a94fecbc38879b030f631887f
1Nv4ZpCvTSYeessXBqwQ9qfREuW4WbQqhc,1132136,f063a9fa75a0d7f514c284fcaf8e45f581e2f510
3BMEX1syw7FB1sJ5A13t1rDpi1nM91aqLq,1132136,69f373ab71246b1f3615b9320d392b309350c5b9
1DWQRDnvAHyMj1F7mN2FUSRWziLTT45wBv,1132135,89311ecd65ac745c3566e59c840a0acc9253bfb9
13u1Kmuu2e1znHAxaePZBzNUov4siqo6v4,1132135,1fc626db956d92ddbebeaf1c32931d8c7b0f0a01
1PDtDFWsVjaGBz9qwUv1oeViUsFWAi3qyx,1132134,f3c281fbf82bd320b490fac8e0800d14f3a4a3f4
1Q2rf4hcHCW4XYQm5qJYJgRMmjdGxZKobA,1132134,fca4c28c90df26045b5200579c70cb28cf8e7fbc
bc1q9uhcq95da57tamhwuam6jv66wjp4nzvdpej6vm,1132134,2063cba9e2cd7a432edb4ecb85412579919d6e308f898e2aaa0d
378mwWE47SqXMeCRvXpaHMjyBnYD42uz5d,1132133,3bb7c569b4d7f00d0d5f8916b906c68cd7004e97
1LqzVg78un8jVve4gfAsdnvUQ2MYgNqRsS,1132133,d9ae599673e7d9293270c03102cbd14d6f53df4e
14r599H9FJ6ogET2UqWSKycV2XarnhQ4GF,1132133,2a303738624d42e29acd5c12a7d9d844cb37f865
1DcQcVxM3bfCc5FXPmM4iSLFQKR9qTAT7a,1132133,8a53c7467a77dea8ae9fec35aac8490f23b35c78
33jyp6Ks5gDxdBe8AHrbgc7iF5coyEBWTH,1132133,167fbcb1ee18ef3fe7e2df024b77921c0f2532e4
1GgUR2KwZzYxurPFXRTFzH5WdVbBS4zN6B,1132133,ac00fe548db3c5057bbe3a530327f7de4282bc91
12TmSxiFEieYpjjvP3L6AgVjyCsFQ34ic1,1132133,10080b34ce2b932a53f42ca7aec4e1421d10e53d
34txVWz8GeSMrFUUuavfZrdbhvuHAoXBvp,1132132,232a8122b5d57fdf53778c2db8f68d72fb60fc97
1BTnAPifvNYitH9crMqEBANj5yBKmJBYg4,1132132,72c1c5a9c05e1e284ba9e4a2ea28433aa5e15bc6
1By66psyyRfQogqGSusVcWK9w41nqxXMCk,1132132,784ccf304a1626e8f8286c8c518ee4cdde1e7654
32z59JQ1pVSTV88wnC8VPJh7etDbdktpqg,1132132,0e31e290218a9b9fc2c1d0a971e6ff9a3357ebeb
1BsbzSL7bMPc8vFodPMw67hoQUGpRF5BYV,1132131,774343ac5ed1d0794b99d5482a1403c276830f43
14YtpJhSnYAgKQiXMYqqgtbMSR78NBpuzK,1132131,26f0869166af755c4e9326b7b295bdb75a7e216d
3G1CD6S4YpizVQsJ7j8bKjb9whju3k1PhV,1132128,9d01d5858ab0b0fad6541358f5235dbbb572b480
3EA1GCTgkvX5mBVRhag4pV81CJi4ZR9rho,1132128,88bc30411157a5f3cc0d4a8e57f0b00d7885a018
3BMEXcy1G7uASonjU9v754VPyiFZZCEaSW,1132127,69f375e608bdda02f5314aa7c7be8c2586744dbb
14mQr9MPbEEJbRmc6VA5mNR9eaya8Mbi3i,1132126,294e961e73265213374368f8b2d3278589f14ec8
3BMEXwcD47B48EbnWsade4dWvQxp5sVoeH,1132126,69f3771530456155be8b50c230ace3ca25b1b0f0
12s2vjQB4cCsSwje6iRThoCCneiwKVuJgp,1132126,146e882dc69aa5655abf9a119c33d5ece4595b14
1MytU9TWwB7SBr3QXDirjQT6131p8vYek1,1132125,e624c5dbc46a730dd9f09b9b1e72cf689b5a19c4
3P4ToDLoRYthKxACfwRC2JTRmx2sjEtNAg,1132125,ea68f990c9f38e19382200b48d9417e3bb204db5
1DmVdTkvYuMJvbTVP9oQ6ZVKizKobJ3JB9,1132125,8c0bb5afb488bea2a2ea9c0609467d718ac78409
3P5eUF9sSsVNpjHrhEeVfw66oMkPXZqtCh,1132125,eaa24cd73c9be66d18c753a93cf028f0b34bccdb
1MyaQ2rbnkRTAQ1cFqouSE7dCFZcah53Rr,1132125,e615b022f786e1d9a9751db3386828a7a1ec113d
1PnhwRYRVFXrgxvLTgMFwDhKVy5usucHxh,1132124,f9f7a8bc1e273397a739a43dee8cf7a6ab8d3cbe
1GrnyscLaBa2kr2pH91XaukLpEqXyYW7uW,1132123,adf4a6ca4ad9fd0901373db028b836f7105849c1
17CLtKJXos6JYEznpNLb6K2Q5awdSHQcqd,1132123,43f5ede27223cd8c93b14f1376b19761c509724a
1pPxCQTeFmSTr8ZQswrwRpBqKL2RZ1FQJ,1132123,08f6b5940832db0c1162a13df0cb09c6be3b50ee
1C4WTmNCsRVp5PEioAwBFUEPgYdXT5QsFH,1132122,79533985db44e13ebc8f0954602247a09134eb16
33F6SXZBbXicwBmzLTqaKpcdtjkSyEZJQN,1132122,110935069c1a551c187a4c84c61900aff5347883
15PX3jATnMsi8C6HXpSsebHVyJDhumG9dm,1132121,3022bc7ce3457704d9d3beb85fd739cd9a7511bb
1AcyXqwZegzXdmNWGT5X7Hyo3PT3iN252S,1132121,6986e18e57a3006830fa47f1c95a384b42f3ca09
12dZWXrNt8EfD61yXWgh4Td55f6ExXvcX2,1132120,11e23cd9bef751733b1ca487b000696626c098ed
1QJEFuK8pWTC5ShUBNRestQirDYZPc5AdH,1132120,ff8d07dc4be5e4bdded8ae7305d5a7036001762f
3H1qLnpZRc6RRFZGCpEH6hiaTkR6YgARED,1132120,a818f4e80fe12ed2ab750e45dacc2ddec1b064e8
1KK5HRbjVQMzhAmAckBPDRcoxS7Ri3wn6d,1132120,c8dd53ab678ddc286e57d0a78d262861d20eeb72
18AjUdgQWfXgEJoDwVGUr7LKp967XMVfEZ,1132120,4ea014e884e4be0e33917966e190b6986673a1b4
1HLFXLwsqtWeY4zR7679PMWMty4prYVNR6,1132119,b3260a058627923a4b54de7c1a6aa742aeab929f
36JrPvxxYWhzBguGvG3QZvrXUjsVBZ8Tzo,1132118,32a7863bde93252d77f3629b525d7ae31cd9ccfb
17nY1VU3pAFqXXPtFs7xM6s4hLBpTB2hgp,1132117,4a6d5b87fd0b506c893c66da152b10358ea015af
1PPc1uGxBw4HnSQkov9D6sEaGj5Nmvkbvx,1132116,f59925dcf6d3b576a1d9a369b2b2620224b2e3bc
36uM9XLfnqRHfWY6iyynFT4DRYzzheFLhc,1132116,392daaecdf4fd20727dc32b59692ab4de46945f7
1FUcDCtr1M7yJ2g2cwHQPjvTcoXsLrNTu4,1132115,9eca625654bd10318a07d18dea1f918270396fd6
15uQBFiJRveRegi5h9kwL9WmWWhvPWKEup,1132115,35c97aeb7d48b3a244f31ae858aae75cae5624bd
129C6qEcZgkW9omBRNqmn6oY7bnDBtHG9H,1132114,0c84b841528d2d31a7df724ff363361ef394d619
19hHgocaPmn5cb8i9t4towyn3SkfYufWoH,1132114,5f5f92e08bc68a50dd66db477eb1bc7497ebc2be
3JbrRAaNr3Uk1eg14bMGhrmFdvRK8QZHbD,1132113,b9801f74d6d9f56e95a5fd0ba47b608b181ae633
191L4XKhspHqo6NRMEs5WHYCbfEq5ay6t,1132113,01839a1e392fd8ccfc98a281743f630033b777cb
1KqD2WCvY2kdLwLf6tqXsyHCpsidgXbXNX,1132112,ce9044ddc6287b72f902f38eba4aad774f49bcdd
1AeaEZFD2kEwXGHARy5UaAmpKmwEWSzVYo,1132111,69d443c70067fe0a97a72c0a8492067fa6d143e0
1MnnHw9cTXoaxGoXFRiDDUkHvhZfa4G7fu,1132111,e40b0ab2083e9e11b7b78e9bf6fde420d54b3a7d
1Hi6GGVGfjELSja4P1xrVcYdspQzzzQQY8,1132111,b74775e2d496f0f036ffda977c152c6df096aec9
13yQstKbNdbYC8aUC76MQ97pk4Hz8LyW2f,1132110,209b7a2abe7f0c68adcb12835e49212097a9245c
3BMEXZxk5ST33rADetYh5Stw55xQHqMcSQ,1132110,69f375b52c6e3e1cd51198015d0ae87f4646732b
15P8wNrtToPCWfVSRoKpQinbbDYBbGv4qj,1132110,301047bc0c1af7519c6c37f7dbecb7e7df85f07b
1KKQGQz7zKoUCa6dqkavUntM1g9c5yVQty,1132110,c8ed2c35755d4c0dc519bbf64a1aea8f44518665
3N9D3FwBqYf6bJhcLhsJszTKe3ZGYDdPnQ,1132110,e0569c128bf6e41abdaa68a490c02e6c160ad99a
1KCaWm5pCf87NR9fTZXJ7Vj6zzEbXfCnbv,1132110,c7a2d0a50af66859b8dfcde1935c753bedb5b944
38vEa2CDyH7CbPjVErjUAWGTFp1yu8KtJy,1132110,4f48d82fafcc9c5cdc5244c84a731fc985baf403
1McjGnTJbka4TLBEkchSKyxsofXqkt4gNC,1132110,e2245c8099caffb67a6b9d3cd643fe750b47e8bc
3BMEXENaR2pbKdP6J6KHRdAG1h4CrFjSLh,1132108,69f374769bb391fcbbae968d494ddf845a709bb1
15G7FroQa2FTyjaCVC8HssKagcqUJrU5hi,1132107,2ebbf707a924de093c6270c1ab3ba3859510e7de
1GH3frA5TjMsrEXE7kPHH6TrHaMwLkUhdx,1132107,a792c55126b040fd47940745f4e50e7883eada37
bc1qs67h7z639zrq8pf2h3ehesxqq8tsdy95eapg4m,1132106,206410b1977c7a40319236326a57dcdd5104d490003df40a2a3a
148adZeykCFiw3a9KCPMiyppkrrv1PE5Yg,1132106,22575cc15a7943bd30fd2f3b5dd822bf993c87ce
3C2ijjbFDgdx2MUFExA6TxhiK13D6TXUyN,1132105,716b3b0a561047970888c310f233e1f5ade820c1
1Bp15Qu8MZYaQ2BuKnG4s8hqKibvnWzC3q,1132105,7694df1d5bc9ba3e87e1ed7f8c8df17356b35c20
3LA5zubSRK1TADFC3rybRL5S2pAkcUqBWx,1132104,ca90e59c2e0348cae5f99d3b620542bf8d61203b
3LYRnvkf1Sog8sGrwWCdDbuFdsRNtJNk3d,1132104,ceca9220bc36b4e8da9a24b60937a58e5e0ed25a
3GuqbbT1oDbCNCNxyQ3d3bQh8LtyGCEtek,1132103,a6f6ac889670e740d6292362060c274fe549c678
1Zp8xrmg7iwA9nhHxd7TzmE8ibovakcyR,1132103,0634a8b4d04441833adb893082f511da9ed8f515
3ApWQWsaTnaVaKofMd35ukNvs1R4AjC2Fn,1132102,6423d1d0f192787a6fe91fa82fea785bd94b1df7
1NrjF6E5ebMM8kXdKHHqRnDgZUtif6kQa6,1132101,efc249452648211cc53421146cc93b42a251c931
3BKgCVhTnznWuuEkDQierV9XCvrEFnUg2v,1132100,69a80e9be0f543b2ef1ebd57969e42100e15982a
14siwPm7i2yuLr1Q4VLm9SKrawngdym6qV,1132100,2a802ef042f8ef675086ec3550ce68b66f276bef
16e1PevHRKA4vURfiPnNvUYbZYFZrXkUhL,1132100,3dd85875c021ced54e80bbccfeda7807227c129c
1BTGrBKXP6UKeYXkSjkNvt5KpNNKXiL86K,1132100,72a94d4fef98e16fac6c4124c6726aa964c544bb
1J4pSoJwKjK6WGhg3c63643aGJkp5nERNV,1132100,bb32fdbb000c74889e3318bb291e163bbdb3569d
1B45ysES5HPoNR4xYsQP7aUUBSN5XQDz9c,1132100,6e46a9c70251a008ec33c1ac7c70e8141d10eb12
1VrD5megGH9zcRcDHGyL9xmHiqrLawij3,1132100,0574b955993ad6daa55e09d9f7a78c1b7195024e
19wnTgU6SpyBw3bA8EgsgWFSoNPVUWH9eA,1132100,621d6a93538e8fb3946a7a678f7f9e61e08b2870
1HaMJJnPjmKLnmsnzcxYCTNpbVed96f8X2,1132099,b5d0aefb493d506ded76cd4376ac9dc3d5b3feb9
3PCidVgdj2jwCYngWsyBfCnxFTSSbxZXyM,1132099,ebf8af1e99a599e3220596932d3157a6fdb85f74
3BMEXKg3Pir7T72TxZpCXqXauriXNodacb,1132099,69f374ccd131b694455900b11491605e60b4c6fc
1BZFPGocSVsRUZMELJMtCHSQBqosPn9ZZ4,1132098,73ca9366586384e04ab29d9edc8912b63972d871
3NUPnwAQ6gydmAPbukybhAA4yxfGgtX3ak,1132098,e3f77d36d740e659ca2e10ed66c528f593efd95b
19EZNTjzHcZEfJdEmATf2dxLDviGHZvyTg,1132098,5a516f55dc6eff0c887532b1a44117c40ebff7c6
3ATiNgo678xwS8xyRSiuzQYFQZnfb6cj1L,1132096,6035133e561a8f0e92b26fcf618969c48b68cae8
1C4K7AM9U4udLb9aWpaM9tYLv2kVpapHC4,1132095,7949beee52550c031092aca548430dbd9b30e4c7
3EqdmuAKTWGcS2WvQWBXy8C52H5v1sxt7i,1132094,903ae3c7d3a8ab7db222ade98da7335ce95cf3c3
1JFr1BRKzYWxkAR6ju9jRkHQLik4PnieJz,1132094,bd48de157552e6cb09b918c1abcbb25166f1071c
36EAFNCNanYDQDLfJEV1PDEWfUxW7vVZXX,1132094,31c458cf6bdb1d8cf5364e9d8208c6f60178b7a7
13BhJXAAiZyiKudur53Xi56jBSxQkrnq78,1132094,17f60dbc8672d5af9494563b34ebc8bc8e92163b
13xSzurHEbfEm5ViV9ztwERyDLcFWFQ5sM,1132093,206cd4f7112a90cee483704b35b2461bc11220e5
1DyDh6EMZMHZMkvYZwNK4ULreUCoAJniHr,1132093,8e4365b8ff2bc41b965d20a6ec4af5a5e22530df
3D34mgWBBg8Wbpm15qpc2siHi7wLQZtFyE,1132093,7c74145fe309efd6702dcf440ed6666fea6c7db1
37B6QLxjsBpRBnpKhHW5x3VTPy9DvLnJiF,1132092,3c2803d7773ca7bd5f77a10bdb3d03fbed383dc5
3KhRUbcBL5UaReU9XJHybXitvqdSQajZ1Q,1132089,c585ecc450173ea6d80a276525c19af451376b38
bc1quccgxrjfjmyva6fr6rdjtvdcgn69t3q6gnmm94,1132088,206414ed88b5ab673e204a61afb217e5e60f6dbefbc88411a8c9
12rGsQgtRwU8i7sVAR2AbHMeVHtV7xvkaq,1132087,1449c1391ded5c866cd472c4292d02e82989fee1
19HzXLXp65JjDgxgjLF27eUti1qVWaMLAs,1132087,5af7adf270e08589f757014be554bc9a5cfee989
1AfC8gcJcT1aDQ8uSTGqMzarZH9sQT65bT,1132083,69f23b448f7116a8dde2b38b65352660f0c3c867
1ByJDvCBmGsPZbqAByiW8CgVZHWf2Zk2Ac,1132083,7856edb19c7dffd74cf21a8e68488ed5699036e3
1KoFVP3KcWiSWxCEPXecPQHYM1Ypirxsxy,1132083,ce317e509ba39ae0eb92a21a65e5705938730486
13PKYERzJL6QPP9KhYxjhBRyKZVun12DFn,1132083,1a28e0bbe030efe9e2b9968741845e937a2277c2
15ZUysoQDYXWf5FsJZ6PkzjmxVSKr5dA3T,1132082,32052bc3ca7972605ac7d628a1ba36dde53cfef1
1Pn6WFyB2dbwfpzV4ioGMtUbwNrQXUZj3m,1132080,f9da149589aa136ce092804f1fa2e536819f9a2f
3M6ESPeST1i6gAvszgrKTPj7z9eqkyFBCc,1132080,d4ce6757e6e7e008c17aa1b9b241556b466884b7
1NfhPQWsDQ6BMjipfKmRZGrV82CEd1QDD,1132080,041909898c1d8ed0974f9fd0f4572af00867dbcb
3FQaZy2fH1q7fKYxVgYC6kKePNyyRa7KQo,1132079,9675f0c3942629dc9940831e09fa90ae0227d7ea
1HizcZBogXTCXKPxxSj4Skd56TarnXUPJx,1132079,b77328ef0ec913511001412fcabbc369c705e401
15C5UhsQtEDCWhNnukFeypvNR1DXYvjkAo,1132077,2df8d104fc440a079e75ad50fde214b34ca1b459
1LRbCWn34beeqsT15RhgncQp6JH9LLPLNn,1132077,d510eba2a414849e351ef76345ed29e7d9c5ac44
1ErsRQWkhPDdAD3Jw7YzZwGa9Ych4duFdp,1132077,98081b4164dcc5a069925a05b24bc07d3e65eef0
1E4tzGG3u4iFQXjpNwPN3Jbbgg6JdK3JEJ,1132077,8f5647a6640b5df682d80f160e793060942a8137
1CuRiP9Mzr6vCHK5LkJuLYxP8P8waw5P5y,1132075,8293a4b665ab783cd1c5e1dc0ce9de438c1309f2
1HteneSVpLvpNnnhKvFTzt8focfUZDdAU,1132074,0331c59a8ac5fd8d7657d40095d631958e075f86
1DVPkWRpykAPkNx6pat6Zb4wbwhDfpraiw,1132074,890025adef4aa9f16c478aeb6d0de61ebe4bdc8c
38nMkNDuP8mieLdkZcU8o9wWDsSci3WzkN,1132073,4dcb824cb46b668486fbfecbe66c94e77aa19c91
3M4haxdGmuZTAcbApKqjRjYaNXs1subEre,1132072,d4843bc9e1c9076591f685178c06d79376d177c9
bc1q9wguachcntje2nrt96j2zt5eunkj2kgtm9j2ge,1132072,2063cbb897d387ea1a3fbb3be514c5e0cfa5f5fd81472e84f304
14chGbCjJP9wFjxdTcerUNDkgTntUTBEH9,1132069,27a88cfb043238944dde048ece90a56f98e4fcfd
1AY2wWkScge7mVyXmQz3Ve4sRExh7hmnhD,1132069,6897a56d3a22528f8f3c50a1e1634f8d7be046e3
3DgfYae3CJEfdQfHRDh8nvbJdEiiCd4sg2,1132068,83907f868d0b8d131b4f73ac26512c82860b468e
1BwjSFdrB4kCk4PcFhFMPqzyygCaEYS7Jn,1132068,780b249eeb9e2add6b276f37d7d2dd34a189d111
13eUHpxfcPk6abhVCAqtSrrKEyZMYWSenr,1132068,1d066c3c78eae2480c2e3bcf59fdc7400add8716
1CXX8hYogRCwgd17Wg8wvxsR41m2ErDGva,1132068,7e6f041a0e7256a6102451b5c6155897ac3e025f
17JVrF6UFuhzBw9TZ3LkpJqhTjNDcRmpdJ,1132067,451fe872b00aa95df7008ad1593c9070398393be
1HdyP6yPNV4aP3WAUvxey2P2JqYncaoHb3,1132066,b6800d3dd9b17ed3eab3b126d3ceee98f9f4ac38
3E1HpVYddfHZ1DjkD6V9ekssRsrD8ozDz8,1132065,87164408d6d67814f790a28ef6bab53b24f588a0
15anzgtS7bFR5c6xjxHtApoguPpLAqf9e9,1132065,32449fce910f4cd3ba9139839d552c0adfe45e98
15eP3iS68vphA4MeVEoHsnYKGn3DSReqnZ,1132063,32f24c26807e2fc78a4a4b3811173369807ba0a7
3PvDNqTo5rJKoRugxE4s2XxY9Uqod1QKNH,1132062,f3d1bc498b84df3908c3dc662c61c7d42e93ec0d
1DdzYkHj9chSYQyVXwDVMqGv5NP3eM3sdS,1132062,8aa085aae8370b64488ba03cac21af088d99eeaa
115X3D9YYh3tcCV9JhV3eFUHcfXkatp2jM,1132061,00dabd06cd9d084adff6bee47fcc45b2216a8f06
1N9Pmqf8QbTCPkKWbazcPwhY1Ve7W8edQU,1132061,e7f0faaab90d93667b2550c278f7b55423828d41
34fPagy4PFoPS8z1VLFtW614xVRkcB1GnB,1132061,20999fd5f80d7d0557b7ce9b300946c08bb48f1b
36gzjHGbTxBEeNQFiCMm8KXyBnVuZrLDvT,1132061,36d7a1cf2f352a9f44ba24a7b856bc35b5a13afc
12XmrWGWN1iy1cje3ziqWPr7WLJVkFe6RZ,1132060,10ca0be5e85f198d044899144e46ef58912d9de4
1G3DxYvFc79ShcNFVm9jWx4rGBD9njpmiY,1132058,a4f58907e88033070ab41f6aba0bf9ac03d2105b
3EqN9gx3hERZ3FEcvXbZpQynE2snrUx9AP,1132058,902dd8e4e393d0d184db05bbc83be759d5a635ca
34m8dhXMEfFaHDT7faqzHYL9ZjTLozZV7Q,1132057,21afa45f0b2be7e1c88edd0dc53a09246563a3f8
3JCrGAfFBosxjWcJkB9YPp2ekD3BhBWz6t,1132056,b5266d1e61c5d5c21f6e7afc50c77bb27d6c7bbf
1M4VXkZnsbrP62rfVZoCHGm77ecF2bNQjU,1132052,dc0b94514fbfd674b8efdeee5c1b2fc2526aad3d
1CcSgjuDB6vYzV5wg3HVTZ35Q1q8dR2NfA,1132052,7f5d62182da8e91261d548773a967242c7d6e031
1HQdkiTYweCukKiRkiSkK2zgxCPTsktbSG,1132051,b3fa429670748df8b763714a10f98c6357a43480
32TVj5KYu7acqxbxCNFo2Ygyb1prR2z9Ts,1132050,086982af083fc77a3aaffff379118eeec06e3716
3D5rJLvgSLZy1sXtS3ZQAcjYGkvg6U5gdK,1132050,7cfaeabba3fdc1089c8d4335c244166b21311c2b
1EZzffUDi3nP5jKJjdMxfFK7uQfVABNGh4,1132050,94d715688c42adad2f87a2efefdddb227b239237
3MaRaqvCEsAySpNZjjAPE5HaYNsHLuJSQb,1132046,da235ac7c7a46c8e8567ca9cd7f97717b608e4bb
3HEK8G1TcZK52xqA6xi6FKvnrBD9q3DSoX,1132046,aa75241d8e892cec77c3e8fe0a3ab7e685670ebd
35w3KejTh6oVdJt2FHJ1n8ZRUM5Hb7AcAk,1132045,2e877e724e77eecd16117b14860ef47ea09129ce
38DUn1XbW1AiqxJkiLxQxCmuTgYVzQfjCQ,1132043,4793a631e8410e76d6ab428a51e444a20adb84fc
31zQ9fDr43MqpSgKYGAUxfhZYu1zfbfaTG,1132043,03499ff2aebf722512975b54ae98e910975bff12
3GCRip39KhDEAQUS4a4JnvTaFiRu7qBhVW,1132042,9f21b06fbf2ba3a36942536bd1848fa635c6ff9f
33qGFaTa5L9WUAz2Vx5dyVuFjPkD6VCLjj,1132042,177f8a316f58bf8863f825a6805dcb5cf72c1f9f
1PkJBWHQeTUXmdFFkrSSomgy2cSyFzSDXJ,1132042,f982fee49822f4dc390fd8285430f905298b9406
3K17qYBqzrbG8gPZXTyQbCnksdQgdpZWDo,1132041,bde68fe8de0a2200c00ce053c76ed141c787621b
1AGZwEWkY8i8MjypFAnHng9sWScFHYhrJb,1132040,65aadd4145b7fdff187ec88ae05cc47ded810eb5
12ihJXgSXjeYx677G66sriaCVdJxcJGMeW,1132040,12dad2a44627427a43405e64298326ca6963ae92
1NJPV9RsFkvTi3RqVXLz46BwhszwXwnPfj,1132039,e9a47b89409926dd5fa1819e74b82de861d27009
14be7xXCxXevmZ3ZnwWXCf3ev7WS68Dha6,1132039,277581982bfba593fc2331ccbcb44a1bf6033a3c
1MXnkut1tbPpZRVPBXNiQsdG8H51K3Bdsu,1132039,e13530cd3b0a467c6ce5d5ae2fd6a8abbdc1b325
18CpCYGYUKKyFyfR8kZHf2vP8SSfKtgTEn,1132038,4f04db137233e9e631b24e731fb70a58fa8fb000
32tvZVntjcxaAshR79EEz8X1d2GJjY1iej,1132038,0d38a4000c0b1f9fa90f24a41ce07a917cc673a6
12LqoW9JYoLaXTvugNeqnZiCRnyrfnxs84,1132038,0eb8c447d50cd65eef8357197e8c4a9d89b2c084
16P7qUE1qnHXFFZBu9LTXZ3zz9QcBy5F3s,1132037,3b077c78a328a51a4b568124d21d8cb2356f3403
1BENpMRZewZ3M5L1ohmvwGQdZbxpApmUHa,1132034,7038e073de4eda22ef1f916dc37f435533f6e205
17QTPzcdn9arCmdMFyA4qSA9JuXzfRp2hS,1132033,46405b40f3dc6ace1cc03c11c8a89189a155e950
375hK4UKNYs6PT3om2Y1rBenVbH9Nxc6yq,1132032,3b22a8e2cb995b1ff8991a53cbf4c90ea5b1c5bc
1EGfaej3MFuYkH6igGYBR8hYuShKK9vCfU,1132030,91901469114e36e564817af39b43af9e19c8e3ec
3QFrmcVcuYSjsxmjPj685H3cgoa9ov5CN4,1132030,f788da4576ae6c6c8f6d8b764f25e1d022c77d83
1DrWt48Fc8idY8nGSWFaamnvPqFzh5arS4,1132029,8cfed594ba902381d20efbd85952d8f9174a50b9
1F4TPiFT24etRADxgbmdTEm3Nsv5edCczQ,1132029,9a390a184d8aeac446973d1cf9226de8b3b95a06
384GoBUz3G4wPVn2ZSXfmoqnqp1JCAzb3R,1132029,45d5e7c265e68a66c7a708fed51924a11b905dc2
3BMEXfbHXZLJXKmgR8vcfaSL8UWyHaEJWi,1132028,69f37610bb41cbcca3dc7b66ec4a1d8a27bfc384
1EDW9q6616PpMuGkrc6yZpAffywjNQBSdo,1132028,90f6f6376c791f4c9d113379ca6a577183e92583
3C8svRshdpL3ng9TurTNTrorDf8uA6ASMB,1132027,729564a4bf0666232ba581cbb1d921dd4bf7adc3
1PLTdy3zNZ2LqS6kKmabWQyJ4ECutBTzWy,1132027,f500e80090aa139ebc2996556ef04325b372adf5
3BSx92oEmrrtYn6mG63QYLKjv6ZN9tsqHE,1132027,6b08466b395baf15269e0b37517a299734723173
1DrCwsxtBTzzcRu963LbWmYbwisYWiHDDa,1132027,8cefdd1bcb124988fe991747e007f720923ce50c
1J6Z1NHhag4Ms5yZ9thXzSJzo1EM1TWMTw,1132026,bb86ef8818db365f7be17bcf364575cad4485fb0
3JzPKyyk4zeiQJiH4E4Xn6bnGmAVw6m3W4,1132026,bdc313b26bdbc8808dcd0ccfd3289320b4c78ec1
3LS2YC9ixwpPeVjEaq9tHfDwA9owkBxDUz,1132025,cd94a9ddf9a29eafd7db5bef4cf31e808509abb4
1AsqbdfThqjSu9eknycPtrN1rGDMywhQgS,1132024,6c567f390ca41dbaa1df2ef9d775dddd5ce51647
3BMEX2tbfMAD7TY9RRL6m4y2xfgDEdwbio,1132023,69f373bbe08814b9fdd79993da3b352d9d36d8b7
13r4bHFBharMZE8hLh1VmorXZ9Vf9uGw42,1132022,1f37a19f901b20329183602480a1f6f2b1bd40df
1FUsa4nhX8cX1abcJPT8TVbMFGGH68UVoL,1132022,9ed734aa92a50f81b23ca548d31cdee26eca1224
1Q1SgBR53vSoEVfQX6kwYsspm2DPrQLYHq,1132022,fc60536bc40305cde00c81eb4720d5f36dfe7f35
18GHbfiex4czHu7y3qrpEPGf4FUHzFrPCs,1132022,4facf998e535fc96ebcf07034c4e94e2decb0bed
3NRMCftcGWQufQfQ5YZJYy3DrYj7h1K47v,1132022,e364141e391526325c448a776fa7849e3bd4be03
1GJTNTtwiG8H7WwUWkrCerUNQq5P5SBE8d,1132022,a7d6f881a1d7513172a9d42ba53ceb2b525e14cf
1P8PC3F2qDyj7NhftiNpEJq4FNiUVTnaUt,1132021,f2b833d890d0a70ede5decb65cd51b3054178030
1JTCGRaWew6AXoAb9yV5xEm8fNMAnYnMcn,1132020,bf6e5b8f22f7fd6474ef4b6e243aeb5488f84c43
1UKUnzz4W47tpPMN25Bryr9nPsmxxwwtp,1132020,052aa81846ad6ffee7fb5ad8cf304373174c286a
12EdKHzY46dfe8y34yxk2kMuCkohjL7asq,1132020,0d8bd90ce41338d3db9d00217d2a8ef9ec6c103a
39W2qfGSbh8P9He9Pzd3pCJfkpF897YGbA,1132020,55ad31f687c17d1b287bfe476a14ab094e6391b3
1Jw9mf2Vma1t7aFaN9RAqMEfkhLXwdaTK7,1132020,c4b7ebc84cce3e2037d6d78073bddb209ee89bde
124UNeN3ZFvHtsf6wxgy7h4Guqj5gsf11L,1132019,0ba03940d3f8a84c508177c6d4f7a6bda63e4865
1HPZFRgtti1nDSBT87R6MWUkBomvv9sdP8,1132018,b3c615651baf2b9bd913181418716865883b208f
122t29Ad8C4QPuBms91vFcReLiAFFBfUz7,1132018,0b53217d70e2c13ba4adf30a42321dde93bb8799
1NuDzdfkhJYujZxBGCwt5ikdqQKC3ogzfC,1132018,f03b1e3760bac0dae3274f3335557bd043d47226
3BMEX1wYDFniTGsFF1AVDHQHvA7UiHAFw3,1132017,69f373ac706ceb7ad0222b4c3e94de7a21538dfb
11ykpnCQJDgt2diTVupEsJjU5VBw7neQY,1132017,002f608e7ec500f3a9f8a572b2d84a3884bb7f5a
1KWUjLWiDuxZ4T4oSG4cNt8JRSDAwz8GDR,1132017,cb05798b9da4d524539f4e6aee66cfb3e6c1d835
32xpe3bCYkxoY75Ym6BfYSRfCjvN2JP9Qi,1132016,0df55c83bdce32aef4e32eb1a5f5032d2fcff78c
1JNBKdCv18XF4c7LT5c9TALXAB5H7BsQrY,1132016,be7b7d38d460b836422f70f0d62867f3540ada02
1AJiWPrDrByr1fmNBXjAtZiW6pfycoZeNB,1132016,6612d9fdd80544b657e8cbc172223f6f90bfbaf1
1Namnf2yjSsmH9AVEQFXjMg4FeuuJB8zmf,1132015,ecbdc13054341666db736c1b0e7fe763be29613d
34hYdNmHysLaAhPG18fpsTKesZCNduFqHJ,1132015,210201fcd3d53e695f6ba94a2bf0693928ca0ca5
1FhLNGqxz2SAZXhvuqqqGmZnoqB97A5Ngt,1132015,a13290e6833663f56bed6e6871d5dabb644e14b7
bc1qg4ywwkna79kkqtjn9pjwyzszags24hzpfuznfs,1132014,2063fe38b0b389e8cc4f35c6dc36c2e009a0bb793bd30a702711
3DLyAwHUvRWd4q6Xcpfg47o8mNrRZiTUMo,1132014,7fd6e49e9adaf7e4ab5baff21073b324a4218b05
3LQgXqiRrx5PbzWqTUUxyNwVWYd7Qm93La,1132014,cd538c1f350ff190becc0f12a5d0679b49dae0a1
1JDAxQo5zroRuGBde8ejojbMtDr742qwa9,1132011,bcc770af27f2430c72553f22e656cd2a0fe28615
1JtNDeQByR7VbA19rofUuKrmCNwfshdQ8F,1132010,c4311074c52d32dce276eb766ca044ac90d2d245
14beAeEgc7bfiTfSaGrKpmgMouyqLeF5wy,1132009,27758b7c78fa40841f9fd7ee7fa5d572e5d80f70
3HBT3M9meGmeaxhhejvbMuUL6LWPMiQJ3V,1132009,a9ea8025456eee90a33dbd49b8d6943da09b4227
1P7PxJcjZfxraRDh8gaiWijZNkHfeefz1V,1132008,f2886c73bf63a770130c092ba9db9f829bcceafe
1BE1ayxxupXtmasi5LENHrDpfYHKcje4JR,1132008,7027278866838caaeea463a729eb0df069b51f40
18vaqutAPCt8RT8BDTr5M6mxwtZn1AgnDr,1132008,56eb2d6c175e894f9674c96987eb0e2908b14ea9
36pNaKWi61sT4XXYE2d5j72ScB577YHcbF,1132008,383cc78d59b3a55c423d44cd9822272b8cd5a89d
16PFVjWcrFito33c8w5YoXfZkGGtLbYvgk,1132007,3b0de1566eb575770e3afa21a9b1c0cef1cdf4e3
36P1Qa531iRPFZ58zKAwpHEzqHXQ2GKjg9,1132007,3370b5d1730a534f9519307b8817463cab64087f
14qr7bLuCoautkc5S8vphJ13auht9hWgcm,1132007,2a25576ec0348648b57c346bce62a41ff50bbbd4
19bGMNcoK45xE5A6geidrS4gqqa8aSCSbZ,1132007,5e3bf6ab5c37dc74432f145d0b650ed4f60ba770
33jzmnJ3sY9AGoW6pPWPaqf78xWyCpkfgy,1132006,168089e0f551dd1264f6460dee8a1b74ad1104a0
3GKmNKvk6qZsancxe2d3Vk6ynxNYd7rAEC,1132004,a08500537c30b91a51e3c46f9e682922dee87092
3PQ6bQsj2wpLHwJ7GwLd6QiUeRAxrnygFy,1132003,ee1f9826806e2ef521e452cecc458f7ed879f51e
3G8H3BYjCVGVfA58bUm61p7b9dcULzhP8m,1132003,9e58c6e553481f9cb9e9b033296a03b636f66a6c
3MGkBur8UCaLiYrTFqLKJZDLL2rWKjtKKk,1132003,d6cb65cc6b6803065826f5214ae340b8ffe0708b
1DByuyRFx48YxNjE6zdphM2Z7uyR62jtuL,1132003,85b52d890fe9628075ef38582e8be0c739ff73a7
1DEJ5RdCiT7LvRWY3iVNLa1agHgsm2EZG1,1132002,86252be5b527e4634f7da5f497c19a3d073eaa9a
1Jtw3dpt3dSXxWPjhYoNbqF3jNgh72kKG4,1132002,c44c779c44c3a4107bfc3ab24906ed6ba9d86a86
1LMdNUTt2NJ1FkEEzvErA6rvacL8UJfL9U,1132002,d45111c8b91b3053e1ac61089701c95b5459c0d9
3K2EHVmeZwzc5npqcuZBY5nW9f7KJxwNgX,1132001,be1c5c39e8a0fa79f289d9558de9ebf86611a489
18Gv34bqdeFtUA5iLcWzws9bAZQnbfP8tT,1132000,4fcb644a9cee568b9e631cee4ee72d6657808a48
3M68FenkY8r6YxwTAfEErZPTw2g8VjkWUm,1132000,d4c93d9692d09f238516b2be2e4a30229c282a1f
358vVytKvonSWR8fsY3qUP7AR9gXHzfsQ5,1132000,25ceaa41610130763da7df1ce1b9baf26c1b7e86
1FKyYJh9XhiGijxVVGvhBePGG4zQBKxfaG,1132000,9d2871fe31391eb5c4dc8d59db5eb3729eb97cdb
1D66RWCaUBHgCCQfN3QL1gxepkHAK2h9iH,1132000,84981d9c587ab8db22b0d3c94c784137a1e9e929
3BKzLyJK4QzVeyhcadGxu95QszwdB33cf7,1132000,69b734670bdd5e830eaa704f0d63374f2b862622
3JbfYDGdvtYUWdp4mPvqaSRYWwrCGZty4Q,1132000,b9770abd825c1dc968659dd9a3a95abd44e178a5
3QoF6wnaoA3HjyQK5oCBsXWSokKvLbsn5K,1132000,fd7863ee57cb16c1539c2401e85536d8f5f9a5be
1PCX8QUNxDabBre5Yina9j9pU7sNN44kVA,1132000,f3807dfc6983ec45ba79603fd4b5ee653e01fd8e
1LsCjQPP5nPLCe2eHsBTsJew4ZYkpvYy4W,1132000,d9e8fb08b82b29c9d95b7f8e679e7c2d7894cfce
1KSERrGmxR9UUQz9qU8WyGS536dD4UVYUE,1132000,ca37df65fbb6986e4a444b7a139253820381f4e0
3MhLAiUL3sDTeTZFHwdNfMH7BznEFTyyaD,1132000,db71becb4016b116c11636e144fb17a8dd8be28e
1NDsHNbW7x8su3im6VVjqU8JGeHVwypa6b,1132000,e8c99b45eac3dfb6fd58196758ee69617408d39e
3F6RWr29UFuKmtibPj855gAkvjhgBegYHb,1132000,9306e53b2b0d28fedea1a591106474a6be48db1a
18Pa1g8gvmHtdw2YQAZfbMeSQLeAFbGTSf,1132000,510d969f5b17c62a5a9503cab0d0afdfbd850149
1MytErVbmxXSXLjCQQqouBYTfjcyetQp4G,1132000,e62494e20b6e0dd509fa6f53d55b691bd3094c6a
17e8tLYYHePhkzAxJLmmE6D3UMagtDiC8D,1132000,48d6ba3a87a49b0cc032f2c0e4733759f3cca345
1NUNeuHNetcahB8xq54sCD8tG3rfTC1hUj,1132000,eb87f2a5683adff22c1887208a0ec2669eb194b8
1Cy8hrbDVeynjWwB8FLsdKqwfFf5LJVaM6,1132000,83471bd98963f2abfc40f910d65b9a36153357f6
3LpbXUAiodNtHX1zbe3pumxE5qoPpWka4p,1132000,d1d959eea42b8d2a48ff6ba346262050419783ec
3QLBE1CwPupKJAZYwizzXczrQ7HEhuoxko,1132000,f859ec04f60c6cc5a3772e238870edab73cc0164
3QHPiHp5PHtF3eWhxeiBxgBAX1AMYGRWgt,1132000,f7d31928197d8ad2e52a908bb4786a1a82f42fbc
16KhtaLxwa4bEuHMdYncu5VoSkuJ1Py2bK,1132000,3a623fb3a79db8550af1b29d0e3adb44506ce0d6
38ZWopaGgRcgjkPNKCn8b2RC9bEgei8kEL,1132000,4b5da9fd0a7ad38f38f9d65cf945fa0019b06314
3PpbyVuTAeQoU8P6HyEzwfqabyV8pURCbG,1132000,f2c21a70ac7b35f2ede1d520cf1926a839ba8657
36r4cgo9sKKUtzDU31cGefGNtLfpEDe81m,1132000,388e9eae4af40722272443e474eed1253c9df9d9
17Et8hMaZh9WBBFs7xysXgQzzWQLobFJt4,1132000,4470d87ab691334075bae5fe8ed771e69a5ad96c
3QgsRhLCRmAPjXGdSgEj63HKpGZ2QWCJBu,1132000,fc43ccbe3fa08d2379b0f59706082d9f42a2e073
1FDEzS7LEHHfRNcxyfaRu9T1V6MAKorD7P,1132000,9be26e53aa8f49cfeb181333b9bc79ace0a44cb1
3AoimF3wvzVocGkhkst2SHvZBHUx4gGUYq,1132000,63fdb81326eff27c7f0884cf4096d9f0c0489344
3868rkDqPALvZRr2DQhpkTrQYqn7xKMeHr,1132000,46301c47d3dad2e653940a4fd39ed77085bae515
1HeySrrnS2SfeHMUKYA4dujDNfLMRE6jAm,1132000,b6b08591ac5300165b97e4c30a87f34e51280f9b
3Dq389M7KHiq8F1n58dFj4udFAQNQJasuD,1132000,8525d6bd1dba6852d82193ab4c0b14f1b6990faf
16EXRrVSekduFeK4DC7gk99m4upBi5ZG7L,1132000,39676fd5fb69239c7e0c9e5dadd7a45a3cbbebbc
3LfT9yg42vLziJmrrUzNPeTPkzjNXmvgtE,1132000,d01e9ec9d46d421c6481d4a404d34c9c638ea80a
36BqWGK1WBRRyZqbRhCYmsTrbtXU2Nz1NZ,1132000,3153de77ca3d4d412bf2fef9eac58e6b8eaa7528
1AMjkn4g167LydBEyRb82B1DShcLQQ3Vag,1132000,66a52424492c38db4cd20aacaa56d36b6a36621e
143UnZAQZKoMLtcyT7pBXtVT9bgMHf6hK9,1132000,21606743c444193223880b1ba5c85566d9eff5b9
1DLM2C4NWQrz4n5WzRtLfPKmTbn3xfuF3F,1132000,874a1ffe5bce3273ba19fc139c7a158c09f8dba6
3GumCBwmVsYsrDgquyZnHpmjUJKK5fuj2c,1132000,a6f2ff818697e01efc84be33544618eb428fd3b2
1MVbQ76BHFTaw3KJRYXH4jvAdoZEtD4qy6,1132000,e0cae07d4f68ed97b85803f1316e1734fa515b40
1Ac3rtPZYsp2S6fb5xZpjoXMEpWi8oF7XZ,1132000,695a1405a2b90594c07401609c8ec59477d2325d
1iGLEPwTL6RMLvYm3RzdH28XPDm5eDHDT,1132000,07cdda42d0646af6b142f1aa61ba42e7cc4daeed
18agCkXViiTVatKoBLeGYfBtkGfYU5Xe5q,1132000,532754f795c88dd659a6553fd5cfa228aa3d69e9
1NLG2sTN3UM9BoBzSYTcBoKSY766yzF1qg,1132000,e9ff17cfd72f6d70170dcda86801701c4715763b
1BDAEMAhPUhTATD2YD4FkytWZHaXttqEvv,1132000,6ffdf44d69411fb9ef583ad1db132fefce187eb0
37KzX3nd69D3jB1G98AuDS985cddxEtbNZ,1132000,3dd6d8bac2b4f553f519cf8eb97062a703cb5536
1QHnkfcL7AePYFvhVzMv5ownpfrzAyDVLU,1132000,ff77bdb0a6825252e1eca6297a940cb88a3309aa
1AZLVVVxHXsdemcyxuimhr8cdYWcqZQxmH,1132000,68d6b69a3e04b5cd692b9eddfe668f91027f37de
3LfM6VGbsRmgbywWy3khUhBYuAJkKTkkGN,1132000,d0198fbe1057bf21d689be8f779fb3dbb18852eb
1AMuHxaQQcxf3uxo1RZCFRLnmoYDW6BQFm,1132000,66ad1a4f50165eeb7e2c7d1f54ecd3012d178b7e
149U89kCgdFyHwF9Qr3rByeawyz3gCswQH,1132000,228258af74e31b03afa32f613f4dd768ceddfea5
3D6awrqxJdzWnR8FkU8e3bjwDPgpsX2MW3,1132000,7d1e8446983f9dab7c9ac2694598a0c3274802c0
36kGUjLxTQuHorpiEvqnsKT1QmAGxQuoYY,1132000,377606d386a1140555d02a6abb87b6498f299869
1K5aERjqtmZCk69bBqctVeTLyXxdYe3XNE,1132000,c64fab0fa6f51450aee2b850c7a9bad7078a8abd
1D1eKhPLwfoyHD6mkNfyNhXe1EqJ1WyEy1,1132000,83c0aa1ee84dea40244fd6007951debf5aae88f1
3Nhq1sdtVqe5F6hDwsExsYwYfUzw9wRCaq,1132000,e681f3a8ec67775edba01d480df1727e3eaf2b13
186KfbbsdZg8CC7bxfh1cMAcX2VeSz74xD,1132000,4dca8a9b7f58c77b3abc690bd3bc83153e783678
19LFPD4yWjj5AXqqTpsnodsMXgLsHWVM3b,1132000,5b64ea70bd05e8773b88a30204dfa266237217d0
1FuiHHVRyD7jM7aBUq45jiCpEBkyM11Cdj,1132000,a389d9b5ef96c0d7da32de2ba3fd56dcaacc99fd
33X1QjLYSimYVkekUrNcapStVGaSy8RhMX,1132000,140ba9b1d62d16a9886e3d20eff59f6e68274d4c
3DGMT9uEqv2ddoUgJ52ha3XHijch7qx251,1132000,7ef7694c464c746bbc9694ebe6b6eb5dbc77e491
3NzMBfVXSrfgt9SvmVRgcBPEwUstvpPegC,1132000,e9a1ca741a1aeb625a3c987177d5bff69512f98e
3LhDLXRvkZeFwaPrZxj6XNZsV59TM81gRm,1132000,d073ead9a1335a3dffac0a9d737a89f53c423c9b
bc1qu9a2t6xswypx47np6n8cyzwu5afayd4tk3pdqr,1132000,206414256c93e70b7232bf06882d9d40b4801337848d7e35e313
3N3wJdVDRs8yztm3kCepk5xq6hbNuGjAFg,1132000,df57651bcc18a4cb15af623f5ae4ef67fa6b4ef5
1BPUs6nV62dqcJHZUpV6WinvNG4NTuhZBu,1132000,71f1ab23e36e9394b82ae017c475f5e8a4c5b315
18Kgukc4ZwHYDERYxfmL6mcUiKeGfwV7X3,1132000,5051aebdc39e59e15b561ded9fa1bbb2bff83ad0
1MnCWwHV6rVhYKNDk5QfoX5t2HFgPKEz4c,1132000,e3eed8de5c65b277f878f6fdd5ff2566678ce58e
1Ht5Qpja3nXdo4ZLjYftqCL5c6bhTadh6X,1132000,b92ae8930223279c57a9cfe6b0c100a92329c485
1HaXGd9Ut2sm85Vie6se7HZVXCnppQ9yJf,1132000,b5d901c2765429103218c40b5c1d6cc27497fafc
3BMEX7Z96P6JVtXNAJEChGVLLL7r9aFfZz,1132000,69f37407bbb8233d4001a58a06ac6baa18198cad
35525jonBWxXe5D1RoW1SjeGCaZaEyxge2,1132000,2511a92d79bf158596cee6c483ea99e25c7940e8
3MyTLZX5FhY7kGwEDk1XwWZAh828ryevrL,1132000,de7e62bc4807c7c1afdda77129617d94644aa32c
3DuEa4wzYcQNiQoWgA5QKApttuVPeAae14,1132000,85f10ee0d70bc70b0a4764cf356c3dca5e01526e
14K6yxhihUiyhfk8hrftGef644J2r2w29b,1132000,2454dbb62ff8a4246d9fe5a5aa27ba237b14ad70
12J41WQv2N8ets7zHPDbnc86yks4pyfrRQ,1132000,0e31b56dcb6ed1f5f6ad5095e6d93cfcaae60d21
1Csdpk9CeQ3i6t6zQhyeGEkDYQKs3mRQuU,1132000,823ceb8e9b0b18937a195d8d29bb3225331c745d
1262hadgXtZUPMPT8Vm2e5xxT3qagpnwBp,1131999,0beb9fd81faacbdfff23fb6a1aeafbeee5443ee2
1D36rR5PKWcVBzca5PChB416Zv6QrFhefV,1131999,840739f01323ca29764c138e46b0da770a1f0e15
32CeyAduTukf5R61NS7Zp79bZaWvBknNXS,1131999,059afc97c2228307e88b0f3ee51b61938cc16e49
17VVpqLzWHpyonqrbvKwS1mocXLUH8tu9k,1131998,4734769a6ed3a4090c26bbd6625474085e90f959
19TKeXZh9L3cxwZ9iixGgHb2PKTY8HTWrJ,1131998,5cbb6313e4311c9ac47151e6f42bf483ef250ef0
3Mg6Y4UtvsdNVM5nSou5rkQaPc3pshgbME,1131997,db35f32e0387f3b3be4415e29095bf64874a5667
3MCT7X84cBHtuhrubHFbY8K4MbkFxvvCY3,1131996,d5fb7ace39fec2fd9c833f3092f0cbd00d05e3eb
3BMEX8Te3mNFQHpH2nAHW7duYKbwRuGeem,1131996,69f37416740d9188b9e7fcabff571dbbf1468d88
363CyeF5K14bfoHMv9aqci2Qkm7orsPwJC,1131996,2fb20c9fc71d60ac3d246923102b50ec9ba12685
1NWh55EUiGsnX5kCmYvf7NVaFGx51Xdcuj,1131996,ebf8273dfa33bdce6ee519fa1b1868f575abb45a
1GJs6p9tmTtZhGJsWeom1U9c5vtMdXk7yM,1131994,a7eac79850d6afc52e9ccd08c4eb2faa2ebb39f3
13nDxF8TtAjhyCq8BQcbxw8fJ98zrRCm7X,1131993,1e7dc83324d9ec3c1c05d87a65b31cba6df24c11
19pV98RCcUhrogtzgwFKut9VYhNpz2dYEk,1131991,60bc0bf3033495b6f6d50d4e2a292279788e2720
343X2783LDJF1X7mPNYiapHjzAk55nVdXb,1131991,19d0dbdd282f2e633c317aafb06dc7905608a108
1EXZsFAwMXyBCkCwjWJ8rHrt9pn3tKpfyD,1131990,94618ca7a4bda1eb48ff6b4ea971246eea9a74ed
1NA4F4nkjujwojBKcpRmrqv7RDAaqoDJar,1131990,e8111781b30c78fee3ebe75b020c15499e79bf0f
1MMQFLQiZ2aXp38P61Yxtq3V1bgcms4wJ9,1131990,df3e3d9b7fb4b5f76e03eb35a7fd0dc65f6393d4
39x2FRza15U61rSheXQmxyELfjipiSbGxW,1131990,5a97847d7e1acb538730e833ff83304f6ac89f2e
1GNa5z9pt2cYwqLJZbYkE3YfmcM57A2r6g,1131990,a89e3d9fba13fa77b2a75b852f2766bedd641d2e
12FwE39GnzhoFEEBKErzQfox7YqmwTfNSX,1131990,0dcb36bc5793a2a9df0075aded79a3469efce1ff
1PQTPMmrKKFcrAtSNPfUmxA8SyoNHZMrae,1131990,f5c25c1fadae42e0f9f8c6af87e0009515ffef98
31o9dwvBbARYfH2mTMHvZCZJFbNK9HPWBe,1131989,0128ef5aa9f590ec2d34e37d4cdb54adc55fc8ea
3FF5pX24rt3DHHk4GYNjWcPGUqsZ4qqFaj,1131988,94aa32c26443d6b108addaa5330fdfd0bed610e5
31u2fXMSCBhyrVKQ87wraW2PUdKvU8obVJ,1131988,02459c31918af17d9f790fe1d4233b3812271a2a
15XeDRXBhA8vxjoNdbHhdP84YPhEDyCwxb,1131987,31ac0bfcd2c830ffa76aef690010404b7d54b78c
1C9XNpCWnUJykJAugE1aVqtVafYg6qPczo,1131987,7a461168e3826bbbbf273a9d18959ad45db6a864
15Lm5fyZih6WXEi5GyipyhTe6TbPSnM7WU,1131986,2f9d33f7d624942aa485c5a956b40feeaaa1f223
1HDezQbGcG9hbuENHfMx7oJXPNQRTVYqu2,1131986,b1e6b76273f97c8bd761041b839a6d310d51c73c
33xqkubwJbECvohRD19RvxykXzbzAonDxr,1131983,18ee6bb271e43a74edcdeb75ee8a8e77c7560916
16CirT3hVwsdWaKfSDqm7WowyBB1VphSYk,1131982,39102429ef179d3806b1e931ea70d8d551340784
15cZHWGLQd4mNYMtfyBnCchwyZUiSUrVrL,1131981,329a02f7b7b14b1a278c07e85a4e56ae10465cc0
15UijpsXiV3VYtGveASmLpU147WsUtrMfT,1131981,311e935681a9a5cf11fd268a59ac9a89ca59ba67
35prdheUBCA1rrNuwNEWLCDHjr6TLdyKqw,1131980,2d5c135b20d0efb47c2013743a2e1c90d9788cd5
122UgbdtwyAoJSnPNuov8ahe6tBFjeQzVr,1131980,0b3fa66d7b81334bf9472db18550cb1529082ab0
1K2fsG5rLjoNjmmJyzhsewGKGm1zdxv4rS,1131980,c5c31fcdcfd965f825d25c029e146125e5805126
3538a3LdQbdGCtfRDmu2xB4KjfxSY7vbfr,1131979,24b63eabf57b09faf1d2e209557d636e6bb45b21
3BMEXmnHQFSD4QWhgQ27aoAsTCZ2Mfpa95,1131979,69f3767563b5241272585366c5b1ea27bc3c8436
3D2qZZgqvbgvM4j9jyhkGmS2yh15WKCL57,1131978,7c690da757c4a1682c6be166b2c6320c34ab2d86
1N1hENJ2JqSY99hh4Z7XtTNQ55npyQGRKA,1131978,e67c3962b830c944a022518096d137812eafa9c0
3Go9QkUqNCzZn8CYN1B3GTXc8JZNt6GNLw,1131976,a5b2a1bd4f0f90c87955b5dc4bde42c8f2ab794c
1M5UpAnLRHiaqcpYn64nihLjEB92dxXHnr,1131976,dc3b6598672bf526320ccc1cd9c6c268013ea9d3
17FNKBJC323DrYvRcACkBDfnsiq4RKCusV,1131974,44885ea4d6698b37f795587a461316c5898ea765
18wg5c83sALGQvwdiCCWrvcVVtWVV26pW9,1131973,571ff6da49aebc6439e03707be60be09003a93d3
1BvUXpYv2rLpcaV7N5vgvMxj4QjR4VFRLY,1131973,77ce492d5a2423c2cd6dc667cedf1934522d5bed
3ME2S4VyEAE9FLDLuPqCepeouGDECxD1Zp,1131972,d647b5a3f16011ac8c354f5d7d15b38123192e69
34xEw8WFENZF71R5iGMp8gc8UzKehAUUjy,1131969,23c97a216484a37bbaf34567038c998e52e962c1
1MfTN8qR3DhzexHupPRXZKEfdM8yZ5xHL6,1131969,e2a8548264cc688e6ef2daea96c3925ea0a75828
1A9BLB1QUpdutDAnohMe4fUyqM8GMsBFcf,1131968,64451550f0be46304006d5ed0bdfb211932d9fc0
1HeuQKX5hsUTPyjFNYfM2iPQ2nLTyKHioU,1131968,b6ad256ac92086b2638b7ee31b7bf1651cbf6c3c
1JTvaFu2CLsV4g1e2Nq4w6xkXjEiP4qa9h,1131968,bf91ac94f3458330579c99cde41e539715a65d83
3LCWcfCkot8zy6oDJCgzNQXnyeCykaYSkV,1131967,cb06470fb7dcaa8cbd8892da2445471e4100456b
1896Xg54KV3fB5YeFutLpjAHqPZtv1x762,1131966,4e50d2ccc30bdcb88fcedd804f95cabc69e6bba8
1GeUaJSvWWx7qGJnpsvgJz4EGsFuHLm7Nz,1131966,aba04b8abc73200be5e414cb19544ae68a65a3c8
1Peow9JfFCMYTjZXW1ZUhwMUoHVQ1JCCbE,1131966,f87956007904e2bfd1d2e9e79c6b48c9b7360099
36UuaNJhEmKDuEu2LdfS4C8JaPAEo5uP6H,1131966,348e56a4f6c27366c87c9f13091eca53786267cd
1EGw65vesuYt8juvNFYLviyNCbicayqQo9,1131965,919d0654b3009cef989c95bf584b7a0cb9cebda9
18Jvvykf7dSNZX77Rzob4n582BPDNPQtF,1131965,0161e0f9968461f5cdd4474ec7eed4c6c51365a2
1331QJZTd9gDZ96nRcvkhgjZvR8EBrQ8ZF,1131964,16516b3b45a5474947f3c3dfa58f837f4a64afd8
18SV5XyK7afETzk7eaiVssMfrYiTxzpoTd,1131963,519ab7cf6e1246853a5e55a3e83d0acdd45478bb
1GwDWYcWtUiNEs6KayeSg9Rhk53mJEUfv6,1131963,aecaca7fc71a1ae9481dafaa2b360cd54065b97f
18op863H42S9zCvcSZ6x8zi4DpGpHjGuKt,1131963,55a359b08ad50fd11dd6b771eee5c20da8b048d9
1PFW3m7m8G2gAteGcMUfJWAchk2gVcnXLo,1131962,f410d6a2c3bc28a0dbbe246db7ea26ea7c7a9837
3HAqwZkSwg6aQuzaCsxVGnyShzvM1gps3J,1131962,a9cd3368682864a13a1ab857924485ff1417eaa3
1HZEaSbHk129VKMKEcE1NbKkpNieACGqYH,1131961,b59aa80e6b235690d4c35b5186bb0c880bb20151
1FBTRP4vWEJYGe2QRrMiTHC2nTrUqF8pV1,1131960,9b8bf9a61b4b7fcc9d2dbd0ba68a7cdf2b437347
19S26xnnvpqGpBiX4DSwT8QyeMYhkUDmkq,1131960,5c7c536cc8c893a0afe886dc39cf754bf3403e4a
35mP4KdvVeQvfNspAXPtRmatvNDgAaC1bp,1131958,2cb3cf10b8d0a551cb31713902a63b283c3cbc77
1MMo5xbGfEPjTLLkMnKWjxa5GnP1xeTkew,1131958,df514e1dc398f33a368f050b6480d71039939ede
1BtiFK4XU2q2TMRBN6R8XAtsaN8EjFXnwm,1131956,7778e7271af6cfddaa6eb185e5c6b7ba7dd2dbb8
3GNsiEbMmQS9QCKdh3YDYPzEoc8Cmj1eAC,1131956,a11b8b52b7f5391cadbd086f5f268ccd542ec4fd
1L5SkAj2XDeZKjRbTSPDo96Gf9jsqtbMnJ,1131954,d1418b41d6a10114628d8dde82d94b5a255fe4a9
1GHnvD7QyyfpVnKLTgNeUAqvQDMv82F7Pz,1131953,a7b6df3efc0e837bac36d90def0b97d1f5b86ebc
37fY7eRcQq7AZEvdfXBW3MXtUTqefABvYF,1131953,4189201417b853a9b209198ca8ae3b92ce1b8a33
3FgNAx1i1XriXheRUH5UPFhc7NQfhJbMmo,1131952,99723f5c30813fd5a67f118cc856448341a226ea
1EVLDAySsH1iVNkbpahheu6iBnhBv9qByv,1131951,93f5515509ae9e02e06afbb4a12d2a9dc249659e
1HBr3vjPmi3eGUrend1NF9ECRr4AcwaH6q,1131950,b18f1e0efdce5d3ded17831057fd3d427eb7a17c
16uyayMkNdM63es7i5T4GJVDVaVr7cMBF9,1131950,40dd7e8b2ce3d4cab5dc7123da58511db51bf110
1PCEVEGjHe5upNHQemZxdAcfh2WgZUWCmv,1131950,f37299d841c6465c39558d0ad5e7419c1e2c3d7d
1PxsdVsve2ftVP7miNR8AE8PCqfRspPohA,1131948,fbe3e888641bdf9edf46f0a9bfe123d94b21ef87
1Cg9PpYJ4pLqCb3WMJf3FJADr9Pf4PNfF1,1131948,80109cd4edd08d06f5bfd614ae40faf9b4602ddf
1MVMFJp6YyXiLA6W1s15vQU8sJacXCNw8C,1131948,e0bf104d35e2daf813186f769abb482d0b1641b2
1AJPKn4o2KH9busHTNWP1NT2tLmqijSLmd,1131948,6602d69c79aebb815936aad7314643cdb2296411
35g9hC7dWaC6LAd6LMVW5PmBYXmpy2Zonm,1131944,2bb692b55d1678b410690e4b68cbd4fb93906675
1DXwHZmnsJsZL3pBEr6wgASmDqc2gCxF42,1131944,897b4db8ae6b01d406e30abcd1f4622d7998a496
12HmgPqnaHJehwWS72knBJ4TNt2BANGcD5,1131943,0e2413d69b7618b6dab2ef13e4386fc0d5c01412
1uFv5oLJ4zNx3A5gZVWNRRYECym2KoHwZ,1131943,09e214a2f292a8a65eda5da5656e89d9553f1453
35psYb5qNDi92eM4g5mLYYpGdFrRjZy9Pf,1131942,2d5cd63701b4d139ecef7a20f924c3580ab1aded
19umrBqGa1N6EiF2ahaNuwsym2XEFMgQew,1131939,61bc12d40c41ae55c6276a36987a32e82ae43542
3CjhxLywCBD8h2J37CdJuqT6DMzpoc5rcW,1131939,792ba1bd27e16300618c56b3b692b82004ac8590
1BFmEQeW4iDvbFiBYRrAi85fgv6aBkn696,1131938,707c00ed5c56df1ec338f851b8bc8ff4387aa764
35Zs7kwWN9KzXuGXpbpFz3SVWnVaT7sR52,1131937,2a863d6fbec30ce6b891f010e8d575056a5fbc11
1DPR2aimhd3CiadWuJ6DduhYGMGpLiDwRC,1131936,87deb7af1acfa945f0af698da3a348be69f7a8d4
14FusxE4HvBsGfHhGbVoRabyQucCpbnwcw,1131936,23ba577006cdce2583947b9b82f5d24505fa64d3
397YLL6jVHRkCWmaEDJmKXt7QxXifZTeo6,1131936,516c3fa78e3415e9884804e834b2c81b460bff3a
34kMMut7pindFvrHedTC4qCFZoEjXFf9Mv,1131935,2189d9cb1cbd1d2edaf201db6d37eec51b9ccc01
1TQ9A7UcQHyXxkAz4vVkmDDySrfWQEc1o,1131933,04fe21c03ecbfb491cab3a5c77c0599b1a9f05bd
1D3gNFxUBZLK9TkVrdJJLjwVkfYi3QWmkF,1131933,842333ed5e709e51d202fc14fdbb18d63f1cc5cc
1P3HTPEuTVYYw4LVmFNXNJQYE6KuKHV8cE,1131933,f1c155c38418b62592467d44e00f25d3593a14e1
3BMEXYLkAvqHSfTKyidYGZkW9uqJnmPByC,1131932,69f3759ad1560621f921dbb2fb485438ff1c8b54
1N7v3zNTNvJDBu8DirNvwJk4xgMHaiDFg3,1131931,e7a96c23e707e67c70254fc86ae123a046803bdf
1NxTqwTDmLthxBzGdvwWAyFrmk1eVCRV4H,1131931,f0d7ed6acd0d5afe656755d268864b70993a7f2b
36V7SiLpvtEkMV5jhfwfzL12QXVs37hg2P,1131930,34983ed16e8c3e99a520ac5f6f47b84e3ac3c28e
16CnquknzcCCgx4gZ6LDUZ6pnwHb3HPRin,1131930,391378f7d9d1af65f5d28e7f53eb40686ff88e82
327NMEVCUc1ph3R9RwtLm7Rnn3rt7ycEG7,1131929,049b0898f6282541c178ae485bc6fe25a6ef1cff
1FrsbEcyB8CdicoXj9K34xUk9Ri4R3ADqQ,1131929,a3005fac114e8ba1141a488ea637baf724fc3608
1Dd64ku6m2DQfbFfjsp9skGzCUbt95HFbG,1131929,8a74b63e68f76d92fd39ee2d4d27db06a5507771
16DxAJbGW3i91jo8GSPRGV6g2p1HyxGiiJ,1131926,394baa81e85e601856f1c81abe865c081847a5bd
1H2ScqmpU49rboLffD5J7CTXzBfqkKBrtj,1131924,afc7d0339742a45dcedb7c8a67f46296e94f39cf
3HfGaY9d9sqFsYDgaa6LUYaZjT4ATmLVK1,1131924,af2d69ff7047bbcc595f6f989f96c49758e956aa
33VvyaBGmQhdu81ab6KXP92HZy9PWi1fe8,1131924,13d78bb923bf258b44ab10b745e338bb13afa264
17VYXWBNdH8YJE4PY8BAMT4igo81WqkPqc,1131923,4736b7d81f40f251118e07069b0d8bbe58012929
1Jpe4cToGFFqHVz2wsJSZkLrvs1VyT7AJr,1131923,c37ca065906f3f227ea480eabc7851738c8fe4d6
3QJ6nzJyGv22zhFyxo2M5HrkpWaFxng8U5,1131923,f7f564162ea11335518c191d77e49905b7bff1d7
1DmzAuBwuWEyhXbsk7Ddw9M1J62zBK5jTm,1131922,8c2389109b2de708a00724833eaa3cb7cebd03cf
3BMEXQSMrFthsHZbMPrTNMnVeM4QqLn6kL,1131922,69f3751a4affa9ff1837970b37f13e40930df055
146pDtXcANFtBRrUQgGwSkGKhKT2wxx4eo,1131922,2201e053d7d18f975475b8fea31f5dfbfb32e53b
3K11FgcnkfPi2BRYPy7NmjqjRGUwETpH4G,1131921,bde110fc5487f7cf5a0cdb32b76f6d82436ee703
37YkFLpLAoUhyxxiyu998iDRT4QGyXpaUP,1131921,404057688fe2bccd492817c37821afcd7172d331
162nZVJjYoMC5q1hM84rsW1JAF7BHezAHC,1131921,372f139a068f1f89f983c51836f1b689c51d829f
1DR1E8ifnDKL7SBK7JMS75AhM2TW9ttYh2,1131920,882bae7713e05844aae8bbb3fb7518268261f549
1J9Gr4SY2f6maTrkuDRcHYdgRcVXtqLTFm,1131919,bc0ab18721bab8e9501edd517a3250f2f2f3902b
1ACkxsxNKSGJPU8R3qzX7fgu4zfufq3oAT,1131919,64f2680d2bc1ac33cb6e5a5a4bc2756b71ef7f13
19AezxNkjgwRvfE6YMFDJMnES6onp57bo1,1131919,59947856fffdf01502cc8d0650555a39bcfeb7fc
1K3hKv9nAX4spZN9UBgErCnigS4YUuDbBY,1131918,c5f4c233befaac9bb0a71e1cda80445a2ffdb1ac
39PDB4V18CVUNHsaFnZ9ViaakctGZdtk3z,1131918,5462e904ec0a2d8cdef6cbd073f57cda8cda7a0b
3BMEXg9h86Bei96RbgzEngdAwTPrDdFegx,1131917,69f37619d16189845ef391b29f955a61cca61927
36gxfADAE9ujdRVKQqywRw7akfkGJVLepp,1131917,36d5e73a1cf99b6a1c060f572c06f7d28059fb3d
3FpGJYQ2CwfA2AZzcHyq4vQWGeu8uGLfqs,1131914,9af0ad097cd9d344ccecbcf8c29dc0a2ebf31243
1GaxPQKUp3CDMjB5ZtYxBbuk1aoVHe365o,1131914,aaf5d8fc77591f1c3e5ca1c846bddba2baae5434
3C2UZ9P8a3ms2uxQC6BV13HWSNhUdPqoSw,1131914,715f64400f4442abeae87f6bb91b01a985c65c35
3M7RFH99shmddztf3Eyz47JCf8zp5FFhsv,1131913,d507d790db081874d8a97f717f35b95248fd7453
1w12tmHFaDqXgJJd5rrgGsGcTmq3uWjEg,1131912,0a367d3a7eb88e8ec29b373bb90a095eee2960ad
3G3AEjGMowQXREST6LgvTqXkxUt7iPgWqL,1131912,9d61051f4c054d17daf14d6ad8f515f0fdad0910
16uRxW8DXmrPCPctn4YM9MXnbMkLHF6CCy,1131911,40c31788c89f5e19766a5ddb868894a8acf8caa4
3B5McMPLoSJ9DbMeSzyQ9ufdjcf9Roog8X,1131908,66f2b77016ee37f6b6cc287999fe540056bbfebd
1FxT3bMqWvKjxbN6Tbn111xMqksZq9M3ED,1131907,a40e614069d35fa09ec03f77095ca6e363aefcee
152AF1EnBC1hkNxbePLVHt5GoyuGiMeood,1131907,2c18a22b2496c66224f959ff59a9d5784d4fbefa
3Bjwi6Jjp5yBRhEGCBWSDxhGxshJgkj1qS,1131906,6e3efccbd4a21911b2667492ae65c037d1e3c067
1KywWBgcK8YeGZwjsUX5qa5SGcfc4Q1Hzi,1131905,d0370e0fc35305cd01edd85a42878cda8ef3bcb1
3DpXjxWsphnbCjTyqJ8LPHrczyyoCtp9tf,1131905,850d4fbfea8554a2c18e9e56cae2824e6154b727
3EXvMX3B9tG7ixmNRnXoEFXSECRmjwAKqi,1131904,8ce13e102aa895ca9bbb63df7ee214c65e052743
1DEPghiJJjRVuqnn4khMnHceHxfx8waDRH,1131904,8629da5d7c805b002acd207bf456a442e57bf6a9
1DBf6dWnzRMgRAdYVGKRfY1nMpyjvg7RN7,1131903,85a578898434b6a3a6f3c3cb76fdb990c1b1f40a
bc1qfqpp9v7umnhvpj2m5t2tcq4j8797xt6dqrqnsk,1131902,2063fdd756c625f85eefab89fae2002d78445a0cfcae8543f8bf
bc1q3eus98afgup5h96g3gfaz4pr8f3fkrunksckxh,1131901,2063c12da35fcf6a7fc1acf9705ef8e14963a8f4c086ef1ffa24
1KGmZbnkpeHnHiLigkNRDvezQbq4MxpR76,1131900,c86db3bb1e3d38ef674012adf6285e446e324fcb
1Pfnn6TcPuAghVuG9PfLJCbK5tVqCr6Ay4,1131900,f8a8c972ffb9b721b49898519476279ad2799711
16NqQdTxrjsH8k3DA2Bu24duiEJEWmXmJU,1131900,3af9c5c745a550cae145e4d5eb207c473e58a991
1525F2oUKFms7BNXGVu82NXoferebefsr5,1131900,2c1475c7153055a49f85489e70d4a795cf1121e6
1FjVDkR8tGkKju7DykT8K3xKaRWmDCEUUG,1131900,a19ac9bf26b73c97dc00aeb5d6b3cc81c9ec0630
1JwdBLNxixnEKG2JXU63NsfpbvcgrRsW9g,1131900,c4ceccdf25aa4b5245f35f83a6ee58e01c441af7
1GUxoCFwdf9F6iN2394Hk1ZfbtnkBgHzRC,1131900,a9d3b1babfb824b52af4f30d7f8ed6d8fc96026c
1CufAra89FWGSkQrn1gMxwUJFXHidn5diB,1131900,829ee0533018c6b4b59d8c250d7c565e7138685b
1Fo2CuBptugjjFRy7PSvCHgMtVyBHGgNbd,1131900,a245e6b79bdcb23956ba5376cbc9f7ca02aa0ad9
1msv7sWy6JrjgxdxhSB9ks9pFVk4QnAGf,1131900,087cce01fdc90b13b7b439e3e4fc312583be5b84
1GUAhSyLTG66qtWLeiSEo6xWeSdDoqezdA,1131899,a9ad36729ddf03c11225c23e64a39c0a3d850eab
3HjLVhuRadTLMe5BJuYmEJkKxVCPqqEA9z,1131898,aff258eeaa3da63b07053654b76672ee972d8771
16FT714mfajpSYZXUzp9BmJmDaC2detRqW,1131898,39943e11f26a862807789a353ce6c15000ba51fb
1GVpngNJQeF48y3HxbRj4HeE9chH5dda8g,1131898,a9fd6cbb8c9eb929e67d12ecd29f84d4735e75be
37ALKFPTsSCtNf1iVbXaEQsVUFWRtHJkh1,1131896,3c03365a06bd3ebbc5a2bbffbd8a61b2c531a6dd
3A2hybK1SoFZTiJsqFJJ4uN2U4cTq29ioK,1131895,5b7a57ff51f58923ebbc3836bd90f5d27d8f0978
1Cw7JewPtJeMV3sz9ovucnXo1WLNL9M8bY,1131894,82e51bb25e7f188f6dab27ba424d528703644678
1ADggYF58ipgKPaVqG2CYGYT9thePnoGqP,1131894,651f3f8ac8c9d54216386d2ccea3fd5fa1cef23f
1QitoHnLRWUtLRZpisNT2YoWFUUEgrmaR,1131894,047c89a666f074ad292a6120db598799be02fb1c
3BMEXe89TsMQp4ghsvv1euSRiPCExYUQLv,1131894,69f375f8dc135ed73ccc153d0e3522a00bc80311
3QPLEUXaXPRHPfERHrEjTeStWzdkhZrnJA,1131893,f8f2b07ef7c2c15bd95dbdb62ecb721fcf910410
19wcHTyp5DagwdRnFyDqJLtVk1F55GyRZz,1131893,6214ebf5149ca9044b44ec3c3fa5bcd9addc33b8
1F8SFQz2xiiGyTP7aDvSVUbiuEgZUeNkAf,1131892,9af9bfc4f54a51eade6601e95efcf05c344b6424
3E8VD8EBx3vtwPqrBqiMhthFsHf4Vzdomx,1131890,8872af812bec2f5a50d63eaaef3f132d77b00a28
35kwvUKftCJvw7T7Kupjg3LupBqgCurab6,1131890,2c9ed3b0c50d7be06f3b97ab5e46eb661b6cf270
19tUDBYgZwLNm3CqNtdeW7SFcojXVStTEX,1131889,617cef21f6779f538d23a42a9a814e0ff1946f16
bc1qrej7j39vs92zzk2x34ch793s49uyf9apu5479v,1131889,20640ff5bd18b170ef566c19764d6a419107adc0d838ffc3e469
1A39pRE9mAwEFEmwh9p77igZt1tgENn4vV,1131888,63215312175d1caafcf020b00af9fec88abcc546
1JAfRKmmYSknN7bhL5Jagg1bVD6xL3DmoK,1131886,bc4df3ee82168324d4a04cb4609b017b3231fada
1BqixURwNU1auxrnJa6AZcyMPP2wNwSoxC,1131886,76e83f5a07f6f77dacb06dbc94f0516fe89e8c04
18Tao5wFyKZdnBUXtpEY6A22Bp57CunzHX,1131885,51cfe7e12ffc9a73c5b038349ca6fddef34736d6
3HeMGcGouccPRTJPp6356aEaSPD6ZGW8zB,1131884,af00e9f1944d1da0710eb3ce3c5bc784ee3fe296
33Q9xijA9UC3RnHRmzyhvFkhgkVkoeWn1e,1131883,12bfe3bd335852bb57a7099edb00edf330c04963
1KkkdBN1WCA3a9Z38XD2TBxAbqtqLzaZ6E,1131883,cdb890d5455868442c1392501ddbc5f3350ac088
37ioCRFh9FJSqRVwNsJ4DvUEWwnAbYyp7n,1131882,4226f697e0a293a397e98b2a757c8da811a05f4a
1PCbQA1shZKjYeo35zVXtGBSFR5wAYtor8,1131882,f3840ecf99e6e777fac49627a112194dfaadfbd6
3CRBvw9EEQpmw9AZ3gQZ7QSzRrR8DFBnq9,1131881,75ab14d8d197d5725800183ba0610460265ea074
1GrBF29ZGiKSgabmFU9PuAA2YtS9DQNY4T,1131880,add6d1784ef203fb4ba4eecc1ee695aa38625566
12Pd3RT4tLFBUuDnfgAah6BgkpG6rVEmPY,1131880,0f3f5cf2e90b3b7dc3249edbc82e818b8d4609a8
34iwCVQoxxsyL4SPnuK6BwP2k83o6pRe4x,1131880,214543d6f809292ac0e52558154de1fe84c98952
3FDSSL7T5dLNQkxBXpcjFRusyqbxJ48USe,1131880,945a93b1e87ff6b327b129708f63d7079fe9ee9f
3PBA8bb7fzHZEnQnF6RkxzhGPHbNMERqe5,1131879,ebad23d27a3358cda260d72a5aaf832d0d3536d4
3HbafNLnhnZtLECrHUh8qg4LCRV33XGckz,1131879,ae7ad86ab66ecb5ce099bd1d980518ca9e619bfc
3G1XqFruk3JJiJ9UAGgicJe84urtce4aSX,1131878,9d1237060281d51172c318927a9eaec755b2b976
1215kM4TXhyoDh2bendgvLXFRMkw7XquzJ,1131878,0afc16b2c9ba910990b3355d1d4fd4fb9007bf2a
1KjERJPjMYKdQyx6gHe9gDRmTga7NaNHEg,1131877,cd6eefa38ec56009eddb7d6bf3059097f45cfeca
1CDxaiVa7Ven52icP78NCPakSp5ABBJ9Dp,1131876,7b1cc5a80e603174435cbee51702f299e7cd8619
bc1qas625jrk2xufs5wvtpt6wgx9fvz9hc2juxwx8e,1131876,2063f57efd39ddc8f5f09b018f70fbc2d0807e6ecf390ce53180
1GZdEaeF8ApWdCXCEDT1ZLMWVHnyxUY7y1,1131876,aab571bba6b1824fb2f5843b6c9440a4552cc17b
1Ek4G7BpCtPyWJeB9S2jZR74aWXjKYC9kY,1131876,96be3e4506869fc4b21e5428905d6a1e6890164e
1846EDR5G3MT8WBLCCXxHTJZxzcYRUpCax,1131876,4d5e7e0a35684afb87ca3bc5677aa44772adab46
19fJ12ExDAGZytK2ERvEAgkNrWFbbkjnak,1131875,5eff0106e42329fd4d7c69a9cae8cdcb50ce2219
38f55qXyqAZwvGWUFXDZP6qNE8tLd8Y3V3,1131875,4c6aafc4da3284c93c051c2e205425ebb903bf02
19zTcxi9LsQhNSSbgxVX8JzNFuiwP3RR1t,1131875,629eeff69788d520adc7b9bfd61f1c0472918487
3QpXghAQWTtToE2m7K4XXxUUKKphvFmf99,1131874,fdb6a5ed9b13a0c848572f8e732bf6e53922fd7f
1AFAwTkkXYZZ75p1basz945WffFBfaLLib,1131874,6567408e167cd31c3c9069ea0210108afa667c19
192DJcYMwZ2ETdXwYLW7xCAqkqfVaxK3jG,1131874,57fbb15c78246509d9703a980a915fe7d4ef0001
36HGJWfzxMnFfDXQ2T49qS2cAxs3SEyZET,1131873,325aa60c86957302b4d14379e14be2e5ac865dae
13uHDmTA5zRJ99bZ7H8RXphzmvM4WboLzL,1131871,1fd36be3efe8d9dd9f5fe5e959d87e08db5dcde3
3DnrW7FMzaNTLUjzJ6qMavFc7Hp2NibAZb,1131868,84bc24032d529e5758924d29f51d537543156137
1MeLD65s1kz3jBEdniyncsWixG1muappHs,1131867,e271f0cd54b189763fbfd793b6a1929fd4134a9c
3KbFtwN9yJgVjKYqePsmLfArSTYMBj4eJy,1131867,c45b6e8d12ffee4726ecefb1f864b9426fc5acde
3PevsosTskycnRCqf22MMgh2FtRvm4YyRV,1131867,f0edb8e010d5594c0fb0002f2e25e2cd98058c12
1H7ut6nmZ9CeUVRPLFHU8ada9i1yqzY3eG,1131866,b0d0a6b346c53ec86b2c34fed877a4d849bc3586
1D4HZ5286SNJfVzJBwrEb9qdbCRd8MdRWt,1131866,84409331567ce0cd7cd716a14fe5c9738fd1f684
19qje8nchRBPeoy3Wwa1PYvdxEisRVbtYs,1131865,60f891149b59e1c2990a8a4ef384c2fae3e4c564
13e6mVcEUBKvLxfeDeCSV5WyYzq5GBExd3,1131865,1cf474d08940efd5d2f2924b00dbbe9126eb30c4
1PqsV1UmMaD9YcHZDyeyLvoKtmZyMNLNLd,1131863,fa90dfd97efd334e8afe6fdc7b9720a9a1d5f808
1QK81X8jwqKqpyt19CBWhV4Vc4nN3Ntp5e,1131863,ffb83b2ad45622f01a1f2c14c241853a0ed6ff2e
1FHMtVsptUX2HXTfJ1FhCT1meXyC8ZZK8i,1131862,9ca9da4a6320c00892290dfe8a7a8884f1aac3dc
1Fa53W4WS9TwQXoMryvTEUumnzpfg4Egqs,1131862,9fd2dcdc82d9eb5bb159202ebcffcd53a009bf0c
1Nkp5ykDyem6PKQMZ7hj6GbqTqHwR7oFZF,1131862,eea3d54573c95db3edd88a4587c6f117d2129e4c
12stMAPUrHyADynywvVWftgeCz6eMz9rW7,1131862,1497c965965633a73d25c15b46bc34a474915755
1NfVa5puBsLC2yGRFqPum2SK2TyedwnqKm,1131861,eda24c20d9c1a011627ce629c17475835ca9e6cb
36B4biNoBAHNTMeyCYwJqiwDSQzSWAUofq,1131861,312e62225e498e5b5c9c7bcfe28e0f6e1b5d0e80
3A8xJMQQBrBnwqWJyxhd7mRjAeXAkV4ac1,1131859,5ca8cbceeb08b17239e35e195c10d617090fb480
3ALZTjn4XvLooA92M43ZyRsNe1zC5UoMdf,1131859,5edab92b58e9acb9bba23b662c1d038c466cb7d1
3BMEXZpNg3SFVvdhPk3zhGS115Gymc1e8L,1131859,69f375b2d3b633fc968b0d39908685b08a19dcc5
1gccTocdSfwYK8aFYkbLwsjpLCGWYVxaH,1131858,077df30d60e090043b29ce26ff98d9608d2447f7
1KccVzxed1fzVv9LkthWeLebwi3FQJDChc,1131857,cc2e74e8352c8d82aa34e5718d80abe6d5c074fa
1GcgtmnrwBSRJrwHMtNX8SDfUdbPq9f2ZA,1131856,ab49bf00c822843787ce6aec7cced5a0a7471551
38poNYym8pD6Hbuxo6b4ihBYYZ7w2MWdk5,1131855,4e41bb0be547521cfc8769158d4097edb4118da9
1gUNsjAsBTBJwKcugS5JjKUHZvpE7NpCV,1131855,07771367c85339c88c04347d5ff9c2f84ade6cdf
13k5zFgWb1UEHbzGEifxZyGcYrjcX6iGqj,1131855,1e164d0c0a90affe41fdd21e0cfd762df4aede7f
3BMEXMqPLK636rQVPToqZGqHJNZwFcbWJX,1131855,69f374eff63a923cc47550225baf9bc5a4fa0fdc
3BMEXfsPuF726MTnaPAA7ta62wDK6h7tY9,1131854,69f376153f9b50c43dfb02d49c71a5b877b99f8b
35XE9YJwgeGaQGcTT3gKv2LzN9nDLLPqCV,1131853,2a068c3405404910a91c7ff439d844b8f2e7ab2c
39yhxqDddi9AAJg5ZvdvThtz7ZAvi2Dk7A,1131853,5ae915bcda1775b3b9c19593ec564517761f224b
17wUwCfoUTht5B2XeFerU1dPV2RmRsNZYN,1131852,4c1e890219b13501964294fcf3d7f2b4b94773b9
162Qp5xpN6sL8dCXLnKRcN6j8gDqB6Ep7q,1131852,371cec0756af9cf68b0f431acfa5e5c1d0b1856d
1KnBG9SDegyuWmVRquRQK1KdhrQbpy6cAW,1131852,cdfd8c463ed5cc55a580da3d0bf46219b2860565
3AH4H7VqGqhN65xbkY4bmMB4xaBsLn1kj4,1131851,5e311d51829986986a6ca4316a0c5be4e12a9d6a
3Ff64K2cWTYLRfGQugNaqSgKkMkvEvxXem,1131850,9934613fc8dc47839c937b5fa61d320c544ffe8a
bc1q7j53e5decnsw573ypktxtnfj5hsscv2c3qajkh,1131849,2063c800f4b376302c9b3a56b740b3ccc07f551a5de22de5e9b7
1LdF4jD2Xa11WdkEqpje8xMeqNeK2mmE7d,1131849,d7451ad2c05aed0755cd4c5b67d5b581ab8bdd47
1MUbx12wehWEHCab65CRQxfxamQepkKD29,1131848,e09aeb855cd53c03884bdc2b08e6856a1615f160
39i8FjVchpG47mgkCPBt2VBctqUTJAhhfh,1131847,57f6b4fbadc6ea990669dcd514ab598da366da31
1AANg72WKxxGcPbLga3LUFp2daMPMP8oAV,1131847,647ef7eab9bcb4d819377affb7ad57c0a009a3ec
1GA5vvSFjZwoY6En8Pmu6uNhqwpBvyJCYX,1131846,a641bed91d0082778ee4c64f11b094e0f7e45605
3MsDPirjTcpHKG61WQhHEWHuvopVPQL72y,1131845,dd503fb136353fe4d99f6e0317f03180d3f159e4
1JLLQBBYmTBnBb2q28NwPdmpS1uATtkU7j,1131845,be223c4d0e2d826e01b9959d8de52bd51214edbd
12ZMFma4SnCxTethTYSddC3X5MwGcQDR3f,1131844,111658224cacbddbfea18ca9f61892c1fa529eb9
37Kb5Ai88F4rCo4JtEvbCMav7AMjomFxeg,1131844,3dc346519830d28a662aaa18c14af3f21d28bb55
12WH2ddFsj6rBUdu6BL9xQUuJuGRVUtceR,1131844,1081917b0b48ee784d6ac8a0a419ada1ffb5301a
19RiyL5biZHQLXomaEqcKkBwfvT6ofTPGq,1131841,5c6e066f64a3f8eed81ba887c53e5cd06ffa3b06
1F3eK2rtnaG3hfbTHNoDpbx1drovzNPoCB,1131840,9a11bd0c12c5a6e105d64e6f48f5f1ddb29742f5
34ijVShU45AHTvKmBQKmqg46htKaW6WB5u,1131840,213b7ded3346827ff140f1781870a38186430cef
158tAwrx6nRWvUg1iy3zDbsLSms7FUzVtE,1131840,2d5e21737f64153ad586d3f0d138f66105a55834
1DtoYL4a2VYBUg9zgw6T4bPE26RTxcFkWQ,1131840,8d6d92be52761272ef90829e2b8df6cf60367fe9
1DNXxHAubhJBmrcn8Fow28w7TCYsZWe5jZ,1131839,87b4153b3f3082f9a705a8f9967da1cad875b6b9
1Hp1hg8kTNezMHet7bLQ9bUj31TReKrgpc,1131839,b86625ed3075fcbbb2e1f2be142b50f700206e7a
3QbvncNYKZrKZ8Z4PucaX5J4xcw7EUW32W,1131839,fb548676ecdce9a036e846c3f94a215568ec8664
367yApYagLvKLK9m3DjKsxbFWePpv5cMLA,1131839,30989a774efbd2fa2bef5898771f3924d66d097a
1A3ua6YxBPhsBT3vrkWuYGyfRPFvMwuame,1131836,6345d90403cedfb9a32762ba6ddf4ef62e96c184
1EAVF39sjah72GvTvDyTKF5wMmWk7itptK,1131836,9064f43f9db8102ee024911a55cc09e413ad0d4c
1E6DRX5frnnBMccNxmfGRUxUfMqo8gF1jh,1131835,8f9615c0ebeac661fbdf5fc122ce8ae646b07f57
1DtsfS3a1eAjXGitDnnbxKMGtUzGg7bPQg,1131835,8d7103b4f08eecf6f6b1fd0db79178888d6f1dc5
3BMEXLLSWwFtDk2skBaLecnAEBUR5jY6ej,1131834,69f374d795688b6d73204fc4126a850acf258703
3LVtGBYoD1yaKv58asuLqpZ13RDdT2kWTB,1131832,ce4f6b3cfbf87dd768bf81517533fcece514c12b
1LB5Kv98UTpMwH74QxWDP8Zd8qgv3nVmEH,1131830,d252292995660b80ce6cee23f2e65b86d8f276a7
bc1qag4uhjpqsj95nda9fafwpnfdv522dntyurjzgv,1131830,2063f52d759a114ffb1cb2307810c158f1f6b5305b046e70be89
16az7cAzVkJMGXLwdLGTo6DxPwJx3dn6uH,1131830,3d46082d78a19b74e956d727cabb5712278b2bd1
163zjG6dc8gLWRaqG4U1XaMvfCJPKMT3F1,1131830,3769a678417561ba0875bbb6d25e4c9a21d81d2f
1BbUP35ZTBLfEpGqD1vo1kco5sX3FcwYtK,1131830,74364193288b93fcab7ea689f61058eb45796a90
1EeDN8ssPmiXVeo2mGYpFwr7vcDWE2cTU5,1131829,95a358d9480f8f37a7e63811a975c5da5e94b507
12ngr46dosAY7zs72aM9VBpxajzKEEiHiA,1131829,139c1b09e7eb01d038dc066d2dfd892a7345e59a
1EtKsPM1MFVVEPJjSs8Dv133x3FkD9LBYb,1131828,984e999cb47e0243414737a04591e9a822309f7a
1KPvNCS5ZFRbJyjEjVRL69dgpT5G2dQmTw,1131828,c9c7f66775cc45fcf91269ef60d1ab911861c943
1NAp91DhejA8xNfhRyVyETxyBDBRU75qyd,1131828,e835bbe308a361f47e24914c1b061958318e50d9
bc1qer8hys8y6pdkrgsw3ggp3rv24pyvxndk2um4fs,1131827,2063fc2c7be153d04edc0d3ab8b29d5f1a7470f6eb22e4e205b7
14gxPXmiw4hGNyqmXxjQQWj6NUJco43odJ,1131826,2876d5f81aba37140451ea7adbf5659f39d58c96
381yLyZXf4oAnqAbuvRnjFZGp9ThUFaLBY,1131824,4566815e0687ca85e10545f91c68ba7132dc4c2f
174asf7vj66XqTFcESo4SQ2eUqRBiQ8WpF,1131824,427e47577ef12c69d3588e31db36140e14aa974a
16zbLSjH3yroUE1yWJbZHvnB3vf4xKenTz,1131824,41bd0017052f883b337b2406170858f7797b7121
1EumtojmopMqWVjq8U8CEET6zbYji7fyBC,1131823,9894bd7b3820239bfef634cf3f18bb1548dc7a94
1MKo79WNUXSpGeBCqCeqDrPX9gWEye3e7j,1131822,def07d858d4733845c1eb75d5b4ce078456587c3
3B1rU7VTBE9gzFYbf7NegZgbH82JSiPqW7,1131822,66492460b9f42a55e3a13e170848f80cd2fd33bd
1MWpAFtgnyFwCaRtATxYdAkn2VQJd7tmVc,1131822,e105f206ed8aae9c0ffac5a4987136d0f60429c8
1PYzVhWsk4LzLkitzEKhPq6zhJQBCYZAqD,1131821,f75fa8037273bf4b7e2c874c655db41fb1a06c04
1BwGjmJ3pABo4Zm2rhwCPUJCZ6Jr8E5aR2,1131820,77f4db4b1f49f7de6a3a94021c574b214038389c
1FjPb53MFvpr6boJi6wb1h7PcvNxva3sT9,1131820,a196161d705541c2546bdba466bd557a48a5a34b
1CkF3GJoZpLVmB9JTRFxzJi98tdpq6MSjz,1131820,80d6fd3a71eb484e50017e8f63517a87e3f35def
32Ha5fuyDx4kE1DXffsgQBDqYZWwsEozFY,1131819,0688fc800e4de9a60704d886fd8d890d66f58b12
15oUzwH9FoifaLr9j1E4qdbzCSKTtWsHSV,1131819,34ab027a2e5722a4b9e81273b4bd760d5ac33eba
1LuafL1jxkKDnxznbcrcBeZjeVCwr63s4B,1131818,da5c1e59058639ed966670be5b68909262eda7d2
3MPadHaKDzd8RTuiCbMad6jSE1KUB4aAJf,1131818,d81653b68e5cc44895ac30f6957a405776da7628
17U3GuHqbkm2B3wN84cxPLT85jDGkv64wv,1131816,46ede250fa6e6ce03da6944af9daf3e1d550462d
3C4VBFG6ST8NEAg6p3WfJGCsi3t2Sn3YQe,1131816,71c0be3c7c6ca0eb1ec57af21ba9cdda8d415f2b
3GQawp9Pn9NLS2RfzmjSoMwS4aMb7d2yig,1131815,a16e61754977e550efdd62ffa889ec31481b6f38
1JudeVDtDbXiJnDc2KJroziLgHZGkbbxy4,1131815,c46e5bf0ee4a87e18445fc99f96495b2997225c2
bc1q8ukt5z7mh6fquddyqeqycgwx6argxg4vqrr57s,1131812,2063c9fd2a1d63ba2bff39d0e71145370fa37d24fc2de7c09dc6
33uC5PP1aTG2gkph2JKKrbCSJNCiuhbXVM,1131811,183db7cc2d430d968bfa3b2bf04372e83e683cf0
1PRqKuDinscHMAN3QyPm7aNYZLvHbFnRDY,1131810,f605173a038ba0beb199e7f7e146982adc9119a7
1N4syLa5DBYPtyfKqPzfvUmDCzgeLVPFSQ,1131810,e7167025808d5dff85a9bf2b960bea457966981b
1AHMQ71Av1o63dpJVooYGxss6Gr6PEscgU,1131810,65d0d0ab7413a69771cd9faa99537cd2e5d2e389
16ASNBu994FGhYjCTnoa5WmbEUq2132DTb,1131810,38a18be55c392d8c65765bd7741614429994a431
1LEUYahTqmRePrphuCvZJRqiNoc89ahYYY,1131810,d2f6ca56b65cfb137655c638e7805ee0160df593
12Z6yMeZZnyWfzaYwFc6tqoDA8A5TrrC72,1131809,110a6be3fe10fd3590d05797b6e743e7b69c1e9b
1E5apy9VvYzkyvQPUxLb9QmhKa9opWpqaX,1131808,8f77895308d154a53ce191907b63e6a173c36d85
192XcawTwnAHsxrnim5BQ1r8S6jiCsZJqJ,1131808,580afa24ec5f9c84bb10a46e72d4d1046dc73a89
1B5uuwAdeDS9qDPvEmkKGR3fMgKkejga8d,1131808,6e9f17481542b9799969b9b6515e3f869e1870a9
128edvKSSbdpzj42mk8bsNT41odhYBFjMB,1131807,0c6a747571e597f3857b602f17f65e9e37e4c14a
331Pd1XaxpfQqaD794Qryhua9ucLruU8Z2,1131804,0e71b9b4f48a7bfd262aab2963c06482ca4ab2ca
34JgxZYBY7mex54MLRbQCWY6rhRk3HC3BJ,1131804,1caf6513ed7d68c8c01dcb9a69d6b064d9d80aff
1JBP9dGEKj9qGypFFtq6dZ33uLy9rtWDsf,1131803,bc70c968c0e507f542cc37574b4a20b3626deb4c
1GZkCtk6G4e2TsETcZxHKLKrdv5EXthRYw,1131802,aabb436675dcfdc508b3e4a30bc882c17d999e5d
3LXkiLJakB2NNKi5FNYJuEV2GTb6EYMpZ5,1131802,cea9f2fa69e1ab4dbd77e4071eaebe8edc48bc56
1JEZvJUsq4GYpFsnAK6uvRrXNgsQg2Dfk8,1131801,bd0b06748f1c70adfd86125bb8af719810e67e24
1GNakLhVQWMMPasna4wbBbJecp51RJJcL7,1131801,a89ecaf02c170a8cfab4b0ded9293cae949188fb
1AbsL8cePhVetWMqK8VEUS1QfsMSnNUkCz,1131800,695149ba36839bd4ab32caeefa347b52f604d225
1GUhyKAVThsdkNTBd8TW27rqworuhowAC6,1131800,a9c7518ac796bd9e2671eeaec0efdf9a9a6d3734
3Nh1SNhznwwXCRgj99pdFTtn3vPrgBL6To,1131800,e65a3c6d71fa9959d15325deec1da9f23781ecc0
1GxCgArETcsMXNPTTspSkorRpvTAqZ7jyY,1131800,aefa82bfd07863d031cdf414f15abca301807590
3BMEX3G1ckYKXpGy4kFucpLKygtCHqx3SY,1131800,69f373c1e18897717fa16a3b14539a5a44ffbddc
1KqDRM5k9ZhcQbazLLKWARQd2t6vmnZ12h,1131800,ce9099076f5645c7a1c06130bb922c79811bf2f5
1D2ejfgPijEFFyZhj1tn1HMgb56uXEqbja,1131800,83f16cece382e4c70252cd9873f41da57eb52829
36xNovnrmcQfEAFn5Zx1fjzjkLQSBeDF1s,1131800,39c04d94aeda008f193fdb758a638ea4f93630db
1AdpGD5m3N37zAH9wdxG3CSimxTpm5gEun,1131800,69af8f26d6f3fc385bcab6aee8735f0d9cb69df4
37Bg5wEDyJYBquf4fmdG4YUTs7bVdX7oB2,1131800,3c4421bf4b4acab0c82e5d61ae6f936316cbfff4
15QUmD6Z78eqTHPjyRxYkkdyWy375mdktX,1131800,30513eb77e56ed735ce539955d7ec0f938838a8a
1Nc4UWyn9zmbEboNXH8bExxaHJyaVbkA6H,1131800,ecfc19b5b9e7c64e440ad9bfcf96ebac28b9829a
1M7LLVzffeKJgHEfSNYtqcQvvCidJtJLnc,1131800,dc95270a13db0b85a2fe4136040403abf3150674
bc1q2t9m8y92fkxwp2uec48c67mmgwrwxxud7crdzh,1131800,2063bfe2759273397452559192e1f21f7b1db70411ad644263c2
1NZ2uNYiEQPGXFW2NSKwkUdePc5EMGVeFk,1131800,ec698a6e42b34b334fcc9272b6842fbb454ae1bf
1KhNhgX2mHp4wtiS5JWfqRmq5bPkL9Zdut,1131799,cd15049b84ce829cd8f96445d4e5241d7459f652
156EjzUArD3WrEynx7HvUw4rVMkEt8B1RR,1131798,2cde0db4a999634127224e29a33ede46d2c98eb2
1KDBWcs5yfQ9uCd6pMzBV3RDvUnmR13zS,1131797,0371a7dab87c5b1142eb83173b53bde30af23d24
1PY9EtWZNeHyYTz4MtioFhF4D7eDSFjfT5,1131797,f7368a3dc4dd642b0e581640969ad7cef044120a
1H7eSo2UeyVrFCgDJkgZkrivePewRzxfK4,1131796,b0c3c3fd74fe5592d7d4ebb9cb1c469b3cf05b96
1CAfDSss7UNoqoWX63YLeGuJa5X1KNtjHi,1131796,7a7d06f73baeb81b333cc9a1c1f6b56dd6734145
1376kwtdzAfDcPS7jXQ88zwgf8HcbXjnQU,1131796,17178dba1ce6a780282be08d30ade20e8f0acde9
3AeJ6tGtbqzqQ9k2CLwjfH7wbHqv5A3Quh,1131795,6235639df5477f2aa5595fd5e6604860e6d57425
34KsAGVRMyZ7SN9Pe3zypYRKXvLk4481qG,1131795,1ce853acc4fe08f283b8c33486b36d7bac216f1c
3HvyM1BkYzQnDcybo2zN4ZC67KwtSgzFyA,1131794,b225af0bbdd559499ba5f5670cba5249935cafd6
13ZDswPUcYLdfEpumuq8c9nXrE1PwuaEn3,1131792,1c0850039eeab0aad78187c71637a29d7f7a2c10
14Deb4Y8guFeFF5rE358fpKV13pt1NymzV,1131792,234cbec28971d2191a2d70866c327d5d75013773
1CXrN6aL5vFF4iDh1c3GR9t85MS6hBXDZr,1131792,7e7f11b99f7a83744e4d66aa0d94fce1ecd95e6c
1KEfajPCmJds2JBFWTsVbP85c3bcbkJKUt,1131791,c807e0bcb3b484de8134610b17c8c49554a87296
189JkgiyEcPsAvfVN6sxx8NAD8JfTjwooW,1131791,4e5b071d9c8d59c1e69ea85fd43d57e76521db9c
16h9Gs48dnGX8iQo5nc2j2uQ6thaNpYBco,1131791,3e702c7b90af2388ba2bd463bf1be9c348b3dfb2
1K5sKHo35ixuXVu7RqWJ83387YZZYeRmuC,1131788,c65dedd867c3bbd9721be8b54705bfba6ee3b27e
14QU2aTn2eEuv3xxr7E72VHvixmqQScmFW,1131787,255881712cc403ce6da3af1692a29a509eacc7ef
1HuDnqANVqygVtj9BMpxrFtE3GTJD5jwQA,1131786,b96251bad52c5ae2a11451329238a641393f44db
3J8DYcccRTG2iGoP5cpe8BTJR7LRkN3LXq,1131785,b4461cf243556c40429ad72c6b4c9c3ccf45b417
19pdEbX3Luen98jJoL2mFrxmbC8rLV97EB,1131785,60c2cdad6962b430e95a285b27a473717b2c1c24
19zkVwAE8SjRkyRMr1FHFm9rP85WSYShFH,1131785,62ad06f0b5d33c3539f6991385e0d4f8601dcdfe
1GBPZ4HiVD44g5PDdgLf1e8kqUeV71FvXe,1131781,a680df5708b07b129cba5d42fddb5d73d9142a5b
12cLA6KJNjo7TCksGJTbKVKUt545MWes95,1131780,11a6acfa8cf984894504d34ddb5d2b330d5d1034
1FqbeQWriHXhSNtAj1VrwEaN8SmxyjizBk,1131779,a2c2a5b2ff91d1f3077f1d99a560ed3840e4fb5c
1MsKLbNNJ8stN29xmqYeTbEv9NEFNagZD4,1131779,e4e69f1389528d22e740d7707dd3767d650d2907
1KXKKjSBeYawqiPip1NMJ2aggpLnHdrHrU,1131778,cb2e09c751a93d22e53ece8c7c43e5e7e4041a72
1HxGeToXTPUrJ6bwoATfAtkjeCJMDZgHMN,1131778,b9f5f3733c2a120ca4a4e4e253ceb02d7946b266
1Fdwremr4AeafHp2KCRwFRRhM4j3uCXJuo,1131777,a08e86f1cba86b0951a2840ee6873774b69d4867
3BvqxZASTTDREP6sNGVXZ3GJMptubEKV9x,1131776,704ec33ea81466a267dbdbf26f298518a26122dc
3AAS8tyA3EZ1UxNrqoBD1hudSKoSQ9Qc1z,1131774,5cf073000eafb583b8031008289bf8b4f561cb4c
1xgv9nPaTeyVaqxacnMLiie6fzPpE5ebt,1131774,0a8832cc97c3aea3c6995467dcd49dfe86fa33c0
199WbmuUP43qLmi6R1qrBuC71UPusQb5TE,1131773,595d0adca315b4987a62cf0755d5ef7fe97c4deb
35q4AFpVJoL2YdcKX1tD13WfayG5jQNTQx,1131773,2d65b29c93e2d510097b97b5386a76059ac0ee0c
1CQrSDgPpXF33vhWvrdtwtpZ6iGLBdBBEq,1131773,7d2c3782bba9c9595f7cd05a78c2aee5110844ba
1EGH5WBdxGs6VvwhPkFUDK9fo4hNw73kEQ,1131772,917d4ba9768cf89b80c47f65efd777e850288242
19QktBj6G35vPFFCnPuWwE98wY8e3W2TTi,1131772,5c3f34645f7a4e6e6fa812abf40b871a54b50825
1Jfb4neihFXXRdhCFnQuS3iVC8d9fAQzpL,1131770,c1c66192e91997051b8ea85d5b52d2f4ca865f5a
3GGKAPZGztUWqE4ke86eHz464ATTXR4pFe,1131768,9fdde0bc5497777446f7a8444f76f13b7bfd8ba2
39XtNixRGnk5mfdH4dpPyXHHGKMaC7B9e9,1131768,5606f61afa0f90676fa7e70fda1b69402633a544
1FS1fEjLtJpAdKzWrKqZNy2X64NXcL2a1v,1131768,9e4cb5d88471fbce044f8e5eaad85bf1e4b12e0a
1DFWHcTFKLM6J2V29NgDwZKrahoQ3BbwU9,1131767,865fc7a9466f2bac05cd152087792eb93adac4c2
3KcekK83fmTwiAd5w2cB9S6QfSgyWjtrnF,1131767,c49eec507112618aef1bfbefefbfc4ec395d6f18
1A43RFy3bMLbbqoYdyHPeMpmcfBR8gr7Cs,1131765,634c6609be6c6a82b8b1226ba317ae32e967abcb
3NNme8KzdCMgE5nS8cQwsZJVFESZsT2Eo8,1131763,e2e73b33f7b927c6276d0a66545332716db9b17f
3BMEXxNuwg9q3YqoAUiAZpXVzbnyNDt9sH,1131763,69f37721b924b13e0af32db14f4cb87e8c346a5a
3Qh5myaJiBtzDv61yxZAAk2PNThi1cLcYr,1131762,fc4e1bd72798eeffe21caf5d80e6648273470123
1WsCSrKSN27y2yoHcDtdpk6N6xPR4HAs9,1131761,05a5f72c5e53742142c107da1c408d8fc6a10c95
3N7E9hTpCWfCEUmk8xobEbqWidbcmv1byJ,1131761,dff6b486c2fe5f7b8144e98f19f983af3f1a51d8
1DyULa8BbrN5ofyw3Pf45rnKVm1G4JGLxa,1131761,8e4f9f977b95c3a0854c29efa648e902630de641
3BMEXgok4pWoQ6hFj6QyymvYgbpEq4HPU7,1131760,69f376247c9ec2c2c1e87a9c987d5e282e1489c3
36yzLyNMjBEDFgrHrQSFfZf3gKonKKxZJH,1131760,3a0e61e148215f31d84dc21eedf43768473ab0bf
1YDpGY23kbJf74RjCTNzKjjW42j5MAk1K,1131760,05e7979aec28f4240b9e5ba167114d29d8645fff
3FGyUper2vdU6TkiJENEEidpX5gUejyTpf,1131760,9505bcf98b02f080a83df9a483ae441d4a4d1d9d
19LAXpioQ6bry3uvcR8djaT6nkNZZVdnL,1131760,019353454148311d196b56a3fe16bbe937e87860
1CQiFJRboKvDLEYSadoQ2SDiMJHfgocAR,1131759,02285e5fc635662448ab3d8efac6e5330a6e3271
1GzcvYitK8iwyHAZz9h4DSFzHoQB2YNWu5,1131759,af6f95724853a28320fc3bff16bdb55b5e223347
389k5zRbbzQi5YFGoop5jxrYMX2YbRB9Uz,1131759,46dec3f87bb8b717d727ded861a986945229e9ae
3H589XvZMWupykxVD4bj1zz7XQs3NqM8Mx,1131758,a8b83bc1ad82512dd6b354bbe208f5360aba8e78
18B87dmGoR3KgBBE5X9wkrhNKbSY6NrW7p,1131758,4eb2fa9855e0e7e811ffc631ceb7ce27e6e57492
156B76kzPTg2HVPWJVgW9Xen1vcg5P6aLx,1131758,2cdb04afc259636c4a2f3daca9d7149cf822ebe3
3QqPHHEHrax2CprsBT9ggHmcTxRap8VbGG,1131758,fde00c9140782dbfa4242f33df8000f80f5adc4f
1CYGUhjpjURuvFwbp3bXDraKnAdy8fcgW7,1131757,7e9332d1877f699898c58ccb6df1198993d9c307
3AEVL5oJY8anJMBfVWN3HdmuBfj21UZCpH,1131757,5db4c74191de2663dc0c48e0841810b29de834ab
13YocUGwT9jrrXUUtfnZsAqTmoToujHCyV,1131756,1bf40e45ac19688a912807e04b5eb3424b55c421
3NdXmc6JXfwT9xTXhERiCb8rvjrPfnUL1z,1131756,e5b1e447510f79937efc97ea6349a63c3d88b1df
15JyC8wm9HFPpkTuzwJAk6qUiiPpa1HSXE,1131755,2f467b3128b5d1b52351756826d9d92690f469bc
19Vaa58RhwMt3obBxawBYqBLHcv6txLfFJ,1131754,5d28ad1a8504542f6be2bed649234734260440d2
173hMfk5UEDzbVfFyJQRtkyXtFTXftiw7q,1131754,4253463f7a17af260667b8d510d7c522bc74aeaf
1GehUyCR5VB8MzJ6yMJNaCX7u4ZBS2oJyY,1131753,abab11f8a8d985ef3a139526799067def9c7904a
1F9hK9Ly75jjBrhEvvvMt6s1Lc3UY2g6r1,1131753,9b36bd787195b7ce1500fe1e4269edb886346d5a
3QWoiNMz9nKxCFxMJpqx5UYnTmpPvfnugP,1131753,fa5c8a84fa1304a8feb964b10348913ed6611f1d
1MMuKVEXfao5f11dyDgygo47QKXeaJoUNh,1131752,df5682261d93e210a8f1f57767676cc8c250b628
1LLMrZdnf7Zvt8hZexBUXhwGLKGo1XKjz,1131752,03a810569bd5e0d122221f07e500e0185d118990
15JPM7w9Zfry8Fe1fhmvGgs4skGLwLRwR7,1131751,2f2a3a8df859744b19d3e641f1f1f87ce57231cf
1BV4UKKGgZVxqH7ES6nZ1wWUq7zoBUPKV2,1131750,72ffcd5bb7c121e30f3b02751ce0a5c2f8c7abeb
37UNMTKm8QD1fM8YKtBk1p3UA9yz7M62Gy,1131750,3f6c66a07692bd809b7af90c4d3ee8158fb9248b
1DwhEpvoqnQH7GwxxMbPcS1vuCcL9fPEjX,1131748,8df98f870b16258b9367b3d1eb2d4a6d4fe0bb55
1JoDV5pCz8g7yd3BTNJYMfakrq1d6LKLnf,1131748,c337b19fb57e3f6719d6764a7ac41dfb98866bc1
15UERvwZPB35ZyTymFa39BM8heSDNdd1u1,1131747,3106f1dbbb4dcdd6b2bde0824bcb0c2ce05b043f
1HiiQQskrq41YEPjVUcpM3SQHWAGMQpbRn,1131747,b765a1061b31ddd606ff2864793426e8c9cad242
3BMEXs6ntJQWfsDCn6C2oA23sK4jf1hmJ2,1131747,69f376cbe414af196b2f42425535555f15ecb451
32md2g6ymjH6KirisH2f4WAx6hQFrbzQu1,1131746,0bd7182aca5548c0be81d34cbf8d13b7608d3b9d
1Kh9CCqZSoGE5NiMcCutpcApsVt7VZ3Ljx,1131746,cd09bdecf262536e50b9a8f4f27614bfc2f681d6
33ARxYWs3pRf623MAkJQdL4Cd6V53JGJa9,1131746,10276b73b03f4616e1bfbe7ed21349def30acfc6
1LNorHrWnHCdszWP4AtZkFeQbsMwRB2rZY,1131746,d48a3bbdc339bdbbd1624b256e3b46eb443953ca
19tEG4f2Wzh4D4VyR1JorhkKAgV6R4fYQY,1131746,617149f9cadf92d3821a342c9dac3acd51e591e2
1MYVJb7mzvrkehH2P9j8tJgVP1vpNdV1Dd,1131746,e157096f054928e510518645de452dfb06fb1430
3FoAUnZGouipkEAvF8BmM334HCsoA8dJ1W,1131746,9abb661b49383caa357ce8a61d2893d4b8eb1ed0
3Lwi39seD5zB6WKwxx4aX2GRYzpSomJX8J,1131746,d331b2e52fcc100e37b01a14762a52f853c99273
1LcA9TGCN82qh2U596gM41yhBfdiwSKrmJ,1131746,d7109541935d3b55fa1b4123bbf6b9847b1bc798
3LZCAjBjFtuFxxzpyAm1zLr4pHRTnmwofD,1131746,ceef9d2a22c56c9b1817f2f57687d0746b3b35e9
3NZYwvqWmHcaJwNZcJCw55SPYBxUCenUGc,1131746,e4f1361127c0bffe19796ebfec517a7bec549c3a
12gpRZfZyy4mFfBTs8FmnDbVPAZizBAzHq,1131746,127fef790720eb9676643c6dd60ac15784561b32
3FvY4zgQRKuXH8DRfgokhNmgCxDcGi29YX,1131746,9c205535d58948946789d15c3150037874027653
3KPuv3HefMb4c8N4S1jfwTnb47UT5eXWjC,1131746,c2362d4d755cb14badcec3803d8bb3d1cd0e6e65
3GjFakpU8UszUSp9gyfahjxkCpU8xAv9Q3,1131746,a4f61ed94d786b534f22702501058eb13f879568
3HTB49YL412yFjmD6pxHpLr8v8NR3UL4GV,1131746,ace3cfb40d139c4aa5e5eee9d1820998a32cf02b
1KHX53kdGpuNXnfJtjRQUogtziskkBLPWF,1131745,c892053eb26eb55e9f68c381fa856f811ecad88d
1F5Muqxqx1z7EKgBYQ3v3TkEVTTy4qbfRm,1131745,9a64e16a9968abdea503eab2ee0d61ba95f4cfcf
16H3zNJC6iNmc8fsHdRAW1jR4gYwH6CXKw,1131743,39e1c78b95154879b58545f20e50cdf652a18979
39a3o94jJQVpddEQsGYdtLmhgUYPsQtb9z,1131741,566fa85185927ac66e185a4d3aba437e9ff97fbc
1LRa5JcT2fUhDBFVfrvkD3BBRUsJpxwNc5,1131741,d50ffb5f92ebe498c3563ddf96b5f6c83ef0ff0c
1Ej8V6i6iMZT3u7j7uhz3pQMQV6vA3JyuS,1131741,96915a716b7d33883abba32436fd3693d6dd6978
13QFofFZeCVm548wgWCMcxHpFHSj5s4sea,1131741,1a562d457a25e2f349066402d35b30c7e12b92f1
1MAQ9Wp1SUF2RjxuVm9Rg7z6XFya8A8GUq,1131741,dd2994d02653fd89ef2cb2f4dc1661c6c4c8259d
1Jtc5h5xmsqwB7vexNkG4FmkBADpPXoEM7,1131741,c43ca2ec76dbc11522ed030053f12cc801e01652
3CT2jUF5D8DabAHaPh1jzoj3sbx9AEwsEG,1131740,76043c4ca0ca056ef8bd1769d5147b0b192c4db0
13Vn32r3cgHPYS8xJSAb4CpkLVPtyk8pTw,1131739,1b617de9cb6f4f14f0ddbb88702a8981951e7000
372HiraPvvBeuCQ9LySyrtP18xE2yNXxBs,1131739,3a7db8587158058448ec5dfe5139191203ef7039
1DDNFxJQZNzjrTKEWfoDzjZGhxQUjwYae7,1131738,85f83eff1496c2f4f715ef0a41ce8648c59e28f4
1FTuJcmXDwqWTr4dyasj4DVksVWEfJTL2o,1131736,9ea83ca80f6bdd3304bc184473c37fdd94f5c508
16uFkSVtPqxeDTLotnnethhwGShfmFgaXK,1131735,40ba921c347e74ccc5192268ab154cc9027b6855
18FxKD3kz519RjVxQgHoANUfA7EM6psN8p,1131733,4f9ce0b068060574962c1132f8bab49d884f5c1d
1Q9EgdDcZVvbZY1rhbzEFq57an6YNjMQ6B,1131733,fdd9a492c6d80f1bfddb44ac1c781a94b8ea4748
15jYpiDSTznaAcALLAkY6L7BLaoJQ8ozNR,1131733,33ec89a67235af3e592eeb2564e312d03b5fe408
15zK5VEQvK3mQRJwAQCuWJx9FQi998ifjA,1131733,36b74d9ce66b8051621c8c81047c6cdf2b716956
3DdoWHTiNiSyEHaMyknhYYrYozEkRE62MY,1131731,8305e530eca51eaac8a595355a664dc1ffb5ef0e
1C1VMkutC81EypV5eVHkvAGeoVU9RKs1QF,1131730,78c10e3b0ca375b20ec583cfca6a473cfb504f59
3ES3pswBoQD2dhVAqSRserPdjCeuc6mxim,1131730,8bc4fbd6f65f0653e7f0fcda66673bd8463aeeb5
3DM6pzAW1vcTis7JaLLdKwQ7iV9XMTN4md,1131728,7fdd48b2a3718dd9f3ba05ad5d6197b366509207
3KZn3aTQE6saoYC3dmTiK3m51APNPtPqJE,1131726,c413c459fec31363d77291fdecfefc819aee1c88
12eUkchvKtfET2Jx3ApXkA5GRc8WxWvLND,1131726,120eaebcbbfcda4ef4ed1fe15c69ce60446ea939
1MUeFTcsWiY4X9xJMXXBCsS6k7R1vWBS62,1131723,e09cd73dd0bca6d787d1b2bb9f91b1d07fa73a74
1Ms6h67TymQapFGR4xZmSpvToM28MVHYb6,1131722,e4dc1084465be96f672cd6abc0712dcf6cdda2f3
3JtKHz5hC4DJWsV37eQVJwgjWpzuew4fhu,1131721,bc9d36a0079fb5722ae5af7b9868aa98d90c9c06
1FSf23PyUswRgkSasXfrv6CbbxU5JLLHtd,1131721,9e6be5539dac903c0b6431d137a17aeab4a17d85
3GySVLBwm7cmTDUZUm6rdxYzMtKE86Swa7,1131720,a7a50c58f37346c544ec0bd35f0fca96ed6657b8
1AMUBThmw1nZDvhkTGVTdpH72JNbmoRhs9,1131720,669823eb03067d1275fc83da8fa575d5d40335de
34BxJ1BMX6ATjmyh7JMvhUAz5gChNP2z1h,1131720,1b6948c73bdd042b8285316f365b91fd3701cb35
18ckrgW3YHzwuk8Ddok6jEioYi5pRwrfVH,1131719,538c0c7c2ebf8968e4e0986463c18f0e4bd1707c
13DSqKZkuqQ9ys6WiqzNUdvYWqDqeEbSmg,1131718,184aceb8411178ec7b24ebdaca052777658f376d
3AnnciDXMYRGUYbXeFk1TCHQnBn5fma27Q,1131717,63d084f245542461bf3b3f389f2dc5a0eeff1bf1
16FdVhzHFeXQVbYMXvKg8jLM2cqqvLuzM1,1131717,399ceab53d94b55b418ded0e22355b8b76af3cde
32NuWKeDHQ5SHZa16WgnxMBBcv1uVyph5K,1131713,078b48047ae565428e8221a3dad780e3762cb9b8
1JAb6ty37qZh27UMpFU3cBBVVohRLdLsJc,1131712,bc4a593e603f31d2a72e0f034d27421e04339fa5
19tydnrkoctEJNoNavr4MdQL9k58mo3NfE,1131712,61957f0bb446196d371d3ec699d20ede2d10bfc5
1KxFuDTMrhrn95H6FdFsUzYecB3uHcTQTf,1131711,cfe59482398b58459a63d43c22c7b38cd6d2b475
15X5B4XM3AN26cXsJLNw13G4EHQrbyJ6NV,1131710,3190773fe4b055c1275dc01bb6417bfadc3cc73f
1MVCkVuu1ubpq8N1rvZGzs2PuEWQC2EK7b,1131710,e0b7f892cacc13cca9af077ee2414aedc92967aa
3MRmMyHz7kMSmBeg2WQLkUBkgF3z6sYpRc,1131708,d8801eef970119ca65daf41b374741912545f8ef
15NqgfJi2nahMQYbaZyrpdn4sgACa6ezQn,1131708,3001e0a556c0f1334a7a94abd57e9c388610b45d
14WMjxeBeFKjAbQDqJNiyB1Es5pzdNiHVG,1131707,2675c0f1c9ba826b2784c676940a95c57988f764
1PZAJGXP8KJPz7aEonAEBhV1EYoneAz1d,1131707,0443ff4a7e3ad55742da46313440f658e1a9ab4b
3GRDHADk33mgzWGeKsX3T38qLXZQZrpgEU,1131707,a18cb5de08d015ab18bff905f48267a6bcf13d76
1GLTqT5iapqJXGvtBc993zjjDJx1RmMxTT,1131705,a83830e83ec9800309a529a8393dd673e46bc175
1FWx78wxXgXLdR1PYBnuZY2WYmtir155Sf,1131704,9f3bd2e9bd70a4375e640b5e76c409c6e3a97c11
3EBi7bZHCSecHNZFvY3wqHaEzeBJ5zfc2F,1131704,890eb4aac8393d81160f94f2e5c9dc0fd15acf1c
18ZWgZV9XPEmba1rSVezU6xrbXdxRExEEB,1131704,52eef7f6b87869bcf46d7913013cc410d9c2b955
1F7BU1ySskrDyEQaRJwh5aWqoVboHD9bdQ,1131704,9abcfe3faa69feb3272f1204089a19f3c5867c33
3DGagDNiLut69aYQrpHNmM3toE9VTbfmBr,1131703,7f02737daeb73f339c3873ee02b9dc39542c3785
1BYkiRKCco7uyEwtyNeU5wknjx3nc9Dgxz,1131703,73b2a4b3aa20af952fbfe299206973a5fc0c772a
35kduV7t7XBSFv61xz8ur8pvrZtitvvG3b,1131702,2c8fc97df28d8e4860a7c4d4274dc17d839387c4
1NviCHVc7DcvDMcQQdSj3ESqRS4NCeDGgW,1131702,f083132debf0842d6d274221059de7e497754c4f
16DDDwRDrhyQ7Pbf2x1QLjQiBGpsE5rrYz,1131702,3927d2e273948942e0750e92289befb0fd6b933c
39a2ZhUSA8rRE9A5eBKCrXr8V6ES8F558v,1131701,566ea118cd525860af9eaf46bfd33d24d9fb879e
1GBQyUGBoDEEhTzeJHtAWVawAmT5sAhWhN,1131700,a6820efcdacfa533080e236981b7e4cdea55f905
14cNDy4VDr1fahgT6zXkztSVdwzNNSgcXQ,1131700,2798a70d902a81b28b429de1fadd804f2e419d7b
1FALWxL79HWvXx1de7KBCrcxBqayWAPBV,1131700,02ad9dff2b15740adc378d409823990a0ccf62fb
3NyQn9LPZ7H1mFdsxv6Mfd3UUjCbERxX9q,1131700,e9746019f3d6aa5b8bd887b87e961c8eef0b3e00
196q1qpidoeaZnJaaDk9oBwoTb4jZ6MNz7,1131700,58db2aa4c0abea9fdf5a6926e6be92235d7f42b8
1Atf8hVHBKUB8eeRifwTjj3qryGb4mqf4J,1131700,6c7e2d7dd3bc6c544e9db98c2d7d125459acb91c
1K33R7ETqXrXPhVf5qUfCdsh2LfwRUHAMN,1131700,c5d51ccd8639166bd9b35fb328187e8a5937cc75
3Dx1zVWaCYHNRkfsg2f9J5vgyNJ9aBm9uE,1131700,8677ce3fdefa8856d6631b23791a802a28cd5528
15MMnckX8npQLssHkdvxxvt3LrBdQPqrjf,1131700,2fba2c8f17b9ef0cdbbf0c9ee5d83b4aa1611400
3BMEXu7v3EFcyRTwAATbuQkRQUbHofCTYy,1131700,69f376ecbb0f3c23cc2451e24a669bf62e0b4aa8
1CzWDtmGZUsR2cb6srSbEYUc2Li4nMn9LS,1131700,83897caa92c9a4b52df0bf184aa70ca053952b03
1LgabwagaL2WyAhtVuZudJ2tz48eXtPLdZ,1131700,d7e6a98c6eb17f4bef221bf0c9b29689291facce
39uM2iLNLtKprKjmmsQuAaC8fxDLEVomVH,1131699,5a15f26f3d203d3b0c30e3508f56f7ad0ccfc9b4
3BYsMgyh33bVviHQuXagod2KLU1pPnZ7CJ,1131699,6c26c77c18520de40cb268800ff5a334d1cb2b31
bc1qwzqupm3k3pdkzg8833rzcmf4h2dgk2nev8pspx,1131699,206418ec45beddc40d4c13d3c6e6cb1d76ba81da98cb5af335d3
12s3CfCJCMkKMLqTg9d9wn5mcxXN3aNFps,1131698,146ec2dce61ec25e974816f2f7d0156bcab25ae0
35MFxdxY6S6RAtcYuvRaLcLfNakUAGbqgq,1131696,2823e691246cd1e69cc61f275c1e2fa5e78cfd59
1ATURhanLPdk2YDCwBaGLHDDDhTd3sYQ9U,1131696,67bad74c9ed9c8aa9ba913e903a1baccf119faa2
12c726sLHPXu6cnEsTdVbY1NbrTWoHNkT7,1131696,119bb576b5a6776fe94012a78cbb53658d98a320
198oRkQYZXgNaiCb3aPpzZHtUa6TKsGkEj,1131695,593aac4d770a5dccf6eedd82cda028d9372b70f1
3BMEXMN74BjBuLepyWcC2x8bGHxBMLEBWQ,1131694,69f374e8500e027a0572e7867fd7159fdf044454
3QdMtbYUggFEc1UWTFo447Rmhxm5Mmrv1V,1131693,fb99e574ade4b574f545b7afcde9722aed5f29ee
13MAWnjiunArsqT22MhN2LXFLJsfBprCYb,1131693,19c0832995561ca93a272a65a28213d98dcd00f3
3K9rxmt5yAeKwzcynvxX7CAy9tKm6k9GqB,1131692,bf8de379df9db521fa22090fcb4f5dfb283ada7b
1F2GaqtHWNSmbAMSjzkjcW6TurX2XRF7Hu,1131692,99cf2f7541c040689c1e07fe744554c9be7da740
3NLVaS2tywW7SB8d83Cyxe9qE5J1H3n6vQ,1131691,e278fd72e9b7214ba4dad7fa8562df2bf59d663a
17xUS9xQ6RqGjAfMpx6ZR9u2yUeCaoBLQE,1131691,4c4e887916f2b6c8ff932473e539e7e071b72e36
3BMEXR5Qk6csASnzjab4Si47TVrVzaYrfc,1131691,69f37524ae65b7c5d2588f577f6c7562224dd750
1NowckMZmgbjD2PazNp4FGJ65g3F1SejNA,1131691,ef3b5dfbc652f909d6e321dba921eabb7ca73afe
1Bk3QA8SjeGRdainAoxD2JwB8Qg4SdrfUu,1131690,75d525a1d30c7087eebc7d33dd002cd18688fcd2
bc1q68qzavrt4pz324kwtm5u9tugx58ss2acys5tt7,1131690,2063c55696efb1faa9f6c7c4c6b9e5f8e4e2606a48ecdfbc1223
18X2HYzLZafmeA1pm35uX2vrav9GWNRBTG,1131689,52766eac202aef3ebcc705c9e0073867b0a4bc73
1KDvgoLQKFTDJ6oKKesbKDSxXWaFDZZqQU,1131688,c7e41214465b2c2b98426c0ea164866d7e4a3515
12B6FDSvh5PKPoNbnMhnzXT1ZENM7UjGaV,1131688,0ce0a9ed0e45b97839d40aca85f075b508db1931
1DqPc42FqAbNrrEQ1v8q9TFWTkUCUEoSNk,1131688,8cc8584030371d7c0c134f2417d3457b8e1e3e8c
3BMEX53QzgwHpWN5QJc74ehUvGF5gLXhXW,1131688,69f373dedfafe27b31ba41bdfd9c185e166a640b
1G3m9RCTstC8dq95ECJwgsuvqy4uJVC3BY,1131688,a50f91b564ecea96cc9e3d583a49afa64bfe84b0
3L2PFuuFTtAopncwQmAJzqYg3F5fVAUzt4,1131687,c91bf9df8ba58c2984bee995033a7d421979aa95
3P7tmopigrbQTSgQ5QFr8mzsqJRdKgFzqw,1131687,eb0f124bf5e92e094e3995527c5b698d66dad95c
1Q1ufaKoXTE3Rwwg9tE7J6zyp9TTfoUnEg,1131684,fc76db09f1f77a668a310d6863dc8ce65e08bfdf
15cQPzBiCG2yQ4HxNq8xeASCb8fKakNjm9,1131684,32929790cd2cbeab9af4acbed4debc4f9c58a653
1FsaJ9D9gaT4q7ikxhpENbRtEQMMVDSTUc,1131684,a3225a4ff6fc0e55e5f395add40fa3dec16c0587
1812Koa27u83JpDixfQXk6GVixXVX9qxNr,1131684,4cc9fc6186c01d3ce8d40c44506425faa0c9519d
3HKwTkut7DpTNMPJ3zu9xXFHyVLU7zoXMk,1131683,ab858d843dd37a1fb22cbd3036f3163676c9316c
15RwgvctRQz7R847PJMKkvbr51qH4Zb7ya,1131683,30982343f964d0e12e72ae5e8f2ac3a635b568ff
3LeZK4B5F5EDahW8tBJionEStFmbdGGDut,1131683,cff357efb3a18834e26176212c81fa99e5b908b4
1CzdgDGJohvoq4jDxLJnZrbfpcMCvTpaAL,1131682,838fb58603e41d0ded5d18c566be5d909a154e13
3APuYh1rDtM3Z4cRL3C7VWwwSJV4p9nfky,1131681,5f7cbcd5e4551ba48ec79b8ae57bba5dddbfd857
3QVFgiL4yf4P6mTzXrooZT2f6t8gDL2mkA,1131681,fa11639872c77dba4ca8135a6269276ab0dc36aa
1GttQGqTzR9o4Tvr7uHVxuqh7WFaRidXZw,1131681,ae5a0227b1f95a2504ce905f6a2dc6f649e5a477
1LxwZnrgBUxbgbr9NjT1JNiqaVixfkxGHF,1131680,dafed11051eb08b4528029008bb090f2c5522806
19B3ZMgF3WEg8KhH76EydLfT5mBW5ryQuf,1131680,59a74d144ba799fa34585fade9021e4a0c537788
1Eu1wTptwEUy9aVLKKHykoAzdbT31tAyVv,1131680,98700c8e5c9b3fab45c9e7ca28bed412ef7b3e69
157zZUadRmxqjMWDJmhne7jSbgRcxqMkF8,1131679,2d330c2996355482bfffe3429a8d07d23498a563
3LEn8RFFfvY4JKMcDoobx5atTCCiDiVFD2,1131677,cb740f26b929d4da0944bc2047cf66c483d24c3c
12VrQdGZ2emZuVBRyr1hf6fcmzyWbNcurK,1131677,106d04109c4d199e218b3406eac809d27f635274
1EsJq2dvGY2GrecvcqHJdd8i8hShUpAzCu,1131676,981d50be544bb10c0cf6b246c086a8a153391428
1FrWuiZkV5GX6AoNJCTSiMVPFmNeJ96gvw,1131675,a2ef1c1bcc9cddaa4bdd8df11def99b0897adf8e
18yvNpYiAqYZf7i7cTmW3xK26sLeoEBxEN,1131674,578cbb05c91508826bc226da9914aa8e3dcadde0
1AamuCbC21CU9EgogQ4vVLxb6myFvf8GQM,1131674,691c56e46bb205abd3e563ea959318393beabf35
153KpCxADWf3parUijK1UwQRctWm3RxziU,1131674,2c510a449bb23c75c0559ac0932abc50b883ca9f
1DViVrSJQiXHMhJQepcrUGknm9dyyAhzoV,1131674,890fcbf24a127763c1f95d8eed6af80344a17346
1EWJ4uhh3ANd6K6pGcS2aCorH7279Gyicx,1131673,9423f1fa02505c9d04e37ffe4a6dcae368a511c0
3BMEX46F4Ys5jSBVgwHkbncdrbdEazo98e,1131672,69f373cf678e9efde6bdc8e5e2db71a67f52d4cd
3K1v4VcUF3HP2Ud2Vds6HiTTJwqtPRicg2,1131671,be0d25c0edd54b75ba337aff907762b86ecbc56d
36RgRNgWyBAr4Za5fy9FoSrRLKXQKiqL1Z,1131671,33f21bf9a02c4b67a0e01037f9e4302536fb0fe2
18S6XDBcqETjooMRVoXxSSMh9rgvoMz4Xj,1131671,5187e35b89a5bafea4209ea7d9bf8e033f8a718c
1n4VBe8GjsMZTRpGypXkKZu77QEYEVGCS,1131670,0885a0d07d1b5c4743ae17d3e27e86fec74ba8f9
1BGgYwZWqpZSL91cGyDvxWuhiQKC2v2VyW,1131670,70a883350535963acc2aa54538fdaa0089c46279
19g4v6eamMdNDC4vZAY6w2cEC6k8fuTyyj,1131670,5f247f4bdf4c0a95d4170cb8f2b881b48387cd9b
1ANGwBrPRKvm6k6SfPdGvCMSrsfkZGAXit,1131669,66bf2b22f593e2650c3afaf3d3ee3a71ef25a36b
12NZhZaEUNg8gdMCzfXHgAi54vxJboF8Ws,1131668,0f0c28321325ff954b46b8af151ec583ea006af6
1AC3wJKPEFZha8rBtGsvdh1WCFsN9TjV2s,1131668,64d0289c504d12195e4c3435074e4a00b11616f6
1QDAqUPYhQkgAZmKopQvgwpuk7dGAJQ5fU,1131668,fe981853444f2c19d65d3d252d0c8526488da204
39mKAjgDA1DP8nZPKidya3FRgdC1PR1sgx,1131667,589110b5a54f64e82d0075ada10293a90943bb32
1FhFXCzG7Q4ytFrvrrC8JRQNdcDf17Y5X4,1131666,a12e8553452f168b56a2e76e9a7f7df020fa4d92
14sbF3BTQaa8Az9m6eQ2T8CVvweF1Sgvrx,1131665,2a79c25def2669d64c17f6a9756048b1e785478a
3BMEX6m7U9wwmW12Kx7uEUiePujgurmMRm,1131665,69f373fad3e1b8995cf1c9b8272f61ebeb96310e
3EPBE38wBQiPh9ovE1HyhpfmoCNdtZQdKT,1131664,8b39e9981f4ec1c81d832b198105a1955d86d365
32P7H9ZAbgK4WfCRgFXUS1xsM9f4j1qiiv,1131662,07951bdaf7f7bdcfdd135a10affa572a47f4707c
bc1qpqgk77wx5euqvst87s4q9fasguppjfnv6pqk23,1131662,20640cec8c7bf90d85af942253f41a24b1dcd2374e4686077ed9
1A6NdCE1feKCFakFx5JCUyyP3rgSJttXi,1131661,01b83a89ed1b5b954c148ea50843a0c731abc627
19E4F446zYxkkvSFjW4nFpuRGVGiLyKxZZ,1131660,5a391ecbdfe24a31539d3a48e62d83fdfbe8692b
1KjnvySUC7kATby6w2VwBnMLz3WjkLpVUm,1131660,cd8a134e3cb5ee63b57a94bcfc9227b0edfc5ccc
1FSQRw8E6x25dEzKqz6bFbKk3yyrBji4WW,1131660,9e5fb7e269d860de5bdaa70e598d54c84cdc41ae
1Gz5zFU51bDYfRSfxUeVfeJsMSwv8PwgX4,1131660,af55c272e97563adb01a4c5562f82e3a15a6eee1
1nArtEVV4nJ1dGnY6YB3zdWBnEWxE1n7c,1131660,088af2f46786d91ad607a73fca265fd6aada06dd
13sTEYpk7j5Zmk5qAUJ3nCRRDsownHrc4i,1131658,1f7af2c7d4f1807b109796bd7fcd1ed4a368aaf2
1LsjXZvj5ZjVZMhYdhEQGZy9hyeg3vAQPR,1131658,da02b010dfbc27ba21820540c164423e4576f15d
3KWmvCy7aGZeEPdCbvn1nCJYfNyxzR44sT,1131657,c38269bc9b082cf396ead0e3a7d317e8f7ef224b
33ZEXrdcYVdgLBHfW7gri3vgMuMAS9xzhR,1131657,147772ff01d69123f50399402aeb2e77d6e0d1c3
3BMEXaF3atyaGnZwHJ4Trs5CTjbib88xqN,1131656,69f375b9be8f334e976ca07158576303b41a5eeb
3FvmgqopxTy3vtCRfAwyc7QTyv7bz6b5cf,1131656,9c2bb35c81acfaf10394d94fb6d8f8877662a8d1
33xjaEXUcPNZVt4EHq59vxKw4B4ySgh8pr,1131655,18e9422e95ba2a0c5f14786f86b710d7497415f0
1LeC4aMAuh94sVC3bQW4m1773QvwToBudq,1131655,d77303a70d48898e4204f36f5e9c528b409e0694
1DzfRwqHPPgGysaEKEP1VxesoBRH7hmeuG,1131655,8e894c8ec24df924ae08768725b9912d7c46ef83
1JhhqvPvYMbBhLV3NzVCeyEtvTN6XsNc3D,1131654,c22cdf06d7e2bf422916859c2d70721fe3de253a
1AhYBjJQwppdEJohzLVpDQWE8Be9aHM1Bv,1131653,6a63cd6ce32cbb42b2dbaf5e83b5e79dbf457c46
3JyVZFfEfHBxtopoTJgyHRhJrnC1k4pgbW,1131652,bd97dc4afdd31729b0cef2c6b6177f369c0a6ec7
3MZbLHSfYgcd6sZpJHTwc3De6yfS8fZxD1,1131652,d9fb13a11b01cb63d022df72471c477be0274f01
1HLbwDtLF1Ci35bLiFvyab86u5MGmkbS5e,1131652,b33713f5e7458f6e61de32a42871bbf34b206730
19oJfMs7c4E1kDDxauit2BbNHs7eV6bFP2,1131651,6082e22c1c1c14e056e1f6f73d1e38c555d88790
1Ej3p4w5d3u8F2EzAHT1Bc6eQSQESy41z7,1131651,968d73d8349bd1163c2b78cf48eb01e3e2259cc2
1BEEmjewK6dUQgPpzEULsouscJUZ2zGsuu,1131651,7032293a26d610fba117f6b8c26700615dc76ec4
3EE45Jsotx2yvej6RVPdgx6tdjHF23rH6E,1131650,8980332bfa74e04130a80d65883a201243ce1459
38GuvSoBQ74Pv669u5ArPmicgf5AVR9kpS,1131650,4839e32f72cbf082d7cd65ac3c2cf40a55439713
1Dg3sddS6ePbYw1FgTgTaVJVY44JwW7r8,1131650,026596a4b40c6dc73d8ec8af4660226544413ba3
17ZgJ926zo3ScT6qBzHcxgMnAWkPUpEGap,1131649,47fede21a2e4cddb0da87c8098dab37ea48ec092
1AkZ3Dq81BiLFf12g3hGo6Z9dNKY3fUNCE,1131648,6af5c33bfcc93a4c3a3ef44c79b4343332eca6fb
1KmmkT3cFG9WE8HCB21V2FRFvM9qMFahET,1131648,cde9ebce030d97a5e26399bc1e1f853a9a2fab67
1GeuNtnq98tMh6L5RY1QQ3QKJ1F6hMH9dT,1131648,abb4fff60e951dda61477a4b30ed6611ecb7eb7a
38wN6xLTbVb47SwDZC4D6xgMD3v4XoH84S,1131647,4f7f8c8816d515b6982a36528ac3b537331a651d
1M3BfCWTkSszHEzf1NPryJ3x89Ck3uKCFN,1131647,dbcc3eb4b35d5bd71dd6df5ff6e3f45254932182
33M8EomKRhY85NKDkG6EVSu9WV56s9cub9,1131643,122d3427cf5a32ff8ab91b084b11331235ab670d
15K9sL2GsnsV1ZuVGag6fws3BX48uaEsDx,1131642,2f4f6491d3a41c02363a7047aef0eb822b4c34bf
3EreoGHkpdbvuxxw6yweRHfHLhaxd7Nb2i,1131642,906c28fdcf9a96ab5665d1f9068fdf17a899f47f
1BULn4nsfxqXwRpJSRUKqnQHNDFTzQc9my,1131642,72dcff7027aaa64967b979c00618fd35bdce3acb
3BMEXT8VNUGTNxXqAoXDd9BHZseBjmQ5KE,1131642,69f3754611ce8078f7fc9eacd2f8dc4b62dee9a6
3BERMv5dL1xtQJ8BQe198NiRePZAZSxBpG,1131640,68a9976a89034e2640d5ee99a84c796b88c5b1a6
3F52AzHeU4re9BNz1VPiokW61NkhAprH67,1131640,92c2fe86b6b9037bddbd16c5757433486362063a
3BMEX4j1Mboio8Bs3GJsqYoWkqVD1kejeG,1131638,69f373d9b66992237fb3bea537f2662ae68bd0cc
1MwbDTBrrzyUZvan7KPyBGAjYnv1N8J9Qz,1131637,e5b589e102b2abf40ce19fd4ff92373acd086c0e
36QtD2gpyBtBud8SNeKeZvzNkYPiz6svcs,1131637,33cb8861bd43e261cbdf22fd7641a3fdc5dfc1d2
1MDmZHWiNHEwmB1okN6CiA8YnXZ36CTt2Z,1131636,ddccb3833679ebb99029656d3bc3e3860ddb6652
18F22F5kDdyK9koWNT5e4jnM7gFnSBK8uG,1131636,4f6f8e7d15f54779fe07921c29f9e42a7e12dfad
3Mnp8cFGBZbuUpPbZTNoqBL6541MtmfvoA,1131635,dc7b2b0178bcf0b97e76173a68a0c3f193dc72ba
1CJxHgBmiqsxTzEQc3suujKPH3WkrC8J1c,1131634,7c0e9b4e2d897c341caa43f753fad9f76f961a9e
bc1q93jff6xxfeqdpdhmxqendgegedehn3pyarzu5c,1131634,2063ca3833758ebb733ab32803c436adade7d3d1ea4b7d8d5ad4
16S7a4kmVxpeqtwdVv3qGF9dZajQxfezQV,1131634,3b98832c181341b3e57230e8fb13ccc20a75a75d
32iomRd62ar1Gvz29iDq4N6F6JgXNDkTW9,1131634,0b4ecf3345c78c3dfdc76e1cf43e8d067c1a3012
1NVn6dNSYJ2HEUeNZ9cFaHLBAL9V9bjP2J,1131634,ebcbeef8d7b7aadb83ef007a23eddf2c9f8142fd
33twr4CJsxHF6nNnhvVuTa6x3qEFr4Pc8o,1131634,1831d6e8935893b7231ad5b02bcef479da1e4ec3
18ouwV7b4NUinyoRq3LNA4wt688AktHZe8,1131633,55a834d0908548ef7532dfa45faec1ab8cf48099
1PS86WDoTNDSL7nGqqRNuVr6vvaUhQEkpc,1131632,f61316bc048677b3cbd1fabce3f61fa910c69076
19kWVhsZbA89i539BixQ4xwiNfAJdnde8k,1131632,5ffb838440876dbc6f84b12012ffe8866eaee562
13cyMLcuxYmEKMZv4v3cam1Ut4JWp2ubF1,1131632,1cbdd971c13fcd76232d288deb980420157bd9aa
148Xr7E5DEqtkCoQpGyFzAuk5hwxq8UQ2q,1131631,225509e14cf3b32bd721d5d20c3627d0a634e08f
1GnFeArSmxTmrguqvVwzdGUSFsmA3SGh9k,1131630,ad18d39ccfa93c8cf04be0ee0fed9a0f36b271c8
3D6MszGmbt52Dghph6qLzrFpBpLXh8S8st,1131630,7d139bef714287e41b794d0ba8008ebb35cd94fd
1NbwRr8NCkfxPUyMp5At2gNbcrK1TPNQMe,1131630,ecf637fc93fcabbc6bfd8af0d4284be7bf6d9415
3D9TczDGewaPqQwigN8x4sh1Lfy3dGarXQ,1131630,7da9a64fc79516f9b9860d91fc1edf3e952baf21
1CDG3JYgcxLT9S1Th99JoiNdPd36cjGZN6,1131629,7afaedfeeed4ecd74a00e23402f791daaf731dda
3BMEXAhd83c36FNXzRoHEv8DZp2zh6Asc2,1131629,69f3743ae62832f3169571c987100e8cfd9dcc14
1DvyiAGGexehBsqjdTaDWS8YFo3DbLzEEx,1131628,8dd6e4eb16f256d43269751f6c160b6333e070c4
13ZSLtoCqa4JhnrwbccsWGR4zP5WQ2bEGN,1131628,1c12b7b4c5675ae53fbca40c698423d6de116261
12qiZ3ssVxKGaQEfbMota7NRFVN97v17P9,1131627,142ec73e6a97913df2593be9c760dc75c59fb674
1LGs2mP1ygi7F2XCD5BeFgB1qsnak3du7r,1131627,d36a6482da0a0353864967cc1fa2902d5a37c793
3AttZfQgKtUCc1xjYX9uTFvLz2Xh8vCmq2,1131626,64f7fad1f8ddc91e4b7f576c32f25c3ea64f2bba
35GkT1jQsw1Fodx8vjwhqPkbEv1fHxkSdK,1131626,27499a3a8b479a4bbd370c546765c7d29dd3260e
3BMEXK8WZz3avu7FJqVZZELJtai8uvYaRA,1131625,69f374c3f9e780897a3e210c38ef7da6b8699f50
35KHttZ5iGefWm5dL63YtAeMemYsoVPtyS,1131625,27c4af2e13f95dc8f5390a8ab94a1780df4614dc
15RvdPWKMV2VXP61qGxcgCD6eijDXuKyn2,1131624,30974089a4a8564e0350767ba3237eb032830723
33QfYB5c2iFsqnMfDtcSAdWA5svhQ9pi3s,1131624,12d8943e37597e97cd1c03a18987e7eef9d97998
1HQ7ETL9xxRYsFP3yanubE7mXL3mZmgLBY,1131624,b3e0c826ed9457f6fa582d55f368410d5e29a242
3JTSUBNb5kYtsvFQSEhdrA4tMAur9hN5ak,1131623,b7e8cdeaee720c60ecdc9f6a8f0eabdf6972e165
34XNWuGgutDZAB61EHp85eM8UzX2BiKpe3,1131623,1f15684ab6788e2716d803600bb6cfaca5e7adf7
18Vj3si9tdZA4ukYdGaamAnBiiCi5rdXPv,1131622,5237a0ed2c95f42a4ca2dc99ca548ce6abfcb528
3JN52mFzRv2AyLtigjB7t8EFpxWSNtMjjf,1131622,b6e4d42f4c5849aa80a1702e5dada5cebca82805
1H1MD83ASyseQ1o3xyXn5EGqBje6a7Y6MK,1131620,af92e1d4e065204c8c3850bbc54cfce383779ed8
1FtAGJmRq1XiSXrDCGe8NZEc2nJxKbMRZR,1131620,a33eb548a9ebca182eb951bbd9efc2b545401f8e
15x6U1MUzvg4vJMPRPRQRcdanSnqimRSDj,1131620,364bf1898e4c3f8857fc3bff125ac43fa581da5c
1BSYEBsAupYErwMomcKYJUicMccQ2zQ8vQ,1131619,7285b9639ee9e2e9e990c6aeb3dbc8f41bb6883c
1H6zgtYNiioKCXmnE8C9bGxjmJrTXWHW8i,1131619,b0a43f65b369f7feada0fa3b83a1c5fe46f09d49
125Rzydqci9FPdW14g355FDguhUzTsY9Dh,1131619,0bcea88280771214d5d06593ac8f64bf9b73611f
1LEVpcabNQZciFGNFvSCgy22xaKc9CJnt8,1131619,d2f7db1b82ef72c8a1e097d0c17e45c69ad8a2b7
1TztNFFaAxaSGwxEzbydKFTgk92SmLK2P,1131618,051b22afb67cc4c53bf948dd742881e82556249c
1Q2VyuUaDPq4vQUkc5EWGxYgbQkM1GH6n6,1131618,fc93804f0e2ce1bc1c449c5a0dbf39f106d7d55e
3LrNk4CHm9bEoy1bDyguBnX4t2xMRNbMLg,1131618,d22f8334807f34c5dff93b245b190de231177472
3KWXycA16kGc7uZPdKjsZMyMReuHCPyKnv,1131618,c376c67d94d3b26bac608e3f3c31cdfd5dc1f00e
1Pi3KcW1yTU3YGcXSyWvd9NK69MswmbAZH,1131618,f915c2520b84e6a2b95885dcb871b08aa1ad54a9
3DSfDD5oP3BP1znauxtBCdakMhmFi8MRY6,1131618,80ea65583c84467cc8f3d472f517237e40d96c19
1QBraZUbuRCrWUNAydBEyWGq4o8kqEVbnC,1131618,fe587054ae27850cef4d461d1935bca7d1115a3a
1JLZ2M5D43W9NeFETZzes7ZAdkwecdcf5c,1131617,be2cc5f22815da0514e488b46a2665acf3302be0
3PKKbmdDt7enmvZ3183AZf6ApXCsdgXnR1,1131617,ed385f1ca86641e88c99e29e7de6742d723b28c6
1Mv8z1DgeU78nbPAdFiFJTeeEXzQPA1TBQ,1131616,e56f39b23d3e05d64ec6641a6ab6dd117dff0502
3773gVrHe3jgHiGkn19X6xSRnmVrDAVYm9,1131616,3b6414518a581e4418885d5a65a732a30c6e87ab
1FD8wTvgfF5ZRNzcv7yY8YY6zSNywuNS87,1131615,9bdd61335cae55c5751113587431d8554dbbca77
36LHN7tR5s33PC5n9Bjee3GN6J5pv8N9kU,1131614,32ecc87ef5fba77eaaf8a9c419003c000bafe27e
1AAuK2V68pLVxjwz9CW4WsmQgK8BmsMXXL,1131613,64988ae4e6ab1fb0d160192410cb9e6f507cb822
3B2BSpiuYLugMjh4vHWCUhAEok6ouhSheB,1131610,6658fbe413c45b5d0929e2df6f6f44c4815d8a1a
14B344yZn1FF2MUCrozEYvy4huqRWxrY3k,1131609,22ce402a83c8ddc20ce161b1f6cd94567e0f695b
17Hh8bujY4J2isHD1MmtWVkFmPYZKS7qks,1131608,44f8e8e9e4efc44e44a29795ca8b88c9c0f9431f
18DCMyTkYSDobGGiRV8xHgG364U3q2kmmQ,1131607,4f175b317866a25756fb0d0f70f0d8ed2e6463e3
32iqGJ62CHGx5j5pcuNi7JTxSNJgb9Yb3v,1131607,0b500f44c5a17dc69cc165c702f40dcad62f7560
3KkEB5rWMYNvNxmJpG4pWRLZvtmicTj58U,1131607,c60dbd0579f43264b55957d6ef93e5c5c05dbfab
3QhMqMu91hHbUp2FzQ57rVQMbVsxZ5wD4V,1131606,fc5b837b077ce911ee97cd4d2f65c9cc25486ffe
166gAn9jvhwjSZxxHXxdavjXNtAGRnGhx1,1131606,37eb67afa141a311eafbe65bd3005bf020959384
1Co2RA14tXmmWRABsL9YW3JwtTcNbTxNrF,1131605,815db3450eefb6386f8eee6465427470e24699b6
15XEfYYmGCj1X82DG33VHAKonTBsbtHhor,1131605,3198637a0c46e5b8aefcca9464cd5916e682e2e8
1BWXxhAnpsncWnU4nFkN5dMoo3rSkZMZFn,1131605,73472a3e8e0acf400ae4d29a36de339ff75949d4
15kjzfqqjEV22jVBvwbmjcz7HSRfZktsDc,1131605,3426478233bc2841322949b20dd060e2010cff82
18Y48oZRwZ6PpAvMtuK7293YaQpXQVBHHD,1131605,52a86451f998e0fc851c3ca2a63773db1c8d51d2
3G9gA3ncsTGwVHuoX5Dh9eAvgZLCCQmgmG,1131605,9e9c7dbc2ca910d6b4fa25c7101300c0c15d42df
1BBmoYyZtRaqKx62YPkUyQ2uPgR16Wewho,1131605,6fbad119249b79f4f3618e8f124572d63198edc4
1BnFtQ57L5AHtYAA4Y4RMYYqLZLY7ApX3W,1131605,7640670802934de0c220640d5a8b1c39201f99b8
1CHxjAVRJYKAs8uFbw2ferV7YENmTsDoTU,1131605,7bde8eba797c2e3477deabaa5421b933fcf8a5b9
1H5WB9t91cmqEkkyc3uY6tZp6HRHnqRMkb,1131605,b05c07ce99b736914c397a457cf34cacbc6d42a6
38wEm5yoLDk5gLnh8bvBetEsQt1CyhRSS9,1131605,4f796b7121f08158b4d53d42023ec27883c0540d
37ztARL17JV9WdALChTD6ozQatpsYsWypy,1131604,4531c37fafa589441347a7a277d8ec98698adbe7
31vG6ki3k8cBnyKEPjFhXHprFAjBXeDfnD,1131604,02813db6c688e3c903873871aef514d1ae3907c1
3AEZoBLKJ9xuNHyM6gt1nbym44udGdKmKH,1131604,5db881e14794a75e7408af04d07554ca7c7a4943
3Gz2beXh4kffWjZQYFCaUFsfQfZRA9HG1t,1131604,a7c1855a3fcb6971ee790f6183b495773ec01896
1953n6hCYQPggLRZvtFCw4hTDDzQPtxYfX,1131603,5884fd1ba49caf7d83f9fb1e2f297ab1fb9aef51
1Fr3oqr4wnHczNFRWNyarDPGjtRNdnCEjy,1131603,a2d87c9e0ebc4f950a9ee62148a2e487e4d54f32
3LD7bTLMBDQ11GYMRWzw555uoDQ6mhjzVD,1131603,cb237a0de6ebd3bb79124faf7a4528ef74e96879
3BMEXebSe3otWngpwoLPeL78eDncP6asAn,1131600,69f37600835c443b31b8e89d8446cb7c99ffbe5a
1E5JajFgDwA1aMVMP8q4G24nZt9yGYkzNq,1131600,8f69f9b0dd075e15ec4896a084d19282613cbdbb
39NQLCocmfz49u1jkp3FpPLKJwbttboZs1,1131600,543bcee66a287e6f36ee0525c5d28eea9164cbc4
3BSBcTTsjCn4pLaBoimWZ1Dybvhh9eo4nQ,1131600,6ae31b0ddd87905a657ad61cd81a42d2254b119e
1PV6ef7LbxFVPKuRufUtKN2KzrpHd8x6QD,1131600,f6a3214397b945200fbfef7d320811434b15b515
14AYxAgKgjKh2hKJf57KsueWW1tqCS8ESw,1131600,22b6cae0671d0e6e2b55cde1db6a948ac9c24a2d
12391xCkqb7r6jq1Ua7AWbLBSbZSMA64ye,1131600,0b5fa6439e99287803d7a5fad3d3452a2622ff21
39ww2uSQyovF7pSgbQmkwYdxGNJsrL5nPB,1131600,5a9329d87d1aad88fca8ce8874635be53aab5194
1EvZz2NKR4y39iE1mZqcg7ouPFGeAzJcEw,1131600,98bb36d0cec2f9d8f8baa3322f51b54519c6ff42
1Er5b2tJbZ6i67iXBNRyvWu3YCRNMkjoYX,1131600,97e1d89dc12a18301577b315af546ad2ce36fb35
1FB62asiX13uojnLNQh1HZ1RCkGcdvbcqk,1131600,9b7a1dff6c9b99eeddf33a227231748bf6db41e7
1NnXBycS9fuG3JgU8w67zjtm4LigRE1mBc,1131600,eef68f79a9aeef1fe0ab7d919d3a647868bfd95e
bc1qz2hrgx88sefvxwaa8su798x6urgp3a976nq6z9,1131600,20641c545178b905b4a9b2757bc0b6c4eefd94aa71e32fe570a7
15FxNY4pgeZe2MkHVqVbB9pNGYbPz3AR4i,1131600,2eb48c593ffd19e2a0bdc4fe21f4f860f333b026
13ecBcvhYZFNuXdSmXg3peSnNkDhpZSwPu,1131600,1d0d02f30a79e8706e885018c7dea6ff9f0112cd
34m1dwm9KcFtQDUDuKQuNqkCjetqbC4VS7,1131600,21a9cd63b350b0e3859747020a62839bb34fbd3e
32S75xxjk1Jp8Mb8JJWVvNiJWthDWSMBvP,1131600,0826321cb2da5202660088277bc74910008a1703
14uYj8f1zFLVQvPdCBNNkntEHtQikYoyqG,1131600,2ad87dc1f44e9b2a82381aeb1a21176dbb3fd5cd
1QSQHoviU99Hw24G3qeStPKCxa6YWrNrL,1131600,046ec571b00f61db512b0d80c232ab30b47f5e3e
19cdadS7vexcJGUMmsZf24kU8LYqE9qmr5,1131600,5e7e19a745fb0867a9e76c8c8d6f4a33788a8c78
1LgBHJyYHsA4kM2jnwj8KteTtVaiMVgHyS,1131600,d7d331d9248aa38a0ab2eee9c0b41bddce485a68
3Ai8JQvyr8Fbj1CiXaQsHnaFGTFXWLiYw8,1131600,62eedf0ed3ddc98ae06c5c32180f2d5eecf469e1
3KQTMQuMwetMUs982K82vfReg1SaRK8U9W,1131600,c2506b6d1624dc5cc35ffd64cfa8a0b764aa5053
3MRjojbGwjUVbDToWzABdtmwc7wHUjBkAS,1131600,d87ed2770f8ea94408da88554c38c2d531634133
1AEdRvxErxnuUTBSoLYVpsHTNMavncVN9h,1131598,654cf31c31c5f25e886117f02274522f5e17fb4f
1EF8hkKv7HD6MkGN2ZMoMerq3YxskbSGaJ,1131598,9145e36e965706ac9e40d632bb63cec4869c6696
18mMcFTR9F36xoM6vgvAdzygqhfCT5fPyB,1131598,552c62a204ab6ee92c31121579155a45bee1aaee
1KRRNa29uMpUY3B27CF6yGH3DdudadTjXf,1131598,ca1097813b7989b613417aa3d55a150f2d5705bb
3NGJQP5ui3x7TGBuf4zYe1i7az7kKr7Cf9,1131597,e1adffcb37dacc6677e2b40d8781dba515de4a2d
1KWhaLVwokwCqHjR3oBXDxw6SBDncBHmVh,1131595,cb103275808311afdf09cd18d02295d161c8e5d4
114LDzj3nXCQ2ARHSERFg2gdVfLGDTVoHw,1131595,00a14b9a0bfc243a490d2544bd84fedf4c5fc145
3Nz3wmaRy8Mx5MHKvDWUiFgfYxMCru5PpK,1131594,e99366641fd74d4f072bfbdc5f9bcca7bec125b3
18H3qEvhifMK8Usjc6uRHXwZDZpZvWP62g,1131593,4fd1e6517b3254fe757d82ad29426fca570b1279
19EnBZREa1MnWMQkHdkcU23CN9knhVaTS8,1131593,5a5c213dd718917cb9bc0f0458906227b4ae154e
1B4xwvCCiY1br8aBfvaeAyMX81FRkc28CW,1131592,6e7135325201639d4bfa20e55a0dbbdfb965bd21
3N3YFqzM1DeweJAfxPU4RH8nUN4GkcbYcD,1131590,df4427cb686974cab192a1826f3be6f4fb7bee90
13gEqZqXiBBrCkZgjshWoWfDhBMqmW9fHm,1131590,1d5c0660b73cafa92fd3c7a2ff53124329ad040b
31t1xuTLeaHRu5L4jgm8a5xcqHgqZ1sX8d,1131590,02149c0c8c83f08768657e7c9618136ac3834d61
1CgHZNX5p7xrVqYKfjfwxuP3apQGwZTGks,1131590,80176d9b89e57ed676ae1abc2e7bea592cb054c8
15UrS3rCZjstaJm98KajE4yiY2XSYnaMH3,1131590,3124ff6d2fb106a7cdf4e6e851c29c193e045af3
3ARBXr3kToctUcB8qCMagPLzUKActHarCh,1131590,5fba7f613435985cbb41d9e76f984aa6e94a45a6
125L53DuaLBTLJv5DdwXRKj6S33KKoq3w4,1131590,0bc9b54987bdc2b222cc373168cbeb0b72c4cf47
3Q4mzQLCvPRUCBtTvWeZBze1yNQcJ1C2fq,1131589,f570498ed7adf27035a49413c278cc6f497d5e37
1K3jZYpB9NGM7xcfUKPY5jYGvgWiMq9jyf,1131589,c5f69fd3331be083f193a58e731d36fdb6ffd26a
12uSRqekL95Sgz1wbHUgtWm4t9E9yBF1WU,1131589,14e2fb73c7321870c7ea36b071a527c3947005fd
3BMEXyUuxoZYySiDanHZXpg3sGyZ97Npod,1131588,69f37733ab038072c83b830c5ac0028382877e53
15p8Nt75o4bKsXRdSNxwXr7AAm4J8wKeUw,1131588,34ca362935371d87faab430f3b2b2050d3775629
1DgaMgg22cN6VG1LLfw4X6bHJgkLfLUw7d,1131587,8b1d939d5e2ef77ea45158a08dcb06a4b19dc639
3EhNywDMsAAhS5miMZgwLZomqE6xmi71kW,1131586,8eab36c3970ffa580787e0558f9d8c7992722c05
3L1TNTX3yd4LmG42rCdWMd2rH4U2ugiVNN,1131585,c8eefe4b59dc7b0384dbab8f0dece7f67806f441
17MBLgkCpMuSnMhUAtt75CuRyWo19cQdzy,1131585,45a1b4701d706b734f99fa9a0f2d4f76c97e3490
1MwmRtymgCe3fvKbXnV9fQ1kEjKtCrE36o,1131585,e5be10b60c52f8dee540746ce8b317e144ebf712
1KRPnXdUcv9XK4gH5kvdJPRg145YvydBmw,1131585,ca0f44623533062d85d4726fcc8d29ad496f6063
13ZVrqXYALxw2rdP9LvEHPh7iMek4Dihuf,1131584,1c15a720409a2a0f864fd42b6905a989052a630f
3K4xqVDApWUrsq3tZqsY3qT7d45BYBpE88,1131584,bea0b6620f076465d6ff2de6ff0b4ce2b877abb6
1BPnHCXFkC8VPhPv3oC6rfZ18hZvtpvRvA,1131584,720034cc4f2625860ef5a5531a000ec144c15ba0
1P2KAa18xBEmvhATRsyXbenpYhM1XHvh8N,1131584,f19258b8be821ff69148c36779d8e4e63027dc43
13nTav36TtHHnEw4JENkVnN1Cc6bbuUsja,1131583,1e892962d315bcd8d32e477dbd3c366422031972
1PVqDJR14MLPeyLGUMjGjrn3Z14uVU5ehE,1131582,f6c6a8da910e10de19b316bc6f2293ce00cf43de
1HNbeuoLffh1Uj88Dgnjsa1SiU8te8gn7H,1131582,b397acd538a1d3b71b8922306c834518abcdf4ba
1CDrwa4UkjuHPnP9RhXv2Daqw2pqKVsgKU,1131581,7b18104e55095e82dd7a95dcb6d83a018e472d43
39ZDKJBZUzz4tywzi4T2T86fBDrkmbh9mL,1131580,5647303a2cb7bdb19ac4df8e8442a613c82f93cd
3A39aKVKkUBg2U2WhAuZ2mt4s1RKw882F9,1131579,5b8fb6661f1354b6c9fff9ba049ba91791471794
3BMEXMVhC7wp2Jh5UHGmRRm8QvRH1mRcpG,1131578,69f374ea70c0d36bbf58b14b7a5d88e8ea56cd22
3HsHWQzinsFenVHuN9XgVGqhnHtEcDLcxD,1131578,b1732e5696ec765fdf87969636d6d6e3a0623278
3B5KBCVCF7f3nHTZJgXtmPHS4SEUkQ4okA,1131578,66f0af5d800cfcb23ac8b2636bd56165a4d50693
3E48ian2VsytcbGLSY2bc6irzabnw8EyGa,1131578,879fea6fba8147bd8a9ffef5547b0e3b797aa894
3Ka7GneokpgzKwu2wm2aQKWtYvmQKwm3Lt,1131576,c423d149722b19d271c03378c9d887852203319a
3D8ztXjtcGhPkUMqvfQAeUUeU28f8BD92c,1131576,7d9355bbf15e735b07c2fbbb5675f1b4fc89b7b8
1J1XNTVEtm3CuaUsCZH2AdufCBek2m5ZXZ,1131575,ba937d687ccb34b0f0bb3fcf1d903a01d16fe00f
3BMEXTQdctxB9hgNGe26EfKNuVL9TXR29q,1131575,69f3754a9879ff75f768080bf267c1a36140c15c
385LspJzrtNDsJm35Hhu7yG8BXqyB792eL,1131575,4609ba1d720aa22be4dbf8725abe69d5a68c45a2
3EaxgE5EXFFmyp2qDh6r3ioEKmG38Zhfts,1131574,8d746dd840ee47ab3325aa3ec31e47bc17ee28d1
1KBDa8hhJoki1cbnTfs64Z3obAi1UBQ9m5,1131574,c760eaed25231eba3b3b21c2c0afb24f29ab21c6
1GncHjhNheeZADMY8VSh36ptqCW65cdZZZ,1131574,ad2a0ffbfbb0af94d15d636283811551a6e21f61
191qUeac7HsqMpZoJUJBqRn7PGKiiWCjFd,1131573,57e978fa7614ab364f03efad5919a629fd3417af
3PMxt6u9e67a35Nd2npG3y5Dzycj8rXDoM,1131572,edb853165fab2d2baf61872aa3ef88db8101639a
13VwF2DvCNAnEqQhytdXouWHdpzS9cyxuu,1131571,1b692d5e9277c04c846df789b6c45fb63889dac4
379ox5QTT43MYeVkQr55wXjJd78eBWsnu7,1131571,3be9dd672648e0fe958e35b5f2fd566a698cfac8
1DmCgXd32s2C8UsByjNUtg21G4XqEGzm76,1131570,8bfd901e565f48d5552471c0e24cac2e316e5f01
36zpYRZs7G6uCaZTbk2XxEkhboBFbTdpoT,1131569,3a369d943b8140bb6614d03d9d0eff373d97708d
3NRj3tJiV7ttDinXDRuC19xD1wjKUWKd6s,1131569,e376511a8317ae327b8592b1bb24e406a61e7b8a
bc1qgqvztxzaayn5546kg2nznavq9q96akfhwvhdyu,1131569,2063ff8544042afc2ecd849d5d96a2701db41ef9d42b04e6e613
18mdHL7RMGZGZE47hN78Wo2e39yYFc91Tt,1131568,55397817ba8013573a1f3723f2603e762b8fc76f
1FZRe7NaW2G1aBUVSQxaVj8zg7cda8FEhK,1131568,9fb3a3d9b0687ffd811a7563c87c16190ba02cc8
1GBqfMgBzi9LQokyqTin7DK5BD28oko1US,1131567,a696aab34093390214d5abc732d99698dbce6ccb
3L6Gx4vj3eP98gePxeK2hJfS5z9HMn5GHD,1131567,c9d85fe214a4287b494e2d8d5d72482860e89e25
1GQA73Z92prqc1KJgndxLHRVpTQZXxSScF,1131567,a8eb0dbe775f0554d94de7d705a65b144e7299a7
bc1qcjxxkegu2pszk6kwvamse2r2amw4pgsd2hcmqn,1131565,2063f8a4925ff9105d30a95a63266d4967a71eded032dc92e7d0
15KkhaiK5EDWM3KGkWtGdCFZDSBWvzduh5,1131565,2f6c7816f5aef0f71e7ea5e2e7862e91dcbca632
1LkdChhzyPos76nvQJNdLApsK59Q1crMzb,1131564,d8aa7ef6c17e0563e5354157e53787d07d4d4f9d
19qJnZxMFygQtij97jbA48UYkjst5P4YHP,1131563,60e3d1b433ded07067092fb71643376a65643b41
3NEVpS5FdjFgAfAGXWToQxf2p2c7mRoC7C,1131562,e156b21dcebfa6a74914bd8556a381dfd6c5abbf
13L8gC2Vw217NP37RBk7Xs8XTFa9iUdsTs,1131562,198e8feb6cda32c4b616d84519c58f14e1558433
13ySmnmywwaszoiepi1TYwYSV7WqTZpVm8,1131562,209d0f1aa6a3ee0cb4f126b06c7b2bedde935fdf
35eM4JFtJWU4CZfpNMb2RsYx4CQArGmM15,1131561,2b5f3a2d95058cfd580f45b84eca61b289aab150
16Fywwq4i438K1hELuug6FwaVTRHuLKQJu,1131560,39adfd57fa563db62bc1ed6ab11701e2e02c8ba7
13brtwgPitbQtvDFFjqw9tS16NZ4fkr8Mn,1131560,1c880b845830a46005bad995d6ae3548d72fc5b7
181sUMhB5VoLHdi2bYxRA5oz6WwEqCvSkD,1131559,4cf30319df45e116dc115a079ace02ef2d4e0997
37h5ztnr8XbbMwgi7gqEFC5XEB33yvNaqa,1131559,41d42805fd3e33a0bbe1a8d33cd2e0fb01878dca
1Ceeh7KbZdHuYgkSHmY2bfHtbCEPfpX5r,1131559,0234010c606966b1d2c4f3b615f2f9e76d3ae261
19GFk9tT1xZakffx1dELmM46AFzr97NLHL,1131558,5aa38daab5c84f8af26c965fe06045c269a13605
1A4NUPeeYtws8MCCbPdLk3iad3m3eszckM,1131558,635c4dd79975d8f15ff24a8e1782587cb07b72c7
14g6uRm3P6rd3nrgePPCemqB3LVMDFBJ2x,1131558,284d873804642e652d11aea50b48371d68897eb8
3CiVeLsY8YBaPDxu9B4mGvKHS4RMUTiCVM,1131557,78f0f08c93736bc7ee353699fbaa19f54ecbfdbd
1NfTCpBPwXmskDMctHc1o9qsFPhSG746xs,1131556,eda0525d67ec63bec7ebb3e44676f62652331612
186rNLQj6c5AnCsxXFW34GNKxrwZzCAiyw,1131556,4de42ba558828c098c08a7579a14877f9533a79c
16zXXZNc5NcgsigQK4eA9DH9MWYSHExtTD,1131555,41b9d23fad8c5e9f1770c732e445b5a7719b8e3d
143AGWHvLQyB96YiiYsCyTsuMEBaFBDZNR,1131555,2150f1fbf5455847012f30ab78dbc995833256a5
36tziuGLb1Ymx5zdJtYrDs9eKjVAC444VP,1131554,391c9e3f006b968b46e9678ea4e0ceec855c5a97
1MTsLR6qmrU3sgYsgZQBwVSbSdEDftsHMU,1131553,e0775917908f1490c63b06fc623c79230f1d31d3
1AmAjmHicDg7rU3dbCDc1udhPtAfZMgM8k,1131552,6b13900ac23ecf306e86c85e5e8376e68d7e30a7
37jfDNWAeShvfr4o54Waqqcd3ubwwoVapt,1131552,4250b70141d07b40d8df02ed5e5b04cba85e3009
3PHvgASfhgt9FSULVckgiwYJC74Q6tMY6d,1131552,ecf4d1c21693dac53fdc294961b4ba32b2c10e48
1FE3HY9EnWjAggojYxNHnGzJoZgbe1UUoQ,1131551,9c091374985dcc761b2edb9cb79e2d87eb16b8dc
1CmH1CaCTk4Sgz674roANV2KhMTGGbkGH4,1131550,81090b81243518eb2295dbffa0c13349f6743856
1CsYV1pjPKJ7NAFnerddZbha2LDjxoEWTB,1131550,8238765fc1fac283e055f9d6bd870b42255411b5
18L7W77NE7iv7nWdp75etCZ7esY8ABp6Cy,1131550,506636116b49dc6fc0d7f9dd28e82427ac7082d5
13sC5VRtTWe2TtTRxRqnL177v5GinAf3mv,1131550,1f6e4bef32e916b956289b9fd2f0be7b909bc871
37CbXBHmRKDh1eDPo8Lw7ZwUjRYPuXFAAd,1131549,3c70bcbf6ab93bcffb3e13aaa4c1c82cb4b3e6a9
1KN6bQC2mCTu3NdMfFPi5quP6n75cY85tg,1131548,c96fab0e8cdffd4ad48e2550bab36197a87c7599
31t98kCY356qpSNf81u7owTPJ9dT1PpMe6,1131546,021a98311c42d4863b37b6c3d7ce18f78ee20409
3DU1mhQPzZ5XHGJGAsBpCGivUL4jKrYavg,1131545,812bf97e3b252a347ebb173e956015d4598aa57a
143Qu7qyFaaUkj8pvKefo91bbZ5zBcqifd,1131545,215d28a7c76145595f27dc2bd2c30cc450d12bb2
1KfKcaSv3BfzESKvbdqAjqWtdmAMmcn3gE,1131544,ccb19bbba8a03570cbf242e1af38f73ecf4c3f24
3BMEXoicGwZcEZs2UBMoPZAMfX9RH6knZZ,1131544,69f37694e24be14ebe8e61163ebdfff57d25fc9d
16KrbsaDfCJ8DH3a4ZvcnoJfnHwrwvHikP,1131544,3a69857163d5ee9eafb21fa57c5bbca948e79854
3ACknxPbYKaBzTVdM3mwt5Z7ec1h4hdorC,1131543,5d60dac3852c4dee9f45e9f8e6274502a0f0d4da
1DqbKgivBWPT1xgsKmUvujsrBk8KYF3jwH,1131543,8cd22052afe79b6bb25c21056ec18acaff64bd6e
1GKUhHamoH3iNQgxWskGk5kaNRJBowuABd,1131542,a8087e0a3e1acea135f3767ff3c2b7bd3e7a4790
1FLqJNiAUURwoMmPTqbyY1ARAiv2nW8aXb,1131542,9d51fb9159f09e82273c1ca28f5460770874995d
1HpSRuBqKAVhEbTLR7cpM2FmK4KJGuutaa,1131541,b87aca416830ee1e3fd6b637334c127e309c6648
14Czcai8JGMsEFM329QCNLYFpj59xdMPpd,1131540,232d0bd5e9e3d9ea7fb28da5229bebd75d299e96
16KJ42tosNHJanv2V23o4vfjQVHHW1a9At,1131540,3a4e59cba1005c993ba0496a64eaac553e24bbf8
1BhfaZdhKLgC6xtwcczbj7VQqR6yiNXgPk,1131539,756219a3f4977da55731274e094447b5b1a4e242
17kA4wgsiABmZSByymLG2djJ5SUirSt9Q,1131538,01468557ed52e2c47bf7aa45ceb7552ad398cd8f
35U6ys8hRRBoPWR5uWvG7M6kCskndKGPsV,1131538,296f5135a4d986a03933081fc88fe5bf28f6bc8d
1FU5FXV4ec66c6ks1hz11j98BnfvhecwSw,1131537,9eb08a3f746970f23dbcdb3f7641d5718f20146c
3QquKA1M6nLqp7YFto1BMe6YGN6di8F2R5,1131537,fdf91e6b284411e82b93b35df73b3084c70312f3
3KrRKvTy6n2MnXNs4o5jjwfZvFnApihKuE,1131536,c7398b2e45af2ac548cd5fb75dcd429a8b8614d8
1PKtUs9K647GDUL6PDUno4JcMGXjW3Uym5,1131536,f4e53a6e7c579cf6674c3f64249692e5acb50a91
1N4D9UPPr4qtYDcwRpweGDDAkV9eSJLU2X,1131536,e6f607439526f83ce5e4a23ced3467fefef4ee2a
1DP2TPfXNkv49GyZeLcTJWZhaxecUniMGt,1131535,87cbe009bb63885a72f8df735da074d12b215484
1LLNfXxpJS4ue7s87aDPkMF5Em3QjJrH6S,1131535,d41460af6813b6706001a82d608ea70d6c415284
18aX8coSYVcKBQ8tCSFLAzKr7knkqSdC7S,1131535,531fc274cd09e96b1ffac5e6377e9fa745eeaf4e
34R5XQfFEhfEh4YFPw1KF8fZo77Yrt2pjS,1131535,1de4ba5ff421c013bd5b158875ec5febcc616ed9
39qK52UE4Uwa2uJDPWo3qkZSNKjti7ZRqm,1131533,5952a59d51e69b3070e2b2eff551fbddb7eda83b
14JJScdGvnB9PJuDskrQphn7gZpiUn6NUL,1131532,242e021bceea6aadc11eeb30a7f248fc60136fea
1HiN4YrW2AfXBxAcqFYcV2rd5XA71FnjDo,1131531,b754a5e184d80ecd40248d8abcab42cc15fd2358
1LHEKfUNRuanD9LVHm3trtYSFSY82RwtMX,1131531,d37c2a6e274bda300a6b7ce5b83877b81a5de752
1N5Ljjyazhig38MuLaSSA3nxdnRAtbZ7Ku,1131531,e72cc7e5e7cc7c49398642b164a96806411336ca
1KCkiDVrdTjveUc9WKmTQwx9gYCqxGVcHb,1131529,c7ab53d4fe0123bd4f8b4c01271b0fa71fd29a1e
3LVU7GBpb9cgb73Pms7AbnSsGk3oFBG4Cr,1131529,ce3b419eb28f591e792383bb6d61c32edfe4afa2
1LHeqzzdNhvvbQwcLjGhD2gAnhcnZ1JvrZ,1131529,d390a2f4f0083ace84322cf314d485d6799c944f
3Bb6snoe978kyw2pJ7cwbzDH8GnXGwmCht,1131528,6c92e56f6f2b117f63a231cd1df494ce32c52a5e
3BMEXvioTnqYQ9csHiSPniVHYNFJfL77B5,1131527,69f37706c65a7ffdf7d3fc1f0085da5a9094490e
1NczFh7QVSi1fqxbKgfDmNWzYTk79yEbG2,1131527,ed28fe2652b72bc6bbc53c3a45a3a54501743373
17AEsxuRMp3Z4hn6Z91MudjjewPxuQUss,1131527,012a3555c062e1d911208093742cffd700ef1b2e
1Kyy82j5NUJTR33XMW2efwQ5LWDR6Ug13T,1131527,d03867d4ac13fe585a3c01bd40f69d4ba9003313
18UFJJVHXn71hvnr7iQz4REwJH9Hwh8o3m,1131527,51f00c0d2e563ce3f5bf201edc365cbfc3adced8
1N8t9ewF85X2nxPpAze7ZvCnvr1oDrwFPf,1131526,e7d8401a3ce44bdcec717dfc828d33521c7394a5
1GpDPXYsV6QK8ng38eyJRTYvUEBLczHEc,1131525,02fda6bed6c454a51671c01c8299b13e73811c5c
3BxCvN3nN2161mDpteaWHWGxrkBPe8582A,1131525,7090ad50975f63e60b0ff67c0c0dda23a425d61e
3DbrQnscN5mUQAwfQVbUJx6cE5W25cpheW,1131525,82a77d1311fa90b4768d9ced76c35e6a61c4ac7a
bc1q9sx9sf8nnzcv5v8vau7j4rv63ffgkm29ecaka4,1131524,2063cb9cf13c05cf705c21d7f461159ae4787b30147cbf3114af
18EH9Qa8YZuar7reD6d5dMEufy12c79qz7,1131524,4f4bc3ddef00159c09b31429ab1a0f8190b77b9d
19PsoWwGztJA5piqZD65Xm2za4ZdvowhLp,1131523,5c14909717d4b825ab34178710d7c9f9c981646a
1M4BkX3ZAnaXLh1XqB9nkr42s86Gn3CNav,1131523,dbfcbccab558dbcad9e2f117fc0c87ffdd4154e3
bc1qj77pms83nzy5jvvhf4rv5a22pfgn6zwqndy38c,1131523,2064034fe7ec03b984f5b16dd70ef19068ef3fcdf103a1c3ec5b
1J3sUQQP44r3a6SGCV7yv64S8XEhSrrRF7,1131522,bb051a408d0256f3670dfb8073c7eb5ee13705b1
1Mg9aJAPiFBrsPRvhtuRf29SG4axvi88hG,1131522,e2c9e53c9d6d85754284e853beb27178bbf37cc4
17LsPgsWne8nqYqpYt5LoWEzhCvpxtBW8Z,1131522,4592b8ef42d9b264d33aecaa4add8adfdbfc1e36
3BMEXF69FmAsUAaLqMWfbvNFMCLrMDkmfU,1131521,69f374824346afc011b37214252cd8f3c8759c64
179F7wVNTApogXoXH7oRuRkTaG8HAipbB1,1131520,435fde6f2cc9e2bfb56ebb46bd683284ce2a1052
1Hkq2BfN2xQ9YWk6Eyi3PkRAifq3fJC1JM,1131520,b7cbfbfc3b5cbdb01ea7edf6179cd22038fe2bae
1ErHAVHAbimNPPAPL3b3LfQaRUNijDwfip,1131520,97eb828ee328db402b753b8355fde1bb58038704
1Ho49f5nJUepAmTPCEUCXTLhMWAw6srBJm,1131520,b837c690b5e64544ac639b3c31f5a4389be24aff
16RifqHByoz2wawPCKdh3E4LZ8R93278s3,1131519,3b85655e36ff1c8b4c96e84197f274eee39e5385
31psXUhvJt4BCaQhhsa6honbmeR6RivFba,1131519,017c51529b2d9220149c69aef4545d36a8d3a1bc
1JgDNAnNJXdawasVpsqcmMySrweAxyUv7W,1131519,c1e4aebeab82896cfa155583c265cf75df9c0797
158152M4Bmnrvo698vxrvoXVepvHtkgUJn,1131517,2d33790786cde2c0b642fb68bcda0e590dc22e70
3CQwWZ9X3rae8gRyDuFwQ6aXcJkteWcUjZ,1131516,759f0b401aa06da4dd0b15eedc886b7706a3afbd
37fxbsoawjHhD1fkyue5MoYoS2MmQSDhhL,1131515,419d90d88ac8b83b565ec78186510f8e7455337d
bc1qx284gv4qgj3p4k44gdwsjhmuxhjncawd5ucnmj,1131513,206418f5bb61115e93eddddc4f425cc70a6b71a9a6b77c7109ac
1FABbiyYg8F9mUp9bw8trPCXXBsCiCsR9U,1131513,9b4e5a1a665e84c61e53195e7604b300b49dc3dd
14joiWmtuAvPrwcAjDecCNKukU2v2UxXoP,1131512,2900d8162f67356bc500eec746f7df3e2e0fea20
36t6JjPGN4ZEF1WECrAiQNa93Y39GthcLf,1131511,38f0dce4c7d7c31c5b92dee344746503aaaddf84
3D5LQjUSsHZ4UeDpPfksUh2BgkTyVhKFC2,1131511,7ce1f754b32d1b6118dc81a3bdba0b27c3f1c953
1M7zC1LvXxdviLGQmxf9zybU4TbXdDhAoT,1131510,dcb4c044e98c2726eea52386d183df3d6a0617b4
1MjvE7cvofgYEJy3iVBfZzpgANyj5TuQw6,1131508,e3806abf9b3ea20c8c3058a3ae5ba78e3363bf0c
145Y6sPEwwLzsgmbQemXH1gEcpupvzsqA1,1131508,21c400cf10e88755e10d3a4d89c4ff67344bb9d6
1NvBQ4hNNYsM1LRWKTLy1iaZWXD1YtmFT6,1131506,f0695df0cdeb30ca0d214906def44f13d9e7f120
1BDquGfrEZAycbuFPwFcJ54cK6QXwPw53,1131506,01eee169a36bd3cfbbf090a196b9d74f150e83e6
bc1qdr47zkefamjjxp3eryhat92hu799s3rmjeak9x,1131505,2063fa7ec2dda1387d9cdf38e5e40fd42d7edf0c46ed111f1956
3EJHCoe8kgxZmDUAa6rMCm48mzn31DhcC6,1131505,8a4cd2cf3e9f0d99f8c690fafae6155989a89bbe
3E3MezNrNyZdzwgBJ4fWf7Bi2ZbarcgNBt,1131503,877a4cc94080a18459b52af58ded6cc431f9ff72
3BMEXMZEzhVR3rz3EZACuQuGpynNHgNkVt,1131502,69f374eb6f72bc569bb367842b213637acdc1235
1QLM8JWEnEPnU7ariNhJmSEf9sZ13iRtYH,1131502,fff398b7857986d8734be350a12efd2754d73071
19DfUsQoYwQ4mWk9zVJdaQLQG2j7jG7ZrR,1131501,5a261ea5cecc30f1aaa91c6c2ffc03b25788fc7e
329qcwE48fN9EUsnTUnKPZrZN625DJqLeb,1131500,0512a1458aa0b068f729e1ec0bd30990bbb12f13
1CBzbc99cNp2HB9HC67TdMzigS7H8GvewZ,1131500,7abd9f5c6d2d91017286778b0c44d85d9f6fd4c7
12jxSquVdGxZSngJtxvGhhVGsaR1rqvjGW,1131500,1317e13b58e3e3fcde79ae2cea32779265ea515f
19uGkJkAGvMX3bwNAda3hEZJDs6LXtXuhW,1131500,61a3c7eae71e7abaffafddc4c864f66b588417b5
1F9m96D6rCs9pWWXZEHuiQnmq5pTCbB7E2,1131500,9b39ef380d80178b68d859120b8c0588c5464a05
1CemvMLEb6j7LGYxSzz4fSps1DCTUa1eBm,1131500,7fce457a6d2800209000da73671f37e698303298
17YbDc3JT3zxy79QhaRdqSzRRohB97icXF,1131500,47ca36730056797ce92efc54583f736ac5dd87d6
16yeMEdubYzHwYdVbAxfX1EmqeNsyzgPbu,1131500,418f199d34d274e4c640dcddb3e7d199c169815f
1DhNRS117WjDBoYNSaTprQsqFRNUi3d1wz,1131500,8b440787ba9b9255a0519e349c9cec8ea2b733b3
1LgTN5p3V3W3XJKftyU5kKkyoXptZP7SJ6,1131500,d7e09e9a540126b55af9709d1dd35d4c60066261
bc1qc7hdxdm6s43afjk99zwhhayaavapf5shwwytc5,1131500,2063f798416ef020ace6d4ad120c8a41d0b29434e7e5c64a4be9
1K2MkQQFNK91gvaYxYkWCr6boZcXBVXJpL,1131500,c5b3fff9fa046ea908798d42cd275dccf41fc919
37waZ5EFjZtiUC2yJEDoRUwsa6A5fg37Sj,1131500,4491d0f0e2e0e9501760994ce244981dc4c1b2bf
1MUF18Ci1HRzg46kGioaTa4JHEorjiZoKq,1131500,e0896f5ef0c3a118b57276aa026dd5a6cec7866b
1FCD69QkWmrwEYpbqn5fy7tcNvzTJg3Xo6,1131500,9bb06d7d8920828eaccb02f274ed7896364bea10
1ri973sUQdA4FNiAaCrdn8y2gsougu5v7,1131500,0966b94ddbf4febae53ccb7cb840bea02ddadc9e
1LKviudfixgdThVJZnBaGjxiWnNrMAZ3RY,1131500,d3feb8f7531ecd03263d755b65d58b1eb308bd74
18Xfi63nVgDh5RiviL7dGdUJWSeQMetnTd,1131500,5295abe64c86213e5a8f40a067549f4330bc6023
1Jni8ATg9vGqWQHWqLARm2XpzaeAQax8hN,1131500,c31f2f4d6e478cc10e5c4eceae02ed916ab36c38
193XEg7yiZBxbVFTTY8C1KWsWTzL3LxJw7,1131500,583b13e6d6a8ef53c4c727f56a6e911262f8e946
1GS1eMZrHcHL4h245nUDiPoyPywpv1Pk3p,1131500,a944d2cbd6d1162dc36f42538de556da7e30462f
326MsXZdr9tgHNqrrypsxJDFC1dzVh6GtK,1131500,046a3808108eb8ac1c8a3e1a182783a002ed6a10
13UDyB4QPeBxzwBoxmQX4FxdkdjsSbfcb2,1131500,1b164edfae9d07f685695ddf83e34792ef45ea9d
1G1PygWZdthKPYwMkx31Z7DsPM4Z5ngTc9,1131500,a49d11349e52d34ba9313d70351d9cb080b9e51c
14dkNhY5CC533BkfEjTbrzFvfWsK5De41D,1131500,27db8f11e49d4070727099c4cb9a6ea49b0ea176
3QGGUMuXTJNhpHzuhcz5bssoPon3Nnav9r,1131500,f79ca376417a501ee6ab80b6502eb098fd955561
1DqEEeK9V6GA5Ppy33gd4VAWCVNNuMTeEA,1131500,8cc08616bfc88309318c1098ded6d0430590ebac
15oiEppK46npGvzfheDoj2PxaKiJQipfvm,1131499,34b60fb938477cb4b91ace8e22cc005cbbdae8f6
32aaGTnrB7QF9hMuxXq99EjrdfE5t2Au2L,1131499,09c0368656eae135e34dbba744aa07718ca11bd5
1Fkv8aGcXv81PZdqKnj8gSPh8o67vxXpwi,1131498,a1dfff9df59b6a0aea370ac9b609c8e71b19bc51
14jtLoGuFxu7np85BFfLnXgCPVatxNWnzo,1131498,2904b4913060693f51901eec7e77fb1a56590920
1AG549u3rBY6G9hUhAsMAuEfSDthiDsqyu,1131498,6592c1828255fdcbf45ecd702b49c9dc9907c6ad
1Meb7r5ov4pZeK5pdT5fVhURS3yTgvGE26,1131497,e27e62f603b8a07c872cbcf07ea12fbfef175aff
33wjCQhRFNidu5QZW4vHjGLt5Zac2PX18G,1131497,18b88748b54d15f8d61c3b3eb86339f990a1464d
3226qVnArduzZvkQ2sbBRVv8yqZUvuUbyu,1131497,039c0122432eae586fb70f327a60b5ec1323a213
13b2fpsr58cCBSbiVKasMXFrKYyvrkeatt,1131497,1c5fc9ae611e8abcf44c6978f1ea5cedbeb7d890
3Q6RvqX449iPuFehLTFjdPqEtf8TfMZsDR,1131496,f5c05f6e8e4f70eb7cfd465dbfadac803da763c9
14bZsAAKNrue8oMf13pAgQrDS4d1mi9LNy,1131496,2771f446636e8eabb2d64b45daa20d2cb5573956
36wTC8z3r5CBH6KvzbPFzzFzsF3wB7ANwj,1131496,39938bb81af49fd5c811e5ddb01cb942c2cc70c2
37ar9npgDqeA3ZoiNJCktYNoauiXiSnQHP,1131495,40a61a1d4c4f807a3a7b72454e246a8d817b900c
1MW6eUaBzp6taxadpVpFMKmKUoxZTWbHiq,1131495,e0e34aadf9c546ca537fde804fc882a360c198a6
1PexznBmAeZw3CidErPanmmnPCoSF3Bqou,1131495,f880e6ae2f25f48065d526de549913fd29a84f98
1LsEzRS7QFWQZSXz6Z5QY3AxcoC4BRFZET,1131494,d9eaddc36d389a11323588592318062bd7d01e55
18gzpYiRbivA2tHtXKoTRh21eqFRgVgupz,1131494,54595e56c5f13c052cfa84896a011b0dacc4d82b
1DcApYt6PgwY9pZQ8o4iEBxueN6M79B4CM,1131493,8a4843e6ee6737c0914109d40bff971e129b3847
3681fFUu1FkYoKZBLPEPnCnB4F3auyw8zN,1131491,309aae9c5c6b09cd90d6e783852a7c4f7799939c
1HH3VjKWJgPdhHj2M5AiTNb18ZabaJRT3q,1131491,b28ac03d22624e3888344a77ecde85a6d5972412
19aDnmTTfYiCL8LZrVshtbRbUwbJycTYU5,1131490,5e0968a6af530edb9cbbecdd117dca2d08757cc8
3BMEXHrw1ZgYVeW36kaUu14oU4xkbhSyQN,1131490,69f374af58845602f71d8e047ac76a295ef3ef47
1Q4heT8igh48HaxJJb2iVugRRn8oJ5Grpz,1131488,fcfe11fad2e61c222537df13b67264c64b23f490
3HUV1cCW9wbhGcb6QUDLpcshFwYPNqgtrV,1131488,ad233764f3beb0c2459ff92b5abd73d22e16925e
14D8riDhXZCYtVCpwwizQSGvK95by7pTZm,1131488,2333ed7ab085a98483a9ff612d19b5e681031aa0
3MTYM58hAPSgiq4UHLduuzvmangNe4FHuB,1131488,d8d616853655634c215a18b1c024691fbd671fe3
19tBDYj5TrtghiPJ71oWz4HFHuggMRU2ZG,1131487,616ebf9c8671ef97fb0897ec6ab467a9dfecabd1
33i5zNGYQe8p494R39aeHRjLY4G9otgE1Z,1131487,16240fc4a11c23460b05e8d5e2dc628304a187ff
35gtFcJ5ekyDzbiYhpPivHET6pr72CuBSv,1131485,2bda1976e779e30948adee9c3241c2cc5c5f42f4
3M1RA7L98pTZUKseRutuVWLAntw6iFVpKZ,1131485,d3e5459a6301c7235b185cee39eb82e7ccc54684
bc1qzna6hfd8p8xe4sgxdw9rw9jhnpe5yseupe8n4x,1131485,20641d98e19a410282665862bc581a45b62919458c19b5edb98b
3Htfvj9fhJdiERYJ3TabK7mqbLs9zqmLG2,1131485,b1b64fc2e60c9be8e29e52b04425c980c54751b8
1HZoWrJgUPXWAurpSsq3YmSQYzPxTZnioF,1131484,b5b626dc35ef08b468934480d82f1d4240e6c469
16M2goMz9fZXwEU3tFC3pyXWtQDPPTa4di,1131484,3aa25b10746f23239461f9344baa5f9a88e9ea32
3LnqbT5GGiUEQJc6H2o2NSuA41eg6L4bFE,1131484,d18443668cc13f102e12dca4701bd0e50efa8e46
3KVYr4fyRESYEVppvuv3mWd6pwHppiuLBA,1131483,c34715e9481971eff79d9f10c77973be70572244
1CLhhCK2rLzu8Dsxzkp6aZ64cizU5pN1NU,1131483,7c6341769903132e4f3983c781597f124ef6c375
346WoQt19kmQZk1s9fRquq26VcEEi2j2bb,1131483,1a61ec8d8377dd5060d22696fa8971ae8e8a6d5d
13yP67yfk4zPix8S7EroQtdGt274fJVnWx,1131481,2099fbda10073dfac25503817f835c8387dbf9fa
1ENLEbsnXoFKBtPMQhALb5eX5DsH57Xatd,1131481,92a26d31ed3740a02364bc65670f3c22bc57172c
3BMEXJTi5LJG8nXba9YxgaNXhLYoabKvb7,1131481,69f374b918c4c8c05f68699e943c10c5e963ebff
1CPeKeX9EDcfM646Dc1st7HrRZ2zVLaa61,1131480,7cf1b06f5235de851c7f8a8cc99e98c2adf77a4c
15BYLu4hZzAzSqFSE7e52dXBmJDEMbKHud,1131480,2dded39da75cd7d5f008bc43e6a6ed19294abf4d
18W6tc49a5P8ZVVvboWq1a2uKUYdtWwtJ1,1131479,5249dc20f68a532beebce04e162b5772a14add06
39TPezyN12XqVqs5ventY7wciwBmwQ8kyN,1131478,552d52e2d1c002153033a07617473718cf4d4c43
1CrFf95Xxy95UNJ2uR98NkGyLMNYxhYT2s,1131478,81fa005399a0a798515bad726bfdddc13257400c
3MZMc4NxS46rgphyAV6R88TwhEKdtKYP1H,1131478,d9ef9dfa63626c1401062d5ea65b1533adbe3970
bc1qkyuq844ken8fchhux7edr6kqmckmcnhrq9rxmw,1131475,20640674dbdac8ac566e8bb4b2e8564ec6d0ce08a02f2baf5058
37VXQRoyp7yNLFC1SMrScHp4BqbP9co8JR,1131475,3fa45f5a425d198f9cc24025d7ab5aa0a1bcbb70
39tWkmGrXZ5DXUJXdpSSY4jXGKmhtDx83r,1131474,59eda62a0b3d3460d5e16fb1d3ac813ac28e0124
1CrsSvkpCmfbYpvWPNh9956VpuCAWwYxqo,1131473,8217e075b2226f64dbf183cb719855ce9f9c371a
3BMEXk17Qs55kicQ8wjGoMRogNAsFqHfcQ,1131473,69f37658761fa842d84c5cf39ff467faa8592521
3Av6wKYnY39q4Cvw6d1c2s9ruBVn4rd8Ho,1131472,6532b97aa8b6dd6a44af9b0187c925f5c2a66a74
3BcMe9uJrSewQLh1APsMhrjP8ihpVAkHDw,1131472,6ccfa3266845f7cc0de6976a8e66ffd1a76fe801
1FWmCaMhoPRup5dfAGTZMcJ8TJAg7EYSk7,1131471,9f32b845607bf957c2c26771c324ca133611b1ce
3Mw1PzxXvyhQJFWhuKGbzGMNU5Q6ck4egf,1131471,de07e6488ceb676d9017369affaf3dd0072cda3b
14sBLGa8UmmtWpbUnh2CedjTj9p4DS4kBs,1131470,2a65cce30ce5600a562535bba33a7b53cd0f22be
1EnhTPKCBRktKAoQFuyT4BgXWucg2uH2aT,1131470,973e1f9f767bd097a9eedee22e07b6cdc0b29293
3Gtbxse1wE9J8rD1oV9kqhsbhQD7BmoWY5,1131469,a6bae0ad3a3d08e5c1d01905b3c6929ce74de851
1G8nxwJdhWYHuXboJHVdaKPLxkwdzmegXK,1131468,a6032aeb57a635a8ae9a3e5b81dc26b0676b0e4a
1KPxcCyqCYmB9zu3zArVHk8jtvFGRqfVYe,1131467,c9c9d56ad2db989cf3c02b007024c851eeb81c7a
1J6e3FWzKm94f3Gr2qFZJ14zttShNz6AP,1131467,033bc7393494f8d0e197c3040e5749e83cc1aa03
13F6DrqEK4PhULkADr3P18nB1osBdq7SK5,1131467,189a6f13d548558f9e2b5af8b06ddf14af19cbe5
3MGrBfwH6AcPwvJMAwiH2F2h1PwWxcddR5,1131466,d6d0671a605966272682727b626fde45177ffccf
3GAWvyuM4GDP8VkBr4MLGpXnnEknESwxAB,1131465,9ec534cb5b5638cf66fdd96fb6369d9864218473
389S8GJQA31UZ6cccSAm1gyXSS7cAXYLzA,1131465,46cfc5c88a8c508d7f713455e542dab09af8ea3d
1BeUCxm8AL3SXySZ9iDHtDTQutRApDaZsh,1131462,74c75bea2a7072c3c61377a5c2cb922d64fa0713
3QMokrVZRHUzLQ7jAhMBPhMk8AKPQvx3vC,1131461,f8a8d54ca38f68ee87958daa39d3448078c45d7d
bc1qxzkr6mx42zafvqattujt48ks7ertfdvdurmf64,1131460,20641a98c39cab24ffcc510f149889c44348fec7d531a61a791a
bc1qxw7qvfzdgn4nx4fud3a5n5xcukweuu3dnkexvf,1131460,20641a7dd8d15b7e290916ad231b29432ab695eefe8718d4e3ef
15AGpEHrHfNPWafon32vjh9VEH2YEZDMmH,1131459,2da172a999dc388e47f67d6df1fb5bb3321588c4
18WBQrB4G9EGXa6BUhSj7DFWb9iuE6wW3D,1131458,524da259eebefe240e4f4c079546e5ab68d4041b
1AL6PkhLfLZymeugffvAwrxV36YpaeR6mz,1131457,6655895e2780562aa429d02127e7966d6b982908
1MoPce1biEtyHuYpZTgFvienthhPvWde1H,1131457,e428870ae835132b8a873537c93d6d8ebc6dbb70
38q33iNsMFaEFwG8CSF1kmUSzo6PrkPh2v,1131457,4e4d256958754a80894b7acfa245d826da628331
13QUd3MzGigDJxD8ZuNwvoV5JY7or2D3Yj,1131456,1a60e038b6db9d0961f960c8c66c4ddee3f3ab85
34eKcQam6TG3xyJDTAzoMtpC21FcZPY5DM,1131456,2065e4e2b1846b50c24b05e6f7b4099a10ff7eb7
17QAjtcpWctYVhUfeqfqPG7Fj5DwPrQhap,1131456,463273b1f23ad87591fcafc6c375fe4403c78d5d
3DrNHLfUbm74FuDZhJTRHZQd5dr8fnYPqi,1131456,85663f5dda3d1cedd891903d28ac2f0e63d0a03f
1NrW3tJorWHn4RcJsmCK1ksF5xr3H1tqkP,1131456,efb745e8d8ce52cd46200e9d3e2efadc9f589163
1b4NBX3nyEk5w4UuZBZKyZELHRUeCxEKe,1131456,0670f3aac8250cedb11b135a3eb5c961fff34ca2
1Fnriz8CzaGDD8ywYxmkv9ve3iD3cdZDTb,1131455,a23dfc957efae7a75c94007f847528390521c987
17pvu1Qy1Le7D8scKi7KL7tUMoTSDJM7qW,1131455,4ae14bab74cbf0c1b2ad91e38beb28c712aecfe9
1GSiv2GtTtN2KV2ysHvTQfCQiixC7gkCQV,1131455,a967462435b5f80f82ba943f319926decf949ec3
1LMGsGWkP6nVTpw1M2kAsxp3vtyMohqdGM,1131452,d43ff43712e77816149ff9c112a55c756cc786a1
1Jta2idcACFJECUTDgkGucM9TaRjeQMsPA,1131451,c43aec928c098cdbe0cb80b706fb4ec9f3b2cb2e
1L4B82sS5rYeoaGLHu55PgzqwZ8Gw5FdkT,1131450,d104162946b30fc21ccecc261b3eb7fa97a1dc13
17ki1GJwdEpdt5yKDDJt3HK76m66gGfXZ8,1131450,4a14deb40ee4f7dc8b09c72931a50af0141bd008
334iQeCCtwMRhZ8o6u9c9aZeEx4eajuTJ6,1131448,0f12a7dc0ea9361c38ddcfeb8aa5c573ca33790f
3DPNwerJBskQzCHjTgd3TpadH1wQj6pksd,1131448,804b9167308899d3ba190628fdf1360fe75b8425
34dTwQBJzsb4owQzVC2YpsJazuaH3SdA4i,1131448,203c6df6637563d2e728ea8f0501a0ce401c1933
16QdS5y17occysHjydgNzpzoNcLjCTHG4J,1131447,3b509bbe068a054796b11f861569e54337004a1d
3Q2GVUMciij7aqe4m7GbgQ9RdsE4dxahCQ,1131447,f4f6d4bfc25222e99ba467e915038e6b5887255d
1CjA8gA7G3CVtKf5hs7bA1QYawiJi9qg69,1131447,80a27a30703b88bb1eeaf06bb7dbddda1a8a438a
3NCK5b3uQG8dTVRLCRk3s4opSvFN1rAaAF,1131447,e0ece64d749f2dac5f457763b7d691864ecf36df
3BMEX8wiKZmDNU8TtSJWMy8Nq1Xcci55TY,1131447,69f3741e5325ece87956cc21b8f597ed26e6446c
1DZJcoz74BYxbjts9PdtugY2B4KjgwTwFj,1131447,89bd86c617aa63f26d8866a37b4ed4c308b0d00d
bc1qt6sznckcwph82e3p8axsk6mwkj53pchnzx5dz2,1131441,20641264619afffdb44bfb04cb947c25c7abbb50de7dc61a0cc2
3NReeQeLeHbrC7w74qRVRBJ3NmBk1Eh7u5,1131441,e372a3cfd7351ea471f974777a50972ad52dd4ac
1AYNGm2tYN93EWgReJCDqTQRRd4gAz3Vxy,1131441,68a7c899ee04c31ef28bd8e4a7f2e8d4b7ec7f93
bc1qadwgxrq7jmhfcy4p89f4rj53ga59hece97vj64,1131441,2063f51dbd93dca60e238f4e9082a21e0486097304bf2aa28448
15GR2gjVMUzSeJzZUPame9SGfTcNHvBzP5,1131439,2ecacd0ea70afe6053a016d4105f878cc256338a
1BtmhugxrZsnBjRPJbHNbk8xbF4nHUTHGg,1131438,777bca3e07651b7ea9091adbb5d24d845b7d6938
39DaKYPQ4rqRFRiGurhAXWGc2SVziUCkED,1131438,52906710626da636dd3af2c3b064d800a49a9077
1NCdf48rRvdPQA8oqp1r3Gj6bzQsNwYBms,1131437,e88dd0e64c1642ae0cb7aa0bfd6f02c250b9102a
1BYBRz6eCQLKqJS5pmFX5D97PzMTLUpSHz,1131437,7396dc1d0dac117cd198c43bb68ad197cdf07a4a
1A2Nu962xuTp1DR9sDumfyRgaB8cmDN9rT,1131436,62fbd40e4fa2999fa54de5cb050d7f53c7c02141
19oWd1QT8GVLwT9ME1SfLtRhAHgKkGybeR,1131435,608cdde1524b9d97f8c465239a7564f40d48e75b
14AHoHWVtu2uvkMjSQpJm84BsrosMrf8V3,1131433,22aa24ae0c400e2adb4cb714c3a44e069376356d
1BzuYejhURYUiuftSx6UnwCrQQUdV6aGpt,1131433,78a4d4a24d7b0da25e259f5490e9bb4ea0d14bcf
1MVn3BFAhBADrXS3TSdqDruEQC3nHpXoPr,1131433,e0d3c20ef5687e9621336e5fad725ab7f2d46144
1HyxwzRy7yxnMwohRKX6hKaGey3vxSTXHW,1131433,ba4802706e16f94ad5ca0dfcde91daa8a46271fa
1JGPYxEiJnDsyYxxPYVtv5jL1cmDCvURbH,1131432,bd6333c9b53c4ce7910ca680b53a547b9961b259
3ACdp4u4yqA8CHUqAh9yHCHhzYwR6qhNwi,1131432,5d5b06f9b15cf6efae5c114f9dd27ef9f8455232
1CYdvtTyMy4N1YpxFJUrcVS3cjnB84tyxP,1131431,7ea51af4511edcfd46c6c186115362cea40b2e7d
3CDEaMqGrgFrnGW5HgG819GoRNxLZeYDDQ,1131431,73684c4d2daa75eaa3a435ffeb2bce4db7f9b428
3AwDkDJYB4ravNDRhDQbYL1awrZuHH8z18,1131431,6568d2ed09b96d042de4f5cde07e3d35098c84ed
1EUTruqMUf4YKMKZCJkGDdVKLSKrtUfTNE,1131430,93cb49c7908fead2967c8c51963468b361ac2a39
3BMEXXYmwQRS6TSH4sdR2fgSy2CuuuAgWB,1131430,69f3758dedb211048793aef11ff7c7bb39fb6ad6
19bLu7LVAJUyGjm6N5xZfgB3jkPiPBFfZ6,1131429,5e3fc264a5afa52bd50813fc71b23313ada79a10
1FoVYwHeTfq95mEQAfvwrp9ExxJiJgVBg7,1131428,a25cba62fc001ad091cfdb9874b54ad5f797785e
1PFej8wuq4t2FPUAxvdD1erNb47NtbpNMw,1131427,f418154ce55f9606eca6b69a85092cd18285c8fb
1MPA9YbD3GAR3nimjf1vzRjyqGhpgNNSD6,1131427,df934d79733f6a6e20c672f3aa75afad11409af3
3FE73R3FHz8oR56Z4ji8AwapqwhKAXbNo2,1131427,947acd7d385ab7b83df11396575d31be7bdec496
14Cp8a4ASxGnqqJSDbgTRQ6JNMDZvnC4Sa,1131426,23244ba6295714386aa483dbbf3847994c5c28ea
1BkTh2tjxdkW6pr4GPfh7E6K8WyD916pbB,1131426,75e96c8f9d3e006b805be2cb1a6d34b37f66dbc3
36c5TGUYWx4x3rqTaC9xK3A49CjTLbkiWA,1131426,35e97edde63eb1710a479122ab1f83c3658752bf
3BMEXRNetVUqTry25f47aVqm5H17W2Vm82,1131426,69f3752984248e19e77a502392022b16be78c257
1Pmk6p2JgyACX8166EyzsFFRtyYyVDUU7Y,1131424,f9c90c3b9a3fcc4d7ee4ed898904e5fa16f0482a
1165XrhBWYr7SNt95tLc9dwzmABN8BR82U,1131423,00f5dce9d77a549d640bafbb35a3bfa7e268b004
19C44tt2KCaZR4rhS3Nccwbo6FfSTDTz8T,1131423,59d824658db84ef47b8d06b9eb2b80def3c41398
3Dy55nm6fkTbFYoZdRnM1YRQR6EuZzYhPi,1131423,86aacd59107359f25e4aec65b22e6fb4b7a32f18
1NwoScJm2MCAZiY74mH72qqLkYXwSpfTqW,1131423,f0b7deeee44a6004cb72db68be99385bb6b896e0
3BMEX6PV7BUMTmtZkeoUcxwYWfHZ2RuwbN,1131423,69f373f4c386a7d15174a4b67e341f2a72407c17
3Bo4HTZtGQpHkzNVeGwrPT8KYDEVKi3MWw,1131422,6ed5b9616a1419ac1cec2699b080a0c5afe60d8f
18LS92CUgCW73bQF9WxfRd1MMm1hcMerUu,1131421,5075c4a53365470917772acd403a3450070b29d9
3GwEb5ZQmYCWv8JugSbDbFUEn8occ5ZXDT,1131421,a73a482d07b86c6b6da0e84fe85a0770aaff7261
3BMEXPN6nuxMzCn9J6NepkTXHRCk8fXrgb,1131420,69f37508d61343fca63ffdf278ec2a33b5517c77
1MPfCukjpXXfhWW4urSq1EEF485jph6zAv,1131420,dfab8f1d868447f603566dfd3c39d0d167f0ffb6
1bzmKyC3ZjNXgeiMrknUDRNABpexGqow9,1131420,069e5ca3ed494765efdeab62d5805b7795195f12
1EbAdJfvviq4cXiTg96qd5UCNVaJStxFjt,1131420,950fd02f553d3ef2cbcf9614873b9f958eb4aadf
1A25bQyjczrcnfTbDpcAhTdpHfjHpMFMFp,1131419,62ed61e0f0ab8bfe125bc85e4a4b01b684c44ccb
1LNTqiNHdvqsgVRGx4tANd3x5a7cECy8w9,1131419,d47987a73bc0358950da6c63a9ddc3232022cecf
1NuUNTuKG4CqyQUBcprz298u6veqnbQUna,1131418,f0471e6d244d5c9f78427b54e2d528b0c368126c
3Cc2SjfJN1H2WEWWHAhYm9R5dWrcEjJJAa,1131417,77b7bd04e1a97c285ef9e7463bfc88fcaa479ad2
33aXRVhVDMNPiE1JA4eaC1WA7paiZUQEQ4,1131417,14b5f6e99a8a7f21788cd9af8a91ccc44ffca945
16tML3sxdaFdto8GNXBqfB9x2fCEoeqXZb,1131417,408ecff2d1d143f590de62ed06c860d19812a499
34Gm9jtvwRoKTBmcwwLv2Y38vLiZm4KzH8,1131417,1c5210159ff9baf395abf66b723ef3a43aeae3c4
1FzYkGMWwVkMyFMJNv6J2rfFuQiqtfBdxY,1131417,a473f891bf26cddd86f118e481e5982c1cd4faa4
1Pma38eJKH3XLj9Xcz9wQZtRmhvcbqPdWG,1131416,f9c0a5b2906b163903f9f747981730176a7b21e9
3NQS8h91rsAKx45KiNoTw5ixxNqn8hQNEc,1131416,e337c776aa8f6013cb435f9782ef2555cb0c3dbc
17ZznYDys9iXHqMiqHSJNr4NCUf6V4Yh8K,1131416,480e4d55b115e7801957990a2316cf4c0f8a4192
13C8c2Tb8R2VHcTUQZH4ajWYHiCGrWnSfF,1131416,180b2caf2f8ce5677c67c6e217b8a7512d68b3da
3BMEXmsVGQBPMdXPp6exPFXLNSV2V6PFAg,1131416,69f37676d948febec61b7204e817f6e5fac14a65
12NWLggQvP1dJrdKqbRbdd4qbsv2RhMAaK,1131415,0f095a2df41ba1c5528dce0c8f7299e4fa62b107
32hp7WckajB7LYtWiXUaRqCnJpmM35nG7u,1131415,0b1eaeb865b3b92961a5887ab62458bb5cf73399
15NBoxk7qLhGXpue2XXaNgHR1ct2uVaV1X,1131412,2fe24304f0d7d7d0254681ba792db0a6d44f9c73
3BMEXUh58Szzq88WtwrAALXpuREdhYPTN5,1131411,69f3755f77ae599b961e8cb5a6de3c4b7b4e075c
1LiPu96hw42ooyu3uUepigW4t6daxZtNvp,1131410,d83e8f35ba030245f3eef4f23a3d12671982f665
3A7rvWPmdW17D5efjvjUG5AAE9i8o3cdAs,1131409,5c73e4585364b3fcb6e9c1927b6aed233040acfc
3L1V3LWXamDBqpAVcCuRFyq1L2gCEom9CU,1131409,c8f0633d9a708e80f0f97563db1be1d72b47f391
1MsDgNwvZTDm4VyqZ9CCud6dJCw8BYtBsj,1131408,e4e1e5c9b9ce017065af5eddc3446c6134f522e3
1GpUQVaSPZMr9ccDmUDffTDp7ZFDtuT2vD,1131407,ad8450444231beecb0b39358604f3663b4e5d5c8
bc1q5dvpuhz68h6xsyc5vygnwrgvufcyvdy755jpx2,1131406,2063c480a326570a02a3f0f42f394444250e636f2799348c63aa
1ES5J65p93nJVPumtiSCoioDmGs4KPF1WB,1131405,93579e83b92b47a92b2f240948d396c87453332b
3CjC9WPg2ZmttyWWJeJAYCaQ9MqehBrtqr,1131405,7912bfeca5d5cdccf8049c59bb88de47c7723bb5
37P7mscCZbKDYBVMV5os7GpWPn4zHhWEbb,1131404,3e6e26b1cc501badd87da1039128ae9162d93e72
3Cxj5kTr9gNurX6DgTLTkujghgfDsgBgEh,1131403,7ba1fb0a619ad97e38e9466c3a749157952152f0
3BCQ6ubeqUvNHxBBNByt7uEqyitQGg1t7t,1131403,6847b572c42eeb1d8c7ce0d85e67d6b9fb7269df
3LGyU2mL4EoJZ1EXrgpVo6pLNku7WDvDJ8,1131402,cbde5b101e6defc466f198d2d3e2b16907801225
3BheTZpWYbe4vrq4RJvDAGRoiYuG5RUxWT,1131402,6dcfc1702c385296030f5c0c386b456d7585e8a4
1NVTjGWKrJv7pFdfqncc9nvvMJriHWsLo7,1131401,ebbc99b562a98d97e23a0b0f0742efc8800d3094
3HM4b21Dn8QGFdcezvdVgQxZ46xKyGwm3L,1131400,abbbeaa39034c7b6e60c3932f91db3e8b9c50287
1HQvfJ6G5rveJg9qe81UQ37G8uzKXHB5cm,1131400,b4085f7bf0a275d3a5d2876b22034a4a91bd0269
1KktFJgbqZd6Wy5bhAkVMSbtjJ7Kv4j35e,1131400,cdbeedd316246f9215943698ae89bed2dd0d1a4b
39S5eTBsDowDWcV8j4TPcPeocy1y6aRmvt,1131400,54eddfd0e583694dca047240613ee7d930cc383a
33VdxeJDCzfNWJZ7B5QmLT3ujYPx6KSnCW,1131400,13c9576f0da8d1021cf04c16f7c1fe51e146954e
1DaEGkPRGt1J53WkQ4b8BvPmZyJRF9QoxD,1131400,89ea508ce1c63f49366aa318cdf8e5efc8ca9100
3FcFGPm8uFJxbp2R4VAemo8tCSsLYr1o8J,1131400,98aad1963fc5bcff3f06f43a0fea9d103ede890b
17uceZ7sg4b7YY7TPezEJsm2zyzDwTpP1U,1131400,4bc4244893554fc7889ad5f3ad9898c931ecd3d0
1E28tfwbuz7EZwns4aH3VYYHGAGDCWVapn,1131400,8ed0a35c8e45d479006294551f80300b5e6e7307
3NpTaMwTAzksgJKzdhmvwXkfVYBn6zwLPP,1131400,e7c2f76826ef971effbe258340fbddb324a2827e
bc1qrsrs25xqya2d6cvtsjjmvtnuzpgq78vqgsajq5,1131400,20641056e9b31e14093422b179eced73b2c494227d0067041cd3
1LieKW9aJ9i6yTiT5Zasqy3SUqFhVf3sSv,1131400,d84a98bf10812b142a5a901649c4e9de47a65772
14tNdSzdzgKUaVTrauVtFSjzj9xNRPXUjF,1131400,2a9fa5596a620c48ade4c38252ff1397a263de84
3LtZa2ZnPaTDmWNCPP1ctE1rbAWm134s5v,1131400,d29961e86f07d7c7491eb3cba3a53880ea6eaf66
3AE9Vt9MoLiBR3bqoqSyDKhjLYqQu1jhro,1131400,5da43966472c3f38c004259a545300952ce21092
1Pg94wBXirZCooFnpj3jZBGpFJ12ZcZTsP,1131400,f8b9b974ce60f6f5223df02c724b066c7a887386
1CMs5ZMY7WyZEM9yUL7vpXRii6JDkZ5ve5,1131400,7c9b81a060e9ea65402b7fc76424ac66e30067e2
3KQM3wG7S4b1EwKH4yzBwAPtUpUnN3EX5j,1131400,c24b28d8a61d88e046415cea06782f286d2dc57d
3PaUqKSK9jo7DkRaHJcYg7LfmMzY9teKo1,1131400,f016519b32fd304c499869daee79023ea69a9978
1MqbzQ3D7w758H5sVXkrEAg577wUd5Jawy,1131399,e493b08fd190888a32528b308db1c90e5cd6a625
3Dg4bp9raWuDP85RzjzWsEuscmmCjLrg2r,1131398,837354018e75e96581b8a06e8cc1ad46c6aca93b
3BMEXY9jyMrovAjpsvE5RwqMj1rg26PBM6,1131395,69f37597bb859891268e243e8b7b19572769349b
1NSuehJdMfSGVxBtQRyFe54TJssCrWCpB7,1131395,eb40fd8d4c372428298889d9828d07599ca64454
bc1qag7nrekq94ptmj56ujsmc3mv2952xdswhxq6qg,1131394,2063f52dd3b80bce8cd662a7af4788a02cc31a502eaf74939157
1GajR5bgjTDHF292t25eTRdk4vReUuLowG,1131394,aaeb0517641e16bf11545922de47a8e353d58c7a
1NMsm8rrqU7QwK54q4yPTBPSL2L9R6MnSi,1131392,ea4d55747438f7b614db92f228a6b09b6b551c35
1LRt1rLQkiZur8AbKWeJd73nHi3AndRxQL,1131392,d51ef537286beb8518752a69e855581172358144
19b81hUNxdCVKN4aBSY6QZK9tKuc6bGBYV,1131392,5e35009806288867b65fc2444893b1689b5f5114
17LUXmHkGHBLRCxFih65H5Hs2DfH5mFnrX,1131391,457fa3a2ceb0753b32ea1adbee93349bc47d2060
3EUnBf5aAwCcCDoocQBQBWZgiveZhvbUQk,1131389,8c492cafc0337e30bb3864f01b8f26ee1e9448f7
1CvJf4cc2c24HZYXL93Z4H1S5XePvtdRCC,1131388,82be2b14fafb522d39ee35daf0a4731f1617b9ae
13H9xna5fdzQXwCsb14rxCZcrJzeTQcvUD,1131387,18fe634dfca2eb88fd98013b844e154d2186de29
1AjekKAHTNUKEtbP4hwW9KkPp7F6va7ygg,1131387,6aca1ca3aa64df1aa7e353b75a0e464ee5141f4c
13jQxCp1z4uMpAF3ADgvLwpkT9KwekExvm,1131387,1df5b745b50d71a4f4fd3c52be84598b9a1047b0
16NJKg9tJwfBzHqE2CQzavDb6KQ6mwiA4Q,1131386,3adfd2e343a0ed53b39507dd6483bb2a3fcfd4a3
1FAAUodRjz1V6LU8gkJf6wPAbc86pHe4Vw,1131385,9b4d6ae8d7201b3857e337c540a54d0749d0ce9e
3ASBxAozQerfvcUtQWnQuG5MxaF9UNX91F,1131384,5feb437c0ebb343352622e3a25f3cad42c0d0c21
1FXP5RDARzBtGTz1ruzZdgoVQaRZqj34G1,1131383,9f50ab07356373bb7bcd4438d016f5d9b5026abe
1Hq9jeXz9cWaE8qA8eHTqvCZFsPdQ95521,1131383,b89d4543abed13e6a1d871752165595eefcc6fdb
3KXrSbWUFqKbGJbPjFvjAPD8XzS3wEHYM8,1131383,c3b69afb004497e60d85e5e852bf5197af214f27
13iiwJU9xSKTEZbsoUFMN2S47XLDbJJwEq,1131383,1dd4500694f715ac4bd46f91b64056adbc913dfe
32rbQNyWeJUJt1qVt9u2ayrHdZdDxpW1sz,1131382,0cc7d12c0406c01867d40e82f662068aadaf1e32
185KUY57CqiEjApj16HeCDvRHoEVJ8MvF8,1131381,4d99f75e343204e3ee9d04809b6c3db58ae39dd3
3QNZJYDMMF7WTT6YwA7ywd8aviRJ7ThWtQ,1131381,f8cd2f0e61c52248cafd76dbfccb9da92047a661
14d3SDmzT6SZMerKF4ncyYTbTvS2MBFXhs,1131380,27b9626cb6f9f12faf660fc9c4d49d55e9f1c5ee
3NSNi658ssm6ZnBz9sWkJNRXApBoXxkpW5,1131378,e395c0affda5ac4838602d979b5bbf29d0649c7d
1BqxSi55AZw6HP6GWeFwwHZDLttwhheWsB,1131377,76f381750e327ddf875a6a0d4b0a6ab400ee29c7
1H2sRrrUmXATfKyhpbRoakBtKtYuJRbfJD,1131375,afdc8631324e40c805a6af8d748df5d454f12185
1KkT4YvTbwYEp9GhpGCPoEAWdiNZchdx1P,1131375,cda9e7bfcaec8b1df36210984d58a508b87e7878
1QKDh784hxQSDhKHy4xE6eJDaWsK3zb6Mm,1131375,ffbcf982969b43517bc14d907e9cdace34fff69a
3DrZUyykRYtfRkMqdKqgHR43zyjgCsYdsj,1131375,856f98f1c4b9ccefcd3e14b5a81af88312f09bfc
122yzHQvf8QfDHYe8zvtsCnRSNNYGi9z9H,1131375,0b581cd54c96ae6888952d14c8e69a8aed8ada9f
1EzNGwG1iD73n2D7VucxBbZeUaU9hCbWeF,1131373,99731ab1f69e560427397282cca9f5a3d7d7e50e
1JMkYyjnE7SzBfR6sVi6Kdp35jUEqNz6jt,1131373,be66cff92218c5abc99bef1784165ae657c0c7d6
34DZPHYuhVrki4iwtMofAKWMHuqra8SLPP,1131372,1bb6fe287706cd2f97e68eeb7ed6732bf6cc6933
1NRrr86uZXtVsXgQtGhsEMwTNx4GniJsps,1131372,eb0e3c136a106317e8ce44a59a9004220ecdcc94
1Kd5vjyCTjL4a6856QVKVkSKG5Y1DYK9ZW,1131371,cc4559e9bd3d8276e313ca6d3222ad826d0f49f9
199ozzfXyMbwzco3cU9tWstEdHwUZk7kHE,1131371,596b914809b433677c13b81e60a01b99f4761b6a
127WABtTpQfaReLg6tgyjNNua4Bhep3cPS,1131371,0c32f63674c48b31cf0d99b37a9af7ad32c56c03
16vUiZbq5Emkxi3LiyoPi27RJn6baCYpNx,1131370,40f5cfc0d035dd8028299c87ba5f3f22d8539fda
37C8UxWyXT6mtPHqPyAyNgyYRteuyhwphf,1131370,3c5a2ab86e5cfe477a553d0fd579b47bc53d9591
bc1qns3ec3p7x5kvxs7r55qj4je3j6q7429ah8egnvc4mxat45t8tzdq6m4fr6,1131370,768791667beef987a372f8552411e13bf78d1954e7d22a9a0697b93378f826f98d9c009a65ee75dd99
3AC3XzPmGE2kT51Cu9MmLEeSXpj2QhpTyU,1131370,5d3e6a0132ddc564e7e5264ce8fcd05a3f544c41
15vhjpZfrRMqh4XCUg6i9453nU6zJiC6aY,1131367,36088e431185f6dde9b10717fd86fe9057948457
3BMEX57qKo6HEah8DEQvKzS6P3Ee52owyZ,1131365,69f373e01ce965c0089c442876616969c9d918cb
1PsFKuZNZZmxUzeqBcRZZYxdCM8tT2ARkD,1131364,fad3862810f78b7cc8432f93867644a3eb11e3df
13QqFXwDefAyUDzwwnB3Noq5TURrLN2fGZ,1131364,1a7218a337492d7d3e532d940070aeb1a05f7d12
39Hky6hUgf3fECrujZQbQMwAc1rxdYjqv5,1131363,535af45dd0df4624855ce000e58233278678c2a3
3BMEXgzVm8AscNemm2hUwVNCXmitdXyUST,1131363,69f37627807be661bbcaba90de052c29c4ee9290
1PbSTjkSMo8Czu4xFjT3zzHbnjvHEmko2L,1131363,f7d629e86c42ac6dc59ddd730f261ca86d7a8f21
1MpKfC4K6MJqEWHgSPJZ5tfhfWsNpprZ9J,1131362,e455a4242edc074ff81f75e4552872465df83dd6
33QxWv1tvrvocmdi5ENg74uo9RWD6fMeGH,1131362,12e6c077e2496ca9c10808b1c688fce22281c87f
398x9AuFZ74LgA7qhBxWH6WXVGdkdHeDQz,1131361,51b089c7c904037013619d30cef3b4e885f1f58e
35VXNYreyz483bcad7aKKGnaruZpvYLjk1,1131361,29b41807ad4e3e6d405be9aad7f6bfa4159e3fe4
1JC4GYqm6i5pBj7i5qiTqhCRrqG82saKnZ,1131358,bc91712496def9460a9ca77fd4b0984c45b36f19
3BwNSir97B5hMCjGp4v5kS5wUFf689yCff,1131357,706835f7369ec4f05e16f1c57b0636249d6745eb
1CmHSmZPGwEtWN5ebi3e3qovdKDnR4Kan8,1131357,810969b60ba98232e64b03e21dbdb52bd576f1e1
37Kj4WQQiXr77b1Skkhi4fRkfapT4jwjw8,1131356,3dc9f1783d325738125523dcfaaca8d1c5428c7c
1BczEs5bpBt8QMpDRJ465NEsSmPi8FSnRD,1131354,747f98e4332fe2bbec7919d2750ff9b50bab9292
3JfwHFwCDnHUxqNkjV5vkx5HHNL5vgzvnt,1131352,ba45d8c19ce08070c2272cf7e460d8126acdff27
3H3NrbeT8CgyF9K5yLB2t6SuQjgvmJDJn4,1131352,a863addb0333223ba6530bceec32d62e97404805
1MHRH7KpwCRBcPqdEXtZjD7tyjHzWkVDAT,1131352,de7d6fe5f709d19161e26495cc5539570bc2c2ac
1CJ1yVf6XvkduPoeKSUk8aKdaeaeG2ji8H,1131351,7be1449f54dff14f1033851f04527a46a55b5cb3
1Cwz5MBhHc6SHKU3jczpinm6i456gyaBCG,1131350,830f7d456593238f87987487b28027f753b0d355
3AVnCov523YPT8az2cnD6o37LLPvDMZN8h,1131349,60991a9dad13c6f209c466421f0d644ca092a493
1MkEQRqfyjuU5z53G62ZdYztB5GTesfxWZ,1131348,e38f9750a7026095201db37c782602253d0c45d4
3LasZCBTcsJyEM5KCPDGcPnJonnEpUQLUR,1131348,cf40e8a5a59d7611d12ce05c713909f7de5cce85
1JrCQTbaNbZmghzDvK3hTqiZjdLEuTcAE3,1131348,c3c80a589024efa70350f99c656b5c0aa62de3dd
3J6wZtH396SZrZxuMYPii6t8ieSb5M82dP,1131347,b4085bf88e3aa7b97c515f39918e3a22b9e47343
3BMEXM3K5rnVThrd2vKMZcfZ8CidDb7pTx,1131347,69f374e30b24a2eda80cb27df4be76be7f88b472
1Nq1i1azBEup93cea6N3Kzao33nYfhmAvV,1131347,ef6f32a6d4cd3de839b4b463b039c9b74bbaa9ce
194tsBaW8Fu6R4u5ZL9bDTTZtpg43uaH9C,1131347,587d8c8ee44e522f46a9214588770e3d7be9e1d5
1eiKeyrz6UeSe8Cez3YKvm9jWhJ61ywzL,1131346,0721e257a8cc54c737f094c4c3332715bb3a1612
12Cjfm47cmCbRfw6kGvMShfnLQvzohqbSj,1131345,0d3051ac99c40d32600a8cdcd28ee0bc06af2685
16m62u7GCcQjepugUvUFUxPZfQpZMYTDLt,1131344,3f2f21e1b256541ce47a58f16a273cbd257d8c87
1G4i35BBbXgwsKKhXGmzwm8Cm94uKX8Hsq,1131344,a53d63b8da24cbdb0c2787e3c2b9ac3b7cc4395a
1BJhbgoUMAgpUB57kPzeMcWC88Q8zNPqyV,1131342,710a37fe4bc59948b81dfcee536dbfb5c2e504bb
3MX8r3fnBmqZhG6QGNF9LGxxNhwJcj5wmz,1131342,d9842277e496ddece10e22895eaebb6546156c56
1CeKZ92Ky8uHR3MP7TjDJTMoYNepCLKFH9,1131341,7fb8432c8445c12152e016fed42e34f21827f3c0
3BMEXh7qQy4e3LebXcnQWkCeQZiTHJaFvk,1131341,69f376298f41d4a77c6eed8769b0b11b6bffc276
1G8q8avR3HNG5VpeD84z1R69ihY2NMqJaf,1131339,a604f9dd731b5be060f07b6c727661932de76f97
1PvCfAHbCYANstFwewdgoHLEQdBGrGSaMr,1131339,fb628b760f0febdcbd94f00ac60bdc95302249f4
1PGtnPyD6Vq5zcWX2AebwsKtUWByUeeTia,1131337,f4543b9117eb8a40a64f205c9c5cf1a265f94088
1F8oRSsfEgXtjwEAfYNNQjJ2Agytcp79AL,1131337,9b0b6c6489d9e2d6e3dbdca2216ebf65664fe064
bc1qzt5ujk44h3wrxz7pkh236vy8f4n86hcvn9as7r,1131337,20641dc1adc61da1df5fb740d67cc8504c88bc1aacbd1a4b51a3
1McjRs9zVJG2JwnnapdsPhvGEt8UCv6s7P,1131337,e2247df60769d428dc273e9cc095b17d66fe3e69
1As93Dkcp9dMtVKJdQStHVtv8wM1VX5PNH,1131336,6c34a3e147d3faf38ac77c1891679b2e95d08569
1D4YDxZuX5gsG5jLfesgkfiXgvLWscWHw1,1131336,844cd23fb8496b4c6baa7b00dac90364383a1819
3CvdGmREzTN4usXCaFnvqmJFMwpoHFx5w5,1131336,7b3c4c7830d4892b09d013968254e275452e8b47
12GazrCEQNCjiJ7YRYUWArGRnDmr7nuZJQ,1131335,0deabeaaf48fa084e48c4e8211dd02794aadfce5
14dLK2ZYueM3yH3xzPGEWVvwnoULDSFmZg,1131334,27c778c9ab943c5a284367f8a9352c07f2021312
1GmYgvLAbH3KZXQueUxZJPwHuqNK4fordo,1131333,acf6a41fb1f95cd85b72290e904d73e9c02a8eeb
1HWWFtLWyz6K2cnbxVULVY4AGY6PvqHUJB,1131333,b5167f65b0456f8a78983073d0a86081f94253e7
16s6VXiR7egJvarzC35U3Bn2EzcszYYoiu,1131332,405202eb85c354e8e40d4ba07c36586500a6503c
1AoGM5iRsrkFkcntUDiFXVHJ2HYCixhxUs,1131331,6b7913a18176717befb92bc636323eac7c569c2b
3GLmmfmJqAvaRUeKbMeAW59B4UKeHLoFKr,1131331,a0b5c0d09833be7796b032700f98facfe894b4c6
3HLMLdTCpeALerBERjrPcmgyWPLc6agYnv,1131330,ab997c0123a616882ab06181ed11b5bc804f9b3d
3H5ZgU5CoaKQFA81XQKg58ur4eK8YYZEUV,1131330,a8cd8c2e48a83b9b6ebd33bde133be8c69c521af
1FM4Ys4Hyk41VFYR8TyrV5WwChjcDCjzGa,1131329,9d5d0b067a88f297494bdef6507b6ed8998e1b7d
1F11R6SNtqWBVpjmhT3a79JnJQeWjiDNLy,1131329,99921b94cd030b2dc1ef6414214900f1df0f5210
14yksSjdp7xLTzTfwnzfS2gVJTV8Eyvvj5,1131329,2ba44ab3fbfef12522d004d59d542854dcaee53f
1FrsBms6LHgxUVg5tNBKGGv2vxJAnmrt3L,1131326,a300093ae859272bffe45c9910713a2071e648d0
1JQ8myaLQ1oDb7qCuZkB8BECSAaEBKt8Fr,1131326,beda3230a03cfacbc78b97938c914ef3cdf50f01
162yuQ44QuS3rtkrC972w4zewziEQsGJb2,1131325,37388ba2a73da1603cf76467814d06b070594707
37revkEbt7PcSEqQghdewXPqnEfZHLNbVY,1131324,43a363273f20438c45a61f0c844cedaf97433e38
35KrTsKGiup4GVV5CY9wtAWC3GF8pCwou8,1131323,27dfdf067f519083c5a337dd7054fc8af633d661
3BMEXsFMMtepS6VHiW8bH4kqYcisQ3sx9B,1131323,69f376ce4a809e24492e9108586906431da44bb0
14Nad7eksEJomjiJ65zcv9oepm6cdjQ9xz,1131322,24fd2de9130a6fd9cba3d26415a34173a44d400e
3Ahyx4CYxUVt1qpsupm6bEqKhqMa9RofcQ,1131322,62e7e677b8e79f20cc6d856c238a72322a239718
1HXokVCCFEouCGN6inP3Nt5fW2qQvJ1hC5,1131320,b555842100c117e300f0fb81edd37d55f340666f
1Fn1QeJDAVUDFTs3tHEMzaiam8jCJY7J6W,1131320,a214d1cceb9ee1b9c5ad5c9f0a5757a14f42e3ce
1HY1ABM9bZ9VhYMjDUxnmkfGMdCHERRTaQ,1131319,b55f0a19b86f14541b40d15d8277ff3cac568d5a
1H7EF3qzXg7tboJtUhPiW766QsNsyhaxwF,1131317,b0af8ff7143a791a7bed04c0a98ae9f634652ee7
1E4yfMSHkjydAX1n6mvL5phGf552XyhAWr,1131317,8f5a2e76e727ceb9e9717fec4416e4c266862f4c
1CVz2Da1pGDPcSjhffQYcrJoKdSuCC7ZN1,1131316,7e24a117a1ac76422d58cd63fab20db87aaa9e2b
1BQSgdXv2LkTiwSBbMz2Q1iyk4zAkkgtSo,1131316,722043a79aff3c85893be270008be73169e5ad2c
1HFWCXNgn3Feox9qJzUvFpHwpZaAb5KmBC,1131315,b24035b80d61add4245264450083b7d8470d66e9
13PJVZWDCzYwAS5hacrJiH6ne31oEwdJde,1131315,1a280131b0cd20a5ffd5049c90dcc293a375b0a9
1Gjm1Qe7z7W6THw8AQdQwhFnqmcKUnqaWq,1131315,aca017a5727927551ff1c37bb7c076b1cd20253d
34npfrWee4RLiMWrigGJ3q2ryb9kceAgyZ,1131314,22017ab807bc82a39fa99ffb55a04103aa6bf3fd
18ZUx7ZcczdFFSrYVuMher2AbSC6SaTmJA,1131314,52ed85df42132809e92941946ebc0cc672d1bd5d
3BMEXQtqoe9SUbF33MGcXwHrgRVyNUoiWo,1131313,69f37521b7d8431d9b19fdf685c314c72662fa73
1JDYZrzNfpSDSaJWtzicm6B2n9BzPYcfdG,1131313,bcd97af6758ed5adee0db2ec4dc1cc4a841813d8
1AdqJWP5nS3mhwapqxCAC6REM5ZBqnokGd,1131313,69b06d514b0edf2a7b7279f63a0680464cb125fd
3BMEXh3c8QpTSbYco6TU3f4eH6jU4GgYLC,1131313,69f376285fb33c1916a0acb72f04875b5f43dbeb
3GFPqaZrxad2csHsnFXNEJ2aErcs51k76h,1131313,9fb15d6f3d0bfc566490de963fdc64b33465a85f
1Gct8TGdLY7VLvC8yapN4wL7mvu6HwoAav,1131313,ab532016526fd4fa920bf224f14ac435ab2572e0
3PWhP91QsYdQyRQH1ta5QZs42h5HC81vtM,1131312,ef5f214715c8e9145f19ed4ea1a8660bf6a4d801
3Cg4UDSiK2BZEDRsCPBkEkLhP1csPR1ux2,1131312,787b17cf337bcf3b63a9a599624b63363124e09d
1KeAmr75sbPN75vUpB8ogVFxPob8ui29LN,1131310,cc79d01e83e7bdad2edfca8279dd949cb8522a42
1DzNtZ5cNGFNSV25PsAmdxPnL5EJ4g5iPx,1131310,8e7b7db9ca28a14a232d31b7f7dd1f7578b58284
1AKqj8azWyNtUhdeT7PqCihciR1cvug3dc,1131309,66494b4ad70ed7713910c3e70d96c364c163cade
37xtxZxpvFun9dnPZLBaA7ybFUd9BsXpW1,1131309,44d1988f3cc13e69624f88dc7b35bdc817af77e3
1KCmMS5Dzn8CUMP5bEreMD9wuQYK18831,1131308,03714ed8144aa2050894c7ce48f9a14a02267d26
1CffzqxapaxbSacRfq5d88SPDRz2idqfgB,1131308,7ff9be55203ef3c9f39bbb206cc540842bc7b8ad
1CRpNvDaXQjiKDbZ1kaYKH8L2LFZSHFEow,1131307,7d5aea702c51d4a6a99ed183b7db6c19054ae1b5
18YQ6pYHKdXgZGnqGgwybkxAYS8iZHLEP7,1131305,52b90ef96eeb28a8146b303b820a7f6d63ab4fdb
1DQk5QXemqhEb9Bt7Yoxijc6VB5h53J6PG,1131305,881f08d6bfe984a30d1a4851aaa1e323dbcba02e
1F9f9wrZ1iWrvrgC5AtzAKhzqdrQkaZhSi,1131305,9b34f02f3960ea782c2767d16889bb8b942957bb
1GKzwJNHvDzfcSbc7cADyqjBcXpwZPZ4TF,1131305,a821bc9d0117643145b59dc33458a24cef30989c
3GoGfzjLHfQkMxfJfMfhZRjWiTWkMmT6GF,1131304,a5b8b1cc374d8a1ba7a5a996ad9cf79ee10df21b
1B6TzHmJ2Wwd9GvmqoG6LgucpYpE6EJsqV,1131304,6eb9ddaa412fb64299281d1ba4edca4fac9f8c24
1FvjNg6BaTBYrt6BKuRUKogGL1sX4ghXe3,1131303,a3bb2dc0b77ebaf05a581c308dc12e71619bd589
1BXzNwCstmaCRKFXrjopoMEL9J7cWkuAT6,1131302,738da232aea98f319a35bb35e4ab4af26e75f2cf
1GC3Rt1CEzAz5aoxNiSkjupuMH2pHcCLZg,1131302,a6a07d6bc2d94d90a0d559ce036a118529d36dd8
1PHrmJagZXwekMAHEdoDQsq1wsYwFoeLXz,1131301,f482f6a1529aaabe569f91038849507ecbf2c2a0
3PawX8vhYZGYZPThdmiBSPbwbiYiCyQfVE,1131300,f02c98772be97eab69377d083f0b42250a6c1ad3
12HBuKep3hYnBpqPEgWtzFKV4jqHYswQb3,1131300,0e07e1bc9a0cc1cbbe244748d96ea16fb9891378
189WdT51ux7qES8bF4bMrdHcCUYeN8i9fv,1131300,4e64f0d5664fdb54767c6d519af643ce489c5b6b
1GnEtE8CPDJRYJ4YAprTPBDZJgHhsEJSVE,1131300,ad1831b461d52687bb4faabe769c407bda930b3a
1J41h2wC2mKxtYjQo5nheYRgcMjsc91dJX,1131300,bb0bf65ed85dd2fb438ced7cb1fc79e97d9867d9
3Pj5eBgtf3V4Fk2kNqYyez6URCNnQoxZJZ,1131300,f1b6b3e7f9f63db328ee1434840b71c0eb7e9435
3N6NxvaNL3U6QZiASWvVMjwgE1YW8qDomR,1131300,dfcda5a0691a798fa16a93f452f9f82e92f4fcba
1BcM7dDmN46p1NNSPw6nbeiV64hNJqGv2s,1131300,74609b647706ab68dd3f900b173afc22e3324215
1GFVbRpg8qk6XxLqWBcQyj9mzth3N1tjMV,1131300,a7479435bc9a48df68a1ebea359d623cd4351b78
1GeqaHSTG2bDS58RLdCmPg5k4g6fVWTMLf,1131300,abb1d322fedf4b955043106f9978f7533b713558
1P4cTmUYCfPiGf6AiBkaetLQSyhUatxRhm,1131300,f2019decd757a85395bcf5320c90ea1e2f3be847
1LhVEJPKLnpHQMKPTcb2VqqWTZff3yHiQV,1131300,d81297ceec19ed51b1adb3516b4a04f3b52f83e3
32RPJR5yHmPdbsWkppGtZugXf6mjGtTWfE,1131299,080350aade7b05c1e4566988c7acf7f859685fd9
1CDkSr7u5uWFEpD12HFVC74HDL7hwvpDyF,1131299,7b12a449f421d95f26b4e77e8029f125b2622b59
3AnZPktc3uSWcHPwv8F3x3rM6VJBuro9CJ,1131299,63c57b24d606a82df7916532e324836e4486e94f
3BMEX5vS7d5v7nZhZ6buiTRn6QYCm1GxSH,1131298,69f373ed2dcb37c757e7793f47449e858a0d28d5
3FPass7j51JoaY3TZJVUPg3uPJEShDCsNY,1131298,9645c838e4bab7e695644c771298980f5dab9693
332tjaF7Aq8bVuMrTEWq6wR2K2HL7LaTEC,1131297,0eba719f03d9e9fc9ffb5b01c7769003c64952b1
3MdDrvSQuY7cfNWPBnxSQSWvePRVc7XTds,1131296,daaad119d8d9e40d3ef6f8264877ba8dd0c59bf1
3MkPd6b2uSEQw94DN5phc59NXnEds87ybx,1131296,dc05e08c1a93301481ff8b9ed8e362276552ca1b
16iTDMdM5RNAfLvz81KYv6UH81fdw6XjoR,1131295,3eaf909c61a79439ce0099d9cb29a8139c604c9a
1Ag676w6rhFnhbV1eipe9eTU89EjAvEenW,1131295,6a1d9dbdf9bd60f023e3daa6c779383c9aa4e029
35YHGo9f2mAguaTTmHyfVyieDdDfXjEoej,1131294,2a399284733cb0f39e7befc3e610071a1c592df2
1DEWvgaSTo61DfmM8k3SexEu3KE3HDRYzr,1131294,862fe5c2f84453a6954d9326bab230237765b297
1Au9DrRQScsJU3n82sdjCToKv2EzEjALaF,1131294,6c95a006bc27a339f41ee830218a6fa06ace5899
16mXwUMcALqKft26t9EGCYBz5ZHFVYvBzb,1131293,3f44c20934e09ee3682c494e4f6138fd24f83d49
1Lme1YhGYUQAsmU473LXQUE9SZNnRNCQCd,1131293,d8db960bf3584d7da0d9f552c1155b909a170097
165EoXgwwnJaWNggJg8nYEt211DuN5he1r,1131292,37a5d074ee14886199daaa4c469eb04542b1b7b1
1BAoZ3fN8nZSd7xfJj4E5XhtbEi5r1i38y,1131291,6f8bdc9049de08aafd8f45d7f99c4db9865d9567
16vp3w6RGtY8rUKpXcb1xFiEacjFjJQjVe,1131291,4105f362c1e510db93f7ffa0c60e14da1426dda2
1Q6KYqMJXAAWHtznjoqzHRtUCo9wjPaGJD,1131290,fd4c74e66746a335f781a706faaeacf02b20d8c9
1JMB8W4cT51ANMhyu7dZMderGRUgUMGEAV,1131290,be4ae9c0c8ed0f3860fc4022c42905e83784a1a5
1AAHnJzEuKXTEsKm3YUzueKTsDyF2yNGFK,1131290,647ae24b10450bf3383595f4a3265e65c7e1df00
12CA1WMWV9EC5ZjqCSy3F17txT3bCaDxxg,1131290,0d1438b2320dbec30416d851d35b842822a1020a
3BMEX1ypqFqxDYDLADqWtC7G9gZcd7vaqV,1131288,69f373ad148d6984847ba4960eac90b1fff1e1b4
33Ty7VaL2isHuExSvjjDwWwFoazkwsEnsq,1131288,13787f547ee490faa96d34660835095f99f1050d
17BWBbRX3TvjiD8akyzP8FvCbw2wrLG3U9,1131288,43cd4657221c0df86562bc09f5cb136aeb8ff580
1FfKDXZCf2FDCQa2ze7LdkzzZYfwkaXY9E,1131288,a0d0c60122dff2fee7faf5ac8424c470f6ba0e07
36Suhqeb17wXkiSY4f7EBHsPZC6mmwkvQk,1131287,342d9d33370aa7100df5b7b0f1af7853aade2bea
1GTUM6zMH7nrUoxHrmAwhWxo3XSZggZxZd,1131286,a98b87915cedd0cd2bb63c88d250ee6fe8d77083
19KjGs6JdWySWWXFWJUkZuwBS74BW3EXfs,1131286,5b4bc81f9db24e3b4c9747e7ad9c4b4c5dd2b969
3EcJKGabSdp4ibDktpV7hw7DvXYNYnb5oS,1131284,8db53d13d74591a2ca6aa98113766c99a2637870
3Dcg6AsX4CrtdL5eEx1hzCzxoeojGTAeA2,1131283,82cf49f926ccfb862bd7d8c155ff67b65743603c
1KhksTnhCrSsUnwD8kbzxDpXaorEwWrDdJ,1131281,cd2786000a37ea26a65a276f2dfb0bf976c1cf78
1JYXPqsYZ826JgXjmAXN8Lg2Y2Tbt2t8kP,1131278,c07067965c0466698cb8b9ed748e6b83fd45a6b7
1HWAtJknJ9Q86iiQMTZoscajtjAE3AeTnJ,1131278,b50653a0b7057bbf61677626bf44ed93b4fad2d3
1Mszaa2pR87hJgo6TQ3XFS3UD9yucisQjJ,1131278,e50760cc124503e8c011e1355c901a14f3d8f047
12vKuEHevRFDRZa6qYnsMizxmN4G4Ht8oR,1131278,150df2f865b3c9c291f33407a1696614df5ffa51
3E7D2e9BZ2ZygaG2gJNqGe1XyBDHxahY2X,1131277,8834c338984c9440344a42b083f5a15a65307920
3BMEXq2SYLZUTcVjy6KaobdzP7vyLUYca3,1131277,69f376aa25711523be0965cece58ccffc0455227
3B2c9urhusxrUGuHYe2Nd5BbnZkA6VFUKQ,1131277,666d9c084c8e7b22c471a898dffd1044e65f2994
162GzZnYwjqbwbbhuNzezUAszoS3GHDVu2,1131275,3716650e6a0b3cc8b146fc79f6b2dfd96aabcbda
3KokwLYZNzdULvuvCH7Ar5WJsKenqKEHdX,1131275,c6b8aa785ca938e6d9f624d6f202a220691dbb21
3BMEXgAZ6NsrmuvYjKtJ1a9cuCXwMMHyC1,1131275,69f3761a0f3908ab310bd6825b0d7da255d4aba6
1MMimmNsqUGUjYTZsSfBvS97TcEkwdhZb1,1131273,df4db44aabbefd93d5b19407b761e135e649dd59
1N24bUvGzzJc2qRACsxCVqZYbfS2mCjCV5,1131272,e68e0ed6b5b953c9af062fe52a050702ec2d6c5e
39XTa7s9vBobknVskvQum8JgAci7Mv5KE2,1131271,55f241a37fca58a74193e65b23bb7b14d405a4fc
1923xz2aTHQwWcH7zBdRBHEFuA2AbP31wJ,1131271,57f3e5c13b74a504be9a90cc493f63f9367a3920
1UCPR1mCXqTNrPEnTC9x2dm7V7GvFeZgj,1131270,0524bc63be0feb16b1bfccff44e27df8b591a7a1
1AaHGLHhM6VK6ExNBqU8s8RJN4E9E65imD,1131270,69046f82f9eb4a8d54ee9058479a259a93b70df2
1JvtTwRkFhabe3LRm42U2pUiDcUebKUjw3,1131270,c4ab25089c15d13f99c77c787a194b128da76db9
15DrjUhrSqza3NWvJa8mNt7t9UTiqzpkjh,1131269,2e4f02590cde9ae12e720a641df1e47a6a6353f7
3BtewuN7oZ9WRQDF2dzMsvqCGb46vM77dU,1131268,6fe4bd315735d02bd3fd912eefa84b359dea36bd
14bCP9WfsGzr5W65FZJKw6KLyEmPWexHwm,1131266,276005690c9a356f752036df40560fe0c5856e28
3GUU1g2FQXwzX8LsZrNErGXKWnoxwvRV95,1131265,a22a41bd102809bdd846ec02e923d664df4f55db
3BLyw8NJ61nFHoVnD61KL6ZM6j7ZGH2XrW,1131264,69e74709be08203703f88629e2f39abff7522a4c
3Go9kdyVfhc9GAWmASxB9Nvr93ACGcvJ6R,1131264,a5b2eb03e2f71f21b6d26ad1f20cda1a80b03b60
3HsMgcprYWpKbaPG4Q1Es2iQ7nM9QE1vLV,1131264,b176aab9f3cc8c7ec9cf32d9cb83400438b814e0
1J2M7HxpiTQECaYQg8vGXpc4mehnfpWAcm,1131264,babb570aceb5eefe5fceb10c547c449ed9abc6a1
1JSPWgmJ1QNa7MhW5cegCiEZffXZhUqQmu,1131264,bf47544c5d4f04b7471f1d93db238e5e4a333365
17s8xHj9Eeg35ecRNvhbrasDtBrtEMXh9J,1131263,4b4c311bb9910c579d977b9bfe310fc1d8c4df4b
3DnuzcHttDEcSeAhtMsMif21Yyz5K9WPbK,1131260,84bf0e1db84e6c20072ae016c7153afe7f20f9c1
15CRQJMGaZSp17sqraf2L24mzqKxHmStf2,1131260,2e0972bf94247d986af3f5127fa7ed0070b37ed2
14zRNtwJQxHJFP4U5ZdNEk2G36EaYAGDDr,1131259,2bc46fbdf1416e53742c58e06b14be6b68195b93
18GYGHYPZxiEJt9obJvz7YeeVeb4PULwRr,1131259,4fb937a78d3a4d3d62ba63dc0acd5726ef51191a
1Hhb4YfpDc1QTgwGDxKpJ8y1JN4NvH6pKt,1131259,b72f15751f4179d8c57ef1c5b04ea7acc64385ce
3F7ZoFVe9nAUsJaKkAVHdd9nGuvufGHHh4,1131259,933e39be78255df265581b2841f753bb8364e8e3
1BfoxML5b3nbjE9FKuMgEsu8Xp4bzjUPzR,1131259,75084287528e6a6fa21912ff573a8aece222bc0a
32fR8AdeJj2TL2hdfQnZmhVsoWzDPFYvXY,1131258,0aaaa91ba0229d217229ee2bdd987a5fb72df5ad
1Bv6s39xAE6BWM6tCzggDTVRfSz9Ty2Ro2,1131256,77bc32a022056f2eaafae2fe0602e285b3799e9f
17ArTziEjcaxLJrnqr25bugTvR98sA63a7,1131256,43adca3ed7c6e2a4cf51218fff46475a6191e4b3
1Nt7Bs5nk7aCeLHG6VNuBCMrEgSHyLwvHt,1131256,f0050539947b69abca6d9f31846334ebab20158c
31xS1SeKbtv4pSAnuj9w8RtDYMw3B4UiAq,1131255,02ea5818d59d7909df95dc140f2f3399c2f7a1d1
1MqZq6A1NopAmWW42QwJAng13c4Uc2yGrf,1131255,e491e2dea2b0349fb56f7f3420247ba1c2b23fd6
32Lhtm2gbeczjkwRZ2rj9aDzXkddq5xasW,1131255,0720c156d6fadf85b8e2630f8362fa6924cb2521
13Sj775uJBxFvXKNzhFX1RZfLYdVgiEJba,1131255,1acdcc5e18a80af566d4a18a18a27479662c7093
3FcUn3EZhqSPVUbQBerXy8Sff4egaJ75N7,1131252,98b618e41177b495c72e9c54e781524b1c86d9a5
19ry7JLPEotQmbFsBQNYETCMVEknjzvK9s,1131252,613439ba546f494f938a2154a5d61b0c968b3310
1MFPLnqEkRsAGorynjmq46m7x9vdsqcs3r,1131252,de1afd17c32586904b6da736e0171e5d6817905e
1PRtj7rgutJoMaJy6XhUrYbrqZdZurff4K,1131252,f607eddda810216460bdb69de28ddb18233b97f8
19ncGRuAS2nqx52aXvyDjPiJqKgTtL8qJp,1131251,606129c3c971c9d9ee15db12b8e823777ba23e55
3BBgV8TGjk9mPd2GusNf6cmEi55Ltdhti3,1131250,6824f80156374b99b8050ea90240d9e0d8b48cba
3BMEXj95wFyXHtWqfkPitxaovuXBmsagAz,1131249,69f3764a6f5acb435b0ad9978c28650e43e0abd7
1MbZJC7tFiPw8oyisdqBr1FwT9XTqMy8KS,1131249,e1eb9e3938f0669ab6aaa35fc67fd3ab3b7042b7
15ULPdaL8tbdF5mncfviFgUdgv26Rqr2qA,1131247,310beb93115345344a4a69f3f935a26f755b7f59
1G3WJdBn7t3thSFgKHmehFxKxAWtdacHiT,1131247,a5032e28dab1e4866e689f87e181f4e2b2aef4fc
1F4iL2tqwEnsv1AmweVmDxYXMMFuYz3bcp,1131246,9a4582031a2bb126f56464ca20051a8e2ca9763e
3C6EGciUqWCrbJP8CpFzpzXGQAu1QNbqxN,1131245,72152185f750de42e1a58d002234fa9bb4059b55
3BMEX7kvL3YzGuY36eD3F1ofUcLdPnxtw6,1131245,69f3740b0944c57ae1edb9604c25bcd43fa6a13f
1Pr664vW6Pu9nSCvUvPWn38aKDqadhUVs8,1131244,fa9b656689126b92b0bfe1b229fcbc343db5a53d
1e5Sju6nw4Pi41c94tRrAEyGeSWvCsCGq,1131244,0703199e59b55d7ea5126bed42b889d1f6fb314f
3J7AxSyha5a25GJ4RG8FsnCx9VyXqdimnT,1131243,b413892e3dbafae46c67cd326e7f50db4ade4dad
1HSXY2iiD3VUohWUZh8gHxczqhbwLwyAzR,1131243,b455e6a252e624ef45087388d59bb3aa1336eb8d
1AQ2php3kAXHvAu77AdJMK2kdK6ov9ZfFg,1131242,67143872d13de3dbbab8de29bbd08cf1ee8c69e3
3KkL3Q9PbZLo2LEBb2gtceeVLJHeCe7xJ7,1131242,c612a2e55e63de0a82ea9e8d016577bb00c17019
13Sk7q2dfW9AT1QKSJFc4UNrKCZgRdokbA,1131240,1acea4bae5e1d1681b2c417005bc1617cb966de3
bc1qqefd3m7r3awnfc2jrmxkzqrgtnmrk4j5czqh5n,1131240,20640e4827ba4f42335222be50f957ca2b10bb1f9a98f43f3742
16BkDSDR2GFJ3JnP9J65ihpff2Jnt1dw2R,1131240,38e0dcb2381e13ba22fece6670ce982713c33402
1Bqw2ezVLM2BedQTeQWFkdsinfBfxhzvRR,1131240,76f2532307f8267a13207693e69f6a35c569481d
1AE641Zg9tjTmkBerfX8j9BfdMMjs5hB8C,1131239,6532c1b4bb5d8163234a1ce02c29b12dcd9ae565
1N2NaFQ715tUzgaYApyUfmUy7A3vTAZsTh,1131239,e69d10dc2e1ab65a64c4bbc795f4727b62e08669
1MGuEaN8K2DUuXcoP8BzCbQ2Hjji895vAw,1131239,de645b9f1a9cedbd51d9a528f1db1791f1260daa
13sTgx5TxCj7NiwsFSoXE5yn61cNNPRHUP,1131238,1f7b540dafc945eb2332f5d2d431acc1844e7872
12LAyM5E6CPfP8y1TFuFhnwCTuN4F1t82Z,1131238,0e985a534d939ecaafeb23e124e8dca15f98b3e9
1P23SsUuTBZJquRNWSzVeJdBKVnZmghnYm,1131238,f185399d5421d1d634435279edc06f27ff86721c
1Ds2xRa9h4Y4KTbD8cXLD4cUAKPffT2MxC,1131238,8d17f09f4f56cc78b6f3c3976807835882ee8ad3
1DoM6eLDfKWP4x7yrbsodpcdKc59DzKjE3,1131238,8c656b873d3bfee42f3053d98bd1094d3df64fef
33mcmZUwwL8ewUb6vesLhhSEBeSHFS9sdG,1131238,16cf00ae31e908a750ca7f477a70ee374146edd9
1Fej3PS9YR1xoWmT7H3tdr2HHzcbeWY7GQ,1131238,a0b43ee9252a3f91dcd6e7ec668599cc2fc78a6a
1DrKCRTadamdG3RshKPPbZrBMMH2T2eG6j,1131238,8cf514e139bfe1a49a6aa8a7072dc2b338a3fb74
14ULHEpcGBe2UdHZn9ZS1BQQvDdG2XvqWp,1131238,2613b3d25b52ca271adbdc9ba096cf0195b2a0d2
1C8J1i3Pioq2jnumfPdUFT7XmX5q2HEASt,1131238,7a0a7f159dbbf4ae91e949eb876619910f0e43c5
1JhccFjBgYpkDATEzn7Sb2SgzhrLV1zoGB,1131238,c228802eace7e44ca863cfaa8b14e12d18d4aea0
15DGMHAVyBU39dfurJJekFqWsxLP8epbDD,1131238,2e324ed2d4ea36564a654acbcc3e7f12e668d1a3
1EVHeVuTWVvBUtdFvwYipfSx5AeFufBqbk,1131238,93f32d8d48e267211938640197faa29a734c6ee9
37skmRe9ADCzYCLLrmzsjUZuKPVATc3akh,1131237,43d8ad7c8ca3d27143220900fe3c2cd28da9fb8a
3QJ7zo8TtEjr9EbuQyi22MingcMCmJ7Kje,1131236,f7f66549acbdd43133f0356fcfecbe3c52509d47
34SsbvEPsaNFUvduSLQm2UgWduZTGG5sJZ,1131236,1e3b9b964dafed21130d227f668a4d7d85fba0db
1EfJQUfvaQ5Swgo4GxFyaTuKjFnCTDknJt,1131236,95d7f873942a9785cb0a06509b0b1ca8510776ed
12Yd5DU5rQKYAzQtneRNn1MZbWwybZfpR8,1131235,10f321eebb1bc31b861f5fdc25e8b918f6f02bca
34dtypCLRhsaR82zn3nTQkmGvYfWFiDPPT,1131234,2051554edb1bcaa32c34fbd72607a126a54e5e59
3Cy69tsQRhqFiiDQ5VRb7qvvJrcKt2MC3b,1131233,7bb391f89d595000eb8dda5ca78443262173060a
3Ac1cth5QuCgNL2XSHg7J2bAn9LBPZ8VSr,1131233,61c6cc56805beaaa20fb74abde5667697d8080a7
3QMsbjybQEXCe38B7ohL8deWsW6JjJ2Nr4,1131232,f8ac0a847bbc8b1d9bd5701ccae27f91792c6e13
126fRLFY1uiABfrqx2bQNLnmG7Y8LUj9j7,1131232,0c0a46ce8e4ed74e72600cfdb113754a28fef504
1Cvq45pBxyvKP8K4fzFJKuFcxTMNvMtgMo,1131232,82d78ad775cb52ee3e3ed83c4f2f970618c5e075
1GpCv9esNufnYk6NQGUq1rWy3BRKoJfgCa,1131230,ad77625da7fc54344c6153a211860991b2d9916f
31pjMR6GKeXSabnfN2fTSi5FzGYSuPU9gk,1131229,01757eaa0cdc02aec9a09f050841d29d5b6ecfd1
1Lh82Biz1dtuBFBDfdoakuDEJmDFdn68CB,1131228,d800e38351ade0cc56825f66411c5c7900aff581
1Mk15gYZDdDwrpuuYi76s9QizG2dMJqo4s,1131227,e384782b8ee45801d595b1efb6ff30cc2f700d92
1Bbb71TaSNtiJw1MeTjt1UjUN66U5MCSVT,1131226,743bde6830445ae9c22757d2efcf014fa2f1eca2
3Kr248uE8xfgRxhJJtVsqaofBcstdbMcMu,1131226,c7261df6f3878f8072c07187e33493a8a2cdb22e
3Jwma2ZGf9kHGNo3Tz2dQFo8u4c9gYVH9j,1131224,bd44655758fe3899207b2e82cbac104ed7dc47c3
37JpCK6asjeMpTjdmud3nxSgkZLuESiBbY,1131224,3d9dd03b1f97aecb36ea2d022146e4eac458f470
3BMEXrjGGfuVrgH8phJ4Pqm8ixqnojoPSp,1131223,69f376c5dad6775759cb8ae81a9fafb3b2223e96
3BMEXDXemrmhRMQgULMbdd5uf9MbvdSuCa,1131223,69f37468e3eebaae360fabebe5a7dc924b357d9d
1L11BSeZXAUCHLXy7jJU9fwQjzBb8aMCf8,1131222,d06a8a493a5e75a09f37c66a331a009b75bba0cd
37JtLoe9sgennYySJL1b86xvPUe2GUgdH6,1131222,3da1464fdd5342d158f2e8b49543b0441623f7ae
1MGXr9e5bY2md6AFUxHM6o3AjWmqjSpp1M,1131222,de5281558c10e15db09228c523d8cae968380f72
37YPWT6qWv9YaXgEFQTuUFv7VBWdbT3Ls4,1131221,402f076a6511314013fbb0de312813fdc32b4bc5
14GgpREAJPVShGqugsMheLLQdD9siDJVpB,1131221,23dfdad3aa466e4f73782b0d51590e2b5980f7f0
3Qvf2LJiWvU9RcW5jQMSAiEgtY1wfnmcDi,1131220,fedf45188505b4cc302adb1ba6bac153393c8061
3FMw5QcUUKR73u1W4UTQ3ZrEysPCCUGwoz,1131220,95f5cfbd823b1c054cf2b5ed22dd35561a39cc0b
1P4kxS2hLSswU615fjvbEyLSvvwVQ6n1mD,1131220,f208b51f8a7f3569aa00d9803d54f278b2330f0d
1NsWFGsB2gtmrLCm5YVWQniQNJpEGEP7KS,1131219,efe7da5b930810f324a1b8b8e13d041b3f5b2d77
bc1qh5ntjsremskesu8nkma3nkxs89rt6gekmac6cj,1131219,2063ffebd10a818279d27e34b30beb660e1efff46b15163e3e7d
1AdcVYteEx8ZRdojmJh71UQjecmMRePvwV,1131218,69a5bbee7169d6ea05770f6ac808475aaa210e5c
14tdpz1HweaJXMBWnb23u4HfoFXPs19Frr,1131218,2aac55519bba6fffcac2fdaf0d9eedda3f57f3ef
16yPy8JKVnSquYgNnbagge6av91duggaQ3,1131218,418318618de7e39ac55afc35d40fd57540ad3d6c
3Fb4MuubRJvPRuTmXhv9oiTjgSoz6qJQ4K,1131217,98714cc2707b38fb53583ffc71858b712f41d6ca
1KP2QM6sKgCWb4UXVtZ1pDd5Eh91CTHkcA,1131217,c99c9606968737ae2f8686d4fcb121f99fc2a957
19bYJduMjBgatm9nQdPDKBQFqvGc1S9vwF,1131216,5e4947c172680c95a708116b5ee646539d12c035
1L2pRmLBo8n2QXxYGkE1Prp8sHTccNeK1Y,1131213,d0c2655964fc8e06643cbc60ad01b4808d6b951b
16kyjvgBqCNVFiotedKSRAgc1VE1ie45FE,1131213,3f29e128483a45d2de0b2825cd11996fe253ab93
1BfgPwWyKbanVTUJdNNH2Sq8RxKgX52o4n,1131212,7501f33a30519734b71a100973c7d803c46b876b
3JnYo4Qcd4Uf9jjKyDX9JTc3DEAZAzxc4F,1131212,bb85fce7f94e0d8212cc2bf0ea26d43fd770dc3f
1PxD3c8227yg25MSETnMDkRV8gEoVdH4EE,1131212,fbc3b321f510c7cf9ed6310a5f477c4e86e5297a
15guDts53hvxudYYXSRMF5WYrnChvpBEuw,1131211,336c51923266bca0a404867217b9d4afe3a16658
35FPEWXFR2G1fMPFWHCNXWNRPosBv4D4n7,1131211,27077a03c58c4b09803f5fba488b76b8238ae77e
bc1q6uhsyy9e4u27ynzpfyw69ukwayf3rkk7ckj9s7,1131210,2063c6a28195b5837a632ab85369b6a27567f494fadab191a6f8
13aRurrAw7em84uH2qhJ6ScMvEfXKqUQEQ,1131210,1c42c5f513b01bd7f5565d8f1c4d13c81d726989
12s2ZMpvRUU6rBzMbuCtL2qSGNxUA2RVYg,1131210,146e396f5831637edf8071418ae8c74d366faa5e
33M1e3cTSVfczX6ctwLdjMmYXkDKUUaUcm,1131209,1227b1e4264a33ace354a1576762a8828b7cc53e
33x5muf8CsRRkvNSkWqGkBSQeLWLY5Yyx3,1131209,18c9b4abdadb978e05294b51bb096bd7c0ca49a8
1QCK8XkM5UB5juojNWcjDPM7co59dmdWx3,1131208,fe6e9a45b7dd43f4b3b401025a22b8d20d07c569
14br6XtXQqkcgPVohik7poBuFfcQh1KSjT,1131208,277f80b8be697c5dedd4e81d626748f16449dec5
185Xq9UQ1WvUzh16iXFcgRr4UDyMArRgQD,1131208,4da447aeab7cb389fa0f979b0b01fef485dd4cf1
1JcK46pacd2fksY2kztXsNQf1Vzbpt9sSS,1131207,c127c46a997450e639034b621682e466628737fa
18srVUBN62v1Q7yxa9NvPdnPGHLkbPwpzv,1131206,5666fdcf7678bbbef14dca046ba4b9fb6140a351
1HiKNuwWGyw4RpkrtBVTDoh8T7Gtg8w6Mr,1131206,b7526872479b3309411c087489d2cc567b15c136
1KhRdSwKuCMkFxZ9ereTqQbwvpGTsDiSop,1131206,cd177619e000af028e9cde71e6e0cc5d5267a9c4
15eBNJ2Mcpk9dSUaL27eEDUrXnr3bCRGJU,1131206,32e88c3a560df50881ed3415279b8c89e5ef30d9
1K96rj5p5133mHxjKuyNBgLqapjk15P9cU,1131205,c6fa7b33f13e4645e640c17f6f6b3605fa8f4a96
3BMEXc1gGHWDJUbkdxiAm5ph3ax7LNtjEC,1131205,69f375d685650ce9f676eed7f89c5b27d6050bd9
3AzQHsBtoiSy36LJh2oyHNLL4udU2KfiV2,1131204,6602dffd537f1d8c20746fde64e625e7b5754551
3D5MAFSrAjGRtrck8SVmeUjrhs8xKaLZry,1131204,7ce297aa899a85dd2090caf061491a000b0f5b0d
3CLWXt2b6XCrSPhwMc9ukoRgj4VEezHafa,1131204,74c887bd0884400f7c66c295bdec96c1239d4f79
39mYRh79j3NiTUz6cyFn96ZH6GQ5VoofZ7,1131204,589c21e334f16143a53d30072b062d75a3403fb4
1MqyneBorNFoBkDmEeBfDRr7DQmyMkhKiK,1131204,e4a5e29aa09c78af3aef3784ec4f9b603d54927d
1Q4LsFsBsLbiyLMkBDzm4VgTJ2ubvjkEX7,1131204,fcecb980c671e23000cce3aed4caa55bc3e0fca1
3N5V9rjTbqEbdUHRB1HKpXdZo1NX8uKM2Z,1131203,dfa2659d0876b8aae3a2792c8e42ead280021625
3DRs8ZXSDTN7brSR7ruLSmtKY639GMbwq8,1131203,80c3ee1c7aa28746de094b79bbfc1af459638563
3JvNprnXMDCTDup11jpCXuySK4vUE9xS6c,1131203,bd00fe7233dfc38e694db88c108c1832dec77d5b
15F4CUjm8JD3devs2vXBPBS9dm5xFEqi59,1131202,2e88fefea4d53d86768a89a4f0b22ab144123365
1Lsbk8T7M4MPesPDYNz5jtPv3PtATjZYhG,1131202,d9fc30c2d5abbab49df7235fb16b7d2eb0671f85
3LnYBLeJhp8koa9DHr5B9VYmxmVg3MZrdD,1131202,d175b9b2dc6205e40beb0f7da2b072ebace98d4e
1JHqM7F2YvCYSNa9WmH8jASo7CbiR6h4aM,1131202,bda926c8251a9899528d41dab51935bf274c5e17
343dRpwvL5GnFgp3DmS6g5L6Q7d8zC9h7y,1131202,19d635738fdab13eb091de2e90a051f3d501a0d5
38CRy6fRX4vLcGVuXEV7Hs8xa9z7Sk3mdC,1131201,4760e37841cef951bd556bb2fed255074b28599a
1GpyjfJGDCsnuBFtRikPiWZvqU5v27w1fT,1131200,ad9ccc21be1fce8efadf62a352d57252adb118b7
1GBmVmCSEznvJGgExoxrH9tHiCPRnF3KJV,1131200,a693308ec9904cc7cd95917e4af90c486ef52bc0
18Bb7nhtA7RFmQv79b2y5PKpwFArN69v1R,1131200,4ec985029633f8377484dbec0b583cc8761a36bb
15YcAprCvkx53Rjta6pC75W1m47qH5vx4h,1131200,31dac1819c79149473da6c9406e93f9c460fe1e6
12r1283DsC6QUXTCnmMy9fLbuGiU7kWTP9,1131200,143c862829df89f004f3138397cfe814105e7351
1CaffecAwh357t4ZU6kK9F9Ejg2LXvhz1Q,1131200,7f07632cff6b541fd89f016ba59455777d0810c9
3EoWvSewoSuh7PwxkCadB8UAuw6RTDz21j,1131200,8fd45665e92a234357c4a683bd3f2ca6fd2e8d1c
1MA3ugFPJY8Fok8iTsje2hhoGJamecH2ux,1131200,dd18afde9b182ed35f3be151592210ec5e905523
1SSF9C8NPneoqujnGsGuDw7bAaS9rNTrJ,1131200,04cf78b58638e864a5897f0f3dbd4708a483c973
1FdLihKYZSqqdWJ3G7QHi1UxSC4GjH3ZL6,1131200,a071323308b6c78bf3855380bbb7ebddc316122a
1K6nLXcYaLA5TUvCZ6zHYAutJZ1EvMMmrk,1131200,c68a306756c846b1c305b44f584cd2410c382c8b
1A8666LdGNcS1bY3PbaH3UjVd1pKhARdZi,1131200,64104a75fde79c1edf2a53fcf3d670e7584120c1
1ENBDywGVE34UKxfR9zizrr4BadyuFtWDf,1131200,929ae7a12d34be712235a2641359aa35b6cb055f
1FcmTBThGVt7RjmXUL9KVNg8R8Ltb6WMkx,1131200,a0556d0022e9f707afbb6472f10c1901681fbb3f
1AStVPBigqtRDgF5DoNuN8Mr4kLtUEZoVR,1131200,679e832294ec4f443f18c231ced2105c672374ee
1F9bjiVC2jXadzPteBeEj62jHVXqirdfwm,1131200,9b3215d079cfadfcbe80a6ede6622972c0d8c749
bc1q4rzy5yw5pgprqrruzq78yqz3f58r4qudv5je6h,1131200,2063c33436c228bd873136b4dcfd4165c739a031fb6ecb058fda
1DsvnFyNQwmykzLhZbL7uVya9iULUV6Ydy,1131198,8d4333774acaaeef042e8d560fc3ce15e21c9881
1K8j7SPU326KXz8XAFFifZuTZ4GvWXPSky,1131198,c6e8540d5d409dd0b32e81d88390230f208a37c6
1PPByfTLPsfyVogjZCBRZExRbLoTrHWJmo,1131198,f58514dd045bf593777098555ea441cecdab58bd
1CpvJMHi1trzQwHia82JjADNBwXzjvibEH,1131197,81b96cfad5b30cc61ad572f3d08cc75939cab1e4
19NcVAQ1uZjq9Lyuip5kCxVAifQoLW79UA,1131197,5bd75d02336d9b276c274853ce1f8c4f332d0af8
15jA8EfFvouAUWWKwT7cmw2mQC1qogArpg,1131197,33d9972a3acc89286ddbf1b551f8163d6c92be9f
12TS7euiGuJvLxftiMucBRRY5vD6RZf7z7,1131195,0ff7e7cee12ad151b70cc2a6d05a6e7c60655acd
1DEyv4Ztv5LnX76Nu8cCb2P6GsdnwCo15y,1131195,86466d52361d77aabbb0d860ad60089a1acd5f94
3Nq7bYGeuWkHVrrYt7d5NuMXRFjztPxpjj,1131195,e7e2b445e5221a55751f26e6c08de704468769bf
1EWyPREvz8m4bHSa2QvBihUuYccxmN8bnj,1131194,9444c465884b9ed8b3bf5cd873406b47d46e19cb
14WyVXCVrSWcxFkNAEdqo8K8VzME1deDJk,1131193,269398e014e1c8c06e249988dbd64c414fe445ec
19du1juzTJshYyuV75g7v22N3wknUNYF3m,1131192,5ebb662213043bd602949a380248c30401a10fab
3BMEXEze3vZDd9So3q2fdYr3uT9UayeW95,1131190,69f37480b83d675e39bc8e565c3c98f0835471c6
16EWGWF3p7ywQ644QMuLLLU1FThLU1iHoS,1131188,396677b107bc5982559c0cb04339ead44d6d8359
1Cmb98LeSHcDkncHJc84zu76yFf4KfGpaG,1131188,81182f469a8943f1eb749866cbb57cf3e6214d03
3BMEXBA8jfNpZhqDQQwHuE142rbmFa11i9,1131186,69f37442550e74fd8735b31d555070aee5641022
12vJsP4HWTLFv7SGRwhieKpsPBXshdnopQ,1131186,150d1675dfe926149dcb0c58ffdf026db1a3bca8
3PU3wHgzTHeenh5YJumwNHJ8iJjD645PGg,1131186,eedf0a3bd3e26cdada1abceccf4053b83b3d7885
1LhskqKNPhxSnRfQjECdTwGLZ24CkFFaRY,1131185,d82565a9de722562d8b6f346a3f66a1128d36f10
1AfYyz6m5JVMxoM6nT3uM9eLcss14uQsAE,1131185,6a03a2e0aeda9db909a79218b0b6735467822ba8
3C8RkZdbs77pKQN7guM5FdStpgSXoAv999,1131185,727f8c248f6b963b154ce0bba33c7d317faae21a
1ywmexrUW8TuBeRyMK4itYdcLQEp2Ttn5,1131184,0ac503731ac106cbd89a04c470e8321573086f94
1E4YtS6UHGwqq8DmpUcn2W2g9jRSKzGxYL,1131184,8f4580350f34b9b2af50aac29659344d2f8028a7
1pK43gZGZCwL8gEXkMDoycuhoq9h7iVog,1131183,08f29ea4022a455c6e7f5da3d2135f7d5b0ebc74
19q2EiPd2RzCcvZt1Qd2bZFiFmsBQzxHg9,1131183,60d6012b37a3495665efa24a2d3b969a4139887a
16Ay4h4VmYRcqi3oVJAXBEPSzEUUgMrgzH,1131182,38bb2c1148a13162e111891da228a0ba53a54739
1GfGvUtYLi7ycaqBDL52QYgQkt5YLcXwYY,1131182,abc6fc01051468afa87c7f5e5e2c39c3b9b1cceb
1LGPjxAqyzVNPR2y3ifZupzeoETo82TPCy,1131182,d3539cb6c3550b7238b0be3fdf47ff5221919540
1G51AxgoJxCTcjvYnaoCRTjTkgBHinhUwS,1131181,a54bb1a6eedcb6f80bef77e7a197db8144e2e843
13vKwJ3RRRAF34xqcvsVcb56hSf3N9JJSp,1131181,20061ac7427b34ffd584bd227aaec89fde3623d8
1KEmQm8StiFTs7CbDR9SM12aZYJQ3va2TZ,1131180,c80cbe3116343ff5b9d514e613e2176c99f9b8b1
32HpWU4F4znHhE4RK8wAasjGxAVekefhse,1131179,069507a17814ea67270d06e585b9ee8beb59130c
1DMENpVxrw4XLqij7SyTroVAWNh1FJXem,1131179,0255e1144acc4741bf56c93499b0aeb9162739af
3Ed67ZqdhY3tQ7Uiba5mGerbuhLEByVnU9,1131178,8ddb7811fd527e048a22f55f771d998b1a626512
33zii2JPHdBqc2neW4SKJQBZtdCVQ984Kw,1131178,19495e27c33cc578b199110744747b21273cb7d0
1GDLVzdLZLgeXrZjepYphzYFucLRsYFtQy,1131178,a6df27eeadf8094e260ceb9e6d3b7ef367971ab6
1NLLuUedDs9Qx6SuUCwLUsAD1ztwW2F7jd,1131178,ea03290feb685a6e2735ae0524cb8f08dc831589
1CMz316Qr4fm8tDk7eT1SDu6x7Pp9yYKDq,1131177,7ca15018300b7e831fad85aa6a36b9b1cb21b6ea
19D2gteSexzC8oe99vuVZw7rw6QLkUU4LM,1131176,5a07681cb417a072e71e61961bb014c7d0b29167
3BMEXLTaxdunemHP4v9GjDgZBKmi4mcT3N,1131175,69f374d9964f2a0dccf84f82a78c94b5d0d4bd36
3PtzoeQ9owgUqHJtn8w6RuEyevYpf3v7Db,1131175,f396d32291407ac264ca77efa6906304da65135a
16cofxUvYUFuemPUSRKgRGru8fqC688A35,1131174,3d9e25aa054589410a60e75dae8ac17c1de87d93
1EiRWAdez5HqyhR6Q7xiUEaSogzJK2VfwJ,1131172,966f24c1d54435d9534ad9302e984289998bd7ba
1EbutSx5GMAurSBRoi9xFevU1hYMfZ537m,1131172,9533ecfe3f5c0daf22e4dff56b8c5c6578cb069b
1MctPw6f7JBWhfycgAYeDM8qCY6mdVaUoK,1131172,e22bfa1ffc67602784db2756c4048fb1e739deea
18Fbu9KTvXkpF8Q6EeYuJFhFJvQew6JKBp,1131170,4f8bd6108ce73811cf08ddf66fb159f39792c8e7
39EASUyvmyrNYTtSn4TfB92ekVEM83FyoU,1131168,52ace25f461a643c02b676d9be12c9f0063e9857
1NUDYmCVbmc7VqfkWR9J9wssp4DTVDUdYD,1131168,eb8058be5890d8c92b869c7578967ed6a09c1726
3BMEXi214cGuernU6tcL4eJgwNBaQCtgjV,1131167,69f376382fb2d2afd9fa076a7d6e89e0c190f41c
1J9umNLZDqMPy9WvxHfd9hoNtCvwVzTmSZ,1131167,bc298311e6e3d279646bfb303d7e6af85bef7cd4
18PfUPQ7M6KQYoKjHkKUJ2hucZipB7gXCs,1131165,511225879e730f6a8538ae990aad7aae50c1b2bf
33MpjXZmgC1oyNHqXVS4b7JbY7XrpdMM2r,1131164,124f01e5a2686e5e304590003cec55047abd1ba2
3Eh5MCX1tZYiZXmv4hkRdzbzEX4yrX5EUe,1131164,8e9c7e8b837ede71e6c0ccef6ca0cb8d4ca20b8c
3KLyN445CJ9AqG4v1MAanNkNNa36Eqa44u,1131164,c1a7cec848b7c47f99000c86d9981f206b19ee4d
1BiyHocr8DcfTRY96baSbDRWrJgoNBm9Zn,1131164,75a14cf1b391b148eb6098e0bfd2023c0ece1acb
1P2gG6Cp63hdkqFyqmD3UfmKj4jqqkX7jv,1131164,f1a3f4b8a34036067b226b4e096e01162177a57a
3NmbnL1s2WVqXjtr9Y6gyG4ZP1P7UrP4TS,1131163,e738919fa87c457f5eed7a4b023c471b98f1742f
1JzYdWJPb3s3ko5Zccq1xzndwPrAzRaeXR,1131161,c55c40441ba450b4060567f45cdad3e00b9f5abb
16EeuRzFwVgG1un7pbGGFFSrUUtaPQVmrM,1131160,396dad54841f70955c5de7e3834feef26358cf19
1AnwFE3FaBa3jpWBbNyw3ZDFfKkkCMzGH4,1131160,6b6921ca4f920286bfdae43f5166fccd38905a4e
13XypFYSQpoFgj28MLb1jkNbkEzWzz1S8C,1131160,1bcc282bbd78ab559f105df6093e8f100a7a4fbd
1LePaxd63GHqSZzBoNUN6q6NcJ1TDyDoBv,1131160,d77ca24787de4492edd086b114643d871a820044
1A5zMmEFczw7Q4UUkkHDHXwbLETCjHy8mz,1131160,63aaad099780cc6520ed1997720968f1b9d81a8f
3DZ3sqWBdK5MEwLXVniXJosYXsPQCa4Zee,1131158,821fcff1055f555eff1b173db33aef78a2a5a309
15Wk5jqyC1EsByoYo2ixYwYSzDnNZDA4e1,1131158,31808760c6e17093d6ea39421003b9497cead5f8
1PcyF9i8BT5P717hA24sdZXW88KT5bL8wF,1131156,f82046a854385615ebdc4bdef8e7ff7cc1d94c4a
3PvVxQj48FF8HLSFSaon6x7zoijBVLK8b9,1131156,f3df9327df2db93306c808f1b7530e981066e824
1LdEPpxnnf8Re22QJ3QrxE5doyYrFQNrea,1131156,d7448b7ecbb7174cac14e6d5898f4c0ce3b39dec
165xhDW9HuYJw79AcoBkSNiTXR16UKwUSZ,1131156,37c8c8832bcdc7d89ebaeb034784b416f7ac1e94
15hzHgeFCgM55KN2V27zyyUwnY6wS7HRSu,1131156,33a0f68249e77e0cb55f98f046a1973b0d7f09a3
1JUmRD7Z4MAYQe781R4xPKQcKDssrjZNWQ,1131155,bfba7272e5f61fa8e150cda7a4b5322070567b8f
1LgUoBZfdQ7JUnYXZ3h1tPv9xcgR69JBWg,1131155,d7e1d0c70adc7f9149c0c3961ef2ad2eaf0a4a63
1Q8nPYoVvQawDwGsAS8cieewdKioapQXAJ,1131154,fdc3b18219fabe5290d273fa5c3da446d3c93603
17SwzGYx1HX2hKD64CcK9V2tEUgmZvXV5Z,1131154,46b90e0e0af2f3043e6e263caa10c5b9c8f743b7
3KU9Sv5GhuLLL3qbobsueb7CNz4S3cC8pp,1131152,c3032314e56e0b066771287716d094e46da70b40
1G2GbQ9LJY91kZWHkANUYzw8u8s32eTdqf,1131152,a4c751b53d0ae9e92d1161eae4a5d116e6d35854
14z5A92CV4mnzrMvdndQ9rN2CGWV27qywE,1131151,2bb38ec72ff62870d2ea649b8c799bf7594b6b3b
32RXPbs7vQ7H6AGsbKbLHbBkRvCzAwLEbR,1131151,080a115bd43e73187118e203f73db22c88cefde0
3KFkwuFZEBu5Nt6yxAvbXWSkhk1FCA7rvp,1131150,c0ab5cfd27c93ad7fcef2e5df4993c2aaf1e7427
3GSs71SPM4seRyVBCgb2efNQFxHkN5Q5vf,1131150,a1dcb37a04354bc983efc22c74cc5ea0e526cef9
1AUp9R3eKr98L9SZpZEGzQuHJr3nhfxnH7,1131149,67fbb7be9dc489747b34a4dda6597360530b357c
3QHQcu28giWFQqk2Fd9nVYVE8a1Js1Tb1D,1131148,f7d3dafc0c583e2ac714e37531b8f69e597d5c02
1EXVUTzsCwKPmb45Kn7WmPQ2i3A9TQw2RX,1131148,945de1ef677d0f4859f74d3e7b256f26dc4040a4
1JkwQQxGQioiahRLPPawTZefW6QreFga4Y,1131147,c2c97046c04dea6b6ddd3a012994907ee386df65
3CDavUDJuvZPPq6eA4iAGwD6cHCTsuDBXX,1131147,7379485b43fa376bc79b6a8be6571856f8598927
1A1Fmpam6rukp1Wo2qm3Qt6wp5DKfe7RjH,1131146,62c576b77dc1783f64d247d59f2dcb817332f5a9
1PtUTUnEP3DCTKQPR5yPJeSfukkSdhSyzy,1131146,fb0ee69e680824062b24164af34e642b24c635af
35hSMDf862dwt6M2Y9ivhPbSyL2JcPTu5j,1131145,2bf4e478696e5f67a99ae2601ff68217ff127d5b
1Dke1ydRLBYbtWun9hXi7t74BLGAMosMM4,1131144,8be24bbd6667750d45c5da58648373817a0dedb1
1Fem61EiQ84ZZ5gJbrEn8A5LKip5rnQFw7,1131144,a0b5f3f33813764c54fee63694cc708f5c6d9f90
15FYxM5LvGibgizDnddrS1kXTQ2KGNo4Ev,1131144,2ea1002b34d2cf5e52f11f856d13b9ed9ba7e780
17qrZnQrzFov6srCH52bMxZcy4xCrcbcEB,1131144,4b0e1888897ba31bb8c8824012a0d96ae23f3a00
1KJtzuoFgJE6zjPnvAQiot1usbJeR1JjKv,1131142,c8d4bdd84837421032cd74d667e8d1e7e42cc4a9
17o61o6rQ1XctDhFogdkuXWLcdrEhs1ZDW,1131142,4a8812fd18f9297698db06f6717c9244588a1d9c
3BMEXrKsQwXiu46qbRAfgY6Mc6vuitBkNP,1131142,69f376bf4ba2fcd21cbb75de31966d9ec63ae7c0
1KFHFhfLdVKSbBL1fK7AWLeMUJLisR8Poc,1131141,c825a7c0a98627369c2c752e77cf9f636f90c9e4
3D33LrdK69jDoJK7dLLn8YUrUNNdPx6dma,1131141,7c72e335573c55c4ea1e3e0a3a33384ced37a219
1CnvhdE5RN9yPx8i3mpTK23G4SBVdrwiUX,1131141,8158edc31b511caf2cfa189c9d6f23cb612b3e46
1FTBHqH47KAoEHWjvifA1BV12yiSftMWhb,1131140,9e852a72f6a024d8e646a2f31b9556cc951148ab
3BMEXXcYQdNSLbWN2yHWkTDXHDPRCwkrXv,1131140,69f3758efc10df5b5db7cc71333560e957faa9a0
3BMEXVZ4Qnymo97pfLGhDCKRsBZuV1DEKW,1131140,69f3756d7bbc11d50d5a3e4ac0e7e58206b21670
12VkEYTYRTyvyBALA2ac6wuoPvdJdgDBPt,1131139,1067dcba00fdf9065ddbc801c8642b3527ec122d
1CmaE1QqSDSuSREjFi1NNMbg95MwdLWqdP,1131139,81176b8f56a4ccd46bc9989ba422378271a496d3
3K5YZPWRefiGJ7D1LNNwrXRqfQAULS4dgu,1131138,bebcdccd8b6bdcafe756912c6984780e3c9f2ff3
17LVcGqkQgniZAYPnpHSLACHwsrdx3iDBf,1131138,458089f2f6a164d0adfffb1f3ed882a6c1b9c52e
1Q2mT6ySrdKYvnPYGXkPiUEzjN1RYCwmZz,1131137,fca069fd6a4d0d89d3cf8ef517f18b7c7a7d11cc
1DHK3CVBVzkpLF9ckwV3HsbDTFo7vsuYR4,1131137,86b738d9b91291c633d74e325244c5e617199c0a
1zHgGHNggAdXVSKYNTZT6Aqkgj1UkiusL,1131136,0ad5a18c1fa2635452c1ceb6cf91cb9ed98b59f5
1KhQaN9aeu2T3uwM8voLqw55WC15u1P5mv,1131136,cd16950ba4f883b47bb398559ca8643cd5d15e9e
1MU6jsuJmckw8Ew3JkbjyeeLEFnHVZ1ATJ,1131136,e082899c85968ecd9c97143e1122c3f5f67988c6
12ML2akeqf26BTbJbhn8bW6ZFAAQezwBYF,1131135,0ed054042d7685284e7ed58b1f96e3c4d3d0e4fd
1GnWNagJy4K6FJW1kCSGvqmRTCFE8iptx6,1131134,ad251fa53b2715503694d118215409d27f4be6c5
19jHgLoGTwmpv4FVwo8xGqZXHYAaPmQ9PF,1131134,5fc06625670d51dc3296b1a23d9ea0f131a698ca
1Ers8fuzvHn1KcJUSv1SHGY7VN3rz338P6,1131134,9807dd992033fba08fa39c7cac273c7bd34826fb
16epEfzi8Z2FHFyoAXFAxzaEcyKF4jrcUi,1131130,3dff732d14672c10ee5b86909c2cb5dbeb59a2fd
15k2CfCGjYdPuZ1E6ES5tWAafwVABYqHd9,1131128,3403645cfcfdc1ddd92311d63a287a9e16be5745
1C9MX5CfvMsZh2BEbguGwBnEYoLoXkcm2x,1131127,7a3dd6dba46f4953ba012b5fb19d2381956b2ae0
1CiNJQhkCKArfGLpcd8FbDYhnw1T1VkYQM,1131125,807c37f13398525c77b9ffdd1f462cdf140d1aa2
3N2QZSMH7bbWi4Qs9Q9RGEQBXVszYq2CzZ,1131125,df0d508addc10c00e3616023bee9d724ac79e03c
1BieAXsqANuqm1f1t8b7AxshySBb6h47c3,1131125,759155e3e9ebac393c7212a4b22fc4d7fd5fd011
1AkAR62MttFjWA3FUVTJ5P9qaaaNqYGGia,1131125,6ae2e0bdce9220229c393ac65101ae8d48f0e343
1GokMFFxGEvM37K3DMsbBMzG4P7GJyWEEb,1131124,ad6134fc702aec765db391f61263aae613b27e41
15ocPRbiTtxfEcwCb1nVmazjHJo4WPWAuo,1131123,34b12d386fbee90b42bf214dae50905f8670f7db
3LuTdakqrzXSx8AmMTshYbEhijG2DRNgzy,1131121,d2c4d74ddf8e15d0053e17bae06dbb84bad3de48
3DMTM4pMJk4npHwjvDXZTtv8sgGWUYyc7v,1131121,7fee697cd300363639325fe771d50aad0fe0f23f
1DTUqRLqHpEZ5iBBCDZFyejnqdmZxhEWcd,1131120,88a38f4bdcbe20f15211c4c481b9a245b13a6674
1KAgELhCmY7kBDZHRchatzL9gR8pz6mfpX,1131119,c746c15c2553936bce3c21a0c44d79d961c9c8e3
1Gb2bHspcG7Vr1Lr1a54S1W5ajLbECX28n,1131119,aaf95b951da414140a2fd40c769ce78b42941e51
1BeBPckWLaq8UnL23TRwE6oiR8jA2TTh7,1131119,020331f885b2230bcbfecc47baacf0e99e7da9f8
3PrJCSAbz3q1twwvJ2ZS4N4aAHvDoefdCj,1131119,f31418821a213e2fe26a69cbf4d82b0923a7041e
13h8pZpQL2gwJYE72PTcMwVRCsDroyk1Cf,1131118,1d876afd774213ad84b86045761092d5c19292b3
12kmsQRRfvDmJydXwBvMPhp9yzy6TLTXQ8,1131117,133f77882fcdbf0e8e306d4de7b4abb7627c69a8
3BrF4TeRrk4y9gvSUmJ1NbYQTc3fm6LiRj,1131117,6f6ff79fef0947d2e689f46e613e193d568f46be
1FFuktVH1tKznyMnsdffBoKY65G9sT6kQU,1131117,9c639f9dbbe488f5d95584ba4281aa240bc9ef38
19FganTvqSEiNmP8tDVsKci1YZqXnj22S5,1131117,5a87df1c53c3360d750e8faac9a75e6ad42b3bda
1JumqsPeqpeBuJmkn8HevShbYYQWRQofLB,1131116,c47533766ee91a9375cd7ca1f7e8ae87fe34272c
1NKpMdTMExXV39Tf1CwSYtfAbsBKsj6JQt,1131116,e9e9a8c72e23faa4766b8127adb7e013a2fe7639
32hoDBjFYtM99ZwN79zEReyXtVkFxwp12s,1131116,0b1dededd992a19c323e9af2a8dc432ff4c19ede
1GVrQq9VEyk8Gfu9pBXDVVpupaPLXNTAvv,1131116,a9fec7a0e5bae6d86d06d549d2f28a06ef12731a
1EKNVgvmXyk6CcQ32phgYUyFNWmqJSD1cG,1131115,921310b856c684f29e9cfad9cdb2f0c5183ea75d
3BQypqfz24dwj3ogKiurxbz1jPTs1XKFWy,1131115,6aa8d9d0d09e724b2067779acf0b26576b022b63
124aGLW8xWpXagbaZgQjLE7uVsfVaSjD32,1131114,0ba524333f4d360689cbb2af9d1a60399a05a20f
33jj2bZaudgBXNjin95FaETGdQXPd6wVPt,1131113,1673654b8c0a389a41886aa142c59ce6556d4158
1BFbkt1Aw26ktYoDjy2Uu2QUBRaaaH8VX4,1131112,70741837d4b6b26c03e74ba1ef5dde3cbd9741dd
39p33UsCAZ8UvG32h4eZYLaFqYXZozHw7e,1131112,5914da4481f25effe3829a098a1a148c4e44f157
15fmCFw7CmBF53ghs7J2E5mCHSd2CJG4ve,1131111,3335337858defeef80b40a9a56ce5f38bcbbd512
3D5wqfxKhTbqR6LFVTZyoL5YSKUHzYt9Qf,1131111,7cff8aa65cc0ab22beab940a61f4fc9fc458d9bc
164TqMyr2SiZRqGDkEtpyF6BCy7ypCBEqF,1131110,378046cc14cffde708612e4cabcb58dd498c593b
367dPKEZmdAZ9YxP1UD7RgtMT7tG9Tinz6,1131110,3088168a89b8e9030a251735d84c0eb5fc299148
39wbARCCMfp5TwuXtBxjDQNyvKeFRsLtLD,1131108,5a829390f368454e3e408fc5d27e835297dcbbfd
113Zsr5jE16BwJLKEfVmQXjcNSTTnuTLc9,1131108,007c46a666ff2678cd9ac043979b12e18dd84061
1PrvmHZf3kMTLFCfGbv5JiBawQ8tmo2d35,1131108,fac407672243b3d777a46d81d0551f5722e73227
39btJ5mHVhpVFZorf3mRoeFtkN6UM5DcSU,1131107,56c88ef3286c7fb210a1306a91b9ad76eb633233
1J82Kicg9ocETvcSv22SnryVWFx6EqGf7J,1131107,bbce2779eb142183e545634fea8e6a289f40c09e
19nxqpEnimvFYxgEF2RtsMXsx1xpHpMEyE,1131106,607256bb3e25751e272e5d152a6c92890bc014fd
1KT8NvJXhLzMyYBkXCvjgWUYuGc3P7kKG1,1131106,ca633ce627292ae83a1a6e5f2ed02f982fa0010a
3Ht3CWHqV5nynE9pwERYzazJgVkQYDJDdk,1131105,b197a7117667263faa123c630a054b4a0f2d019e
3HFa37eAgcEYzfRfRJfGjjzkD5BCw4z21P,1131104,aab2011e54ea49461990ac4d1d00f41d72a7cad5
1AZ4EmS8w4a3ciioMobXATnxTnaDbMCHru,1131101,68c9252dec0578c4455e27ac34c30a6c8d74a004
3BMEXYAVETEPqk9ot9MbZitqzVSq6LSGpi,1131101,69f37597f10f2aee65b316fb655a236ae956df3f
3DiSeyrWERnVWjuSX1PfYMRme7UA5Xo2rQ,1131101,83e69201446f3bb989a734b135185d67eaa914ba
12QRySoos96bEbEUEWHpb6vNgt6qKhot9w,1131100,0f668a1ae89ca44d70d9502ca0fc727aef9fa8ea
134T8YtrZAgCHrjR2qEcteggdZus2KyKyT,1131100,16974fd37ecc2e5c32c1c682d409e2372ac6372f
1MZCG61fYZsFh1Eh8ytVT5d3UKSZQSEuiG,1131100,e17939d5de83ef9f2ae710fd61d60e5262547d49
19CiY7ZH23fwVZaxEtCvGkrs1MEQQm5htb,1131100,59f8413522b2d41967724c62c38dad9de5d4b5df
1CSksh6LNnuDB4t9wU5cj1sB1uqv6hGXZj,1131100,7d886825c2ac3c620d747010324861d7116aeaab
35rBuFdUHvZ6uFtqVpqrGZzmdvWwnA9dkB,1131100,2d9c9367423dd38954ecc6bb87c48bc0f965001a
1BNaDuXuExguW2U7Bv384r93Q1K5DCDFUk,1131100,71c5b9cd87132e2609b4dad7e5cdccb788192660
1GBHHFcDSijxof8yLABrSQML6BELxKkBQY,1131100,a67ba2eb6aeb006e75efb6c2f47bf67dcc57ef15
1Pd4FuUZzAFutQnn3WmnZUCioN6DbHc9cG,1131100,f82475ed900b3dcaf66278b95eac591735a538d1
37XYnWr5QgntCUz3G97gzAjHFuTD9omGCA,1131100,40065b669deb36e123642548f09abc205bf157f2
1GBqZk8rV8J4nzJgs5cjrs7V95NBQy8SUD,1131100,a69696052fff2f62699d88ec4ff77c16fcba2824
1J2ZhV4Bh3gVHXw9UdJo9jqRvhyQuaRKwZ,1131100,bac5d965039fc462a9c8401f0d60ad05ab31a474
3BMEXzAAGAQmygNdWf5nZ9nJEEj2vcWbES,1131100,69f3773eac15c8a9fdfcf9837e10f1bd50503b04
1LnFwcrxL6ykcPQW26dfjCbiQkhJ59Thtk,1131100,d8f994b3f5eff278f24577d1f61b52bf0b8c2d6b
3BMEXWDBSA8W3Pcxc8YuauLgqYtfPpztZW,1131100,69f375782c05e0db0140ec09fe03060171e45307
1CvhdaAuqL7LGEyXD6XGEfnfjZDx3FLYc4,1131100,82d158a54275c5a3b56e13afd525592db2492035
15bhGqwQ4KkAUH2x2FEQ9n6RTXBqVbW3pj,1131100,327043a18c1e2573af6b61b8210583b27fbc3bdd
1JP9sL9DpkbRVfs86vdNcRgwZzmf7mSP6o,1131099,beaab1216a58121c916991aca7f68efe0cc9d621
1MCLwT65DbjuprGNpVBcDvrUwGLrbDGqfM,1131099,dd87bc3dd3e5bb2ee35e8c1b2bb3193142cc9c66
37xKfxrokL2JNLGSdeUVs5pQm516Mf1aiv,1131096,44b5cf57d5e9e2d117efd22e138df29a3b76aad1
32N9VmC3Tvnke62m8ANAQjdxMfRAS4nb1x,1131096,07668b3e0b0bbe256afbd4b6b9a149df66b6b8d7
39Pj5TzBwgtW2T3s8wKE4NNEKsuicdtWt2,1131095,547bdf58c2c0f58ead093640721ce82da2b5b84b
3Gf1GtRCFEEVE3BXetJU6jATLvDZgG7PkB,1131095,a428834b47716ff6896ed12d6db71d697c4cd6c1
1DcV2RWtzkARGRHAnMPM7T7kG9vSV9z2NA,1131094,8a57763656b193b5f9e65d5e509263de63d1d2fb
1LLnDEyx5a6Cvt35jngK1RYRq9K2GAkGBL,1131094,d4280890519422c9702f89ac735a2ce192a47498
3C551aT7MWaxjsyz31zSvEN6amGymHo2c6,1131094,71dcfc581886570acbff4be0e9e7904721a436b4
36mWHCf5NixXwZ9hhjMvsyxAVihPYP9Fqm,1131092,37b1f69b4e022b37e29ba1f3247e097b58334593
1NL2KaC7wPdq6jBmNgytUVBkK95nsFC4rW,1131092,e9f3a5940efec2ac9bd16c4e1359699982115ae7
3Mt3GNhzC8TcSpQsDX9mknQVBc4M9a8sA7,1131092,dd7836207917e67a00ee1baaefc1ae7d97a363cc
16SxzpBbkgzjfnc3YkQmPEaKok7KvoAqAb,1131092,3bc1c58fc919c09f1828e16afb5ce4f685b8e850
1Npe4k74Tn3hn5xXvSoRCUPb134wzdoUic,1131091,ef5d21af4fb311ae07204f854b6d54de098b06b3
17VmV7UBev62tXdxHgwWjR1K37qL1BCpau,1131090,4741891b6f162fb99fc9d2d7ed327d66a62feeff
161SCp56hhXrN3E98SHhqLm8VjPoVKC1DC,1131090,36edaaf929b31f51249380199a57bb71078e6e4a
1A8NkY6yt46bMFhZEUfJrEfWb4apUqSQbo,1131090,641e334678e3f586d195901fd597c225600c6ca9
1C4gHdWr59yap9TEUquT2HZ7febNrEsQ2x,1131090,795b6d28f80af87a14c9dc02ee42e689ed796937
18ccwZvCsM1YCAdgxbMeApxeSLJ8mogNsa,1131089,538570e7a1ed07bde5afae0a181c93e39bdf8bc4
1Pf9yC28euky7iW3zJaHhMKFMSXnUm6kJz,1131088,f88a0f8104fe8b2e569d1b9f2d9169a4a7ce8a9a
3BBwj13ud5rRqz6me38QT1oJWTf4SgfLDv,1131088,6831b0967b1bd10ceaab0577e0073e49c838583a
1Ad8g2qKGrYqYrS3RD2QPv5H86npMqBzuS,1131088,698e8301822606397b0a19969512415897d02653
1N6vMiZiBi8sXQAXNgBkDULmNjvh8hswPh,1131087,e77942f8542ebc352d0ddf154adc7c4c799b9321
1BQRrNoRQeUx5ALXwugCiDdRWASbNp6PXY,1131086,721f91dd8244600d5bd9ffaea382e344716d5a54
bc1qguyguyygyreez24tm3pkznuccweh3u229atdwu,1131085,2063ffa3345cf3784e15d5da5a25d783339ed91d5cb5238fbe93
32JRrjEQDK5fBVfVZbWwsQfXPuEaGmPdEM,1131085,06b289b70de402ab1b44732027488ad6a5c6410e
1QEM7Wj3WtFz2a28iiFon9pfndd42vQnq,1131084,0464b55c35e56721398e4c7bd1cbceb139a42911
1LUkWmmwnnMSU9HNiQe8atbKgD1ATioN7s,1131084,d5a9f1a630099a27abab0fcdc10f19f1236ea571
38KxokstmHA9YU9hfCAyxpRkZynJtzuhip,1131084,48cd8b18782a55212a19f08964da589ae2791201
3GeRVoYT4mUEutt9J6nHpzCweGBgLs3ogj,1131083,a40c51261f6537fe56bbd2972c960077f49fe60f
3JAMcbBK563trt7BKd7ti35TujGBDyXWLZ,1131083,b4adae264f0b5ccf416bd900354b5d2df4625881
1HVmkFXKRtZrLk7wYCtrRtAv7PY2S3gnzh,1131082,b4f302e45a2d3e3bb3d3b89da8c2d2405193736c
15XTeB77PmikkwhPBj7oUVYq1LFfpcyG9X,1131081,31a3388132809b8345e4bac2e55ca27cc340df44
3BMEX8GEs7EuAJZQzrmNvWrDpS2Yf1vtXj,1131081,69f3741341cb53afa9ef31968de85f3a49bacee8
1FQRaJhjFb6WFpf6r4Ryc4b4ZK8ZKP3eiG,1131081,9dffd774d2aedddacbe0c1c017da4bc2e2f455ba
1Knt9xc4aLfDjfduG5EmJdTHrdfEvVnopC,1131081,ce1faf196a381a96f2ac21a61c110886b5554782
18gnXcAQCyjyzu4Zs8C93U1yk3RT8aKCxD,1131080,544f1b8bbf9b2480701e814096f1f51dc05fae0e
1AXcsJHBHanCPHs7Pb3mUcwCayuc7F8haA,1131080,68838d24cfa6f3531880506068b99a68e9ce9f02
1BWfeDFR8CJa95qrWk8jJ1Qpifn6jtt9fz,1131079,734d93bc257c8aace4b56da9e2538ae78b791a03
3EtJEYkpGTkfydfEsmwXiDX8GfA9cWDUu4,1131079,90bbd3765c0e816a67bb7da7d846ea86bebb5946
32ViwkMEEz2xfLXEWfd6JZPhDz85HpEVbe,1131078,08d5606c60d5a7326bfef971c07c2e9d4986499a
1LCJi2DLmSJKPaKDzvpWD87Phf1iRttKW9,1131078,d28dbf2ab2cc008bd67a41706719553f5d30ae40
1Es2PK2YJnXwHfMmkCaNxPCUuPSjP2EgK9,1131077,980f96d203791ab65fc6dcfda7061f06e1aab936
3BjsFieJq7WTF9okYgrdDE35AVToMHx69e,1131077,6e3b44d50fc3c478bce062ed96454d7fe1d31a5f
1EkJUSUZJen4doy5eeLtRkqdV6eitGmdAC,1131077,96ca1b7b1a0a80b8b256cd2f6b6acb1671bf0810
17HLnnrMSakQBJ75gvEmNvL1JV1RBUb6nt,1131077,44e7edf57f9191ddcbe33b8906575e52271f1a3a
1Dzr4Y3iDiRP2FXTgiXUGL8HunDBw58xP4,1131076,8e922c5a063fe94e3402decbbe0c4c366f9e0372
1iDdg6TgL2TrQ4WuSXQhrKuHz1dgs39R6,1131075,07cb996f5d265aeabf2d254a6005ee04fbedaf96
18T54BMa6xsFNgUpzUAkonc2v43w1ZqkSG,1131075,51b7148caaa3623dbb024a33d15e831c9ddd11e7
3D3iRg3gc8WnyrJb5ARpBzdv4NVLXT5EZ9,1131074,7c93832e989d39999df8862c1804350eb1b61a14
3PtNr7oXCZfzBnYZqHQn75G5ApHc3NHra7,1131074,f378cf1d85923a5864ddb4708ad3b65d01def449
3NFBVNX6pEM9cXFSFdDgK9xEfA6sFn4hha,1131073,e177cfcec1e618aabaf9ffa9463265ce2efcbb03
14SaxsHsuu4mP5fWx2qMTuzKibDZTd8dpH,1131070,25bf20a1d008a270b24e434f6ef5d002d5091d17
16UzpWucXcFLMEgKTXiRWPh6HXYE9QdyjF,1131070,3c241ffcfe0a4151200fe8be8e466ad623811259
1EFZiF6aBUvmkndCKhAXvAKT9vsudTwSAh,1131070,915ac3b5e66ea03d467c19bd11abdfd5a9db5f4a
1PPGxZAEwxkA3KmHR5zYqDkLLgjuqvGYg2,1131070,f5893d44eb76f6347c58068148c47f36e1110d86
15oW2J9CiS2VVShg6sYTFo7ShcStEzL9Sn,1131069,34abdd2f61b50be4a23b47b270b2faa964236394
3GWXYV4KyLiBwMJjKpbWdWTL4RVYQq9w32,1131068,a28e09539557afecb3de3bee51257e413500fde0
1361hSymZoh6LfWHLLt2EF7BUzt5mDb6CV,1131067,16e2e9dc530f377ae0f2a862d4f0cb14351c6719
1pnP2T9WgH8qgtn2By94X7zwoqnc9AM7k,1131067,09096e69fc7448e74e7e4cda89de3df6af6dbb7b
3BMEX9vUzUtZv749XijZx9rDZMns7STVhf,1131066,69f3742e3e0c03981efc78c613a7ba2981a8f162
1BPVVqdEo8acsY6mMZnjHUzBg3cLxK4Tob,1131066,71f2328075d17ef2d3d5d9626553fef47a2b49a0
1BUyYxwoRwVv8x2FsehXVtEHTns2QQueVR,1131066,72fbb1ff0e43a74205319423e5e11c078f02c9bd
3BMEXe7KRXqSs1WbKY4ARRt2aAL9ZTr21o,1131066,69f375f8a09f6474b57de377ffbed50d0a94a85a
1vmAxbf9Zo6sLxbAP4DseVwrfWjapbutw,1131066,0a2aeb2cd4351802e37643c9ccabbc09eb3b4f26
1XaGHMmpvYzEv6KLAqY83K6xF6ZLw4vCY,1131065,05c83eed7d0647810ddb26a42b049daa5c8389ce
18bxNzkFLrp8X2mte5efJwj6LycMFwq3s2,1131065,5365405ea8edeb11b6b29f34c2b2752f69c7f9bb
16Q68weBY5nycRc4uDigE492P4PrLdDUgx,1131065,3b367bf04bd0be58d4107e374010ac2295e3afbc
1EZ7jcXCbuFGRaps7b82kzSrHDDWPoYi4M,1131065,94ac915be28b346a407b4c94f6047d3598df495e
3Dr6mURGeLhKNJWSDVZmHUHkrp6ynooh7v,1131063,85594bdaef0c64e098f181463c16398e82220e4c
31tdVtHQSELhd4PRhFQYa6mFn4WSTeVRFs,1131063,0232459fb5d8e167a9f939159a33e5bfa34c1975
3GRVRQDz4GUbpjfTVX4U28z4xnfaKMkKEg,1131062,a19a2f66b119cf690d6f04a14709345ccfb2d449
12DYqbEfCc7aML7HFVKS7JDNGBawKu98Wc,1131062,0d57b1b3eb2c3d0a7998bf1a7be34afcdcab0156
14XiuAZy88FMGaidqDnAdA2JXnyo2CZ2ME,1131062,26b7d501d9b657114f001d3a5ded0f4c2866c4b2
1NtgteZKc3q2ALNPtKFpMyVcfgXQxyZtyp,1131060,f0212786e43e8344e7e1781bef6878c779fbe90b
32bFjvZCKgTYZz8H6VSakt2x8Fr1kKt4wV,1131060,09e129edb89606c1cef9e2dbb30fea088dbbd5c6
37arxpeEx4Y2vEfNGtGqC73YSV14Cpjhhp,1131060,40a6c7662fba306b63c58e9c0f0c569f97e00c7f
3A9WuS6UTJL6MiN6mrqpMeWj2tieN1KP45,1131059,5cc40366320bd05ee083f4b6f50be5ef76b61afc
1KRJ1pMHAW9CtSu1tv7jNei3Gn9TC5uf6i,1131059,ca0a7327c94a4b2a905202a1cc75afbb4a361755
1AnHgPzt3JDtjEhY7PmVtHNyjxj3MdM1Qy,1131058,6b49c6023a217b786f20ad53e79aa9231725fc28
3BATnEd2TytPrya5fVPLMEtAuhMkWY92M9,1131057,67e9f278d31f3942ed1e1f5bc366501d401942f4
3PUUYRBve7x9YpgciLz9xbaRZWMzMLE1Do,1131056,eef3946b2fc6a05099e370de73d5f8f7b33456cf
1EzZGgkZJa2MEqcU42k7LSq9w6pX9ZUJ27,1131056,997c4873b4e719a6cda3fd8b1b45e38c87688b4f
3QN4N9s93sADn4mbiLwu4kf9az8Um3bPc5,1131055,f8b5072194f31d3f9a18384261d956d583a79838
3FzhngXMJTz974fJ8EyC5XyaqLAfPAa3Di,1131055,9cea1c07ef4fa0cd0f49e57caf1d993defb3fb84
3NXAHVg3atxTWQS6ATJnusH2kT1XNSuhxA,1131055,e47d762153868215c2cd845b14c7937714351911
154wa9pFRjgnoyLBhK9c7HuL8APviHWkXt,1131055,2c9f4e1a2160bcfa07457987683cc0c6d0c73b04
1HZvbYnH4t462nteqNqTeaNpn4scwBbNWJ,1131054,b5bc100e34533b502cafdc0e7fa2383fad9fc843
13AqvJ3zHZ7immMYWDAHZi5T5sqNqAB3Yr,1131054,17ccd4a45f898713f4b70f806114c766012f6437
bc1qg7fu4jxf7rajjqfpnqgzvqkun3da5xtvdga9ve,1131053,2063fe4c959f8102e22d022234aa331eeaa207e4a5692ba89a58
3M1BKy35YKncAMyZce7NZdCu9EsUj6k4PJ,1131053,d3d9ba25ec81c7fe5cb4484e174815412cbd0edf
3BMEXCViM5F7Gi8M9KSkkJyg8NoF1chisZ,1131053,69f37458159f810b9a3c9f491652d10ed2075c14
18ztEF2VEZgBAsHiVQir3yKdnPTeKJtkzh,1131052,57bb5a81fa2597b74741a6553e13eb697d910534
bc1qgkv7sm5gk9wntfrvs9mynsqy6kpt5mr4yescgz,1131052,2063ff6028a9e6488c84a0e46eb5ff4a097c9e73186dcf27c73c
1D7HyQPw8sX3Gqff9zkhwPf8T3GpMSzdEH,1131050,84d22c4f1bcd07141416cc10ca81792b8f295d8b
17zEYRGo1gQkLQCG8gBtfbeWr8bQsfUrA8,1131050,4ca3c4c0abe4ca49bbe84fdc3369c79606963309
1MxwxDgmB5CYzd55qdoYyf6Y6K25CLRJFt,1131050,e5f743e6483e865ff52bf50242a3c950487c9207
1Jbs8vtLQhMC9zXBZWaUBKyKKKgs97eXZH,1131049,c112220efafe7b39121bac65a2722d4a48fc619e
3QH9Zm1zg2yR8v9Q1YtLD92mXKBWfWCXxw,1131049,f7c749f3c964e3457a50c21e2f0db946835dbfd7
14Jfta2xCmEG68uppqtEuz2wQ95FD3ZYMJ,1131049,243fe966016a71ce798ec762bb03eb90b2f84d1e
37785hNBMwZsATnVmzSUawim1HhsCB5Vdg,1131048,3b67c095a26d678bf9b1c7aa50910fe616e25517
1MgsoTVhZuVd2H6fKr1NcmZN6sdezmMYnm,1131048,e2ed250b8b1c9c33e71afe96c0aeed0745e836ad
13TTCgvjmjWbTRZm4NnzFDR23SaAwZavFC,1131047,1af0f041d99cecdabd89a0483fb7da2a600e3449
1DNYEMrFBmz3udskPZC3KF6z14YQ74ohn8,1131046,87b4507ad4399a4763f127f75493cda727eba361
1AgonsN4ruHZGXvPQWqZNQ74KZBrzyiz8e,1131046,6a4069e0ab22e790954feea00df782a580fe609c
1JPsrieL6g2gAZPPEcWYvnsDqptT5Rgeyo,1131046,becdbe3170195980a598d3ea6d7237fab4cee16c
16uB3Tb99PiMGZk5D7PBZu6DwYLtcvWVDR,1131045,40b6a4532c6ada8647be592e1dc498df0a03b371
19bfFcWWwjaC1t7HtpReQxU6F1gXAa1PRS,1131045,5e4f14800207723ed119d28058aa74a84ebb98f3
1J1GztQwG5itPFJ4Bg4UiGbQRyMjXH2NwS,1131044,ba877e29414ef4194897810610f482386dfe1506
35UStUMbmcHxsQUniM9rEGR2FUhwwBEnu6,1131044,297fef4d16745986a7fdb62cac54b6c05c816150
1DodbJE4VLE7RR8EdGyshg513BHjSjXhQn,1131043,8c733044c736111c56cc2666589ed825d7338016
3993PrpStExCAkkJX4khLgUsmckvUve6Sy,1131040,51b4ec637ce0c0c4a0bdad529363e94cebcd6eb8
12zzyMaN2fWYiG4mHhKNoQGCi3niL1ARxE,1131040,15f03a56e54ff36a95525f2983ba6eeb2196d851
18Gtc8EvB2JLEiuQiTZDmboizcLdeguVYo,1131040,4fca32b6a01e3ceb27817771b78da5e24c9ff7db
1619sgKtok3DGhxy8AgwNQCWpB7jFUmozH,1131040,36e0094ee3439c36e50b187d5fbaba388ec6a065
1K1UCxbF2iF1bypW1D317w579BeNxahRBZ,1131040,c588f984dce8a2766ccc29d3da79bad46207bcdc
198tnB2ko23fqjUSgMxm3kdaLh6hizgS4c,1131040,593f240bc874373425f11dde6add46fdaf2144fb
1PmYmpxkU9nuWGm4Xd2zVRwVPoshKXJ6uv,1131039,f9bf979c085ee02ac5b231344985abd19660c41b
1Dzy3bThsuefyWo4Vakf1EcZRfpxDGSUQi,1131038,8e9800c5346eec754d178e0287de9e319fd0ba2e
1BzdRVBZZRtDc14QeEn9gHJ2DWM7LyZXnu,1131038,78975f113bbd3a0e8e7bf88e3bea92f8598e1a1d
1QGXErDyggifmf3XApTw2pmg3BzDyA26b4,1131037,ff3a5fdfc357e37715181abc75b773f7fedfebef
1CAja9QDYHqVQKLvPHrGRRgD3iRwwJe5vN,1131037,7a80aa0568b3b984d6521943ff7a14d2da427f7c
1LQUZ41krznS4gr1QoNeUPwbf9JaymD54v,1131036,d4daf4efa4fca1be0b882fde32cb0df6a755082a
3BMEXpXh85yRKTvEUK7j3wgBeYDfCMUmmQ,1131036,69f376a215e6b29ae8b7e0f6cc8a0b0dd2ffc5fc
1Gdg4DK526QKPh2hbgWRGLqbHSHzf9QNTe,1131034,ab7976928e58becc84c8cdbb21639e6b02d0702a
1Md1j9RyPk7ZAdjawpVRnUerD1r4nuJXMN,1131034,e23218cc9835c89a8ee429a47f42dfaf54012190
1PZc6ETGcPYZaXtpLroLXVURFMfxb7fskJ,1131033,f77d5eae6fbfc4753e03a09a95ec5abc93a5a392
18vcTRa7C3Pf5seWZCtSn4DFaUH9FSiY1x,1131033,56ec85f642d1a347a555bd9833dad4863f147da3
39FG6XiKLAMnRQY2c5vFhjt4efqNf4evzt,1131033,52e20587f6c1f6957c196d2d0908958afb4c299c
1HK4PFLYxkUEFYiD7pqZsxEGQbqvpyHwT6,1131032,b2ec5306688900c830d16be9c266375082a435b2
39YjpZ7K4MQ4Dy6iK7dYcvK1BcdcXLP279,1131032,56303c7abae81aade7062e717c4a72d766537c7a
1PgaSeZrc3CNK5spPaaYiBGV33DARv9M1s,1131032,f8cee7e8ddcaf29ef7c88254e14099bc548f902a
3BVwA2JPVFTha5XJP6tajFLGiMfmKv2R3X,1131031,6b98b3d512534997f8307eee428d5360f69ee29e
1EBxq1qM4xRyUbucHrkjKGyixtgLCCZtJr,1131031,90ac65c4ea07d3fe3b143ce87082601b6d999ad2
1Eu3kKa2rTjzmhJfXPB1rrjeKNpeEXF8Rn,1131031,98718ee6151b130696e67f052cb871882e4bbfdf
15jpuhsoueMZCCPPv96bMp5uciqpwihBAt,1131031,33f9f738338b3eea1e4c9602354f6a51d3338974
12SvvJZNfJtWwt3XR8Hz628WPJkgLwEej6,1131031,0fdf88be48f5da981ba8057649d74fca0ea08e09
3BMEXG6vEu7Tw3r9peX9bPacrfBuFC6fb8,1131030,69f37492be1f1325c44bf1d0206f9bebe1ef7e2a
1BsT2zrT1tzidqjgjJLHQNwC3sKEyGz1Qb,1131029,773bc9d36e25be1e04f40195ac42360ddd77ec44
16DiLnNDbbkzPnqiaK4at48PoLaRpy58cV,1131029,394021580412da2fd739cf864822c8ad4edb3b5b
1ArFFB5N8cKuFdrFkkkhiy7qdsmcd31cw,1131027,01dcda100067baaeaa02243ff81a6afdd307ca3b
12rSK3Te4jznFUe7VwmBggQ5LB4qQ7qxwR,1131027,1451a2f3dd46a0b2322f931b4a030e28b9029d4f
1KjoutaEwZsCkyhvccVeAqgLBG6NxryQS3,1131027,cd8ae5029543f6e2ab9f7798cde316b157b69f7f
3BMEXFQpVAcwVfc5P6viYN8DMc7GvhZiaV,1131027,69f374877fd8b360fd07414202c2c660d008f8be
34qaNCpSvpQgqhoWqdaDvDRmg71Qx1nbWm,1131027,2286c95ff963698bf6f8886737b745d0063fd431
13ZxSwJvBB739m2Pr5DfkHhemxpfP2aJ4K,1131026,1c2bd8e9dfcb8f9ac8302e6ab7e3a78b82fd613e
3HvzFssrfrjgVSNq7Yx3Zpxc5RRpUN7jD2,1131026,b22671db7d94b1f8231de3f16ce74eddc1732051
1N3doU8qyp9MEfNthtzDRfdZuv9AsKJwnM,1131026,e6da318618f91743a901b0a1d0249a01180a43d9
3CcazTkFTb22o8WL7yk77tRdrjohNf73ET,1131025,77d2e83f67f0d98d3368ed4be3cd3546e6bb07c6
35gZGhBVVCSCdtBnSRWyyFbVR4rVrhpxR1,1131024,2bca41325461ea5bd65ead4f272cf6dfb8c833c2
1L2rcoETuizo3GpzW76m5t6n8M9ytoX1yc,1131023,d0c439651e5e9efe5a3e5ab494780f36373c4280
3BMEXkLEnYrCrTx16vBAz1sZS5qrG41s4L,1131022,69f3765dd30c26561b77ec7bf8ebd82fa143cdd0
1GpcG4f9z12uttPB33HTuCcAi19nMXBaTA,1131022,ad8adecada2a61e77a80f51b24f41871fba68661
17eFrVubsvkreHddaro21uPwdTKb8Rgs4H,1131022,48dc8b573e59c49f596da925219172b66cc06c0c
1DipafkqLLYn4x3ELcxU2JnhRmgyaQWyot,1131021,8b8a483303b64968cbb8bfad9fe39db094e5369e
1F9RRK26481gBrGnSyNrjJ1zQKeEuPdLbc,1131021,9b297905ec3e37a05fdbad1d1459f501487a359d
1PXEuMfgemKRSjNGgKzM6acKSp951Nf7x9,1131020,f70ad9fabfab23599b7fa8377d39336821c3ea33
3Ds12V3dYeaazSiETyhMn7FW3D795fdPpH,1131019,8584eb75b29dd351dced6a22ace66147f71fde1c
3BMEXHb3QGUyJmu7EHXb58V9XLfd8yQXJv,1131018,69f374aae3f7170ef4ad19085dd1f5087ef4c7d3
1DDdj4CrXVCMGN6ExDMBJ6AV4X9hAnbtet,1131018,8605285279d4d1c0ba635291a0b52c3d12529c93
19ifR5KhxSDxBhaDPYqhceLvvBNNpBPq8x,1131018,5fa220c455ade2ba0dbaca0474be9f948572ab70
1NDaqCSSK4ufPjiGRJhJwavrcQNjPJ4uiv,1131018,e8bbdfa9e4fb4d4313f22a0c4c42eda359baaf9a
1DAnKkq4CLHG3Qs4aMXfm3b39rupsyBt1g,1131016,857b164cbb7fc3a554675bf8fe3f4b8bb2a201c8
15BMjgpzkKDv6fN2iAQZc1Lxp7Fediwxas,1131016,2dd5f8e705b514446ee3ff0fb8ccc13d463e2f7f
14jA3GEjhB7xsQoGfTFb9fP16VxukQzobA,1131015,28e164a46b339bf63b467e0f528793da041ab5dc
3LfowQ2F1ESfZCWtTKVwohFjNaiXki1aFS,1131015,d02ff818987768b4e01a86b27549f70b49cdb40c
38opNRSMQfnket6utCKbF7EeTPEPyqypNz,1131014,4e1225c77a6814622c6b2be042bc623e89dbd683
1LKHJs95MaE8gyqW9ygfEtREqJfbUE1NS9,1131014,d3df7d8db5e01a6f25a7e3d5f7bd09d8a7fdc5f0
1NBUNU5WWSAuJLmLRT7Ji2S7PGksJJ3swF,1131014,e855a6042efc41dee895e67e346b9eefe65cab8d
38sEU9NiJPDzQhTn8qT32yck74XNTbMcxM,1131014,4eb78313bc3a69e7dcd570a61319dd323156f7da
1ExBD8K3h6cgQjYJL5Qa27ULgK23CZGCAN,1131013,990909023494a1eee68a6823d320ddd11ee4c64b
1LKKEJaSLy41MAjxBgayCVHp5vGqXS7zLN,1131012,d3e11824aeb1a29498881d745040b8c5bcb8b590
1FBeD9HQWFM94ywFrmEWnsmgY1Qx7tHtfW,1131011,9b94fb3cfb4cdf4d2ac83f87e629d45d0a8af10a
17sZSPjjx6VRbxB4cRqoqx82CdYwL21MUD,1131011,4b60a168580f9d1323943c57804f19724291b789
3Aw1jYhtNEZR7ZqHrRrKR7iBaQQ8xtedL8,1131010,655ecc18fa43051c1c6474eeb4dcafcb80dce400
1DVZhdiHd1h8LLW3rT26rTViMSXAz8yGhZ,1131010,89087411b524cc228b2dd7c4b0e23180c122f750
1A1JnhktYnCAB8EA8nsfNBuv35jprevmMr,1131007,62c7fb0fce7efa1eee6b1eed78940962bd4d8012
3JviXerVRQbmDThLstShKpL7gDHAuEzJSX,1131007,bd117103667037b017d9aceb729e5351a80f2614
1FqNbrmJdLXzcNhckeGtmSXrJvx3EoyUDr,1131007,a2b7c23d24aa919667fb13a5995971918f88cf07
1GyNwsMCCeRPXhbQeNbcsYa5cy5dgZ7RCp,1131006,af33800e2a000bd859a37a2d050e30522fb79b4b
3CSJxW95hoRMKtXGM19ZHfsjaYVLbMsBXj,1131005,75e15d000306c125a65ca14cca6d79a2826ade1d
3QwK79wt8CzuNmSEGe3mHUcma2tmy4DzBd,1131005,feff0f62aa276a400b58aa92e8cb41bc9bff8b7a
1Mi6Aw1rL6rNps1wqKzTh9ZWqrkLjBiLDb,1131004,e327e30786591f28528d5273c409443efb900ada
1HFk8iX76d6oFL7i6usrgrCFe2ZK2TcEt4,1131004,b24bd77631503ba7f540001301143883af4639c1
3GXgXJcFf6MsxYvFmZ2JVMbDFRhw7suDT6,1131004,a2c5f2bf2e7852908023471dbba61781bd0207d1
1P3Sceke8Y8VfAbMGMxWRW3AMoieACbqYi,1131003,f1c8fb310a357e59ebb1090eb58b4c1daddba0c1
31tzNMsQuTf1jr8cJvCMo5gfshkPnWZb74,1131003,0243b18f3b8a8b7c254644e26df5feca8151564d
1D5PiU6rbEZUGRyiDapvWT1NrvbJ8wtud,1131003,0248a851a059117538fda83d80074a5d655cb828
1MV5ZU8CRrt2bUJEata9o6avhRyU3HkuPx,1131001,e0b1f80b6c6848ae23d0e3dcec39b912447fd1ca
19y64Z1V7W257kTJSM65aUssBFmm4FxrBm,1131001,625c866906867fff6997c24904af0455751af3a7
3Bz4RKjPJNPDDqTFJSCKKrAA8YPHSR6YYY,1131001,70ea69b4eba588986bdcf36a234596ea4520b7fe
1M6LQvT1BoYeChm8HwLpieXZWgXBTnMqxM,1131000,dc64ccd829d0a76a3d87bfa537f052a6d3410bfc
3MhHTco63XybKUWYmFEzNVeAY7FddzJc3c,1131000,db6f7bf990624984eff790a22c20cdbeaa955c78
1BzNxhTksKvAA58CKmaUPYdhcDEgdnWXXi,1131000,788b4c983e2b2084794362bc5cb458e35973eb46
1GoQvterKc16HXsZnkqxdCQhs1xmUkUr2k,1131000,ad50fefcd5f31f022d07b711aa9de1271acf67a7
1EoBB8mvvjTRdJW2rqBtSH3a1iSPnf9Lcw,1131000,9755434b0f11dd105faea638629bd2677dca1a04
3BMEXZnHt5PmZNFvuu3xjHcU1MGsYscC4B,1131000,69f375b23e39149d614c2bb0c296cde1231631af
1H5Dvj8vLps5pmPEkHsGa8sTH17KAVGR8t,1131000,b04e777bf49b2e03fab5a1ebe77d0577ef5873d2
1HfzD48vqPaKP1FML2xpuZPi6w6ZL2izKH,1131000,b6e192e330dfee7ac2f1da72a4dffd1a3458e51f
1PLZFjENUSu41So9nt9vundHptLYmCiGc6,1131000,f50598412c2fc52a878f1a7417f533def56e0ca5
1DW3obHEhDXnwjn5oqFP6w2Wxmxk5MQjBa,1131000,891fe99102bc0c8ccde4014c73c75cedac6f34db
bc1qtf24mns8c9r6hchm9j22emkwmpvcm5a27wepa5,1131000,206413522d1bb2b295d027f1812e398adc81bb3f7bacc2bd92d7
13uPqq4m3LR3NjJAtqaJegYGVAWwXsr9Dx,1131000,1fd8f2f2c66336776185159eda05f3631e356d6c
18x9jbjfAm4jPnNTc4aaupUjA5JLm5eRs1,1131000,57370caf2b4f5821491e9471b39823186679b0df
1MrjsakpAusGPpxaL6TR4RXpEjMVDty1gN,1131000,e4caaf85a1266b3ce61634202a71aee1ff4b57db
1KEnT5F6A2aT9Rtiuafbv4h1EZnouzbqSw,1131000,c80d9c68ced629bbb26990ebc4e0da9796037c3d
1DxCwqWxBbkFiTazbE2KQ4D8pVXqzo5LKv,1131000,8e125bded42560ad3db0d98257fef83646ef8918
17rkfmD66r64EmEtfAeD9f6eJM1iDzcNN3,1131000,4b3996dc9272280f2b516b522a89b92b7313e16b
3CpHB1yrPM7QvFb7ymWySiCRGRD7SKGU3G,1131000,7a090668e84e5931e5acc3e66480855ecbbcc2e7
147AKhnAowMazbtn8xUGLv4KTCGqMei9zW,1131000,2212a7b64f2db463476cb60f09c70c09a580c086
13AqfnoqzW41Y1eH5nqRCVD7kpKHiJ1yoq,1131000,17cc9f33bbb5dbf6626eed8e9fb9578123a584cc
155xVAbNrHuN4ZkGMECNpuScoeFisa9DGE,1131000,2cd07be9dbce72e21885319dee02c199d69dc2fd
174pALAcst4ZCy55DZ65DVxrm6DmjCTnWn,1131000,42895ed90eeaa788520723278dd8300398e4b49d
15Qw7SMtsje1X7YCEn7WjFezSVKfuk1B74,1131000,30673d65ba235a5652cbd8ee02502b90404ccb07
1AyPp3eN3oWH5WYVhdKFCvihG9AUoEAifE,1131000,6d6377ba5acabfb24b9459bb1b70ce17de7c45a2
37WN7n3NLo5dPkcb5ZjG984EB1LXxG9Aoo,1131000,3fcd0934bb23bc48d6bb101721467af793a39d16
1GyGEHEwXYSX4tSZVLPCutDduFdjL38SE3,1131000,af2de4a3539c49275d5c91f65e9e5e2c2c9308fc
13hg98cA3BpEedAs4LBVQNGR6uvj4shHi2,1131000,1da19008436bda6692b267a90626371919186e8a
3PDJsK3Q2KrfjKqBFWkt2fYznroKFtLS3b,1131000,ec1543c25357439614c06d27fbecc55c49677e84
1Af1YvhmSb9Wjz3R8rVveaRFmDtCAcqY4q,1131000,69e965e95813f663d032839a5de985680f9e1dc5
36vws1iNrCjbgPUtu3quieUsY7bBP8dCpA,1131000,397b10027a8ac3a4d3d6f00582c7173eb440beb5
1FgdvmaGRNmMP6qEVEjFJ885QwT3gmx6Zd,1131000,a110cf021dcd69f44a2497461ddee517ab6f33f0
17cRZ1tyjGz9w8ZdTJL53CEScs6ENcsapr,1131000,4883ceef08c30b20b529fa76ed06229c9d1d3d10
3BMEXSNBafoysngDyAm8ekL4FejZtufMc5,1131000,69f37539a5857c389c12cc980c1e25e1ec878267
1FfHS1auqQ46k1pxCx4W5vK3FcwYbkqrjS,1131000,a0cf489a31bdc5f1cf4a373108309de9b1d5dc2d
1ComenDkqHmjfqo7pkoHrLSEM1Kkv8fZRc,1131000,8181ca7be9d06e220e24d3a945eeef57f3575b7a
15ooUgzHNDVbXKTMEB6hW8dk3dTyRQDeRp,1131000,34ba6f4c786690c448520d4cc8ba48ac8cfb7068
1DES7RPWDFHrohEGaDg1in6onrhCvqofQD,1131000,862be0d5e311e039a036edd4a41a470ac3b9a5b9
1LcnPze8VbCDKohV17xtZfTs1YqHfLFnZE,1131000,d72ed7f60b8bb81c04e20bbc8161c07946695dc9
3NFs6JfAg5gftrhty4fapgtRK2AfVZaSRq,1131000,e198debdd889d7e5d9355439b7b6c01c4e196005
155Bd35RNjeLFjQ36FXqLL8H6oqgcio6CR,1131000,2cab087ff92cf2779aa1771d29dec7cf9c91d977
31mQvrrX65AL83SdwMSmbCA2WitvTz2DJi,1131000,00d4de2a91d2578725a614b6841112af1d0f6ecd
12ambXVrgqiBJsvMwjE5XDDgcEX8NaDUGq,1131000,115b142b0b801cf0e69cbbf853ac105f7da49a94
3H3ziwoBSfYxacwdhQxUuVsuQ7t31FHYrL,1131000,a8819eca13bc59f1e375188810c1f569fcab7b31
bc1qqsh64ppcm8pwzvup2hn4n9qhsm83cc8j7d6fmh,1131000,20640ea88739121976d876826cb2d94b5dd42668ba371cd9282b
1EtWgAXy12hrFYEu3WCzyVu1uYRhw5HNnn,1131000,98579ef2a260e718e573fd77c9ae7f1ee6d2ee54
15MpZfwD5hVa9EagAfRzcXZhcBVRGvkpxd,1131000,2fd086b5df015ab05b089c5689909167ca6c406c
1K3eY8PoLiujdRNR3KGD4pT1YGTTZMUhAg,1131000,c5f26e195c0f1b093602477b1742a6f146789323
1HnFWzuAX5bYBDLRFw3PMa21fSbCoRSvb7,1131000,b810d963c86f86314683d97c9f75dc01e8854006
17u8evafMGowd6XtfCrXP3cUMvVGrCBkLu,1131000,4bacc61a0efd1904a9320cbeee2bd557a8ffacb3
3JuPV32CdcuT9Dv1VfVEBx7EeQfP1jGteY,1131000,bcd1209e82492d5ad81d7d390dfb6ce432565e18
3AFCJpZQe4PCK2XNomZ8W2hsUwqmDXynEq,1131000,5dd6fc3920e063f5d349d2a94dc52fc52a3cdfab
12M2ManZUvfNtFoRMfYwt2jiww6aTYL4bt,1131000,0ec193754fd645e5c369f01b262a2b24d9dc2e07
1GSiwH2PUDTgxZrLEovFYYz8cju7DUG49H,1131000,a9674ac34c9162ce0d921d374cc4a14d86e18121
3BMEXuBjykd59rnfY98A5pbWja3EksoBWa,1131000,69f376edcdb99dcbe0b24111004831ca866a96ce
3DswArbmC6CgHqF9CjwGReaaqUnT5tdeHU,1131000,85b21dffa640572687b147762c363e1f49e18113
13BFvvwjFMSnbhMsv56o2dy6CUPWWDo2tb,1131000,17e0dfbd12e2457cb3e05b8ac29c4f5a017484f9
12bFKcges5RBbgWCiQJLscZcCb3CSjJiWi,1131000,117239176b5566c4330546adace4921d2af464e1
1p5S8Wnfm8kfHm6gseP7G74UffuYe7xfZ,1131000,08e7403ba0f224c934f57394cb2281ea627da894
3FyRRM8d5JAxCkRwAjjYpNbEyGMYXFMbjy,1131000,9cac07c557bd2325feb5d5587cf457b93682a3f9
15vqWQD9Wdrcb6cBVzxR4inhsVfSRFyvdM,1131000,360f0a66c0b958a472bfec9760c7bbdd7d3b802a
36wWDJUKoThLwtMz8wkDaFQW83i7Fp5uUo,1131000,39961119b503fc8ec141cea56da8bfba6e32f6b2
1J3EgHoA2t5d5kqaeMxVZpRLsNEszV3zha,1131000,bae66337e8acab912157abf8804bd0a851f4ead6
1FJoqayr7dnpaoAerxrG4QZfT4RLZawe34,1131000,9cefee3258536acb987801dd9a8d5d1bc037d57b
1Hsz1Q6Dw4fxX58Wpvf9DrRL1XvccUT14a,1131000,b92665c6b70d7833aa76af0c43f4ba0363f36601
136LAQ34AGkRemr44G6s1GFZZezWukW2mi,1131000,16f253b7ee0e3c7eeee5bfb213793c07166d9f5c
1G2Es6zgH8DgcbgR6ZMfko6wU77ejwi4Qd,1131000,a4c5e02c75449e03b27adda1acd085d9b6b69b1f
1N3p8NWm1BfVry3pTJ8E871XCNvMcmsn4H,1131000,e6e2d026ce1d85ed5932970dd278ec6d87304445
155SurvBVTq2JCgWZTLjWc3hf9uqBYXkpA,1131000,2cb7cbf5f28992c80f0c822b0ab01f26f885b86b
1GZAeAA8RMLHJZwamXCgmyDpaq7TqKgWjd,1131000,aa9f3ec1e265de7c63447d1b348d9257e3c3bf40
1BCRMTcVHRp7AenY7FoCTJk1DUBQtuLkjS,1131000,6fda297cbe9beb0c2bb952f0f23df754cf0b692d
bc1qe8u2udwmkqktgcf5ecy8y3hdj4d2pqj9gk4myr,1131000,2063fafb6235b4a7d4ec10e3331124f5a3d76cb61d687ef47625
1FUvMCvV643Gg8BUtGMG5ac8HkYdSAU8Fn,1131000,9ed986611a3001726679d324834c2db541330028
1NM3bTSxY2viF5kMGKKs1kECBWmQPfkK2V,1131000,ea2520490df9ed9723522720feb30d7779807c9a
1LfbM9aX6pGG8uThT2s1c3dxTLcs39Pd1a,1131000,d7b6de417a36953d778c06d0e40f76a343560ff5
1Ers5t83dGrAk6BuT4QWcLHBQ98WtXSU68,1131000,9807d351fed749a979e72162e08a73300acea07e
35Qsz9awNKmBZD8LBRdk1WwZXfR6zsDrP2,1131000,28d338b8b686d41c4ca51d4433af750c1dd9855c
32EWCdozew6SPRz7hJwM1yfmFSURGfKLsc,1131000,05f47fe82e7a3cfd0c7eb5f19f373113ececc899
3E1fF3ebzGnN627qZDRAFavp92fat1QL5v,1131000,87282628d16d53131bf7c9607016cff5cfa21648
15FbpMPEspZWu3vYxypXej1o5M9dZdFJH3,1131000,2ea363ce90e789bc3828f5580278a6a307a9f717
1AT26bTeXb3hvT6x3ykHXYXZdftvTxyXAz,1131000,67a4dcc1be5838d4d315e470de0476432a646cb2
38zUrYFqf3Re9PBGoQ4LDQMop5UfoZEbgi,1131000,50166ec3bb3f14a1890136069dda5bda94fa7322
39zDM1TH3CdhkxwU2Cubs1keWAHmZD5QfW,1131000,5b019cb05aa1d6ff47fdccc1ab9a7d9a5e314ce0
3BMEXMg4o6vBDkdXRiDi5cd9ShRCb2xHtq,1131000,69f374ed5946eb7a172cd61b225337ccd1857854
18ezqK76YExuQthkTQUcd8tak6nBWsYEd9,1131000,53f88c2fbb50d86be0247af5e873838db1718650
184QqqeXnGEZsT56eNQ9itjt7F6YUVG7ej,1131000,4d6e07dca6985ce7031187884ffdbd9a8dd51f18
16EhR9ybr3y9n6mXzqugvoTzkYZzsM964x,1131000,396fc63e18d6cabe8a9591dac8bf05135f2f06ab
3Amk3CZ9HWfn55CUUPC4YREBcTDWqi9ucM,1131000,639df397ced7fb5b89e2aa851119501ba2c88e9e
3BMEXQBm6ioFhTrZLTs25jqLr9sshJ3MJk,1130998,69f375163316af405639d666e339d578909f4f6d
14WTJwNf5ZCskwZxU2z8iLCCDNDaQ4P4Cm,1130998,267a66f0e2b7d68f164cd22c808617f523f3064c
3Jb3hS5y2i7HqNKPkByYPXmqVaDqSzNKgU,1130997,b9591f95c742046ff6e0473375ceb2d931f5f26e
1Hzkja3KfXUeMPunhc4UcXEgNpXGtZLRKy,1130997,ba6e3ac941130066cfdd23e2a68d2f5021622524
3J8toRbaVHNh9xHBYN9mv4Zoz14ZPGqvzQ,1130997,b466e1bc95ac536300157fa3848d0d1379b7951d
14A7t4GqzTtxpuxs7kmSs7WAfWt9K7ZHLk,1130996,22a1dd47ecd9794c275d296aa65f66b36cdbe4e4
1ErjYzrJncKAKp6Cr1xuNQVt45L1m2KPot,1130995,980189a4bf81bc47994cdb4eb8122e5dd62ecd21
1FYc2QpCH7dfU7h5kgPmQJvTc8U6JqRT2B,1130995,9f8be482a7a7f510cdd5193b0e287390a66f442f
15kJjRSbf9AShCSe6xGW1hjvFMcsxozkJi,1130994,341130e04872301a77085164716940a50833cb21
1FyBJvhLjowwYcPbcnWYqu23pEaLxpUhMZ,1130994,a431a91075660d14dd3b742a71ae0e0c344e5db1
1MceKX4chQXn57fLLJD1v5civKRFziDqeZ,1130994,e2203a1678a4b3cac2e963250a5aceb8c63ce5f9
36y4znpAmGip67MrFnshTUpeZzKbMPqVcd,1130994,39e1d98645621de52467e5d69494b56cb7c2ceb8
bc1q2mdnrk5pg5vqtnx2k9d6dqsuyakhnpz8agnf58,1130993,2063bfb23e12246eacadbcf7ab9a3afbd36a1d2ef6f25932d8d3
3BMEXmCBe6EWx6ycHisuwb9GjFdbS9ayD1,1130992,69f3766bd418c023c520eb551fa9405a64867fda
1Q5ssQuZ6tukzXLEbMdcr8eUDB53n78t47,1130991,fd370533e749970ecb74f55cf6a90eb466292fae
1LGQYLgvP8BQkA1ApLmFbroqK64nzwmNyD,1130991,d35447a10a0a83654364244a3f8d5baa3fcbf70d
3NrMaV6Kr2M5vumd6dqcbLPvzAQDsmL3X8,1130991,e81ecaa53bdb76736a8ca4196bb77cc3718147f2
14z2Fu6A1QcYAjnNK7TbVYjozdvran1Np1,1130990,2bb122e7d7f4e8f452390a93448914e9abaef68f
121fZaREFjvJ6BWvQBhvqVjQg8UE884t2i,1130990,0b1850c056f8ce214b945a728ced91174668cf4b
1LUBafhoraW2QwxuWtJBxY7UxnX4sBaidp,1130990,d58e73f74d509e8718ec5441239128101d9e958e
3NrWXPjgz11sN7Hj4FZXTw9SYwJd5kJD7Q,1130989,e8264288c25dd628dcfb91193bba2d58613577fc
3AyVQ1izTFCD7K1mVW6u4JAG9DiXXzarCS,1130989,65d6b8a479ac269ba294a1cf8e6cc6c215e735eb
3BMEX63fJaZcscHqR5a5qWJK8b3rJ8q6RP,1130989,69f373ef3491621511fb4355d4f15263b13b2f4f
15HCFkuMMWSJVN3UGqhQD6A1FovtcVBCWS,1130988,2ef08da1b6c17956966ba42d4273c6734f9dd4a5
3CvZvvifk9tNFRssaCZicVY7euZbTLrd9m,1130988,7b398246f773cadace06a65575e9c7b09942915a
326ewU3hJ9GfD5CmB1dVDtKEf3t3w8YKzV,1130987,047877699ee750ebef3a79180da0e8583e26b6fc
1GT52PMqPsPLtGsgL47NKWiHydRyGFrE7V,1130986,a9780f8c6066b6f0c45c1e9017f07ea3d0897daf
3Pch3mTRT6GWSZoY6HPReYbrCWbM44WNYo,1130985,f08158d246cb965bb844eeccc7f716241cd14553
36uXq6zx2DffYYVbsN4VmuNWtffMwCd3xC,1130985,393695bcc7d2ed2f97212a33201002db9053883a
1GWp7HJjxBCEWM5mmrvNa5patnq4msasoi,1130985,aa2d460f7325ea74a9759f1ec5253308cf7f5aa6
1Bb7fCvFAPknextJpqXojTrrndqqRsCCNs,1130984,7424f57e050a6ba16ae4e6cb5baa628ba7bd19c3
15D3WBvkDRK7zw6SKKMYqn99vM5xnNkNhQ,1130984,2e2795938ff036794324983585dc78ba0c108bbe
1NpzEeTKxz1Lbx5ScTcLEMxPSZHYKrGmQb,1130983,ef6df8219090252e3ec513ad608007429773142f
3BMEXC45uKBdP2GT7r12JShBJatmcTPJ5g,1130982,69f37450e60cc1644a4879bfbfbc35c1c1e44e24
3BMEXtEFe2iZUjApNKVHF6mn2iQjtVDHiQ,1130980,69f376de3ed0d38d6817b337ac3231604f8e2eca
1P2vV6GJvyrkzoX4k1VC6Wf8b9hkYvhd3e,1130980,f1afd4653bc0d3ef76ca932db13acd0d4cf6667e
bc1q8memrxfstvcqntqn7preetsfg4e29y9pqmetey,1130979,2063c9c131aa83f245b375a1e8f5e69a4d7d8bf9fcc94d276561
1PD7hSbf9YjLoydVQ8r3k8QWt6qk5hfCts,1130979,f39d5970ed6b6ef177efc28285a591b825686f05
15ES8iKVyPAaXW3aWRQxpKifpkC1zqeJL8,1130979,2e6ae3fd84cc0ee62ee8105f9d6ee9465240114c
31uC4TRMWnTFP46PeGcyezcKU4ut9ZHdUP,1130978,024d73f7eeed5dcfc5596b9c80ca67cfed6b5c86
33t3F1KtpTX36WRLgzkCJUCk5W2bLTAPHS,1130978,1805ed78f7b5e64fd1b21fd6cf0ea5ca3cef6d1e
13KvANNEunCxGwvU1x5zk8RLmVCsEHfje2,1130977,19841daaa4990d442ff27a57ec904329dbf0cb97
1DKWgfei21LDDh8sB6jTwUt6bFRao4mrKv,1130976,8721c68d32c170c3e71fa715ea654fc079bf5565
3EBqvX7NAPfA7eYHvTMVQFxGLQq4oJkvfh,1130976,89153970a3ffcab2463ae55ad2cc944a71ab1c72
17QcJXTnBUZEhfohuo9v86d48UbMYgjGMT,1130976,4647ca63920df0d90aa47ccfbc25a18ef4fa5466
1FX4gKCNmtYGYNyy963ht1BTJS5TdaCMHe,1130976,9f414f56d162865107ce43c5d2391fdd54d6131f
17UF96ezorrF3QXmtbkXXsFdNbkE5yTWsP,1130975,46f7c9f06b5619c2a851ce8b41554a35c8c1d848
12J76JwgQCJ3do5GFkHa6WhMPafKYngtcn,1130975,0e34483775c4be4258b017eab7a10df91ce6c7d4
13cfEcMZVtCcTbfRmCvRhYhKiadqoneRFD,1130974,1caeba168e4872c137f5da3829a2424ecd7c72ff
36TqzuacPjwpwdxkBNMS33JmybrucKZ2zG,1130974,345aefc78d5c5551f8dd41f3a1b0a40a24bebc75
33QS3zW1u7Lbm9twPUGAvstv8vhSBYvxCa,1130974,12cd5254f928c49e77bda06de8894688394df6c5
166uL1FSbusecFvD7PYA8q3DYGmUiwVhaw,1130974,37f663c0ae6536afa6cabaee680cadd7dbb1bad0
3PQ5VE5SNtSmvWscM5VmSqowVMHRwhwGE2,1130973,ee1eaba8e359fe92ca28380d33d6a5e7e54af27a
1LuHXxg6GRtWmbwxsuVSVYQcj4HUh34ijc,1130972,da4dd2559b56b665da8efc7c2fe17b8a534c0feb
3MZNA5VPRYTrkhHRtZBtVDvrnCCEapmxRt,1130971,d9f013f3759cc4fc78968cff94619bb9cc60b888
17CsDyMZUGEEAnGy96AY77SDbigyJxFEmK,1130970,440f413f5c014ff733f140ee746ff9e7b4e3079f
1NHTCcsYZsaZqNmt3UGn9eJ5MR5ASTEPzL,1130968,e9772af322603dbfd8545f9e8105c0232ceeca1a
1MCfyev3SZSQGP21eiTTsejrvtB3b96NRv,1130967,dd97a09fdc2154c79f3be1ff260b97bdcef8bc63
1LrVovmhF31bbUCnNmtec1XYhrs17Dp6j1,1130967,d9c6d2151d267c5fab2f0978a244c0661cb1973d
1NxrqkiFsSBF6YqYfMRkoxZK3xGodfzBYF,1130967,f0eb1fca2e05c2f82a8ffc80784047742bde3482
1NyMXWmkin39jjS65niaXTUJeLohSGveLX,1130966,f10311d3c836f1880486008825501737656b7265
1HTCtwhJ56ntKLUXnmsECxq5x3DA954ZgE,1130966,b476c1e96d128f350dfd8a0b015df7b0bc5e63b9
13Q3sQRGJTmF9Q9v5Y8stU73rLiFT3G9a8,1130966,1a4c36b0c37310cbcc1f23379e68897deefdbb98
3Q12NWB9XkY9vPtny5SR4HcXFqDYxyvhx7,1130962,f4baa0d0933f291c5f522c9763c3bfcb36f9953a
3M4jqDe4EzHZfquMB7SKZHq3SB9HFjZBeU,1130962,d4861bb87f8e4f8b9a5d75a5401f045483ec87e7
38tfYKdTNZJe3n5zGE2L2jGE2GVhpigpgV,1130962,4efcdb6748fe1aa1596a8bb21505999d97aefe45
1C77QKhaytP8LUu6p4QaFpGgszxKpNEUDX,1130961,79d1393e2d903e8d5d1e289300ceb3980b8e069c
182xjPHcEqF3Dbz4Fr95FVBqxguaQcPL9j,1130961,4d27d17208b444a410d6b350d6a6acee678a424d
1CzTD5ke75SttSVcprTZbrAB9Q6vsyNiun,1130961,8386f895f8a0ff941449e750b6fd875d7217287e
1N1dnq6sweHD6yZm3evpJCtUfaC9ZGNq6c,1130961,e6795a32e4dcfc51733b2ebf96a46a94daed43d1
15ycFkYvvguZEdgZwvJdEUHbnPEi91QRFM,1130960,369539cf9b9f4b0fc93fe98f7e6342ca913a7e89
115Sh9xpERQBZhy5vdWbezrcuXHwz2bQJq,1130960,00d71c57d67e0bf8c33cc9f8dcb2df4ed095712e
1HYhy4bDrB926DAx8fRRzV4zFdSq7GB5Da,1130960,b5811ac307e4641bdbcb59e4797410da57742e3c
3HLHSwVfX7uMH9mCMJGbjpQP1Qsz2KmnAK,1130960,ab963c771319976fc1539e6d539b02734ced8f62
1JbxewR8t6KnZ5xivg5VK8yhg68Z5fontS,1130960,c116bd1dac67e94376e8778da815396cb0954259
1EMP6iPNqMMfkHj3vNeQFMBtMAkG7gafuB,1130959,927466bdab0be6e11a28313f26406074dbe40c6d
147pAJqWc6TJ8JFjH78oW5VxwNFzVbznzx,1130959,22323d9ec1b9090e4adf2bdf9e4b486f873201bd
3L4eVJ2mzEvksvndbAuna48bNFW5k3VfSt,1130958,c989859eaf5c46fc3d95aefdec81902c439a47d4
1kyGA4PMK2wggU1rPuH4PQ4gfiVB9hQDN,1130957,0850d9d6f590deced189ac66589254453f612d00
1DYVEyULHv95iUoxJedBRUtWwUrUtXxxHx,1130956,8995fa82c19acf5542174be3b9787aa9f001b334
3PQQUzv37sAukjJrbzU1fyREkLgcqcpLKm,1130956,ee2e8716195b4276a90d5961e4ea4f2377e477b8
3AUGNMUsaA2e9ofWjPoqtJk1u7FhwJknuL,1130955,604fc85a9293e8f79a7a713b427060d350d6d057
18zBU3gxTrm3HoV523QgYdmeAy4LstKopY,1130955,579953c011fe91a6e9fa69fe53f3bc01b97ca751
1PVHbeQTKKA9LBraGF4qRQLpkfLAZ1cqJ8,1130954,f6ac44d825f0770891a896fbe799d30d8c7983f8
1GrDv9Ugc6d23fu5eWSvmpDe7ek9S88dH8,1130953,add90d0671127e98662d180277801c1ea9ee13b3
16mLHU3Msmbad6tNjQxwTekzxy1MLwVYmK,1130953,3f3b07541879db394712d26f4f85f630ed9f3860
1NhzBWCwV6Xh4YKit7udQzL9C6Ya5v2AUC,1130952,ee1b032678cfc75c5d439a7ddde21ad7f0d6ca44
19Hcwpjf4ZSQeC694iy4AfrkBVNmZaNGAB,1130952,5ae5aacf0309f5e980672a4f232054136ed29743
33rsNHUARgHfhNTFTGYewhtkRS3i5Bbsgq,1130952,17cd44d29137748622c7a9985a8f396c636c05a4
1KvTomQjxGrAqi3u7Ckf7uy5A5TUS4sgvn,1130952,cf8eafd600dc75cda8064bfb0850248f0d3e12a2
1EVBwLG7mdrtK9PpNuBshMCeWhFtejwfmJ,1130951,93ee6962fd0be82af131acf2f7d4cc21a7a24fd5
19Rdfdohop8PEGevVU7fYEPi1TZtrL6ztc,1130950,5c6998c03ad86400cc8ed1210e8cf87a1f0678c7
3BMEXxqZYxrehcTjqRcVwSAmhiQ5brfqX4,1130949,69f3772931efb0bca40e7e36c0ff5615d5bfe9fd
1AW35M1TLPrMMG2VA8rwjHBzKVnh4YQdJi,1130949,6836ed4f9ec3f9b314f8bfe7abe53839fa8e248f
1FQ1JA4yKhTSiPnNFeGGZQDD668zkZRBS4,1130948,9deb93342af1f34e6335936e0b9f6aba28bea197
1BvyEKHfYTURfC3gWxxjH7Z7BhnnXBVQoF,1130948,77e63decfb20002751f78e9328ca3e10b97ee5ce
3BMEXQMGU1nhNHziTAGrhk27HpELurgQhM,1130947,69f37518dd712736dc9d6231f1572bbe899b324c
16K5if7NwyjdxnQ3cMnntr44FB6mQ4EtR6,1130946,3a440e07d9005e337d6e5f40a5554b5b31344ac3
1B3Vawh9gUUNV5EwXSr783PoacQhEQmo1N,1130946,6e29f395ca24cf11b7bd58ac02e22d9e23ad0dc9
1DfUvb3MhoAw1qdSBhZCvPekb53H9tFPeJ,1130946,8ae8a02b57c1c9d25fa932bf8d340cced5ad3854
3E62ME3rU599m3MZhVgGiL6oqk7hJYAre1,1130946,87fb6e87d0ba843cdfd318a5ffd7af7b128dfc90
3J4o4YzTFSCKcVvcCmKtwvub937ouxzrTH,1130946,b3a06d570b92346c217a0883201b0624bff7efde
1J5LsE3yPVWHNDTtw2hHepa2sh84WZTyHh,1130944,bb4c62ab8d5e62a6c97bed0c490c985123226efb
1DEL5JpuF8oqcF26P7EgKm2ERPQoSNSySx,1130943,8626d6dc8befc88837e1e00b487799f043ce6443
1NExaqe7sWfd8VjxVoNsN3FxJ7cRc77EFx,1130941,e8fe729a6af91cf738cf3425db46eb956b320f5d
3J7vdWBdy8rkd61dMUZ4aZczGXSEE5PeNi,1130940,b437fe17eb2e89450bc6a5ce1dcf8a78d4afe996
15WMZvQmWsGMzts8DPjouTVFgMQ33pCmme,1130939,316dbc28ad8cdfea4e96b8b6ba6d8ea2e6b4b1b2
1N3DQtuZzKPnTXm1FRTqrPeufvdJ2S7pKw,1130939,e6c5d59a271efe1dd2be3cffdae51f1ee866a66d
3JJvdhs8Ux3JxypuvnuvffNW6FdredBLSj,1130938,b64c922f116646d0e513eda08a78d5466ec596bb
35P5J2y2EEXJQs9c4SB27PcVJP8PEqUoXt,1130938,287bd453bdaf8e7ab4a7a98c06c3006fe3c87a33
1J6JwgoMmFe9vHCNoS6p7j87XRN5Qoozvb,1130938,bb7b32327dc0a7e043aa98d0c996db6d13eddbe7
1PsxcFhg43J158fNiZT3gySQER5DJxVTQu,1130937,faf5fc01c109e861d0944d4dc6ac19744edd23f3
1PvgjGbbJRXwptK7Wwkj9PS35YiFfxCiwc,1130937,fb79fa25182fd2e351cce724b3b78055af973376
12eN3mbw1NnKegYWcuB9AHicWWom9MsAYy,1130936,1209160d410c5b6a18fdbb6a17607428a1d9f6e6
1CVzffc4g7Sehf8bgQLrvE4qCTvYKXMW26,1130936,7e252b1220f428037858c318e3cc4f753097a707
1GAsHfh4gi2nfRpfybnFaBZ4kgGLGtxZ6y,1130936,a6679bb253e84a246d04ce8064e0fbac3edf08fa
3HhFp3Y7ByNU4RHhDiF4j49fKDbP8wHxMd,1130936,af8d9b0971a9b882ad51b4a50e463a9e2af2386f
3Ec9YKnVgj54ecaErKQoxFsGbWf26qXUj3,1130935,8dade9e587e51e65d7737a5d793b5835a0bb1768
3HPtSHoF4sXDnNJruamN3Hhih4rAwfUbSt,1130934,ac44b0f5ded56cd5a5b361cc6617c89a928f32e8
3D3Locpekd1dnN6zzU7f3KdepzfnyYBcQ5,1130934,7c8176ad9eb8aaf9885a725f463fe49f555c0902
1MYse44hFgA5eHJgxiY8rRpgjKHbmVwEgo,1130934,e169ae81c0919940ba33372ffe28d8bc53e76b79
1EBxaFQvf4YRoRxSRNq9iuAxft5JRtidR8,1130933,90ac2f5d74dec9c079477e5a9804e7da651ba7b2
1GcDh6PMFdWJv68PSxst5bdUa1vwGSA4cL,1130933,ab330a1fb51beac800e4bdcd5f36d10d2762a1c9
3JYX91B7g99VYRYVi2qDqXg4wA3Ej3xC4m,1130932,b8dec82fc777cf38c63974d9195b5c67c10aad57
32gwaZGy1wxC8CueCjikUhfK1caUfWkYb2,1130932,0af47fc4f5e9cdf113066e116124479759950add
1CCkV23ufK5oQQiWwWYJ828Lg9Ktt8GyBg,1130932,7ae241cd6cc420b8d060c638c91ec6268fbca65a
13G1H5PArDNh9L4npeKANLprqQVNG3GfK1,1130932,18c6b8ec93bff9248036a2d71ea01da0d77b98e0
1EdVmVUDHz8fA2z72iprBSYMSfryH4CYSZ,1130931,95809f94e30a280fce88307ac9ac8fd7cf69c0de
1Q1oiiiPV4W7XAa1PiucxuSMGZP1GRfHxU,1130931,fc71e46fd8d80c94d3dbcd41ee0d9df519568b91
1P2L7As9W6Fwb6tt2c6QtnhQ62ANND9tKo,1130931,f19321e5827912c2809184f465edf76e1933c5ee
3BMEXrKS6HoLhgNAMNcs523VZJdHuhugPv,1130931,69f376bf2c4cafdfb3967ee484660e9e864b9b8d
1299cNbGdnXZv7DFQg6cayZzySk4z9kvee,1130930,0c82a4008106e4057c360f5b49afd19917a7bc5b
3HBDNV9mQdTfGNMKqSEowYRLSdVPXBhRDL,1130930,a9df16e2c282e320fcaa9c3382054f076eaf035c
19am6H1Kaii7niXfwQqUPxa5GeMAisfhWb,1130930,5e2389cd94b3551fa97d93d208647e60223f3801
12Zjofy91dMio5GYp8aVdkGFsib68wuARc,1130928,11292b098d9b67af42f107200e53657148ef1e77
14s7E5PbJCDhSfa6YjXfRChfRtMsED7cZq,1130927,2a625f471acd75ca3ea38dd24d3afc679c6ad63c
1Lt9MYFd5hSwoFboEBPEqUjKhb4pkEwVpS,1130926,da1693de348829ca1126fe76972e562f2d889de3
1Bqt8hUsJeRVWwRzMva9HENz4PHefKfH6s,1130926,76efe84ebbaef5a370bc328702769dc39c8524d8
38iq76rhu21utZtNoNawZtF9DRNhx99Myw,1130926,4d20ae99602f8f591302711b57f84cca95dd633b
1Fvdk92mq8qSqkW1kG4YgPV7WwSKJ37SPx,1130925,a3b67aa64198469464e0841346714912ac196ae1
1CRhM5t2xDy9zvPfRNTymop2wrqbA87i8c,1130923,7d550bcbfea6794f5d216262d7dd2cf50edcaaaa
35VWXVuvhcUKBeNVjRRQoLLWLLgeELokFG,1130922,29b3634e14594d29a0689ae1c725fe1b7508d692
3HUMEdKjNmNQHk5hYCdmmRrHXBmfNcFSM4,1130921,ad1cb9c7813f9b52bb90aa0ceb2d14efa9f75145
1Jk3utjo3XwmR9Yv9Kf1SM8bWvpZ2FpuYN,1130920,c29e7497aa4711470b2ed495b75e518531a90864
129eL74xxANd9XXv3vAProUYy8poxp8YqX,1130920,0c9a9d4ecdd88d07630da46a11b59b259157c370
1G4dBXhz6CcX8RMswfxdPF1uHAprRJc6Pe,1130920,a539566492be85bc0f66ac2648e4f1ead54607fa
1DNWLdt1ApNhfn4LWCa4ucMyQCWoAHRRsQ,1130920,87b2bc35703623d7a7c32a358a61af0c96deee1b
17MB79oFpkFs3FC7t56Fr8a6MGvcQxwsZT,1130917,45a18292fd897d587c79b11ae9bbafbfcfa0583a
1EfU3iRTQfsTvEQR5N71ziMfJWNDG6SuJp,1130917,95e004ee93743f422bf07234c7800235a4160ab8
1DEjEkU1gsHPCHodSdMhg3RpmEjBNGvc55,1130915,863a2cb4880e0b1f02485ba1c3f81211be37c797
37v2e9X2LocVpkRZLM6utwmSfzNm7qGjwY,1130914,4446c2cfee61efe62031a1b2d82b22e779aa6fa9
1AtSfR7HpztTjMtWaF67bDRNBMqwxutrwc,1130914,6c73c4982dcc0500056d09c0694be9775f777d4d
3JieVmZoTWFtigDq8DFk1XJsPUBbWaVQPu,1130913,bac91571aaaae989ce34b2d87f11b00aeea27c73
18SwyvJuYD7tyBzaXRQzcPbYD8SJJaf9LT,1130912,51b12cf839227f7b76d0177eb40abdbf23f1a464
38DbjWLGuEag7GKARC6Xq4RApVLHA53nX7,1130912,479974db91feb29189a375ee44906ca989fb0b59
3DZNpA3rqs28WCpcfj6K5TGNH3qPixLm3d,1130912,822f9ea50209408149d0966f7d6be95b4e778c4b
1CpuKbxjH8NbWTx6bfXzRCPeXZFdQb8XWP,1130911,81b89be5f87917bd6c1aaede73f72892c346cc0c
1DRhaz1YWGTPofkvhPDUSeS6jNDFeWEicn,1130911,884d5f34f4e0e17da6892208fbb0d9ccbc0601c7
1611S9ABTyytCTYA3eggrZNsAZKHMUJENn,1130910,36d8fda1f9839c292591cbef4dbe962189750453
1G1ojtGbkUPyyeyuFRokb5rWj6qZpvszhL,1130910,a4b0e71f88b31c4cb617bf07b3eac6c7f56f0dc6
3H4dTzjoDJUV6fwopAWUQXdnXn52TP74Yn,1130909,a8a04a8973316c2e13dc8f06337803f3c1f78485
16NaNm9SQU6VnypH8rvyBdCXFbENNAqQVe,1130908,3aed396d45b84fd5a5884729ebb4de10e32eb530
19mZtqK8Rb7WEEPWeX59zCpuFTjMbNUUbG,1130908,602ec44fdb94efc9f0833941e1e547fbdea9365d
1tFjSTnWjDSzeMQnKbwooDDKiJrNLTgoz,1130908,09b182ef18cb41f9d045fd7e15f424c93f44e450
3223xLxzKBkKRtbqkyLJs89Pkxa9kK1K7F,1130908,039999455f8f3133c0a9ea6f7d6559b8d916753b
3EupY1iXytVfgoaE37UsYeDSfRkvFicQ5v,1130907,9105893cee9b3e18dfb60c40e9b48d50e075ed5d
1GnxmvufbqGR97GcyX36QeQeXrQTzStNH4,1130904,ad3b29d266d00b867ad952ea81cd0bc389ef839c
bc1qyyees8ag98murm29rwnsgkdctg9pv2g35rmzmy,1130904,20641c3db6777c5e92647b5269dc6896aa1722b59c18c1999d2a
3GNgNpV9LxhcYASCzYNxpDhXQPRHGEVBaj,1130903,a112151bd7ea839e9a353823ca3de7c4cd757ce6
1EMFNUpwM5dUBwBM4DVqiG66rX14wzqxqa,1130903,926df33f14fb6bbfa6657b675491f31d8e19e8ea
387n8f2Tr19WH38kh4myzJDBCxUowYDuXB,1130902,467fa4371ebf7477f2ff7b9fa7b3e54fd1840ec8
1BYLoFVWMEEwnwJFkiKFcwjFdTeZ52BGEW,1130902,739eadbf4722264dcc1229a7a7e3e405a93daef0
1FLjTXDvZHzWPpPGvNya914sbSZu3uVJYC,1130902,9d4d1b149412362dd120e8eb1417cce6f46a61c6
14pP8cX9sHzwqrhSdBWB5G4RX8EocvsnPn,1130900,29de66dbcb72d040ea1b1f7c2b16854cba4a208d
13vKWoYBrEmDVjPrMjRzZSTg5uo99DAKPk,1130900,2005c08a7628a80329955eb5aa2f90263fccac8b
1AngCkLMBFnE4tyUowRkQ6rxCWQjqfgPra,1130900,6b5c9330da4afbfdf3bcb2f944f8fe4df0e18c0b
3Cssk7vfrLh374bbJsmoKYxBarUQYMSa9f,1130900,7ab72190f464bfae11d857094579d25bb64034f2
32NVPimqZvDkWzLmioof4DmiofZyedmNAo,1130900,077726f15fb2522d8206fb8b5a6b75a95509a563
1JVtieKLWmQTYaszmGKMeLjdi257RxeFam,1130900,bff0f50ed71c6a703951aaf29818afdfebc3cce4
14CtbqmnDcjt8a7fqSbTJVJj3F3q65gRyr,1130900,232806eb77e6e7c79af5b8d72e522d8afc56132b
19PxsNvjvHxnNn7EW3zjutkeMBLy7KW23F,1130900,5c18cb4f3555f2598209eda57b0eb9e2c71d1288
15ATYtNzL68Ma1ByF23TsW9rvPi271Qdxt,1130899,2daa68cf2f89ce087d0acf52a5a99810d72cf78a
1BTbYPkxUb4SW9qMXU6YYukk3VwFY5mUnh,1130898,72b8e80b886fb06c344cbf77083be94a27c6b473
19McvbcFh1KoVRYszAtUwAkNSB4f3mDDga,1130896,5ba7503c3182e71800fd910d7980d9a95247643a
1JnryYiRB1VJSTVEtdzDpDBMLL72vYXK4X,1130895,c32692d6a58821caccb14532ad52b223987725e3
1xy96zsMsXELCHhYayEJCasDAmeRoFFqM,1130895,0a95bdb050b66d7dd772b055ef9e036e07d4b919
13kNqyfoR1go4iguZ8YUQLJwT8p1rosik5,1130894,1e245f6bc142664f3038970c27d5819e43866e15
3P8Zp3bLFz8M3H4GYcuj6EMGn7wWWMzQnr,1130894,eb2fa8c38847a97126a1245b8c1d6f8d6d9b4a7d
3BMEXt1hDtjPhHHLB22bYDjSzG4qtN8gfP,1130893,69f376dab95a365c71f4a1ab5089ebf2a7cbd471
bc1quuf33cv9v8w52dh8qy6xm7wsxa8u9k3grkfw2n,1130893,2064156b9d74e4f1b3045ca0a88e2c0acd0e268d564e519471d5
1HMEgvNceGB8HDcVXc4paurjAc3yRnQ3Yi,1130893,b355c217dd172d61df00d2c0ae037c13656a4a36
3BMEXkg1ddSHjCUcjw27R4dsfd8j6GdEC7,1130892,69f376635e5880ad1cd8787fce5f1e3961e1a308
1KvZo8HEU65XBJGzokFjLQxMEkoA8Nhzo5,1130892,cf93afaa6050cb2c48b886ec691e85b631d09c1d
1MnfMEsa9Mnauj9bizwVMf2sgKn7qTdkS9,1130891,e4053efd07bbf50428e529e9f282ee6c1b3095ba
39H4wP1qQZrtgwNuUQgckC3ZpJtHHT6AFm,1130891,53398a1ccfd8f31dc0f6d695d927cec88cf8ab70
1LruzeE19X8eQiDZM7TCfGogrTADL1b31k,1130891,d9db02502f560968279546155f729f94e1d422de
1KjaaarNmAr9GrosdezY6GFmMn3x9cQ7Ba,1130890,cd7fc3ce272e17d4a564fdca1f497ba9a02ae86f
1EzF2h4n4HfJKWhD1WxSRe7q5Xp3NNR5d6,1130890,996d0e5330a74071680599c9b237718a4ed6fcf0
3K7GGGsYnqTMWJCNSWmwRoXxgRwDY9enjU,1130890,bf10178cb00dfa0ba1101a5cb03088e7f03c7f3a
18qiRXY6Rxpcsi12SrzQex4baQaY5Cpqfr,1130890,55ff6cbaa92496239c77637d07bebac4ea01e8e8
1BiURtNJV7wNj7TDXCbKCvH74QfBrp9G1W,1130889,7589357a7358643288c910f426f8bf39c83ea6ef
1ijuYvdyKGa9P3MVpsFyZHxPnTwHxWS3b,1130888,07e4dedf35a4244d2278ac679b139b34db222bbb
3HNH8R773WBCuEchHVa1zTMjC5rW6rtPnn,1130888,abf6cd2fe1554859178dae1226848efb72663f60
1DCb6o939eCdsZKqHWHHDXtZYKQBEMxQU5,1130886,85d28cd7b89342e9fc352229347c679f096221a7
3BMEXckeqYcEBv5jMbhgCKAnUCWcyaNxGr,1130885,69f375e2921ea87861d5d62fd6389b1d5f022e45
1PXwTFLpTvaxQpavey3RVr2Xn34f5jb3co,1130884,f72cb366cd52dd77a42c461bdaefba6889b7b8bb
3F3fSocihQKoTLbRPjYMbPAgtWqu9Lrk7Q,1130884,928146a78d78bec14cb3eaa961799c05532317d0
18JMTydwkzyS8J9jPwg7n2FPN5BVoeTeUa,1130882,5011090647fba8916ffa9fb585efad35a6b47b49
1Q5gvtjkhThiozT2398z6MjGttagqXtDSC,1130882,fd2de3587bdbd9e50f108d9d5b9799259cfc6bdc
17BbemW1qtnWdhcaA5toyvptXoZSJrQtpF,1130881,43d1d6f36aff3ae05ff391819c68f4eff856af00
38LgL6AckcCjSTEu1Tmo1XDiAWAFoh2nzf,1130881,48f03479523f6f407079af7ccbf00ade37e5e238
3BMEXWEPaXH7XMW7VEr51m7piPZusbAm9i,1130881,69f3757882d4c2084f7acde6e338ef3a63edd5f8
bc1qu23rxvygd5net5uuxua7kzd9ysrwywyphraw3r,1130880,206413edc866345736ddda46700f6aa6b19cd2f9f8d79fb6feda
3BWxjC8bZuETJfaZz51WgKXENmqh63WfNw,1130880,6bca6e3a582362fd09c0adb70a5c8b70350a575f
18wVDSuyeoKQV4YEN5wvTJiEFREP4HkmS8,1130879,5716e5109df3400ca74e8e95dc0bf734b5193d67
3ExyzX8hAaAWZHYFzikFTygXPrwgj2nfT5,1130879,919eada4b3ef82d88c0e67ccbe6febfecc0ecd69
1NpU6zTWc18uMFnpQaiu6SbkaBBowgEd9j,1130879,ef54d0fc2dcd43cfeab5b8aa6f2f6aa349c074ca
1Ljh55SpefkvWVcX1gjWoeDneLFsHEtGRs,1130879,d87d4f2cd73b642e2ce46ca5a04143ad7895e613
14RQdgmWUM8a7CueZcMH98N2XtezPSyYnG,1130879,2586167e10691721fc6bb077bc006f2be3d7f9a0
1CU99ToYij4vXsH8JaeU71MLQaseMzE9nL,1130877,7dcb6a18f7ec6320b0ff7fbdb21cd20d832c9727
122vWjQyLL2aFex1beXDKi9HuSTX3J2u7d,1130877,0b553639e93a94f14d7b482cf5ab718199930fef
15UPbtXXycVMMM4z3FzCpJ9T3nNBDo8b89,1130876,310e99d4f0aff133e7cc26807c613ad8fb56361c
1FP6GgWVbRRHAtmH4auxMkmSn4Zpskbmyk,1130876,9dbf4fc5c65e699f8d4dc69feac0a2a578195e19
bc1qpz6m49aqunqkdjku887dnyjhgu6dtz8w2yaxr2,1130875,20640d2acdcb57ec4133acbf4c8313913597dd602e2e0d0619ae
1GsUrRm3xS1dKGwebM2MsqvhJVt6NPj3HP,1130875,ae15ef474ad89929ac87f9c58b9100fd814acfdc
15CCHdz1kXLGJuxca6WiAqRuYoBFM2ErW9,1130872,2dfe802143562d7d21d7ed6b60cfc4bd7d8f1a55
34pJufYUsp9h2QjsEbZCsQfxYytXFpuWSa,1130872,224977a2bb7cdfdfa9b6336a2c04ad5533801fea
18fFeEV7H3aST6GVe6oGDrY7zYGR6KPXn6,1130871,5404e8d5a6830be092ad1c14d142bca367b2f6b2
1QhnQ2hTscJ69xDqHyfxGfqEjRW26yfye,1130871,047b9c5e205660371d1e54287fb4956167b967f3
1Kjd9epWj24bPuQZN9fzu2wSncJv87WMZ1,1130869,cd81e90a4cefe2df616be65fe875e3da419eb34b
1HhE6EqKjM9rTvwAqUyKi9zPXxBTAn1LLN,1130866,b71d9408d9718efd6ef49115c7f4d8071ec2cc07
3FayrBjnW81GVPr65CbNrAvsJLSc4qiWbN,1130865,986d88708747c6d5d47781caaa3a112c92d20309
19235A54Q9c8yjdXjPvtbKd5cPFayojigt,1130864,57f326cd2af7f271a7f180167c37013b99cae934
3D6jYCXiZ8eQW2Yyixo5n45ikEUj1bwDYc,1130864,7d25b061c14b70f7f786e204c4d2c63d91729b67
1PEU4iMs31tVebtKLVjwwTf3RFjXLSuhCy,1130863,f3dec443486c63a504932875b3238c940cae85e9
3CG3XPoYAtc4Wn1iND9iZouRVgD4VVRwva,1130863,73f052274ca71433fb24786ac735a1f3c9437b11
1Cvb6ZhkVaUo4bhUj7rQjC6SGyvTwH3Jrs,1130862,82cbe435aba87c4dfd709952665c96bc3a299fd2
1Pvng8tXv8TfhLddyo1ZUdponK4HNa7k1d,1130861,fb7ef0ca4685c1595f0b115c8e75ce8758a2313b
36jwsydecffF92UUdU58vZ26z677DxKQ7g,1130860,37668036a835a74593f965d3037b825edf3f5c59
3GFJtYEHf2BAPaQSuyr2REugsDyrXAt7xV,1130859,9fad3bd964a728ec81d32c6895dd8d7c86065646
3HCMVpkPreLpDjtWJWfKFqHaPdav91P7PU,1130858,aa1649fe0a918d33f833649986e6c085502034d8
3DFd8VsVBTeTavXUEqYMLaKABTzjyRqhUP,1130858,7ed4153e90725137d6107ebe17eed3b6a04e4b75
1NuvRDbDFSy4psPcieM3hFpQt6igEzjSw1,1130857,f05cdcb8310be632edcd097ffe87aa9faa950a92
1AVfnRPCqiCdx9x11Xpx4rjASGUSY1uU6K,1130856,6825274b6490504889f5f890cf40f67007a95a14
393opqBik9S9EGpVTJUX2bQGZewqhBCJcx,1130856,50b7843145d710e2cfebc401e53f0f50e263fd90
1BCm26bQJVsewG3HcsbiZtR8eaxtdbupgw,1130856,6fea941bb9d99df89c052c460ea3880481c8b426
1LqySkhsNNnTD56pNyXx45aWG9i2rZiEsr,1130856,d9ad7920e2daa58abdbea16020e5d82e1c153ffc
3BMEXb3QrBFB714A5BeA9VfxevYBFCbAUH,1130856,69f375c6beb38a983986fee1d7ec776219be5e5d
1Dzzvh2XkNPDTLYu1Haxp5B7pXSrVSCUxf,1130855,8e9992ba956a51d47a7f94b42c5987f909762c67
1FawosnTJXivRqGYA3yD92bFtkNisW1Lam,1130855,9ffd3d424e0918c7d7fca85d7831fef4bc0136af
1K68D3EKVYXarW1rvruWMoP6usgbK9UXg9,1130855,c66a5c48b63037c0a5e2ddaebb0f6d4153c7068a
1QCABJ4JrPrCzqmdQh1SZorTwJs9HynMUc,1130854,fe67212c7521fc1a8fa30123555b581eb9ba47f1
17MzrcU48HehSAj8XydmmA7ZKB6BsB57Jz,1130854,45c95e81e6b38aa2b2f3e5f4559a92e4eb3673d6
35nE2F9dEhHWJojccMHTSbgpRyJZVmGZQ1,1130853,2cdcae9d7df1b162df00159a14ab4de12add2ede
17ke1kyXCaEv5t5V9f7fxbabSHVuYQpKUd,1130853,4a1189bb6e5aa84617215445f72a802462cb21db
1PqSnXsPyA4gf9iv1oNzogBtbqzZqmbCw8,1130852,fa7c41f6fd8c1664a05734940098aa9f0110010c
1J4QxwBvjP49H4cqFfp8r6r4LVW7pTQA6R,1130852,bb1f6402f463d60fd2d2c947133d90c5d9099397
1QGRe3NJbAGbdkYNpqiywkbsoGjpbyUS94,1130852,ff35b322d51d40eb0f91be6217578000ce60056f
1QAZ5dvd3NkxZPnyQ3PEs6DYyZYpX6Rb4N,1130852,fe196a69579e730c433934fa009badc1da50ed6b
1PHEh2Kctti9MNvexMRQvXfHvVJ9xazhnJ,1130851,f464d9bae799389c08c61fed3cc9d47b3ca3aee3
1GqhERV8GdnKAWfZrwqH6M3yoPmtivMto2,1130851,adbf6fb912c2bdc152e69dd04b44193ed1dd77a6
16mQ7o7yAmCR83NHFS1ALvETLw6EbS2gad,1130850,3f3e3a7cf9a4712a89d6f05ad6b416466f1cfd0d
1GBkn4NoWhJhf8V6qh2zer22EA95k3n1u9,1130850,a69296e6f5b67a149ec94eb6f868820681e7ac67
33Jah8qPNAXVUF817KdFYigMuHpcYDtx9A,1130850,11b209da5af21662cf9421b2077428cf5e0baf38
1NrnjVLvu71uubzxmcmG8tdDefQfrAapEz,1130849,efc532ff54102e3ecd94e9195346988b5d873549
13p7AjhPNBzVt4hFcgG82Yja4PeskrN7GN,1130849,1ed8f350687da2aec7ab715cd1485026281d529a
1LPLG1hgP5LJwzyPUP6E8NtYZLXbmUk26E,1130848,d4a39e15467157b843ee46f6092849a34c2c7431
1XBzGwYrPXX69fr14cpbYysH7v3zbMoxV,1130848,05b5a697d7984ea6e006de652df20e8fb9ec43cc
3DTxMhFvqbHcXXUGmG7ouVgAqnSHRzMNrR,1130848,81291ff68250ebf87d0a939e2173730a63805b9d
1Gg2vrqcmjwApce2e9ahjzNw3qwfEHVpdb,1130848,abebb81cacf1da416b8179833c378fe5a7449e97
1KrAXfeiRTaHUAfoEV6HEXe9FFTV4meDZ6,1130846,cebe99b5182d37d8457752e6f7b9fca382a97b0c
3BMEXpazE7HZ2TF2snnCWfedXndaz1Cq7U,1130845,69f376a30267a3c04d179dbc2407c525b45aa1cc
166PsNjeAKTibC7YATF6moEs9q3h72mwVs,1130845,37ddcc64f38687985ca2c5c236be4692c5559c61
3FiAZR6ZzfeT3pif4oVjXgWC4YQgN6EkE6,1130844,99c962bc061e0799df14d770fa2693e6840e22bf
34WUKj7NBEErffxmUuZZMpE6fmMKcpXCd6,1130843,1ee9d6d1c8100318639ad6f99c6b6ea3a75b758f
164ouSgy7EK91Q81qx6kSZCjBnFRCYsBCd,1130841,379107cb7e11d9cf9dee31165a8a1a43ea28af47
3HQ3HYg43TvUt7kt6AKjWAKtCbPRFviu2E,1130840,ac4c140719a2cb7fc2aba50287c6e3c3046d0631
1BBHPyqidykm66pF9hAtkPKHmiABFiVvfx,1130840,6fa31ab4b5aff8f644c0c046f042988d10c7d3f5
13WLuivSGE8vZDfPJegZT7843r2rVmpWd2,1130839,1b7cef04cc129150e305f798c7cdef74ac4b2647
39uQfPEvvhMjHoXBCaLaCwjgj88MoihHww,1130839,5a18faa3ec11a18dfa811a6bed3297c404b3148b
1EWXoxctaSPcDQeMS2qPkHznismMyA7UDB,1130838,942f6aaaef6b03e152cac81e46eb6fec58ef463e
38UVEQHUDuqEmtNkHrQM4ipTynZLQ3V2oL,1130838,4a6a44bac04d96f7b38300e380e9cc45d2116ba3
1Jgd2JhWskiwVufuS5ngnSAoYhtbP4XgKj,1130837,c1f86e4fc6ec9e0ae8b95d1daf4e6acc8243e796
3PsvHYYxWJUgdfMB89hsweMctiARpUS6Lw,1130837,f362a2f3a18bfcf0d5fe61f9e09734873a0b7d26
1Mt8wg5F1ixnW1MkfXSXcg8xmz1B3ZP4Th,1130837,e50e5c23815587d9311f807fc063e17a22c67bac
18DMhCk1saSSpktSVft49dizdCHEyfstse,1130836,4f1f2552e1a83a34d778ef75a90964ff354d41fa
3Pwkt9iVPZvDEDtFFqrPstdu61SBZy3Sve,1130836,f41c736bd72fad9bb6f274d97e35cf60dee63683
1JKez16cCbrnQeuWPYBF47keeMvTgSKxwU,1130835,be01550293f9a851fceafe3ab48f2a851500bd09
1PihDVwUW5N7f5JZ7wirbYRC4oYXuttAvf,1130834,f93564528c6fd864a6ed075e2dd575092b083abd
18ntYuYEeNqJHZ4Vio14UhUQkeb12ZDbHm,1130833,5576a170916b8bd0abc2f7ce07e43561c2669a59
3KVT47tt9BfW6oXaQmECoD4PiA3zhToSEF,1130833,c342402420f40b450018bb61f773f24644ff8c9d
1AGhqQs4CP9PyQ4bPs4jNFEypyzLPbnZLt,1130833,65b17563dbaf128f3575e153b44f72931ba2431d
3BgyvNgSZ525e75Yk7v9bn5kmzyX6rewEa,1130832,6daf95fcb8a2704e1cc84e0fff5528a5700e8b39
1KkkCwcXPAA8Z967shiHLwM9JdptmpaHFV,1130832,cdb8378869b6191b570087a768e7c861aa3f1085
1C2yFd5BG5zW3qCa6ekFNr1gacLSZ81U76,1130832,7908c1a840a89585f5deb2eef33d25f6023f6cc0
1B35Q1up7C61tKA1TC6XxxyeUdV5ys5M7v,1130831,6e15c2923c0422b8da1d131428d649b315afe0ca
3E34gtd6WWsr6Y454Fc7BBUbNZ8vsazv37,1130831,876c22ec3f29a0b3e5b72d10687a684bbaa07eda
1PQXSkAiUsPtGfSo275AwLh7chUMsqkUL1,1130831,f5c5bf644f619110803a28a72f84deab66e88b0c
1DQdACFtm6CdXsgo8ACkuhnW1L3rZv4iyN,1130830,8819429864783391c56303ef831784941cb1bd3d
19d4fSXDed4r6CJuGDV4iXZdGpRzcWsDom,1130828,5e9309d55b22e0857ef4441d7331b896ccfc14cf
14HhUSrtAueb3my66U9qYJPG6tkz41La5e,1130826,2410d16d03d13696bb084f7c9bdba844617ad9e1
1PcNgbeKDVuKPHwcceKyJhLxHqt23KEhd3,1130825,f8036cfc223398722b223d492637cadf07e9b42f
3QFqcoib2ARz3ZwRRu3zdxYoG35qpvK8eY,1130825,f787e4205155abfb67f2d705a0861723f6e6eda8
3BMEXQBkge1gWunkxE9gVAWKMuo7BTxVi1,1130823,69f375163293231e24688875b96a365433196189
3QPABcdcNUAwCwSiBXteHhxEYbqaJaXTC5,1130823,f8ea4cfa1fa024023f1ca2897ab850b31671370c
1KHFVGwamoRhXVyVnxNyvCcfNwFQvu8AWv,1130822,c885035745195606d2b466fd89555d7b297e9c90
16c6gJQXiBaNM9e86fhmVMzXBcNVUavnmF,1130819,3d7bed4f6d5bf86f4f28f973a87aa41bef68fd5b
13Z3jVKueGAoHVGco7iNiSDw2PhLyyTd3r,1130818,1bffd7e711917d587f8f04f8f6c25eae8774bb1e
15TWKeEh7hDvoQUKmPWwxjp3PLMnhvGJVi,1130818,30e3cb5f74426543e637e7b658a0e0ac5d5a7dac
1NM8kHkSMT5CMCqB24q7sdB5bRboMqdPF9,1130818,ea296d51ca7da2687a85ab8fa8e86558abd69509
3AkDtzFtTbhxLhYNmrG5WbP5z1xWaGnNyG,1130818,63545fe8a9ffe33e655e3c3ebd92202cc573fed9
3EigKgZLsKxCVAvZE8sytsJNGQikZ3Ern5,1130818,8eea1adff848ca10a24a41749e4a2a0aa6763981
1Dd69iFFcR9AFu7enh2vGPhZGGpyzf93wa,1130818,8a74c87f5e349a05f3b499e43d38e5d8973bdcf0
14WGkejNUWBQW3MKN8g7y5NTG5ErwsynQZ,1130818,267197003fc8e5c038f39ee8439dc103857de03e
15ACTxYckS8aXoSWud2C9T2ZLK33othLjv,1130818,2d9dd12e5f925fb03f3b71640a96ec340b8eae55
1MPNcGBP1B4sTiU8oAP4MZdeu5GPYHk6zZ,1130817,df9db449daf3dbe9ad21a62fa7b46f8a57b251da
1M3YGbLBBv6cphaJpv5EH8DMYgv3HiE7wB,1130816,dbdd73127856d04c17cdd195eb55d60fc59f6aea
1AJw2mcrdtrzDDWmA6SXxecWq1KNyCmZKx,1130816,661d4e48cf6d9b229e229dc8a549c3e9c160342b
177qSKDhiFChCfNoEhSHZ3vmWizXTN84cz,1130815,431baee546c8370b642b69a844ece113ad37f2b1
3AyWvM8THfCrwWsyXKk2giHXjyMrWKNahu,1130815,65d7fe1b4e155015542311ccdd9bfe58db1f03fe
1FgwZf6PHM2xZ2QJwrC6AoPzCGfSnqCN9w,1130814,a11f87c9afe8e603c25a2420612c59fed27a27be
1NUmMSJKnbengBpddezVhQUX52krx3UZf7,1130814,eb9ae559ea998f4fff8b7918f2aabdec6bacfab5
1BhN4Ps9qfypMMFprPTf1mspdv4LphjWpR,1130813,7553799eaca9fdc4e4698dd3ec7436172fc14acc
34oPmtHxsgXT4kKkk1NVuQMzt3wV7hztKe,1130812,221d1cf956ba2d3189cda443c922c1821d01f771
bc1qz23frwy2x5ewxvj4uk9xudvvsr3wpuwfyz7smu,1130812,20641c4f72658436574f05f226e6c07db96c5408d885f90ff736
17pr2dAgZnEkJy9pdm7Ky4AmV3MieUuLCp,1130812,4add3b3df0ed99f78855da9353edefe7294d6f4f
33RWdjc73eCU2gK2isbCpoyRdvBKtvjr5y,1130811,13018fef7378c7207d2e4e70156b1bbd85f32cc6
3Lw79JULdCNUfwZVpngURczRW7VYjQLV9f,1130810,d314921de7c1270c14775901949e46472727dc73
1GoWCYy7Gy8i2rFbzbSVWBXRi7V2jK91FW,1130810,ad55652db2e9030c4d2df0a914fcb40da5958006
168wFehpBh5kyJ8xqKcsjp4WXoGnLo96tY,1130810,3858d41407609d3ba7ff69257d067668707fb47a
1JQgXbSKgnFRziW5S4sBayJoyu5T6c2ri5,1130810,bef4b389defa3163fd72082ccf7c129a9ea8c65d
3L7zfW2a5pg5R62WknHUD9iV6dfikDanWg,1130809,ca2b9ca5563487b5c2f3824c3f28f6a49e00a956
3KsaWiZthve8RT37aPLgv7iJ27v6D6w5EK,1130809,c771a0b8f1d5d35df2cfcf95ece90dbe885132b8
17QS9trxpowQksHwe7P2hdxdwqFWbexT9Q,1130809,463f519ba206b167c5ed4f55b328b24891b4b333
1B2pDuapzPwqG3qCVDDLB9eXJAmxYowvnK,1130808,6e0917daae4db4e9deeb402e3addf84498028b75
1FSnVgub77BinNeDVcqJ81wFjDaJkn5SWb,1130807,9e7223136c6c3d8180dcd6843cbdb42a66a00310
1ApknrGgxUKtmgFBm3UAwDoenfhTkEtzus,1130806,6bc13c9a94595ddfa6f586bf9d24f12ad5ff507b
3Lw664dCJ8nfYk6i3gHw2U2cQACB5jQBSt,1130806,d313b07c5c42f98df610f02535f961047524feed
1KXNLGYSg6DZtQvkxoowU8MYAJFu9Y9ScM,1130805,cb308cd94d33d6744f350632f23cbbf3e34c91d2
19RYqeC5JqFrSbjxNVAVTMArHHNcuPHF29,1130803,5c65912133def83449ed50dc301f59eae3ff94a9
1GThbnakWXK4J9Jab5J7C66VaXCWLAEzeQ,1130802,a99697bd60cbad25f004201e0b1db0b4c770c326
3Ex83cVqpDFHcRkizM8cm54nDa4ieS4NZE,1130802,9174fc22b648f2b92e25e7c21785d27a14adb3df
1EzNBQGbKbmapMo9hjeRVWqWxW19mmFSAa,1130801,9973064de59dfcff7b9e37f7ca66587613849db3
1NBQwpkzPaGz4chDXLHpjFfswfFh5iQKxe,1130801,e852ca1fef4aabd0ccfc11c188f0df69f00fb7ef
173C3koY4mmzLXnfAP2MrzLkdwEZtGnRnJ,1130800,423acf0194ff87ae73ff9b09bcd553e70439e21c
1EYazVVetM5fUD7u1xg6ocrajvPispDWMs,1130800,9492e78a44522911fcacf7e1026b50bf23d44e06
3M9iseUTPwHM1qmVpA788vR6dwyovdVtcP,1130800,d57763667723f61a418e89a027e1d5647cadcdb0
13udMGN9nE157wy8RPXwKYRwQxYsM458rx,1130800,1fe4397aa1a96db25366cbd343e476c29814b6cf
1Kywt3kjC6JHfarYr2iUaciaCfSKjAYM75,1130800,d0375e9da290ebd4a36e277ad8fafc0045e4c67a
3JxcYEtxCHJCuS2dLAHdw3fxJ4JVXazwYS,1130800,bd6d45f5c4c93eaaf56f2879aa0fcdce78f1963b
37DaMRSyTACTPhtnwSVdGEazHQFwu6bnyA,1130798,3ca02d9741bef9ee112e5e8140b6c47454bbccc2
196ud5jvxhMYDjU1hmZAxqbsYg6fHjb8d,1130796,018842436c4d9b1867fe89271bee6f0948a83312
1GLirFUdH2MwCaLTeoTsdPmt3Xey1ZFubV,1130795,a844b953349d1c5e102b67d01d3018563dd68019
1B51j8fDkqQQNHPvDDp3X7WQ8Ex7TK3w18,1130795,6e73872f4ab62dcad7fa6bac29bea85fe9be33c1
37RYEvjLopor8vQNm3mDive4sGmTvHdEtQ,1130794,3ee3681930826f90da005030c1bf4252dc61656b
1EVZTDPSwYuJycJX2AiF7ZAeVUX7ajYm4U,1130794,94005f246db16f6a4088a77bda68c0dd32113541
3HH12KxoJXz6KTWXchKnFmKqCQPk8RR3N9,1130794,aaf7472766edc935d8fe2bdada0c2f0ef5e450bc
3GWCFCVtvNp2kh1HvHQXAWTwB43s2CvvKr,1130793,a27ded604fd2b2c49274dcc57c755d965c159d24
1PgmUmxmk7ok794c7XkGSs4hzMs3LYMbTn,1130793,f8d81e6d3df884222f70bc775a91cbb7ccc800f5
3H7wiiF2vgUVxH3we8EcRmy1xAoA1k9qXs,1130793,a940c6c77243652aef0f697b6e3316e9aad7f304
3AqmeBTq514v4gtuME6GqasXj4SuZ8UDH1,1130793,6460f41f4d9a2d84b1d71070fb7b120e0a17adba
3QmCwyFoTeXaHZjxGLyKG6doVHRS4ViH3u,1130792,fd15c27eed6ae91e2fcda89c5e1a01fd04a6f762
348NW2q1ce93NAMJ3bgN9cWq9Q7w8wfQpb,1130792,1abbd3e78a9f1f20bcc61e512e20b8625d7ee39e
3BMEXCrzySi2sYiYaJRCHh4hAiJRBuzoTz,1130792,69f3745e0d8e5493ff77027868e256b570afce80
114kJasv8WL3GZhKNxJkCFsyx5Hcm1xEcC,1130790,00b5654313d0104a6e715ef30d32bcbfa1d411cd
1PjzGhCHqiAkczeU9iL1Dbv7otNk79pyXg,1130790,f9740b7194890796061306afabd54ee5c84fd191
3BMEX7jqvi2shMoGrwyW3PgFaVofxb7BME,1130789,69f3740abc0aa54d0f8e8ca926ced80b96883cea
19hR5pMsKztUU4ScYzyMdN5XNL1kukBrjQ,1130788,5f65bf8d9ab55e0b52880f02e36c96695b3174b2
1METYR2qKs2LmNv3V5b4pKCpAtepJiJ1zS,1130788,ddee143a2ffd6b077335ef74efc689c56301dba7
1A4t8oms24swipF8tUa99nvZR2ZJPkSqZm,1130787,637510a0799e5d07560855865de630ba39a3c1ce
3BMEX3yqEt5439QnhP3SVBsWvLaYAFMyXE,1130787,69f373cd9b67228f2ed3d48de546108bb2888b47
389raUAReUpXnFJYgUrqfpY6xeevhjTQkX,1130786,46e42f15e4a49a7b64c082a8701514744ea9c936
33v1sz4bgR2ujwFPtBytxJDPT1xY3z69rR,1130786,18659f4b10a105b5102e9c2b42381283cc37a99f
12F62U2w2Nnkj5y5UF7m3uT8PdqRDbbT5Y,1130786,0da224e64e2504c854459edc5175d1da1fcc4f05
1HZDHKZwCbvLg52Zw6NnJ7nhz1fujmqjkf,1130785,b5999346c851b58f79d4195afa168902a2f2cfff
1Q3PBaAWYSDjqfJ2ahJTTNHZCw1m1RRC4R,1130785,fcbe3de53836834bc07f309e7d9e2f9aeaf7e326
198aDuFaFBen1CTCf8W4vXAfzj1PoQWN8G,1130784,592fa6939ce212bd585179df02a75950a4ccb330
1Gd4baSdPbAxdJdFvD65AzseX4bvoYYf1,1130784,02f457ac2711f89fcd82d7b4304ebbe8a222c7e0
1Ct53w1uRUb4BXAJLNB84Hmw82fTATXmhf,1130783,8251fa98bca0fb4c36584816036c3bc70322087d
3BJXqTZwotGGsTC2umf3pNrjFGdLYh1Rk9,1130783,6970a907983cd3f9cc6e7d7b183b195d04247ca4
3BMEXiMkGC2ZSNBFSgnAcc95qKD92P1NwN,1130781,69f3763db8f5892ea294fa843e95bb2fdbcf4589
19UDwqeDeaRR11pzGVMqzTxARhdNU1dDjK,1130781,5ce70b28e3edc4d2959fd1c24e8ce4c0fcf21140
32VQJEAx1jWYGrTk2THUSqYN9mfoDxbZsr,1130780,08c5cf9df6ab63e02ede3b6f264c01c615777d55
18WeCMuPy4Jutgu8ca76QAPWthekypkoKt,1130780,5263fe306866c2f1c24ffea8287a5832376e4ef7
38aFHWoZ27RzSGVSG8WA69prAKSYTQv4kb,1130779,4b811f577a9e53c8ff6293c41747eea17900b8e9
3BMEXNwvR8tKStwGxirUqk9xxPXbFUEACJ,1130778,69f375020e8ae5e62748303e62f6f32c73d2abfd
12aqzDM1vfg9wSFRCRmHB8hMHh9m9E3nEN,1130778,115ebe8cab6353a37da420f7e067b9c2d2019a15
1LGqFQnsZCs884VW9r8reGtE5WYAdcyQAn,1130777,d368e7b47afe4fe4ad3e85edaec10efb94af608e
1EcBDUKkeHHh94x6hpS7uyWn3NHqvAVTgA,1130777,9540b88e36ff91e331045f6a3189201eb320fae2
3NJuueJvGuLDF1CYy6zMxxc5gShVE28VhP,1130777,e22c7803845df5172ddcf5964967e947bf464cca
3EpRznEa2xt1B7fELSCehSGk8hRGv6bKy4,1130777,9000a4602ecb7dc0a71b5274a77c73785e8185f0
1DYoK9UJwjgXtEa6iK5WyZ6AxZrk4eLRBL,1130776,89a51072cf4443277af392c3d1f5a6a57bb24b7e
1Bq58EU3ixFdM3TjoeQQWmWQN6v6UjZ6RK,1130775,76c8aac89f5020123e8905d7b0c1e40d2efd3858
1KKsdLgJTRNmpLXzpmhgWZNYH4JE8bV18H,1130775,c9040327d9af456a65ebedfb4ccb6d61f532289f
37nn96p8nZzYNTJKaHQ7NZSef13nq9nXwq,1130775,42e7be9d8560b474847f7a99dc2844f97a2ac724
13se8e5YJJ57S5PKUZ9BKjfeUz6w1eFje9,1130774,1f840bafa7922ccca8e9c2ea7a4719021343d515
16YhKFtyHh18M1qkF1SZ2USGYmzNuUq3ZT,1130774,3cd72d438d66b048df88debd119bc6ed08e4fe9a
1GyY2GNLY3qzauN22L9id4e1bTxuWr3o8F,1130774,af3b1389acf78ddf5d562d0346ec078424573449
1EWQKNTVBJAHxVzQMbnGdUcEMBpmEst1PA,1130773,942929725cd9b76581c8f5cb8c03bab58ff1f4cd
1bmF8BzYHkDGr2WgUvnSB7abrAC6bx5so,1130773,06931348ba7cbd74333ff0bacd55fcf54d22ef1d
1DhxoCJZt6vGdGRPSh4wYnFSSsxjMXhh7E,1130772,8b60b973858a5e38b7d1d6c0e271c08d83ad290f
3GbPfyM47bwLVisj1iS2bR2emf1fZPwWGa,1130772,a3798bc2edfbb573a8d93b1fb409db9f45e2039d
1FcwxRfM2gErRZAHViQmVckxJLXS43afT2,1130771,a05e31bb674c57ad40829633417875ccfef51488
32YWWsTeTFfTtCMa7pLkUYNJQXXTGG586j,1130771,095c3fd8954bc54735dd017cce1d7530c4f74740
1FPCogd8VqEk29Yd26RvLK4znmF9w1qLiw,1130771,9dc4c42f9bed0fcd167c544d99ed82c6b258162b
37Vf9A3SWg2gY2n26mtqUePoTJD18jHquj,1130770,3faad4ab2226fad4cbbed997088de6762c3e8851
34kVZe1kTTMPYhrr2RQpSjFrSsXSo8BNNq,1130770,2190b295435fec333b724edc1179f504381e7977
125triWmV2jJ9mKYEmB7abX2DPeGJRQwqf,1130770,0be513ebac0ffafbae92eebf0dfc8ea0be8721f5
31k67BRumpzppNaTDCTMT6iYstx2uzcv66,1130770,0094bd711d5545f772bc7944f343f47c7b30437b
1N569zG9a6uGe4KjoUfPESYPQ4hm15ruhj,1130770,e7209bc3029382bf6044b141b23834e43b053005
19QFA6PB1nA8r35Wnz4on8nT5jP6XhM2BQ,1130770,5c2664100b9e224f8f90640324702bfa656e98fc
36x5iAqRKPxNckzmLdiuMneQwn5i45cFRh,1130770,39b2077fe60f459a67c46c3dae54be1e2e9ba6c4
3PP7MC5wGKzH1w1kJ4BhkLHqyQLXqmmMTx,1130770,edefcef7acdf99aab75952c022b6147f39dc9abc
39MGVqECJwhDPwHNpSJGp7j7iozJBLuZD8,1130770,5404da4dab2419ecde28181b4b0ee2f3d0e05460
3QNuNXK5PmJbKgitepqpvvMN9yn6TSUZui,1130770,f8ddefb28e63a798bf4ef7399848f6fb0d77c87e
3BXt7e2EVx69RrciruQjjTjRVcDVbdyeVv,1130770,6bf6feed2e82648c72af981e62b7f2a2188a4410
33125jUpnh4C8RzqiqekmnQyLwVHuHNW3q,1130770,0e5fbecf8ad0dd1300b7f12e2617448ce68bc505
18o5syuG55ozM9MSJU8PCacWzVGyPeFYrV,1130770,558016665912b6928bd2727980439b693f1381ee
3C6mxqTNSKgbotoSfggx1Kt2Ls3hjHPFk9,1130770,722f965987716d487f5aae577a3e16ddbbc438ec
3CsBqRNhjp2cEF9V3SLvDheJyMgBAnBFpn,1130770,7a95d12ce5c7ef44d3dcea406a7600b1800b0310
12jXt8v2QE4czqmpPMQwVz134v5LBMSp19,1130770,13035ff8fc332ea05a30847ac08618eaf4538de2
3D2e3RFFgqbo8SWyGL4eqoyGZGD4FKXrWc,1130770,7c5f6fe7d333812b354dd0630ccf05536c464b58
34wGpvyDcL85Q2UvAjNXtzi6ZLtmtRy1UN,1130770,239aa4336aabf5e55114336c4958e02c10681e52
3JsjtLjq62vaUhVv3xVF6cmaZsBLuvXLi5,1130770,bc815379b06f963169ebcac2dcafcccdd4d1cfd8
1QLVSyqqypDs966iPB2UKpTy3G6isrXuKF,1130769,fffa8b1ec67b21dfff6e6a6044f243d61ae27cb7
3NtYuvaGH2VTCo8yeMDspu8yDUsbfxZBTz,1130769,e88915eb67fd8ef3122bd9490b74813a22052dfe
3LCam5eWNbRoT1px9mMj3bzvp1gysJHpPo,1130768,cb09bce1c74db741b38ab183027c74894c50dedc
1Mv2saKapwP1412HTT2EdeRwk3qMZJirBk,1130767,e56a1fd1d54e32e1858c28423f6e0ea34e380ee0
33bz6WfWzzHQdjUcxAj8Q4w5PwA6Xh4pTo,1130767,14fca54d776a766cb4e7456a8045a444010e5272
1BjSfrxEerVhSHWHU2zWgpKZgbaUmMKoGv,1130767,75b8280f94e40d4e9fad17ccc63223a475dff454
3E3UbrD4dLH348QEdsuYTQ4imdatuuPB5y,1130766,87801919a2c9fd417efc124703331aa7c2b9646f
12s3YD8usieftb22rVkW2gQVMxa1gknesW,1130766,146f0ae581908e52961c30ab210b35ed6f2912a1
1EfngS5q7dYrqHDYVjUTwJL2XYwq5YHFTw,1130766,95ef92c88910d58588c80769ebbebb561415c787
18A7VXMFs92cjof97tBEJGMy5z9afDvxMr,1130766,4e820b0fac9149578d12db104efe68484b286a21
1AtD7Dtg8YF6YRzcDNdHfa1mdnKbKCRNB3,1130766,6c6873e7adab3d2d58905982df26b873b0b064b0
1MKk6YjMX9oZ37iPXvi4P3EG4na66RPWLY,1130765,deedfa37ea41cb63a54f3a52ed105f2674f34166
3FGmq2QYarAEGsSQZXgcA4rEgV9eUVphSR,1130765,94fc0308afe36943480110e514cafcbac9ca5f82
12VXbqAsUV5GcLvitQjeuNJMC5JtF74bZc,1130764,105d511650fb95a8807387efa79da461565f5875
3CGAMd2bMV3bKvXVpnaHximddi6vhGj2ei,1130763,73f6060910f41a6c71fc2ad86de1284b8bdcae45
15zeMwqANRrt7MwofpkbQ1G8gyhgurCJWP,1130762,36c7668439f43264b8f26aed58065c255973eb08
1Nwb5y8sTwZToT4pePaicspA42am6PBq9i,1130762,f0ad8e81a88bc0f9ded3370d4122eea7fdb8e9b5
1BzCYMEpCrYsvh8vK57kb8PpsVeswAzUws,1130761,788299e72246c0a933e24f1b1c94e4a21e5a2588
19E8tw62Qkqgtw3ED3L5yMKsi48PCKaCnQ,1130760,5a3d0127afd21e081d66858741eb1897752b0f0e
1HmP2sfcjZArDXWZCWCvU88up7wW2Pg93C,1130760,b7e6b4dd20c73be601097455073ad349e9e3dad4
1NhaB4kE8qFU8PYsXrngga8DfqepLGkCTW,1130760,ee06f8c7acd64f4c2ab61c376b105fa82995524c
171mYNzpqWi7tKVPqk8HYwtgL3ucfpkkNK,1130760,41f5ef88682f7cc8ff68dc194566d8950e5d7008
12mAQuJxNCvHbeKid6cPpCpgsz4Cv3WAoG,1130760,135248f11eb8f4d711795e8e7187fa0e740db6e1
3D2NRHoGUoNCNJfrfv51ByarezZVH85RN9,1130758,7c5265525a92197dcae2d8dd1ab22799b95b6c1b
1J3n146Q71NCQbDjWQWUcm4ZVfDYLHQb6M,1130758,bb0088fddc6dbff95258f46344edf0786442cada
bc1qkaw8re33ue9r3n9ua6rvg82v6xqxsj2xqmhp8w,1130758,206405cad99f5708ab3a10600c0cfa3ae46fb87eb622b43a998b
3Cs5UXwuPeJwge6NNSKxgJSJmQELxtJmwB,1130757,7a908207ff2ef20e5eb193eb842e7be96a0f6854
37yae64LMYqsVQKZLUtBAsSCJRLEsM4v36,1130756,44f2b86367c7f12dd2c426f467d247ba648d4f62
1DiZXt7DUrZx1aMkpkTxq7h17LnPbTcJbo,1130756,8b7db875c1202949371ccd96eecc65e8223938a9
1Kij1mdoZZ1QtZtdLLWknawkjBBpKfPmPw,1130756,cd5663b319131670b38f9b3511486b8202ffed8d
33ziT4LixxBCG6rwtZATThr3ddRc9YLGqz,1130755,19492704a8d028050b91b255280549e448013ad1
18siHsCqqNpfQAfzCnt4YsaLxBNwi5h1YP,1130752,56602579b3f44141d81ad7b72f8cc13fee5110d2
3K5k4DGHdHwQKrEQu5osERZ7RfNqCt3PYJ,1130751,bec675adfb26428c585f371f52ebd663ef204a73
1fAY9RYdz1yXcJHHRLnvLEimi7c78x9Cw,1130750,0737c482fa3a5479ce1efce14d5d56244dfb255a
1LHizTmbaUe6aXHtrzWvkr1Q3EzaTt919D,1130750,d39418ece94281d8b7c948d53668eed83d3e74e5
3By6F18bCVBvqGgemSp5SXGvE6HsbdoBaG,1130749,70bb84972d05ccc4aaf88d483a8477da87252907
12KsCJmzaXHpHZwGQh3TLJMJTnSLcMsapS,1130749,0e8983833b7139ddaf1662e114457564570d41c0
bc1q967mnh54rup3ng4h2nt7cs8nd8t9mz6pjptwuw,1130749,2063ca49d19f56a6d9d3b462c7037eb5a8a85a6718a1ec649d01
3P7Vkk8AZiLjkmuPeeKbRorVbxBbG3uNXW,1130747,eafbdb5288d98770605090e8f21a082b20cf5d4f
1M3Wwqj36L18LsjD7FAEgGB9h1AUnPqSF,1130747,03ca6b7403125cfff6e1c9d6e373ddb88148b3cc
1LDWhjXX8hgzm2dEBA5ezAyZbT48Md1EVK,1130746,d2c82cf82e1936eb61298821accb44c7026d1345
17eeaUwLCjjBDF6HYcczpsFVvhboHuegoS,1130746,48ef836203324999942bf43da4e4b96057504f67
bc1qwqa6fsc4f7kzd762shesmkpk8jmagcw2z8qazy,1130746,206418a7aa35f1ab2852f94f6c655bc0a481291fca2141ac72d9
1HTsP1HcpPYXFuRULHNrR2nZqzTi8RyvVY,1130746,b496e1d47ba5582f5e8c0473c3c1a273e9ecc2bf
15Hd836tdAY47vrbf44JJWRXeUJhbPs96e,1130744,2f054fa2d749238233aa88cde1784cfc00ad55c9
3GdLaWu6A6siXSEnPRk4nhTWoQRSxFm2N7,1130744,a3d7cb89953389dd1cf7f664a1d26a44a49e2d4f
bc1qwzxsj7858kwcpx75n579xc6rsg9erhtqzvf54t,1130742,206418ed292a75ef967c373592474daa0993484bb0448ffefea6
31roCgvxrN3sczEvuj9TXkMAn7zrqG4ejX,1130742,01d98a4667b37458fa50b58d5a83feac792b61c4
3EFsPVCkscW3c3nzSBKseWH2K69knD2qPn,1130742,89d81c711fa8aaa078daa5d72332d0c6d97401b9
1Ppk6VN6i7GKJFkpDe9XxHDAC48fCMDhkD,1130741,fa5a4a8195116294070951c17a74c746130cebb6
1MjUHDXTombYeFxubhxPRYeS6qGm2p3XLQ,1130741,e36ac207299f91ee3e859d9efeff660ea281bce6
15rZFC3EcD56xUKErrhQqph9ExH77Jy1gq,1130741,353fcd3f7d307d52150d8d03400b64bba4c48a88
3BMEXuSehKkmuJte1KPiSs3bteLsdiPTCN,1130741,69f376f1fbde91a2bc18bc7b81276504771d1370
1Fo1M6U5rGLgUyT9SKipr9idJKYCQNP1id,1130740,a2452f361b770aefa60defec462f29778e0fac33
38xUKdESkBpqP3ebe5ycziPrmywFoQkHjN,1130740,4fb527e3ebffaae2daa8fa20fe72f87e1edf7551
1NfUGs7p6UH8dQgCx2nxHNeLRxuDM9Vvni,1130738,eda136fcc3092de0d07251cd5d166a989c49eb47
39XXdxTxLARw9qRGz26FSm3weX1v2M33Jw,1130738,55f5a6924cb2952fcb6031d0ef448ae3ac69cb1c
1PHbhwz1LMvBsrmwSVbf1M4bDpaGp8rz5x,1130737,f47664cc3a76990c4191faff956d4d4baa210967
1Pm2jSJ3zrGkU6Xu8GHvhbBhDr2WDfURq1,1130737,f9a683dc09c2b65e387bb805cd9b436b388b444a
1HezAMLZnyUmebe4eB3oqBwJi33zTYxnWg,1130736,b6b11e70c933c6eae62b081bef510cf0904580ca
17y4dtAqBwYHWRmqmzcWVUbYC8oX7TGmtk,1130735,4c6b156abab076e65efd4113e272515cc13dbcbf
36DCyjdJWpqBo9E2dbpMoHphWYv7P64haA,1130734,319635d40a51b88dd72302348f78a31c53cf9590
3K1Pn6BrtsWs2y6JaSdidnqYGtWrVbKUn5,1130733,bdf3de5f8ea87559952d2a8744149b335e69a125
bc1qhaa3ae57kgqazkv7uw52rmcttvudhzpcmuykpv,1130732,206400c0bf1938b2a73cfd21ed8d0c2d584d1ca4f9b6d37e7520
1LY2nujN1TZLofKt3c22YZfVYhxcgYRdze,1130731,d648c7bba54acd2778d08d4ad3e5e81c2d6fc1ce
3BMEX3APS5ksML25uitCYkmwssmLyY87oZ,1130731,69f373c04ddbfa698c46277bbbf9029fc349b062
14RAkuNtbEUcTYS2cnhD4U9LwPfRLJfbQZ,1130729,257a814fe58f768ef97a38521f6fa10f4cb95a37
1FYfchSNZHjkoE5Chpq2iSvgX7K5ntGUky,1130729,9f8ee3ee88a22d2bf4a81502ae68fcb8fb3e4e1b
1D2RSxEKrJHaiRCyddyvk6aqyXU7QDvJz,1130729,02462d9ba8d13635725f8a1488b2ff413acab9fe
32FBxaNH3cNdPS5nWnZxFLD58iUkjpwrq9,1130729,0615b00707ba0fcdc585f40f06771c0917cac875
32fuJwaY7zKZnmTHcqcKLzjvBv4LuwSJ4f,1130729,0ac2305a4a26b0c0002a41de6e343b170e6a19c0
bc1q6zav5rqt6u5zjm6cwe72mt9cja2ntp3yz2c9zs,1130728,2063c6c69ccab3459ba5ec6bd2add60f9d66a1e1dfbf5e304de0
3Ko5ohJX61Au488AQDqRG6nfXuLYjdZgfU,1130727,c6980016f8752821339e9ea6e95de98e3c98f873
3JkDY9k3zvC1oS23xFJMSm34LJ7LXP615Q,1130725,bb1514be4011e6f264fa1c8703cb24d1a3204462
3K8YdNye62AJ7mnz1JemzSHaUurHbsfSLV,1130725,bf4e2af734359c728ef3d82f8edb89818e7b0344
1DmJHPU4so7v33W8eZpSdcaHjRYViNU3fm,1130725,8c023d0be004ff7d884113259c253e21216d447c
1GyL8tzrkE4jaaQsSyD4t62FUgBX6uTwMn,1130724,af3127984d49fa550b9b6040d7197376e01fb3db
1FMjqg2HUjWNsS3LFHA6BdRFodcRV9UiZH,1130724,9d7dd72ef6f5f99b6632adda9732499e1066f903
1ExwoLhqJ3usgn4Jhho9E7NWVadB4rB2An,1130723,992e41c7e3ae5588e407843895bdfe57394a6d42
1Bt25xmVvJN8KfzqkzLtk8P7HjrokxWGqX,1130723,775760c833910428dae4af044544679a8047888c
3J9UKYayzm5M8udfkjDKLPYkQUU9TCqkZx,1130722,b482dcbfd97e0b9da77b6c6f1adba15e0badca76
19xzUXxSDoYv7VdbAsUP6MLfyaV29J55Mb,1130722,6257dc94f9b8d36961f045d1b5c5dc3476d18c8c
3EsTD1pwfrwXYVDxMq6E8zT4gCyNK27PBX,1130722,9092e69bf8d779259e79cb1430bf7d06e91cf2fb
17ntijwYprEeSn92zp4PKCTF6ywn3mHdfr,1130721,4a7ea5794df2f5cb1e29402c3d2daf7a8889129a
13RQJgJaomGmpApEawk7a9mSU1zGJy4S67,1130720,1a8db041fd46dd2275b4b208562d48a981a19f21
1Jx2pceVmh3QCP44RDjUDb833nBRx5Bsyp,1130720,c4e28948d9cf5cc481fd4f37ec1d87c537ddd355
1KXum4C1NpWUAr3SvrpH3Dodyw8q9jgGB3,1130720,cb4ac8d087095e4e93a99a4943865e12e2d8e98c
1Kwt6aa1jPpbzy6uPVccGTmqH9XsoDNojc,1130718,cfd36105a845b0ee223145dcdd1a978324f12e28
3AEXPM9bVa7cGKKBVALm6ggjpTFrrRcSMj,1130716,5db67eae3f6e735071a34472d5c36a53d53bb49a
39LV5eFWezQZXk8xes2DcMjKFsVsTCEwTQ,1130716,53def0c47f16667977423ac7aeda3adcff8d5f40
3M2iEWrP21NSW2DZ2hKp6baHdq1JT2g6NQ,1130716,d423f1301c496453a0634da6202d4b9873e8b368
3FQB9DhsupqbFtacykcqcYLV4TAXN3BHeK,1130715,96626287b9dcad408508506de92a3d92eacec027
3BFQVPqXmJMe56nwbTmqsWAFKwBNvamPMV,1130715,68d947c23c8ae8935deeb39bdda3478068b28455
36PnYNG47Sa1miQAznDLpVsrT7hHdhCvUQ,1130714,339662f48acb23b4352f9f132ad2560356cc3f4c
17L2zvfDwNUJPE5EEeF8bwEohuKQxVi2kd,1130714,456a538ff596902e9f389092eaf6a6cbc7dcdcd4
3HEpwtemjT1683noy9DDEi2WbKxvRTZWnn,1130714,aa8e08dafd8a1320e2e5baac9c2f7a4442dbfb72
33j1ctEYnPh4TKapVWZAUukGrAvKXuRL2J,1130713,1650d44ece765d756f1ecf4e7c873c4fa0577ebf
3BMEXGrmVj44hitD6wCBkeJAqpvNscpmZd,1130712,69f3749f0991a80aef47b9ad2acdb1a20d039493
1554Q52su1p8MKZCcCnaY4mowhoY46vDkf,1130712,2ca500d70dfa61d1a55eb90ab0ab29462f8bc952
bc1qttfe34yw2x63haw4yysy9fz32s47tkcqsfwqat,1130712,206413b727c8921d01511a7df83f9c42bb843e11f80ec7e699ae
1DU4irAfTfgNngNp5UE42rkwosm5WjiQQ4,1130711,88bfd8d0c35d7b0ef9ad8f6c2eb7dcf4405bcdc0
16DTWC6b7QEEZxBBPvHEFYKM1kUMdrbhuX,1130711,3933be8a6f49e36f431f3809ddeddf1daa549222
3BMEX7GsWD5wNEuVzHfiTe8hNggM9j88kT,1130711,69f374032bf70ed11cf4c750ac2db2ee5d9dc06f
14wmGhu2obHKr8Fz2Eug9VMu9pzYtYbZt1,1130710,2b43cb6fa5873691401216474d0b0d75b052d5ab
1JCYN5jEqLNJbFJBsiefknxf3m4GAe56z7,1130710,bca8e5128719145dcc53d63b8efb644d59029bbc
193uMWgXZLpVjXqBSgBoWhLpVSZ5MdJ3Jx,1130709,584d8a73398729048130ab37cbe087fbd9b5ad3f
3BMEXxNyBs6zR8YWcNzWQrmAcmyMR2kdXN,1130709,69f37721bd28a5d1a82f5ca49230757cb00c8c41
16MQN3dQUSwdfBReM6TZ6jmVx1SindC7N3,1130708,3ab47352a4bc055ce15f5417d5d64ab4daa580e2
1Cn7u65uDY7yN1jH7pYXVjyoPfPEUEZRKG,1130708,8131dc3082d306ed3ef323962284d7baf090f716
1F9EbFsCWDosnvPz5TyueTeYYuxBJvWSUH,1130707,9b206efd282c6fa43120698da19979a8b0bcbeb1
1JvhhCUhkAGpRMqLTq4AjceYqnhEyi4uSt,1130707,c4a227358b872b86de88b3cb5f1642ccb77ed8f6
18vyPYkBrVTPPCFVRTEfzvKaDeVffmB6Gx,1130706,56fdff56b3ba5a79c49a0a18d645445502b6b6ee
12Rf8nzZx5DQY2VrEvuTudQ8xAAi2uUZrj,1130706,0fa1f11bafdcde60de6edd903488feac7723cd5d
37pTVJ16RobHbzXxcGnnxCpjon2QENk6Ef,1130706,433901b98b5cc25f35753682eff05792718431b1
1H72dgXYvCM9NHbahNk62MaBfwswuTCWho,1130704,b0a5defa0f4f39fb3ed27402622eddbc28cec96c
33TQFLiEpYVBXpG2FKBxgcM4bv7EtcjJyj,1130703,135d1035138ce3c4800ed221d0195e0f57cc8553
1KL4wPTDkHNM1cZKCAzjG28vDNwXoajA2r,1130703,c90d7454960ba0460fffc4a8e458d5bbe7994f4c
31jXMrRLwRjqPVQc4PQFkM4Zw45emwEwpy,1130702,007967773a289ab52f852e871c97d5da7942e154
1HPKMziSL4zjU5QFzjszUXsuDQVBEkjKwD,1130700,b3ba7dd3be7a34a49015666f5c6a67362cb8b9b8
32X76MA7HPMSyFm8MhVuz2rDL1t7Jtu4Ck,1130700,091847f404d20dd68776e5a1a645303a43417376
1Dk8v36rVHaoGkeFfQbtZGFfnhkfL47JYd,1130700,8bca009c546b9d77cbf037478b21fc8e8caee5b1
33rYrESMBzbaBKRmoLDXcQw82mFXhsXWkT,1130700,17bdcf8824ae7cd62d1195df4d5eb5ee081766f3
16r5eAdHxrHp1JJ8AKKPRVqKT2YcxJdPX7,1130700,4020e28e605e7de7a903bc8877637a4987cd08f3
1MCuVcXTU8K1SPxEJkBzvspVHVkRb2k7Lm,1130700,dda2e914a4368bcc3cfb13596522313ea6039040
1BYPMWjnwpmfxvo3gZGYqqopsKMMqqBaG6,1130700,73a0d0039ee575ef7ca53e5b29423a7e1c55ee4c
19d9fUpePCPwLHFMpsSgykuVaWnjXwqi3P,1130700,5e97367841811a5e18d05bc3e12965c45e56867d
3NAK9n3XNa2ygK1iRBTK9Yo2w1HPNSYaHa,1130700,e08c20c42adf9a1c41e579690ac7ee33fd33592c
1GGzpsd2HcggZ7f6FhKquyQdfULRF5MGgd,1130700,a7906579d877d4591c2277b436ebfcc352584251
3CWqtUns3ra9YBVwqLbg1cDWDXBt1V5Vkw,1130700,76bcd8c2b93db34c23fe93f74c4086861e9e6690
115FxJSHaVfy5RN73AsU2jPWP2wm2LSY5S,1130700,00ce25783f743a2a39dbe5b7bdb7a91326fe929c
3DXPxxpQLd64pqkkKziJ6DhvKA5uaDuB3L,1130700,81cfbfd112acf9f404bc1c63a189b5e1dfa3a96a
19YQLPZTiuCDwmLqKR16JVqjgWMwxCZriW,1130700,5db1612ba27b61e76995da6fc78609f0b2fb6741
1FzYfBbBBZiC1iQYeVVi7qWwS4HaZXFK1d,1130700,a473e5d82b82e02a9049930173239f6c1ae24374
3B9AQm5LS9zLH5sVv7d2pVwkCTLTTyEUj2,1130700,67ab07feec3cc9ac3b458cce6dc7ec4d96902d07
37G2X3sEvAyLnoELZoGAKLUZxyD4W5z5Vi,1130700,3d16da2f9048ff8b61ba34209b5721a1901bd41a
1KszNRSgomfCcfrGt2HZzPZipGF813dpaM,1130698,cf16f3a30b3a612192f179b6f2e8162995816641
1P4upe9ALq7zjQWeFRhnsL4WRuuwrDLJpC,1130698,f2101bb3080405afbf2926cf2df81efecb4d133b
1Grkciu7jXExdoUrwd77T3yaEaERqDJQaU,1130698,adf2ad77a46bfb464b3fa0f5d1dbab714bcd2f76
1Pt8jcCYB6g3oeNQHsZeQdobzhjenHnMe9,1130697,fafe70149affecc97d28d166d887c32b217f2393
18AySG8udtdQRXY8DqkYMwLutpwfwDQyvC,1130697,4eabbbf1822a5c5ff3e73e5dadecb207a90124bd
bc1q85dscxdua9s2fkjjj4dzrfmmspvddwzuzge58e,1130696,2063c8991f4055e8f27095ec9b835985302bb0e09ee4b8028ab2
1CSk7MEhZCwAahQ6oP6PsBbZNFC5XWj8AJ,1130696,7d87c4c539a701034b5f3d6c17073f89e3f3042c
1GiDeCYDaWhAgF8oHdt7VN5BnNYh79YyqY,1130696,ac557e60f13dec72e09942fbf8825f5db73435b9
14kDUKoydmEf8uKaFJ1EF7CJYr57NtYvcz,1130696,2914ac8f908035b7b4c7d3e5511fbe4dff5edd81
19XHts28nzigwy9xkJbjGL6WfFjP7ELwNu,1130694,5d7b9671d8fcf652be8df48c8e238686c617f4e2
1DQxLsPVTT3aR3Lz3DpcyPDqmi5Bgi69BC,1130694,88294630341e93ac6ce02eb0f4fec627efd7a5a0
33VBepE6zw6Qp2Rh8opFFPvdP7BTcAoLdc,1130694,13b3619871490a4446d18d2089382c9003ab155c
3NnLEujwpQzjAEBty3D36qjov83GHmv3DR,1130692,e75c02e11da95b9635a414ec6a9b84a57f677bea
1GMBtEhxwnFa4dxJvNoKeV5bdAYuUTCmHY,1130689,a85b4a7df61f2c6f19275421840e883e8989290e
1HojTQXMBvjVyo9FS3DSj7Rc9py4KHRKSw,1130689,b858962f19069c4450d0767b52b5e225e59ef00e
1T2uL7jtF5ogReKP1UHPWrbrwTqN5nZxs,1130688,04ec67253979a950d5f2260515ca93edfe5bbb0c
1Kie3qvQPgzNQD1KbAFY7STm5Cr6cWY8ky,1130688,cd523ed9c040be861b855e46930bda0abec20b08
115HuRCRPSe5h9fELJU1ftszy94e88NKiU,1130688,00cfc63def8f38ba0482a06b57dcd31a9146e2e2
1AF1Hkps1NHMkNunUhHmNHQYdapkzh3rh8,1130687,655f32591a21ddccbb869ae6105b5c40780c2f69
19ghYPCLQuuR8Abkbi6ni414fTBEEE1mrZ,1130686,5f43121df9b276e5daea6bc718ed5fdd3ba6d396
32X46puFzMPHniaS4b7gaUgEBksb38K8nX,1130684,0915c89f1bdbf530065db270cde584e5819dd30e
1ATPgty1K3pMTRLAHqbjcfCGNvNxANscz8,1130684,67b6e2cc8875d741af33db82e03309cbc144162b
1FqLPW3Mt2q1HByoyd4xLW1gofWgWoKWbv,1130684,a2b5e9501cb415b7eaf5fa87f846fd8b17424be6
1PLmpTkMKdQfkn4exFYP7F3PuKPkNvB4Hf,1130684,f510153bfa770512a15a4b37a7c056990a2f7797
1NofiLgpTLXbVaZgNW4hLGz5v7BPHPKj9q,1130683,ef2e176b06431918aa9b8f44d8ed8368a33be73b
1HgcoFDYrXMzSFRS6RuFs8SXijpv93MjTz,1130683,b7001dfdefd956e53583d4412d5d7c6456a84fcc
1PYsKNZ3seUJMRkuBE94T8sjB1VtKfDbyA,1130683,f759aa13ff5cde258626c4899b08ea67c6ff955e
15TaZmDZkkj2JV2KKAWbJDHE22smsNdHto,1130683,30e75630d4c1870d7d1d274bc4c7c1af3a145bc8
1GZD74KqK7AmBZMhxhgufxHbbgg7D1o18U,1130682,aaa14d4356785b7295224e675d721ed356ea736b
13UDK6oeaYg4NNGHB2YTgpWVtqXatexaLf,1130682,1b15c2982d1213f007f62ec17978012cd4cad829
1FpKeCq1z762BdpagEoZLP1fRrisjFw6c7,1130682,a284df4d4e0d496a363c846811d74aa4cbeb822a
12wTxSBEsABDKfRMmpvENJ2E3xXocWitFA,1130681,154516d975553d6f2313936bf774f936ada99499
1Hjq4oDCzopYwajNxd2RmVA73QmSHnTbyD,1130681,b79b9b204f77c7dc7ab80f7ab2b90cba2a387bfd
3BBVWz7KhxDyrikHLzc2Usi4pg9BYUGMR8,1130680,681bd02a680ac36c41cd65e8dc26a23397db06a6
3BMEXo43X6vTpXmSVaRXN6sTuk9zfvnXnh,1130680,69f3768a1229a37d3eb7a3420d93fd278e3b2f23
1KSCJVS6fTtxK5r6o3GPsGSNFB6iFCaFjm,1130680,ca3618e328a6c0de9731d1f8327a807157d9aedc
1EtVvVHE7NXhc9oAeVFLMLfVdKWWRT33d8,1130679,9856fe05daafdcbb22fe0840ae6d10a8aafa49ef
143ojVFuJU7xeeBiQNWuQFePgNpdxWZUbn,1130679,21703839dbf44e95c4ff3c3c6180d40bbb78929a
1LdP7T2Gpr3UJsoGyh8CHCd6VmuxakM1Sx,1130679,d74bd26ec6ebe7015ed3243209979705c08d4e0a
1AxBqWpPqaCzdm7Nt9z1fTgvtR6ZokbYFL,1130678,6d290e46a01e7e607b0e6eae63903127d2743d47
32LxcNNCqucdPxRQMtiSK7DjdRJ3qV9kjn,1130678,072d0a6b3e03472dc773cde14faff54a7da1731e
1JAUiJuNKnY9jwFeVAgPhs2UL4PjD6aXYs,1130678,bc4503d56c34efdc565f5a6bcde23620ba80bb36
1Mhiw7CNPR41oMH4Ab7DEESNdkbbt8m2Yu,1130677,e316286f611c7a8032de4b4500a90bc66450d177
3H3nmHu2FucVVcBAwm4zfE2PYNFRhYPhQ7,1130677,a877a30f06fc29cb3f382a50923214b6ff691be5
1GBQxw1fttGUFzjQWdMFxvKQyWqsjZTcNW,1130676,a6820d00a6883de83ec89869f7abe016d69f2b43
1NT8qFZ2fXSsBwFrGJTw3uhTro6szTX2Sd,1130676,eb4bfe84fe34c433658cc396ea1027e074eedaf1
1G1Yd6bq7h4VXUZAJuWnn2i1uUEUcBvYSL,1130675,a4a448a513491d763dfc1bb7548c334c392ec46c
122ghZfpKXSsdn1TkvJy3oNwEuAKBxdaRR,1130674,0b49ae5d16a4fde0e54cdb3ff0ccb42c1db58d80
1DhxF4jBn69Hf3pctBRpytivpU2mzkiJxc,1130673,8b60431151d16769553d5c1139eaf3fc30b0bd17
1DHymwmXCB4FtoyrBQvFbkU92Bgm4szEFn,1130673,86d78edf4c5c8ef0054fd7b83b055bac4623e76e
1CtR4U1yLDxeVyGQ63quR5zykbR2sK6UxR,1130672,8262ae86d88564f2b1d0184c76eff7f3f80db5a7
1EKaKBPoWM8AtT2iss5iemy2urBmwqmCwY,1130672,921cee603b34a013e9e423e2afbbcac2c7c5ff91
1DrUeVvcNLrcT5vcAUVGzhYTfHyQWhub7C,1130671,8cfcf83dd382a11c0b811a432c0bac66d99e8def
1wWdhgH3sTdc3EcB1dBjwKiY4ui1cbZQC,1130671,0a4f32b91aa794060c55767230dfd98604f010ba
39MTpq5gAkQNyLnnZuEDpyFn9pFLeho5k9,1130670,540e4efa1d72b36d28ab8c5eec49393b2c74994b
3Q6NZcNBXJwG57LE5mtqaqFZxnbLNWkDmV,1130670,f5bd9020f76f60b629b850a689c8bc737eb0f134
3MD4bKrHE98hEpEos5pmRwAY6MtFwb6eGY,1130669,d61918af77b787ea342e6b98916e780e2d2d4a02
1M14wkoKhQ3DbDVdEjE5tT9HNKEjq2DBHL,1130667,db65ced97fe5696fc3b20931ceed21008a442a43
3LtqHVhqjNV3KSuQAGjEXuHrqDZFD4N5Nw,1130667,d2a6802a3872d8f6dcf830cb1504dbe95e2716b6
1N1dJPT8okKyNNCbe33j4Dy1MLdXBLiKZ3,1130667,e678f1679f0f7584fa492271f2c8bae86fbeb2dd
3JRNu6ZCCp1rs1Gsbo2ZFVk1VMoX4s8Err,1130666,b784fdf554dbfa361316a5356d8f24170bad1600
3GVRrGu81z9r9Bc1x5sdmLQXLVTMD4cezK,1130666,a258de3322af97e062db5aac7dfb4550a8395c98
1JofHEbNifmLczJRkP9cJEKw11wePQWHKT,1130665,c34d3a1dfceb025cd567cc749e464d1a689af0ed
3JYqqVxqf54pTQQTHDLmrRhVbm9LFGXoxX,1130665,b8ee63f5438dc5eb20666d6d32af392921e56792
1Nn11kmcujzeLyNXq2t9Tqqpk6QsBhRryi,1130665,eedd5edfb4469d4b1a75b140056a9f7cb0f1d37d
1BMhn2YeEo3oNnxTfpNoUP2xDi6DgtvSQb,1130664,719b9d8cfd9b1bfc371230ca6b594ebde93c5500
bc1qj487r2qn3drduhe2a596kkfw3ft5undfutv458,1130664,20640339bf28ccd6a1c9c2c6ace7943c586bbddbb6597248d6a8
1H8GATH1HdJtVju15s8SnYfhkm5BoNE9W,1130660,030cb78872516dbac04ff07423a79aa61a71c043
1KgTs3Gjs4HDhihphhUvLzBMZgYR9nC1Wp,1130660,cce8e917026b0475e0bb5d2627b4d40f2a14280b
3DqnjUKMvxTeDAp4r1PyTVNbyVWvy8WC3D,1130659,854a3dea4769121248385039fff486bf44d22ba5
1MSmAenXVm6yFxuZFpBx42SXAu4ExkDWNK,1130658,e041c871414c818a4d04c10c097571ca5100e735
3L3UpcpVCZstZMxt5tsDkAcZQJNajm4CQb,1130658,c9510959ef43793f148a850716ee341a064631a8
174DUreZb8RTLS7yKsn2Z5F5cdz1BB47D6,1130655,426c6bac487810f8a3f2ae4bc5f1d5586088cf55
3Jhga9r2z47LHvrVmtyjm6eFtrvX4yuARr,1130654,ba9a6681ca57f4bcd464f2bca108f19993bb987b
1B51jaW8rqjNRynjLgRGki6m9bWrWxfzge,1130652,6e7388d391253b1e8f03bacdb05b9f46def371c8
1H5kfGy6rVEeLRz4ATpSz9LwKmWNadYgZi,1130652,b0681f31ba4db3280e95362f77ba58d268493527
1Mfy88o4UJn3ZJuJGCXJzfggjsWcKZBEWE,1130650,e2c12bdd9a2dc167d7ad89f5d24c601d50fe1be7
3BMEXHoQ3RqZ6y5Fjh3zd9tPHMGZHiy5Aj,1130648,69f374ae5adb0a38e9a57351ecd606fcd0c42f11
3FiDDZx55igXviyJ5EJyD1id8i64PjNDah,1130648,99cb9ab3b7a875deea4ca2e1740856e3e2be7916
3BMEXr7xV4ToGn7Hpct5CDUv947S3mMrLK,1130648,69f376bbf490f3fe0cf3de6b9b1f750266e88ffb
152hAc6QZpwhBa3sHnwJYyy7MPse4HywSL,1130648,2c327299841c764341b19ddd3a920e59d55b9963
1BxC5mtcoD1jYKe27jwBEVcyhQXgigskZ8,1130648,782163042d1cd446d4ce58c3e99989dd520ec117
19ya4EwBQEGc2pca867nYf6j3GbQSfXP31,1130647,6273e4cea221d223a244d62aefa334ced69266e7
18S9EmVhuNpbduaxT3ZAsx2xDavP847gCB,1130647,518a27de609da7d95922f188dd7771f9078ccc20
3BMEXYQEdKwfVZ7q4tTrzPJczDdt9nhQqV,1130646,69f3759bcbe340bb00f4989354c89b2ccdac82b5
3BMEXk5e7vjyYibg8Yuk9SNjTqyabAfb6N,1130646,69f37659bb3e028acb3fd2d7b72adbf04cb0e4b7
17mPfEK68CaFL7jiQhWDDE8NGLWRr1TG6z,1130645,4a35f8cf1b872be202753d9b09a8f5489d6d62a6
1QEWp22SUKuU63pJ3J5AFmymPmaRnm494d,1130644,fed92f69bc2bee483add5bdd53a8eb1236bc0357
14JXnV8zdvknnBt6fvtC9nUkNQww6QzNdU,1130643,243925657de37436cef692e4e58bb0cc8e1e1f9a
1GZb5sH2bZmuYBMjqpv9PF8zgu3yXJksT3,1130643,aab3a63bcc19d22d35114dc0a96df119b7c66f31
1JJjwyefT2tZgoLV4F9TBSFooyj3WVYAsb,1130643,bdd50f8d9edddf13b9a330acab8e1e40195170ac
3LPbE7J6mCBw9CjTP5CRJxhxefH6Ssrx1K,1130643,cd1eb3d0aebaba2564dea1af135492b86108750e
1CHwCvnP4AjKexDaFKVJT4AjVo6pyi6Gr7,1130643,7bdd49a04a85ac3eab5883fb24edcc8346eaef04
1FMtD6coCA3nn9hhrp4CrRg5GNc66o1m4,1130643,02b741717348623d0e7b31a7b070f8d39cd2a5b4
3MST41rQhxjTrFr24EmnxbwBmGZh6Xu6hZ,1130642,d8a140b32d41ff5606052b88e64d0c3a0edfc141
14XGAzaKVRXr32LVEkv28LWwcGjSfee3VG,1130642,26a18579fcc9c058d7d55da8c2c3c4b23029059d
3DQFWMyqKs2vEhVrGTaG2h2JNSTNsuUXDk,1130641,8075c6d1f4c98db826a1e3cec422c6b9b233b645
1HQnKXvhFxxpn2yHDf4ckAWS3AFNQbGgdo,1130641,b4016916f8717c3a8531f3219e3823103ec46a14
1CPzPU7epJqrcxvsRFuppVRm8wSLLEYJLn,1130640,7d027078f144ffb9da7fc9413c6bd3698869e2b9
1DcxWcqPrhdDaWZXHR4iQgRo9dChbN9ToY,1130640,8a6e67f161bb751ab53e75fbcd9fb32c101cb629
13d2czmE62Lh3EVPTgqeiA89GbZJSKjJnq,1130640,1cc0943a6f14ca04fff16c6407ab5de7945f61c4
1Lc7MwzCTtti1RThX5xB5zY3grLjru14A4,1130640,d70e42333bb0d79fd6f39e50df07b35776a1a6f5
1A5bQnURZXYWT5MTc4ejNwdzoDEYENQ8GK,1130639,6397851d6f6e2aed4bcc91260cd00cf3137f6bef
3BMEXvMZDMZEfyLzr1ptbgNGs6tpVG4Pcz,1130638,69f37700d15d1ec0a2329e4d2bf45ad651aa24f4
3P75JDUSXbA61nribJ6iHCu19hfc2hrd2A,1130637,eae770d3a56918d1f6202144978c915876f2f56e
1MNW3Qgz1VPxfNXoS7kK1Qar5KAQ9DKCgn,1130635,df737e5724090135a373a7cf04875717c0055f74
3MoMs9qKqGgwnwuSeLJNTEdC8gnASgHdTe,1130634,dc95a865fbacabd97b788aada3fe128f954c96d1
19D7iMzKArpwVpQMNCkHHzXu3BqaHDw5jJ,1130632,5a0b9a06114caf29df8beea98a6f696fccd322a3
1EkP8BYP1sLSktESoDBheJuTDdWsb5V9jb,1130630,96cdfd5559166a6cca0abc2a8e9974dd59f285d6
32chV5juSyKHYDGUo7iGdiVHdViUW4hFfW,1130628,0a2711e16a6caed6504f464eacd2c19161b46c24
19V9BHERsaBvA6t7XoWnrNZAELLxau1jMR,1130627,5d137aaddf12ba9584ba1a6f545e86796090da8f
1Cw231Yi26Hw9p4NbEouRg3GmLrjxfUx8b,1130626,82e0b59086c3b78b8ac537454e368823cad8e555
1PbuwMfZknjkrBbkdX4xNEigGdtLbWPWdF,1130624,f7ed1984411b17365111a195d48b0b6d453ce9f0
bc1qurtddyxdmpacfkaw7qzt36sutsutqpe4rzmhdy,1130624,20641557271abbbd4925b88eb9256686562a900217a753004563
bc1qn55ptfgkg5fxdc6gexmrttxsqht25yuyndav3zumks2wgggxcyfsxdszuv,1130623,768791370072da44a9cd00a507b6a1305c6fdcbc64e5a0f5a5092ed9c97e3d71652686792c87ed94a1
17qhBjDLyatBUyK1LUm2tXysMtWzmk6z6F,1130620,4b0643fd6c8c1c4daa197b3674c2044ed3478756
19XtAYCNNUZ6N4cCgRjYyHGgyJawF7oKoc,1130620,5d9831eef59466b519d73c502b1cda924d4d1148
3BgRECGztNdfdsrGp8G3u1SFuRNXN2zLsx,1130619,6d944b9c701c9143b94d1cf1a0e59e3c05a019d2
168JRCZqb28S2ePPCs5GxzD21a2pDTcqq4,1130618,383a146f575da9edb4a3977210f081d6ae0dc1ba
3MUhWK7CUNdMMmBBgGKfEh8QDzJwSPh1U4,1130618,d90e2656306089deec9f1695e145887f619c60d8
16KAGgogPQrtasSVteUKcQhE3NQDSVQ7CN,1130616,3a47dad534e675aa7c1d8fe30940f89223f8c73f
1N5cXEzUZDVNojp94X9nCj6rxhdttyt2ZH,1130616,e739f503153049d6c708955068f07dd1a945c712
12EAi6c1ncy4GhNdQaKJk5yrHcuZ866kGb,1130616,0d75a338e27f7bb0af940a18d3850f31a0afcca2
1Pjq4suRy6oAZFT5erwLtemYxPM1HJAzEV,1130615,f96c5ca0d501476d8e488e818c4ff3c8be98793e
3MjwjVeu1CsM3uKLys4akJgtop7nmqDnrT,1130614,dbf043f864adb4d3e7b854d0f5c5572152e187ab
123oMLFUu6oHcnUbLqgjmN4Mqx8WWe5WWY,1130614,0b7fa631d4fbbc4d567bf36d01dcbfc2a5006be0
1HgeBb1A4t9stPcywZT81NyxdLWatt8Xe,1130614,0327bf00056748391d443d8cc0095c66e86b9d8b
1BKXCsxvinh4wELDsiXrmSX6bKmtt8Gjq1,1130613,7131f5774ab95554cfd691eb3d1ddb5bf7674ba4
3CKWNfoG7FcApq2VLmwcy4pXsech6Mzq3F,1130613,7497fb50b49eb679eeb914a95ade49e403cb0106
3Go41JUrLJFgJeczr6zJFLNmp4qkCreYK5,1130612,a5ae1edaf789e5c1e74242234587c226a47646f2
3L58RwvZokoV66ayto1PZpybrxpDbhVC3y,1130612,c9a0d8d593c585c902de46e01f0698591ad7b959
1GVGiKMQvMbTJQdLhuRY4TnG9uBJc1xzYX,1130612,a9e2a65295c92daa27c701548ad3f937fca1aa11
3KhdGK1MvcC6nMVuEqJX8kGr8g2vsZXgxR,1130611,c58fc3e0193d03ed01373ec40db55dcb29a6cd63
189Unzczar1A4KngJj5v5z4UFa7RDNSbfe,1130610,4e63689a13196718b3ed251dc8208f78738a6eaf
3EXuhx2G98UTn5t3brtJPe9vmth8YX519m,1130610,8ce0b3a426a7cb52b36d32a8b27f1871d70cfbf9
1PrqhhMpX82pKTmJbDFysyf7qzpANDMpTs,1130609,fabfcdafbf71bc8e38398084ed60b512a9e79787
33DDbUxUha9oV6gnrj6diXiPnEG3VNpDhr,1130609,10ae58ef43f0afd25ab5dea3c1afe74a34d942aa
14Xkh4Rxh5zdD2LcjYf351kxfUmLuyzqE9,1130609,26b953cccca1aada7a8c8f07da95cd1135083978
13XLkGY3pT4EUu66m5FUW2RULbYTzg4PAd,1130608,1bad36ab33092bfccf4be565cc888bed3eccbf54
37Gaqn9o9PE4roTAi9pTBiYATZHiekbPc1,1130608,3d31d5877f04b7d395568caf9dcc19fd724925c8
1289ByAMDZr4HxV8LpYPBbEzX9DTkMSXNG,1130608,0c51df99c15ded5a16f712dcec19217e179ae091
33LoZZfRgRNmZK5eYjJcDzyv5xdQLzH1ed,1130607,121d9d0062ce671ccc7f9eba6aa09cb9a6622fcf
1Bt35wofv5iF6YfqEhzmHhunjTaGGfbgXt,1130607,7758366b3ef4cb24caf461d5e5a2a2bf5702fa77
3E8r893o3sAj2JExFn1AJeYroqqh5o9AsM,1130606,888424cb140f37c7cdb230a0a3435eeb63fa94e3
1EC91V21MsNSt1F7nYJ9BjnSUdVKq1jNRN,1130605,90b4e55227ae2ff7fb5053817680126cf31b8e80
3BMEXEYEEHJkXBvLztti3ba8AYQpokanC6,1130605,69f3747950825c3950c8025b4d4d9c80aaf433e3
17As4LiarerzZDW9uxemzcekbw4AUTgFBT,1130604,43ae48c9a1afc339f38226cb3e345230eef5c5b0
144khPdPbuxLp8nnx92uJ62hFzbhAqjpZJ,1130604,219e19e44016799b6154be34b3c9c57ffa7a0ac8
3LHXPY7MTgAq26JEVfyo6h55mCZ9brJym9,1130604,cbf900d793d5e8a8ea536c0faf72a0cc647ba508
3QNBV9NzaXf4FtxH8CqJFjYh187CfcLJqT,1130604,f8baf8c71b6a6eecaf283f6b0fd7a91640963c2e
1FRPTXR1QXQyfkz6RiPa8VkerDpN1D2PgE,1130603,9e2e7d9016e2c74151c2ecd0b25fff43da68a775
365DCNTU2KYhgNPza1yR2xoEzCCFBWeQdT,1130602,3013107dd7f6008cc8ba3956d9301c0b192ebcf4
1KdRyYYvDZLLbQFjHh5R1U5AgaDHhTtyTK,1130601,cc561633a85c4855e5f16946bbefa99a08bff877
3AgJijKB3S1L64rNnQAT17djevFofeZwti,1130600,6296bca90fd538eeeec19094644808bb2897a5dd
1ApNFvEGhdVWLepiB1yiqSoDmnNQPPZEWp,1130600,6bae6d47d01ac11531d03df955fc50d0a661fe05
16ZcUoLvw6y1FrwhDx3jjfURszDCKCgzJe,1130600,3d038e6aeb2135de2e216d962eba23dbe6d1eb51
1En8go3NtcouAf1hCQJRSWUc7EWRPfbtCe,1130600,9722c4fe2517f9b62b4e7e97f947b0b76fa3e96b
19rETD6WQ9XnEAi5DeNF1x6bBZwgA1Z4vA,1130600,61109e118029af04112c9b80dbdb399a40ed4624
17WHkMte2tToPCfbo11PFn738hLogVkCJr,1130600,475acc3b2e8ed961f2ffb8751aeba0b7b451f2c5
15HNydxC9HCB3LUNbLWQHsiL4Cu4ANUYxq,1130600,2ef980ead8bb1e74843f577ff4217ef6c74f8964
1F76TJSvLmyaVTTjz6uQnnkbTERX63EoDr,1130600,9ab8cf1edbfcfe61d5602aecdfc21439cc7d54e4
1BehuWkkMWHyQqV8njXeBjPmBU9jh3qoae,1130600,74d2cb66490e35834a0b465a751e52442246eb52
18ZbyKaFfk4yV23wU9kbQd2hNnYENC2eLK,1130600,52f36234b07ca8bffd828e045597c734f6058de6
35tpd4C797A4D2mnxKVQYFFAQxtVuiuK8V,1130600,2e1c0f8685004de55678f1b43cb867300ce4bfdb
1Sd6PswGSR9V9PYeVknAKX7r1P4ncbNmN,1130600,04d8872910a0ef0646ace885898c20127ffb3b00
14zH22JmQQhwtSNnkK3ccX2soTBz3cWg5C,1130599,2bbd75409e32de21de26281229ed575ab9db2cce
1QGAYo5CGhgtyTH5EqSFZAtTkvJv1s3gFk,1130599,ff291a55cce399070c89e91ca7334d32a40d6d37
1PJS5uXjvHFGmieRNsuJjZve8y5D4bGmTw,1130598,f49ec734a63b892297b919097265f3178c9e90fd
3BHFbkhGycWzKF2KsgPk15RAtxs3ht5UEw,1130598,6932b0e168c8fd51121438adac9d7bca60ce1f35
1J9QhjtTraZTvHX6y3dn4aBEzxccRkJU2s,1130596,bc1140753f3be8a820bc9100782b6c3790e04eca
3BMEXtfFoaxVnsjbrijCkFZ9RWAWzpJUF7,1130595,69f376e5417da710b2d3c0846e165650db8f5657
12DsH2oRXdvvmDSKGBjkUG4z88WgsJtPtF,1130595,0d671600b2d6361786ccb5ae8fea68ef0f99ddf4
3KHvYFYzsrX6iEnvYMiPRvhB6EtbTKHUx1,1130594,c11433cdf60eeeb8fa46cf6e77e3b2212231cccb
39Gzkb2P422s3rtL5XpzAunkRiieV4E4wd,1130593,53360b8dea0d8b0f264157432185181ff14cba51
1GG8d6BZsis2sMQeD3dvwyEW6dt1NF2VTc,1130593,a7667d289a4df5abf94fc895dd0a1e6ca51791c4
1Knm96n9FKw2VrYoJk2L6zuiLvNEYinEFD,1130592,ce19d40c3cb0b257951ef805b30eab7d6e2fcb50
3EoyzWfWzmrc5BMiG5nrhF44qGwne5T6pa,1130592,8feaef3cd63ebe998785788bd5306cbd438d79ee
14jxG6CXLeRsxSiiXsNsnq3UE7a8ybXJsA,1130592,2907fa031e638e3f3e64f8a7d25af5e26a47aa27
35MqaUB5EcVwTAC8JvpZUpg4o2UqEFvU63,1130591,283ff69ef124c0d558e59915a12cc4796396a8a4
1Cz2AeC6oq7t4KXaZBjSq3gQuEbMcady4A,1130591,8372112467b23e6c1114828ae12b59cfe3fe703e
1KFGxYW8DRaHM2GHuqzXKwa8qB1gSBv3YJ,1130591,c8256888fed1ba94809be19bccbe5cdb6bf42db1
14qsiTw2q1MxWjjGpr6Fhxdi9AXSsqnn4h,1130591,2a26ad9d94f5b2bfc824c1384622a3a147fd2da9
1HAEgo4mLR6QrNDB4sxtV2km818h1NovwW,1130590,b1412e47d4f779f64d3d92fd005f2fbfa5152863
132ez5EKfSGKwncLnre7MU9TC7tHpfRdK5,1130587,16405fff48f81ec9a0db210e79eb7b423c39d9cb
3DoUVeb4UbxjaMckL3YAieQtfmwaCtoCqk,1130587,84da2f72bc60cb3e72bbb9ed218ac95283bd1b74
1GyeeNkppG7w35i26J1vVL89YNMouA5Vzo,1130587,af409ac59f9443580b05e7e5f44cbe0917f6c086
1GZQ1unXr52QSHR1YMRHdFyyCtjHuyNQav,1130585,aaaa68fa0b130a468520762f071ffebf943aa07c
1JxkGcKdTtKfJDCMjpjHX1WeZQL812dXQZ,1130584,c50522addcb7ad8799e94492d0556f25b78b77d8
1LjgM6B7kMUqxe4a8gEgJv6zKH4tErrK5k,1130583,d87cb47981322c94967ce20af8dce768f2160f3d
3Ei7vUBGWzVNTcKzAHLKrzGJ7huLHozXvP,1130583,8ecf0f024458bc4d23b9a1d187ccaeab14c583be
1HhWnAKX3fDo9BqsXgDZcD1uSSQiasuikW,1130581,b72b824b5d5a9e15c5d93985ae6eb52e75f582ed
1FX4RfzNCbtbq1ndjohEBVbJd2fdRoihk5,1130581,9f411964ad48c72b172e2f647b725d11f5a9faf1
1PvR75gVS5fbsWiqK9HUnGx6Jy3Ktao7jt,1130580,fb6cef573bc3df50f599f15d66aaa57316651636
1A1GZnECw7EbEdXYMwDd3iA1vjyN8jMjSY,1130580,62c6200d461c83d15ce919c4fd4f2c0f67be045a
16badUWYBgnTDG8a3o9PYvatkxL1MFfCW8,1130580,3d62d7f5253000c2fb29004aae1c9c255ee9e53a
161DAxhVK9z6VwM3PtrvdJ8FmtSCovCJam,1130578,36e2ca13f4c55093aebd154abd3e3da328280549
17ob5nbYLvng57isv6TbEUsVns6RjfAavV,1130578,4aa056effd9e9c36a5204cde2ed8bb04b53b58f6
3PktpqHEcy5oREMPWjyRmtfwdbmfucAVcU,1130576,f20e816ec59baec5c84aac08c946df39314fcf9a
37Fy6B2kzFGdj59Vpr2jCxt6UdL93eMvP4,1130576,3d13fd6f80aed1ebb55d468117484a084c12a521
1KwfV23bkRzvmvnnhk7K76rxcKRmquEbw7,1130576,cfc8d99fb27c04108386c7bccf6fb4aca75269ab
3ENVsiAujfjv9iHV2nKFHq67Xibgxqwcyp,1130576,8b19107a1924d0411bb4cedd2a58b0de7efb9532
3Qpn5cFXb1tUQiJnwAjTg2ghUC67GGwRKJ,1130575,fdc2aa2188ca018d5b54ec0335e02d43bae04b6b
17LRKWoCjPYPRzJ8vMaXi6NvWKjwkA8Nds,1130574,457cf56868fc3fff6f6152abc359ddb8bbb92435
14dXgk8Mjkt335wghn22jC1LuFHfpWV9iy,1130574,27d0f77ae67d0802ec3e73351ece1521184537f5
3QZuWHPqLSiixTkXaUgJP2EzCvydrGsKWD,1130574,faf29fa328798dbf52633c3bb3793aafc185e1b4
3JuHGRRMYaWSk2TFXnewM4nTZPCoRXx8vh,1130574,bccbeff4bda4f0ee94b59dd928ad126de5342efd
3NsTa23w3nFTEY7gZz8Wj1YPU8LahaCENT,1130574,e854359a23007c73e394c3d58a22bf862c54bdec
1GeSbBaJxKkFT32rrYJvCaejtWaAY3yrVJ,1130573,ab9ea364cb3e48eedd686e031cfa2aaaa31baba1
14xpesVgXQSGqgZaLD8b26F4NeqjMXwTr8,1130572,2b7708af1af02c53a87fcb8ab7456b3dfd51a31e
1Ezb6o3rx3ZNR5qN7Tdqqio1yDkcMvw8KH,1130571,997dcf6756d5bb474320a06e32f2e8be5117b233
3KUasvKrWheXcsBxnDHVhPPkrfPpZ8yyQX,1130570,c3185da8e729e1a1f012a91379d9ca1244d78967
35Hk57VwoQxAQb7hbstn1GgVELTQ4eqELe,1130570,2779b405ff7863fd7b86a95e9d2c71f99e0fe752
1Fgn7mF6ZNCM2uuFfJZEPuZiggVBTH3Hxa,1130570,a117a519bb5f68072d69c8bb65a627742b173f4d
17FTN6RZWc4CzRs82rKeu9zXGJzuP3cjzx,1130570,448c95e0bce21be8827e9d5399b42da076b8c3b7
1P35KyGB4faL67GrARNYpwfwdKJPAxRFEC,1130570,f1b73612ab1a8fd070d7d6fca80bba5c82b15607
1ECTeVhho6BcCa2StVT8QGK1yqDD2dZbQU,1130569,90c47440f2317663797749d459db15f8e16f6dc9
3J81Pha9sSaEr43rUF637xpk3zxXwuQdWb,1130569,b43bf7b98ac331779a4b15c05cb405fe85f50d96
1QD8EvGsUH7qoYPGGmwhUy7Hc3et1fYhMC,1130568,fe95ed9e28bc632e24cf45b20ec8fb2bb4d06b87
3GeSMyaNU4HcWR9BSSbV76crkE7E4hAvAQ,1130568,a40d0a023b43db70b07b5048c80cd28ccc87d772
bc1qrtagzrurdwszxpkvum9aua22d3s2hhxsdrp65a,1130567,2064105c3faa3b53de7ac4a4065ed279e15ae247c637e9cbe443
3BMEXH53ei1opinie2FtqBbiU7DtYo5wYg,1130567,69f374a27ae869d01ccf214d23b15cc60341552f
1QDzmvEZ59Uiav1rJajnvop5iTCWis8pdy,1130566,fec01cbc2f875ad9ac7937fab946ac1a7b886417
3GsBo97h6xhf3nuaSSe4DfWtAcSbaUx5Wn,1130565,a676499383e029469d66eb198e628d263889f879
12BqhStPg2C8WEmYJjUsjp1jYp7vGcvy6R,1130565,0d04ef974dd723c271396471309fb1ec6dabbf71
3BMEX1i9aj8iVdqJRYNpCi5DFJYFtZMKkU,1130565,69f373a8af4b683e21b49fdae0d20cebe18b0330
1ESqtdqRwHKdCrpVZ5TcFsoVSYDanQm3m7,1130564,937cd8843bc7f1eba46d857486c97b10b079282a
1ZqM5tsNcE1zStBoipA9zmAQgCEaHKNoc,1130564,0635ab1090448ccfa41b280d5710f8e89b2e0be4
1MENpTNTZ2XvwJ3BiWk3kjFX3vRhg6qcpk,1130563,ddea22d63a85ed439b7355f007290bf26096d263
37pwaMeK7VjCVQ8Mcz6or72WzfjYLbsKo6,1130563,435073ec66620ea992b454d1e015b5e6ef092d9f
1mVtuCxiNVfTSHsaT6KNkZtsAQpbp3puv,1130562,086a6c2976321650730d3c85a94cb58f94906d6b
1Gha84T3fUJ5QWjmpDrSdCTu6oc7U2Umvu,1130562,ac362c8101dccf5e9d3e0ca319b0706d5621d301
1A9wkQEL1mTaceVJaBhxmHtUm6h8CKGdn6,1130562,646a294bee96d58fa945ecf2c5a48173dd987f3b
18VRdXeyvnc35RgxbYU9s4jT2FqzbP5AhA,1130562,5229165beb9558c545b63975861f01ff5a339fe8
3Gvr3sLAV4QnzGT1xseozGwq9zdoWvQfgS,1130562,a72777d3077a6326f22fee09c648acdda191ea00
3AJMvVmj2keDRyZRaLZGoG3LGn2kzqEeYn,1130562,5e7042692c65056979eea141a709bd24f761c90c
1MWXiQkrXGfNhL4Apj7asmZCvveLVQsrGL,1130561,e0f837a03c94e147f6cd9c15605a03b055fb747d
1DYF52nojfgwT4VtcE9HDwZezYKaejSU3k,1130561,898a261ac3c610da1617909c76388511b83329a6
1NWHFnRW6gSNAQa32pjT953gyjNFmtxhvD,1130560,ebe445f344d1848ebc9fdcd0ea0940541e2d8bdb
1Mh3J49BuSmxSrRv9LZEptvXabz6icheRe,1130558,e2f511b162ddd5782c87983e4e69b3240d70f856
1FbzqVixpGu5VL6PxPMbAuPnxDsLuEwyTi,1130557,a0302ece8e69ee7d88adc74edfb71d2c62a6ed3c
13XJqj7fm2FP2Kk1uxLyUrmv8xYzi7JzjD,1130556,1bab9f6225adc4c6a9ff7e39fd68a00948b750b8
38Zwc2smZKGTqhK5ix8VJJRaBySDMMCfqN,1130553,4b725d01e9d8f2c7e93fca86362247574fdcd179
3ApFfX15jPobV9hxVhn5ACDmDqhA9k4p6R,1130553,6417839edd6a027255a0d9e3dc3102142fee47a0
3MDM7SL44z5WWjjJZSVfMUFqzwRdMXUjaX,1130553,d626e2cc8fca656f59c28fa8b3a6f2037f4dbe2d
1DBLrF4Jp7zFqsk8J86awSQbGUs8hdqCcL,1130552,85963cf6b138bb6cc64ac820cc876d043a979ed6
1MbbvY9pqPy3mhFLQcxzmszf3ZimoqqGxy,1130552,e1edcf884aa1f6800f927207924642d06f6140dd
15C9RTG6g88RB2zFDAGRfAGN4aiM3mbggi,1130551,2dfc1bd48b72951552a74cbf82c72b2a49e15f1e
3ADn2rDQREQMDZNYjbi278MGi37ryYteNz,1130551,5d924e2352a327b3aaa869653a21a1c71ca0604e
16ebm2w9h4d171FEtSyz4TbzX8zNHSCmbJ,1130551,3df508f716acc8663d532be3f9c906f382decd5b
1FyWgTVX1wWXdHo8Bu6w9rtyGNqGgVPJFu,1130550,a441d4a8222557f5a50d9afa78928f5c3ac537b7
1GNG1PbmSo33PwWaomfZnYk7TZvJeT3hkW,1130550,a88f2620616abdf0869036c1bb9b0d15f1957fda
33cNVrHfxqqbFXZXBqERrhXweUtATtA6y2,1130549,150f58a5f9d5e3cf7eebbe76f99f181f4bd91661
3GX74Umdfkp9VqQtCtz7faaCJUTpXDZ1sK,1130548,a2aa03e07f4bb89013d5aff23f3c2cb0951a9d85
bc1q67xzey9qps6dvsrqypv7dwxpqcjfu5fua68jkq,1130548,2063c5501573aa872720171ec35ea23ed7824cc139040140e09d
1MgewmGubpTyhSjEAy5ipgbhaufHLPEEN9,1130547,e2e269935c1d312a9bb296bf39cdb5aaf10f1d3c
1HTZK4JfHj24RMeJ9Z3RbMPB2ZNo6AkGcR,1130546,b487ccb82067943eb38419744abb2a2183ebe0e9
1DUheLMtHqM7etbtLTPjybDgkADyeCQMs9,1130545,88deab02fae68d1a2605aee66754806f0cb6fdd1
1AM6mz5FW9teyTdsDFKuXXqfeNuZLDWKF,1130545,01c4859dd8437bcd3a7120e3ad9ca1db0383ce42
3BMEXGSRY3s36fSQCNdsaqoaf2PfzKaebY,1130545,69f37498362cc4fa98c59f7d493638a0844f9440
3HTF2chMKKPWtd8AZBvjeiAvW1eFBJEN3Z,1130543,ace720da04c5e8c51c6b90c624c60634a60ed5c0
1AhR1jicPPAUsXsKKy4rcetZ2PdNeEPKKu,1130542,6a5dd0b89921b9eac478e97cd0157740726104aa
12rDYXCt9DrjqkMxCLUjxpcs6XMVFjZA78,1130540,1446fa89d9359d55e1a3d3b85171a07e6d56c9a2
18jtA3NHaLn2V6Z9SqsxQavVaPoGNGwaJZ,1130540,54e50dbc6d3d7f19a83abfbf9e51eccc872cddeb
18R4CcJsGGbr33iPfrMAAyA1PUmQBJgS5C,1130540,515588f094067681d9553afea73f834d9fc3086c
176k5ypARPiCtVfjgCXrMW1wCGqAnuMS3X,1130539,42e6ccff59fcde403b05a698579afa61ebeeee24
1CipU94MKtJ35kuWrLUxp5mRwFzGeJwojg,1130539,80920ff11cd260ca71d2809a08378463d163a8bd
1QBDKRFSLrzKUpCntj2MCVfoMKJzfc5Qng,1130538,fe3955b6c9a9a1b4f963d5991693b62adcc38085
1Epw5aFMKCAt4GC5SpryRTe8pkHiXuBDJy,1130537,97aa54012b07b5a7fbb83b27d6343c696a027d6c
1DYqn9vEfTpupGpFyuaUP3iwJ6j3phLbVU,1130537,89a71f5a62b6c7f28e197156d769b95797ffd12b
1BqdRFXGBBnVXWLGVuY74HWv2K5SHm98Ev,1130536,76e39fd2d64d20dad025c40c17566a08d781e27a
1A3cz2GkyaS1SCkiCByxKoCSiXWnciaugq,1130536,6338004dd118a3a62e5db8befe24a121f7620acf
1GNk5212d9ozdUTWGCaH7WzHgu6y6abYEy,1130536,a8a693098b3ec7afcd776e036b1e6fabef6e2e93
3BMEXL1Jbq1iT5HPDtCcJoMsNYKDBi6Eqh,1130535,69f374d237d06a2c330ef70fe435456f595890ce
1PWgfBC93KXK1Hw7sUmpxuz5orSruN6Mu5,1130535,f6efef6501dae35ec69c03a7ccdf0aff2f2fa327
18wcUw2w2i5kUUD14TuVvUJfHoLqkpQTRK,1130535,571cf60115209ffb0e65c3a1a62c9c360f5b96b5
169FWzGsdDfc7d5VBwCRvUQEHVS3c1nKoM,1130534,3868132720b9a89c213891ae608b369ab21226e2
38BbDSaDiU8p2mZpJ8pzrd9jJdbFqvqTds,1130534,4738311ceb541206e92d45f4bc36171bcaed4a31
1AngE4ydbvX2Wx9dwxKadpGxSJnpdznB3g,1130534,6b5c980f3f99c50488c79f7a00cb6b60391f241c
3Nxkodf8AxVagbtCpgQ79tdFZ8XY4pnbdR,1130534,e954ad0f4164e0c6ae722a8eea7032b9b4dd63ec
3FRtFx7rmVBQFrfLCGXRuivenFw2X1ViCJ,1130534,96b51f6fdd79e144d110d13c8c329d036d81274b
3GeTs7xY4DaNQjYS74rXeAu4kSQ8cS1AVp,1130533,a40e4b16979a894ca646e92a453a784c890efb18
1Ne2TkTRKPyxkBFkeU3G3wbLZKwF3MmJWY,1130533,ed5b4075376f61b76c73caa3d4723706ed11ef49
3BEcdSctGUqruK7fP1zk4eJ3qzhcWcs8YJ,1130532,68b2ff4d217fc721953e1108692ba81365c4fe80
1NoCBAHfyweS76xjaPiAfZNVmHXwX26EFG,1130532,ef171ab1489954467e26fe6ef2114fd0db45ff4c
16rVHGyJ1KSy19d2apNg2nkUDFvwZmXyHm,1130532,40349e56b54e5a4c86b0e12bbb3ed763cfb5448a
16yFTczhoDahmGCqbjP5ZavmEKW5TjitMn,1130530,417bfe161312390e00f7e71c3df05d6447067863
1GaTnD1YBm7YKCMZ96wVHanEEhpT5xCtkd,1130530,aaddf7c45940590def678bde5fa83a1b0bfc61b3
15AhUvyDwTGaYHRW9fxwGau4zqcNVuDPMT,1130530,2db60a0233e800f55b9448cc15954fdcc69328ec
3PVqZEzwNQqM5ZgEPzgfvGcxENk4Brae8o,1130530,ef358999d387a673e68ae63cb6429eb0d9903062
1PMFwRBwuZHnUSDB6HAWhXZdT74SBc1955,1130530,f5278e68704b69ea17ad408aac77186bf91190e8
1B8C8UTgnFPZkPyaJtvTThiAkCt92K3d8b,1130529,6f0d759fbc0517136e30ff894effe189108d90a9
3DPWFhviiRMc9CS3bfgYiRxicsh6addmvp,1130529,8051abce0ac777f41a44d86c2a85ef701428ff59
14FFUrkY1S8RwbPeR3tfKVHExsez13eQSw,1130526,239a49d27248ca22a220704a8fc5a4337d19df06
16PSNKcTs7ZCCvnqCNg51ojHewAEEGdPss,1130526,3b16f4b4eac3a374785da6eee001e0e2e1c330da
34Q3qcxZWNEQTrubS7T8ViA5zy75unM3cb,1130525,1db2e79807d2e31694a67beca63ce770f07ada2d
38pAk9pofLJTTQdTcKee7GVhEF6NV8SPqr,1130525,4e2327ce58f19e55927663a97d186d2c429e81d5
1LEJVciuB76zZbuCGm9ywwZ4QWKtNFfDrd,1130525,d2ee666f015c8d70436bc5ea4c36a4af65348aa1
3BMEXGxfGr575t4pyZX2EHQkvPN86TdF6u,1130524,69f374a0b08ab7324efafaf401141a60648e625f
1NVrZznCKFwWk2HzpuPupt6NDQedimfJGn,1130523,ebcfaa9ab734c55d88ba753fb33eb1958e389e42
3DHnePg8sNBDXv4FhWvGkRqLmDQZVFeMwr,1130523,7f3cdba399589532e653777a9d8ebc3307fd7ced
1KdpbZqjdA47cBz7BFNrhLYkbW6DJQETc3,1130523,cc68f847de40bca04f9a0d1024d5ea38e146bc4a
1GQSta2XC1AfTkDKLV1TJEGXKxo3dQ6vrk,1130522,a8f910a60835c4b19bcac3d759460b2cde78a35a
142EYreQbKQGedDVfn9PQBYudDro9dLBjA,1130521,21241a88c5c24e63ce0c065129256cf88084363f
19RsP2wHCFwhGBGkP7goV8wpLdTebnDA5M,1130521,5c750b5b6fb4ea375f344ab02d2a19d87ae59e6a
1DtKAgM6nZapDcbmVLwyr1kPBKzMK8H5pX,1130521,8d55e36dd9b22930fac41ce2562ce25c65339189
1DLvVRapvvd5BQCC5Saf98AuVoEjJR3rw1,1130521,8766105e3f4756af23ec4d1b63db9612b06f15ec
1Mo85AtWBF68Eh86GDx3QdvMGpcYAs8Qda,1130520,e41b8da1944ee585e1ed79fe98529831d6325ac1
3BJEcFofv9YXSRFKQVKKkY63mgPAZ1wopK,1130520,696247849605e83e778f1204ba7de294e0897419
17hutSgbgxZpqs6wkPLSoQNd5Hw1fRSrm3,1130520,498d8a7d2e05edfbb75052ca07cc294fb496af80
3KcbPpBJ6c1svaNYforiMuzPdYRoqJJRZL,1130520,c49c1fb1456e3017d2cbce1d074fefd3a36ab50c
328NLyR4MvRSYCF5W3CSaUs1mntxTG4a7r,1130519,04cb7220562fc9937472ced79d1a1a02eefc19b6
39CjmLveg6FmGnGbRAYCkXbtc8hD4Dwjob,1130519,5267deed7facb8eb3175281d196803dfd84660f1
173rRVe7YbZ5sfBP9SRLVrC996UqTCponR,1130519,425ad7a056254b5972e5a29e253d0411a22c707d
3AtG3aJMWsHAHcXoBpHy3CoY1DZdVsVZBf,1130519,64d97ed532da344e32ec84764ce014f9753c81bc
1FRBRgXa7LWJYJuWbueojSJUHFzP6qqYZJ,1130518,9e2472657ae38c261aacf21b1c20d8df82830008
3BKwMPfdkwWii8USygPgLdMbZzUEWZ8ADm,1130518,69b4b4db3a9d8d43d949fe62b61063fdfa76c358
1CeJ8WphgLyDPpZF3x1cnkoXFQUJnG1rMu,1130518,7fb712bfdbd5c8e57e40b6531d451df8a4ea849b
16afrPBW2nBUAbqfuiWha9gGyhbtWbhwQ5,1130518,3d36c9855bd5657196283a5b693a479719762937
3QphHRHGYZV1gpWsc1evR1Lw61inevTsuF,1130517,fdbea9284633137624cab363e80643b04e58fa7b
1JiPJwaQKqf8pZQhR1cWbV6qALK2jr3ADu,1130517,c24dd0ce2b31b203d2ba7f5a33d1f660940092f6
33DiHKn2txGx64KYnCadDLm7xh3g1mBgrx,1130516,10c64b46453c1476faa47e288a2cb7a9de2b334c
1DGwprNuP36ucBkHyS4GimfjsjpDtqNxH2,1130514,86a583b36f1f2b012124dcddeb2c42a17880c741
1FENx8hbaScJG6MJWFCsSM7Aj3gTAoWnzS,1130514,9c197dec2aafa71ad316c7aa25e9a0989308389e
17fWortWiRAUShp37xHavKxHmoi8mJY3y2,1130513,49197193bafb6151d834f1741d589c813fc3105c
1FhTCdn79oqfUea4WuPTau73w8Vfzbp4sj,1130513,a1384545a2d43acdfeb8cc7f41fb82a77da9f3cb
1D5fbokFzESTE6hkRFRftS9iDj4EhaKsH3,1130513,8483651e6f1288e56dc5f8d1400e04738f1dfd58
16hTcUUxt6T73p2B5XNLQ89SzoBc4NsBSi,1130512,3e7f7b4d6e6d265a4d25ac6ed5c06897ae2b048c
1KUiWrbGoudcPm8Pzrs8N14Mq8gmRqHW7t,1130511,cab0265bbeffc0ca3d520e3da7457bde7c6e4e83
3MhnMJUrL6t5DYovQ6sxiH8LvVAVKkUWdG,1130511,db8799f2a66535784c47fd283264a3788cf4ff22
1Kz632E6Sn1kmPDXuiEtxfmnnjBNR9Wh4C,1130510,d03e2d435608981866471b88747144c1bf92f355
1MHwn383MA4CvtcRFJM2aVqL4BS2Dg3ZJA,1130510,de96e56be4b4b886a17242501ca07cc2b1a08b85
1K7psBq8U89K2QP4DuzVy7JzdNDEG72Rm8,1130509,c6bcb73f4612789e7d64172023677645afec4576
17cqWs2rhamG7EkZcTPQwt3FYapUr3SDJw,1130508,4897cfc130ddab179013b19f98435c35939eb1bd
14iDVqP2rfmSQxc1YhSep9tqXfF8b6Np8a,1130508,28b3dd26b7afb6530e90907316569513496ba261
1Ghc8AqPR2peaYpcuZs6GJ7NTGizD8XBD6,1130508,ac37d84e3dbf84003ac91bd1185bea0b1fbefba9
18mxuS94sYudHUBELTcRHE7yPHYXws2Um1,1130507,5549d960e770ae028cb8ab6cfbdfc1ed5e7ad1ea
3HG4WpyKPu5CYhqpf8JcMKBbE6Luoe74Ub,1130506,aac9c6c4e894c48ee2a45a3fafc4a2fb298b5550
38NZPJjybgaJW2My3wjG15DrfAZGmKL2vY,1130506,494b3d698a18847aea6521d86e4da4306422d214
19XMPK1VjFBM6AvcQiaFbGcpWfzjAeVuT3,1130506,5d7e805ab6cbb3db31dd5ae0cc92087c40ecc227
1Mpy3U35kMMmw1pHpZk7r7QAdP9xuG3Cwt,1130505,e474d90aabcd933c156e1f69fc1c798e0261819a
1Ey18NFFWtxG18ktXbPSc6ff1ZTzC5Zzqc,1130505,993108fa36bd66cec0a63586135312b31ed4ed91
1EKZB4tDTqskDaYaS5e4ZS73wR7HPkgVEj,1130505,921bfac9e97395e5dbc449eed526e008baf37755
3CMbKFskoyMUBq6YsnhEJyNuNnqMA7fBGN,1130505,74fcf03471b4fba329a194df66013ea3b15c7da8
1DFzSGGzYZvPV4yKqWXdvYGhXMGDUogSbF,1130504,86774715a91182986e924d45743b98350bf3c738
12HqyRMEoe64CVbDYWBmkEf6g5gpCNxm51,1130504,0e27a95ca3fdf11f2fe1a54fe87db6fbe1624afd
3BMEXY8N8CDizyco6VbrnUSfEdzw5poWrU,1130503,69f3759758b47d965f9265b65a6ad009e5b28403
1DFUxxC9RdBVo6424CiY6bSjWMkEhxo1rH,1130501,865ead366e6d56a76378eb85be5b56e45b510b88
17MMhgRWi4z2j4W53c91UtvNGAk4pAb7jn,1130501,45aa5ac573144781a5a4cc8f9e65c565be3be36f
1DTQLSjS6UKK9RvE5bgepy4RK6NwJbkXxm,1130500,889fcdbe5244eba9367f5785eaa080550f681c76
13LNmkRWVTSuBKFVzvS13LYd6gGzAHHtYV,1130500,199a542c231b5a63ca3caac5fea904c6efa54ded
3BMEXgipkoH1rBmF93ijHsjbHctQ5d6aPK,1130500,69f376231b877b1cfda507b956bed9a8bb5bcb3f
13wEv2PtK6pLCvXdJx7w3mBWoShsVrYF1k,1130500,203254189022e3001feaef6fb03912e372493b4f
1DafpGtKxe9uQTaAZ8AMP2Z4pWNXxgeAhZ,1130500,89ffa328173e794ddf685487c33fe3f047fa2f9e
1MWndK7CyHxhu7ipaGdi2ZRpJuZnnm14mv,1130500,e104aa50bdb668a463161dbe0794526d56835364
3LrkAUMGcn3n2Pu6tqJE7DgA7h48vMqHxZ,1130500,d24164d339a802423e387fa898c207ace0e7bcd0
17XSQ5dbygTh8WR62KrDX3WmM2eDGfqRE7,1130500,47926f472425915e0cceb609011a25d30b84b2ec
3BMEXXh1rCjc1s2dQCxCwwRGGHwwvUZm3x,1130500,69f375903d242c4867f761a66916098b5d330073
1BiLWH6R8T7a3Y5tsJvDxXUzEePbZhmh7S,1130500,75829813533265e26f4bd321617119190d90498f
12eRifuY2uano2fehUrLSebZQJ4omEW2mK,1130500,120c267a3f45632041afbc6ee4c1354261949437
128H6rvWbFirMg9ewGgLciwb6axQVgp3GY,1130500,0c587a5dc9df2007102ca155f10c9509b6075538
1DDqyJJnmYPSLSjb9ZjvQ7CS2WryqF1bDA,1130500,860f612d40868edc88906d387de00240ea789108
19VZexFqYWNKyXNwQeComApkBTcuuUkmx7,1130500,5d27e96428598442a4a623941b73b49239235dbe
1Cy9MzNsWPqvwZtPKeetxuxBzJD4xMVCWK,1130500,8347a85a7e6b8eb0095d2ba67918e1acae2d00c2
359vFZ3Arag4Eg2ppSAbSMyRBuB7taSPKD,1130500,25fedf94b49b4713d1fd1dce7721345024b3d054
1N3nCaNBYByp9qAaNdA3pLziMXtDnsgQ4N,1130500,e6e1343f0775dca6187ab62b549f738b7b5680e8
3KS8VoPhnhyb6baCDi5G8bbP9YKTVTPjQK,1130499,c2a1830a3e35316b6a3a0d635ccecc472a14c99d
3Mf3iZZ54mzFEo8c7xSSUFazfpv3daMYpD,1130497,db032e4a6afa83d693250c458605d33945c6cf1c
1F8s1Hgx2vBypMrRmPJcmEPCdqxsxLDpbB,1130497,9b0e6a2cb5f5a699cac4c7e3d653d165ab90bfd2
14ACQn1wdwXqbEAHKSCSH2Nto6H9GseCzE,1130497,22a5a5422053fbd55b815554124f71b12db2458b
1BcAj6yia5CqgoZLb8vUMPYdkAtbrGmqgf,1130496,7457ef6edc20dc5005b7c16b330f1d3f73a7073d
1BSJkkLBpGy5HAbPrsN2n7iwSmm7Gjq8ZR,1130496,727a7a36641650d04ab476f91c016df5af43825f
1AGRh97J9aMLhVx7L3Fn8T8CfdEmGxNtpQ,1130496,65a3fbbebc9243d53317e9412d805be2b9d74a02
3PH5g222oR4iYri6aS6mHozfQYu6CMLpH1,1130496,eccbea04e3c0f7aa61efea9629ae40f825b10b97
36HUhsEgxZp8htxkcsDJPBp9duR94MFynm,1130495,3265007959222ea740037a9e3bd4e520e91d4178
3BMEX35iyo9bbPvUzVdkKPEAMie8yDnLNt,1130495,69f373beff27ce7e5b532dee8fdeb2fefe028084
1JgcDwEmbzX8ZncWfgHSbXfs6DUYTHKXfr,1130494,c1f7c376b2656cec29548fdd042aaab18f19de7a
3B53k6uY2rrTxGEBSHBDKZGPysSjR57tmX,1130494,66e3cd6dcf8b69fae37d6d944289ce48efdeefb3
325o18EGUWdY9g54rmsWdZAVB1nwdNuDLe,1130494,044ec7fd52c224ce7fe44781fec07b8c9dce0031
3BMEXX7r8FARx5rF2GiNTXvPuoWX95MAPK,1130493,69f37586f067eb789273f4a3496dd9ded595ed14
3BMEXwAkekfMzJezJ7yXLm239DW9Hh2p8F,1130492,69f3770e0d1ff1a1852727ee467abfcc597ef0fa
1GaS9SQU6xWi6LuFr43xYopbEc4pK6c4n1,1130490,aadc9a98640c8840c4f3dae901e5f33068e7624d
38fCeHbUm2SqM3vXhZLGZ6nzKUWfMHk8A6,1130490,4c70ff368bbb2f8442e5ef47273afee4b1dd172b
1N5G5dGq6oJQSr4chdYs5md3V1LFndckPp,1130490,e728e4abcb051b32f317ecc39ba45634b3626fac
3F7YLPw6ivxtAVr3PJtuoNvbP61bXZVvHK,1130489,933d011a1906bbfec192e4f497e5d156e856b95a
1DcB74r4Ft2hh5AvCewVvu6UbdCtQUmrpT,1130489,8a4880c1bc2057dcf31bcd97dfaa821f0df2e844
bc1qf2g4znmpxtwur9e5hfs9rjwsswq25cp7em3gfu,1130489,2063fc7a79572a2943193a2e1e2a4dfe89a29084a57948cb5dd0
3QcD17ziL7YPYpoEAUnXeGNrWL587xSNkx,1130488,fb620fba78012527189bd1b6550ea79feeeeccef
3A8ScCzJtw4Gpx53dYFpmeegpM6VjVzsWp,1130488,5c9002a7123286d2ec44d00aa762e1ac7e500421
1B21FARYLPma51211HxCqfres2qefPyGmD,1130488,6de1e0ac6f8406ee0e74aa1204fa958e48728142
39UyM3cFwDEw6kaznET2HQBNAojj9nXtB1,1130487,5579dcf3f1f0b01bd1b20ba8166864003c23a9cd
3FPWvHr6QEiKpdKPVU4kzNW2NjvuwekGsv,1130487,96427a5eb78d015c4652e84e6ecc2708c84c9660
1PdxAxb9BjuFUpxzU6x9sWQTSATBXWxYTC,1130486,f84fcc006213bdcf0b19df8b0e37f0c9ba41c274
1K8FV6erf2NZoWvNDyWJxvTDY7f6qnPXsZ,1130486,c6d1444fb5b4c8a723809eee8035058beec5bdbf
1GvKKNDMn7rePbhPNtjz9s3d9whisNFUbd,1130486,ae9f3902f7b3c7b8957e6598f70a134c99bcdb06
39b7G5Ei6bkHk1GEL5mn5h9yt4cgqq8xq8,1130486,56a2f722bf17fffe1d71e13309410552d954e474
3M7VbUVgWJMSuC2DKLK4hZzRwXYFZjTZqt,1130486,d50b78c4aaddf1093778cfb92d058d305b6c96c5
18v8itdywTTfSP8JeNLU28SbQdjtUsmAR7,1130486,56d55f672d8f0d2bfd4443e1b9ccad140f9e4e92
1En3unCupx3AyR9YGqExihLBqQmJ3GH7Ks,1130485,971ec858e9a2b4e90cff8526480be1d6f91f7601
16Z2ry7ubQYJtEMiRC41gBYwNYLU8DkjaM,1130485,3ce77e5cfb837cfe7cd7e31206eef698da2d4c12
1Gcse8Yq73ZZ5cJ1ggMY2DFHSNsRZK43Vb,1130484,ab52b7bbbfe61cc6ca80abaed34840f5ef631b15
3BMEXEWZsKkkaZjFtaxwFd1sWAmbT5piio,1130483,69f37478d941735d66edde310e16a7c40f15339d
3DQoRvbjs41Zuy7iim41FQgFVHXCMugnbH,1130483,80906ccea7ad53e3495245492113c723d74895e8
1MUhzmMToFdkQeiUBvJs6Lp21fK7ejqW67,1130481,e09ff7e4b9adbf825c65dda70470b728a26f2675
1G1hhzU67WE3jnT1YPrC2Rvuc3nnHDkuDm,1130481,a4abddf5b482ad7f57889cd085d57991458956e5
13KZEnAvZBiSj74JEnFm5Baea6nhJQDj7H,1130481,1972a641fd55884d023dd7d18073677d74df890a
3Drg9X3Rjg5VKhKNQ2UD2QAjspajzsMgJz,1130481,8575291d709d56863a664d406979166b5527b5e0
17oHQA49NoKHNCd6EkY177sDRcnxoxPXS7,1130479,4a91940e574339009f77490cdbb23c7744cc0a63
3NTeXy9UCeeGLDRvzr64o5JN4T6vCY67jR,1130479,e3d3610ed0f1d1b1110b54d284bb554191833134
395pVptuuEEvLAmqvZM3fMD7FccBVL8hsf,1130477,5118e8d70ac02ae618ade4964b25362bb0a7e4c9
1PGh5APBxZjvFqSDZcEZBwWbnvEczFYL8T,1130476,f44a74f67df126c43f43880db7153546ce4b7731
1PydzvbzawULRaZk96xHwCNL6o7RJdnQCC,1130475,fc08f230c8b8e2e4534a323922d7ff709c7125a4
19L5CwPRz4QytJjpKEwU8nKDeQNhzP6MYQ,1130475,5b5c6b9e8c3bf8369892bf6619a629a2ab1cfcdd
3DFoBhiNw5BZfzhJefgNvYndMkGCVhpnpF,1130472,7edc7a07cb42f9615591bf3087129c93c482408b
1DV7tXxWsDWCeALsvEhLwuQmTXPvymCTCD,1130472,88f2e8156368b72b69142dd878a92f5a53b8b00f
36FEsiNdsR81DtqmK8VnAoUeCotMgs3qUf,1130472,31f8a002b0fc2be475a9c6f5750257ad3661624b
14rsywJuHb4WjrwJPgnpEu5s4SaaHhN3Fq,1130471,2a57511b8de7ab8389e8bbaf78053766ae3d34b5
1MoFRvDDFJjkxnPPeHzY8vjp5ddWk2Lqrn,1130471,e421b1f55ef32e3575b4d9c613bd19f3890c6fa5
37on3ND1micfRrxNzjNinVW8GQujh4fAhG,1130471,431813f907b8ce1da43f59cc2c3a5e6d4e47dc68
3BMEXs4M9u5oS2Te13j2oJngqzsFSgyg3e,1130471,69f376cb34addf95612d395d776b724be739e7e0
1APTCxdNAsKz8goGVMsfBwQDtYv5pqMiXf,1130470,66f828b6d982af46b18316e33d58bfb58144f92e
16UD2AaPfLb4EGtV5fRhWdLXD9b2BnypGa,1130470,3bfde4cce23967f18a697518fa8e703f42cf4389
1MMDmRjS9oP2wDGxJiS8NLY8nxW3CznQ6b,1130470,df357dccf3758afe964a660807da67eea0ff0c2c
1Aj2wD87uepgra4wcA4vrnw9yo5fRupXf2,1130470,6aac37a7c5a623fc0fd245637ce8602122ab0127
3F4UEsG5fp6gUUFEVYGkHyNU7sfyNQ1FX4,1130468,92a8567afc07372b68c3d8dd3cdb874bda2aeef1
14TspF9o4WkVUy1KrbEU2XdgS8VCoJzhbF,1130467,25fd9c36aec4de83ce32d22d0c15d2db7b1b0f95
1M6QN8ZBFseTLTGtKx6gCSPDU5Bs1kGsHJ,1130467,dc68195a2d6e04cdaf5ec6e743195a43bcf6b399
1PtwzdosHehHacWe3Sz5deshWNBWMGA1xE,1130467,fb25e341da93b82e68925445d1addc5fb637053b
1HYyQzPUkE7zHkwvQMAzek6wfD2f69Y87k,1130467,b58dffc2d8fbfcd600230dbc7f5d9ac09a7985ac
1MDFMbN5JBeKoTuJGLdbNJdsJ9ECsTtLmi,1130466,ddb37d7df3e9c92437e8419481fb5f6c541ceda3
352AX19v17NUGBzx4kRigny77znPc43FyX,1130466,24877463b273466b8d1c01a3d4ee518e91093aa1
35scVmpbQPmpkGkRWc5FrM4jtrpxQQHUAy,1130466,2de185d4e95bb331536a3bbd05a0631b6abd02bf
12ubBGTfffoa1BSDvp1VN6UXtuXcF9ftLm,1130465,14ea490b3a36cfdbe844c6fc2fb8befaba9d90f5
3AyppvFpj5dyPQXkvs5Syk3LWXSCKBq42Q,1130465,65e6f0ab46ed0a443c0fa1b8b8585e785032e89b
1H9FpBi6pozjJZEsQ49QuzNdFFd5qVxvUx,1130465,b111b4b8d4e1419e4e19263a381b62ce3a0a5f11
1EALkcnpWdSBLjQSYqPriyiMngS7KX1t6a,1130464,905dddf3b3df27fa354def67dfae3bb2d63e9bd7
1NxswCtjqeCPWresge5AxSGLxDV2UYPvz8,1130464,f0ec0992bbc9ff1c9bc440f6bc092776dbacb301
3NAHdUreV6yFPaG8RfBYxScJTQ1j1EZong,1130464,e08adb71642ad765849a5dc31f572566e81a7fab
1LxrxqnsrDFCvsJhuR9V9dgyiXMpMRvj7J,1130464,dafaf98096a2a217ac7c1cf81510f7eb3693ffab
3AUYaVxWUEVjrC5GJNH88EatLeVG118naa,1130463,605d504636594a5bc8c43d68adc2c2cfe60d03f2
33FhPjuA5KjQFFeUfoSsJbBjijs3n3ZAqZ,1130462,112662301ff04008aa19520af88afca1b010dc03
1H8jo8QnNx92BBADDFRHEfAaC8pp4PZMiD,1130462,b0f8a5e3093817302b7cc5b061ebbdf860fe0707
16sKczrw1NCnusg17XyK6m6joqJLb5fhLo,1130461,405cf8829939e5649418f586ba8765a6a2ed8bf4
3DHdpJWFKj6Z9S3AKQ4YcfW1wdPHY5pvJP,1130460,7f357cdf6c6ce5f95893c515aa12f1fdcdee77cf
1MfoDaTZwa2Wn3f634fBfTnvfWqXtf6dEp,1130460,e2b8e6f01375ed353cbcd3976485c9c1c91ad0a6
1CRS4sLF3wmxpNey3UXoLT1NX57uQckiiL,1130459,7d484a93f66199e7c7b625e5541cbda76b0f5d9f
18u4oppfuNn58oVkAzdv3UNt4en46aPoio,1130458,56a1b04df5043b690118634b2e83f7234a6aa8d0
3PjjRvUAt61paszgP1TJJ5AGWaWNfsfbBY,1130458,f1d63f405cdfe878336d2425fad33087fd514ee9
1Ndtg1UWvBN6atdYJeJvRcEtpRrPFqAU6k,1130456,ed54c00a8136823ab14ec1e29b1df0ab9653b23c
3BMEXyFUu9n8UaCroqgq2waXmasGATFZzb,1130456,69f3772fe6df1ff209a44063553bcc279b050975
3FwiWTyUW9RaFoP7cLq1JJ2GoUmcsRZvZw,1130456,9c597685a0c53479a89054eee12d42042adc50ec
1CWbjpuDQCg5FXWnszJjbBPnqfjU5YSC2M,1130455,7e4271d498ee8e960c65389764512c6c4414fc0b
1KNffENgPk2nvWzA5EBW6PGc7Ka8PyXDae,1130454,c98b4534d09cedc70057f21653162c72793cd172
1Kqbs2JbWfM8vGqmU3MU5p3Mn9rH3cftYH,1130454,cea354fd189e1e891c47712ebd21ebd32afab51e
3BMEXim3MyKp3WwpCjd5kX5ArKH3kHZ2ir,1130453,69f376444108dc5df060ef3414af1b20d7fcd277
1BGp5pnMhWfDmuFMgNuMJ5Z5u5LgBAP67e,1130451,70aecce174a77ecf24d6f90c94af20fef588df31
3GN9Gw5SP82iNdna1y8eu4Cc2Wvt1C7C2S,1130451,a0f81ec816962fb7eef93aebc154146bbe4c46c5
1H3jKJfvKiPkMMmLS9kqGnukSUdsdAxySf,1130450,b0062af16a43102675342885667dfd8d250b72ee
3HdDZ6E8ZN7GVxdwyrdd89mip63xvMUB6d,1130450,aeca0e999fc32483871e0a419dac1cd6a822821d
1GJtCxoRb794hYBWzGCxQMAv8sXiF4C4L4,1130448,a7ebb3f2f31785aceb86dc46f72e37cf068bc8bc
3BMEXDnNtAVgwtCyBqRdtJpAGkZqU4Cvfp,1130446,69f3746d04f2e0c6019f6bf83a029ad63e4a3938
1BySmRT2ZxuBPtFHcZP562pa6prwC5rLee,1130443,785e0f5ac04cd58741e9131f2bf64a8f74145662
12r7R7bH6Fcd9pLWzNdKDfr4sTvSG2khwk,1130442,1441dd0f1c76f16587346461ed852e328bfb4a03
1Fkrr4nFS1guXKsMK1T7mPyDCmAAAsnorW,1130442,a1dd41b2cd0846b56cf995e9455dcf6a0b90ed87
36Kuo4xNpRS68pn7sKdWWsutouVPFqg2Mc,1130442,32dac71067f4cbd9cf72219e62db9fb112267e1f
17s2x7JPPLmCjjpKNCxwx5oXxgP47sdeBk,1130441,4b472e41f911bea3872d3d889bf2b541066c7a4b
1QKVbmHP8nZYAjwrFFaqXBjGBpMaJ9Yuif,1130441,ffca40ff05e10a0299e27920a133a6ecc1605ccf
3B2X95NKzBCDCf9cfJzU9dqa9dFPSdgNhz,1130441,66696c7642211dcdd6a1c22467e4c892a6a41545
32gvErWhphK7bSN5oTg2UvoT3r3GBNyeK9,1130441,0af3617a326a527935e3f7ea5ab3df4d71e137f1
36YxaP6GTnwSL9CT4CYPoiA14Gu5MYquoA,1130440,355281bbb8f93274d981fbd011d45526070eade2
16dEjRSM39R8EDgsNjqTVWdgc6r78VdjVo,1130440,3db310e17bead1ef05a2a270d314f8b77340583e
1DpR9bgcuSu4DNrk5BVmzyzm8AxpQDSX9i,1130439,8c9937b117844a4e854a4c42d62f2759f5bbd81d
3FG9aVvpkYfPX3imxYXtYgHdssJMBSrLVg,1130439,94ddc062db6c8684cb1c6ab3a383206fefa6b317
1EgV9iKBxLkNQM18DFBCEwiTYMMsKVKAbE,1130437,96115b374d594923e8f46fe17b63b9a83045ffa9
1HdUAfT8rkzDyPEYj2JsrkaoE2BZL7Uh7b,1130436,b667aa29f2197fda5beb951a740dd56f46720647
14Acw2Xih3gDnKpN7ZszKvxgS1HEL6uzrN,1130435,22ba1d7776ae3e6d86d8086ffed619a7acdc8458
3DbV9WfGBKY9XmRjbq8epdFtgJE7JVC5pe,1130435,8295bd1e78e148b1b319777c478e40b72fea2404
15kXcV9ZEQzmHDgEGfWxaLKattf12DaSAd,1130434,341bf16517d2ad314eaea52c9c66f0a269ed3ff1
1AmouJKNXpCusYSzT4yMeegpM58uZQbU3F,1130434,6b3296002533e65cafd05a242f946cab128a5814
39iYRKUjhwpko2CLU6zEShxvSP3sySNSwN,1130434,580ae10e122eec80843e683e27f6256f46558708
3BMEXM8234QUxQ7fMiyfWG89k8wsMSaX1G,1130433,69f374e45cf06177d41690b2e2058a9a190fd2d5
1H93wYGFFdJQCNq3TbtFQrHc9ePaLSc5K2,1130432,b107cb7140676b5b6cb10bc05cf0c799ba6f1c52
1MSxN6uywpMRbQxyPy3ooaEqrt4war4VMK,1130431,e04b214f407681782d8f13125bf046fc930188c5
1HJhm6a523Uy9oZWRJrFh11e64ehjY8AuR,1130430,b2db1bddfffa8bef926600bab4910e671863e832
14qtdGAPddCsnfLdt9BVbcm8tPkVTSGVWH,1130429,2a277024c828dc489c5180dee3d3d3662ce6b42b
1KGoXnrp8udov62WYti54rihp1Fj5JuAFV,1130429,c86f5876198a2f327c49c0a8fe6a5f6f4893655f
1FQ5eL1SPR2QuaqXs4dhqnbheoWvi1Fex4,1130429,9def3450f88029dda88b6a03c8794f3b84c16de9
1JuhQwkL2ee6eLEmiUbFWR3goPj8Vuzotx,1130429,c47180d6040105c0fe89d154bac5839c80dc0d31
37RVbSdYmQSq2AeSnQaKNiSNih6LXtGUaT,1130428,3ee13297b8d64ce3f92bbb37c54999f2219a5628
1Emq5o15ceM3PYRfq4Lty2JGqgFNdXCTKm,1130428,9714132af9c8e015f2848accdfbd89a324d7afa3
1LYXVxnHA3Q9773ovYQ2F34h4zdKKxMptc,1130428,d660be88c3c3c32bbc08281055796ce99cbe818a
1BaowwnRtYjKjFcgaTxtKsEM4t7qPs7PMx,1130427,74162c9a0dd7bf595234c02046e651cfb595bd80
1BkJQ1CCihPgZ5STvKK84dsumRYVUPH3G7,1130427,75e1aa88fbc5d62f1824830a12632acb53739ed5
3DWbox2gsbgAEUmos8r8YZzZqHrqBUkJ5X,1130426,81a9387f2fb9ff6239bb8b802cc24e0f793b3079
3BXAoBbV7dDdQeWjUQf7yWLVBGv2DZsWPe,1130426,6bd4814edeccee199851b801e898e50cb8243da4
1BVzTUvpBkAFTmsw8nTYuc3yYHLabaaPpS,1130425,732cddfa81c3993480f648dfbcb69b0db823a7ed
38Ryd58fnYv4xAUhe98DTEoMbWCmWtx2JG,1130425,49f0b85774c1c7a6d910c5ab0fe1d9e6a1c34681
3G9uJ64ABSCSGYssmQo7HP1qFWkFHTyya4,1130424,9ea7756de10bdb63d92e580f95ee6b1b2611cced
3CJcDAeF1BBtan3LmwBwAr1CtNh2U6WFvM,1130424,746c70014fd4b03bf0d899cd5b169989ab3cce7f
17aio33ZvUgzjDR129LELMM943Y8XEXofh,1130424,48315e7bb053dad85e2905ad85853eedbd3a3670
3DMGDXj1U3xPopSEduPy12k3u6XEJmiPQb,1130424,7fe51f0afbe3dfb3e6a2733cef7c1242bdbdaf54
3BzXJRWXdZR8pE9eiRUbSfFhiftWUk8JBD,1130423,7100da2132ad7127eb4ae08da3e770e06450ee6a
1DtWHhRAuKLjuhTC9Td4H1F15Ns1AQjYNM,1130423,8d5f2bf7765fa19b606a8c114123f5ed2b2be51e
3A1Jfb8DBouMMXbQbRhjedLDMJ4hzPaGh4,1130423,5b36781fd4bb33252ca56b0f0708cd9614ca633e
12rEP7CJ5sDgnBPor1R2Xw4qs4RWtNn2Rr,1130423,1447ad8d1d211bd7316ce6e8df8de514a1b4f734
1Mps79G7t5kqQ5FAyntUUEyPmqQWxnwRGJ,1130422,e46fe46607a75222e59831bed8f9e91d2da5ff94
1HiRA2NHg4Uba4t89SmeQwLwx3YVZjxjJ1,1130422,b7573b2524bc5a089e23c3fbd949c9690f4898bb
3BsDkAXMPkALTH5DXW3hpdTv9uYkVd6ZC3,1130421,6f9f49015272bb84c5e9a7a94cea8e366ea86af5
1M6p1QBFDQNaHtza3M6fLX1U7fMFwfyiek,1130421,dc7bd5b9603b6138094fbee4de0e5575c708f680
375DZxjj8j9XytGp2fTQN93ShxnSGKZYLE,1130421,3b0b803e4992546660245874f22718dd610c67ab
37SSsMSztfgeiVScqXAk1xzoH3PtaVsC6f,1130421,3f0f569b5558835743d4bfb7dc271f71b051dd62
37aJ6ZbjWwAZLK3JtjNSWQrfbQPmN8GYQP,1130421,408b57e245944bc1457199bbf2599a3cbf50a26d
1CJvLgAoggzXfRxHS9pBH8RYy4sgAk9KZL,1130420,7c0cfaf62b0e1e7772cf8019b27745791a8945a3
15Vo2rtyMstWkVigniMnSAfqBu8v5qHiAj,1130420,315293616b9ed18cde7abb978ec858f385cbd9ff
13kXsWxtks3SDoSiHcReSJTMyr9LhZhCGN,1130418,1e2be8602e3be322b2314385e96f87517799914a
17AP7m22mvz7M27rrGvwKYLNx22JAKjxpn,1130418,4396f5d6f0897abcb0219e040b2282a372d3b5d8
3FHw1THKxpfSifBbQrz8wX4kpqqkEPiwtv,1130418,9534173a2a187520a2aea5ce52af99ae1edfce56
1FzeMhVyQ4XsDC5aY12ipSnH3N35zZnAnx,1130418,a478a79cd4377a417f0556117965ee283f5903ad
1L2tq6pweQZvp8MX1RStHPmiEkMFGLSd5s,1130418,d0c6121f44eeee93af0a5c837e3413b392696280
3BMEXvt4Y97z56tfSUVDfGYu4vrUHeiKRB,1130417,69f377095f04fb13bfe0f71d6fcd936c915ce76c
33nUDW3r8FuuYPpjWNKHM9Zx1jraKiWTUU,1130416,16f8477640fc78c0973736a19fa9a6ae6d15e608
19XcHBnHBD4vyKaDQ9fhawn9uHSc8XbMSo,1130416,5d8aef42532a464683cea1cfa79981fe4f3e7464
15rZ1h9xEeSBYyFRxgDYQGLDbUsUTbMkbT,1130415,353f9b83eac45da117bf1f4c3b413845fd5f4b4e
1HWY47c77RFo5uEBLJtYcdnEHfsSG3Bryg,1130415,b517ff6c3d2a34c1677ddfcb1b614722fde9cad3
1LpdUMQ1riXczuM8tdrTYxcJBh54sFUGMn,1130415,d96c6291daf9e2a4a3837638c9d66067620aa686
13UQKheMRmt6q65VZdHGJgwdGNpH5fPXvM,1130414,1b1ef37c6ddfb03fe9c2e044b1b2d07801b973c2
35ybyE85k4YcSip3AgVqxvNM841ND5EsG4,1130414,2f039433ae7bb41fa3fd867b4de53ab9200176e5
1DkW4YTLbhmPNsz3sLLeGri1NhGHCpAonV,1130413,8bdba79c167dc936c98a95005d6e060e94ec1d65
1KdyQHu18ws6mA2YG9XcPnGQbhMmtUHWgK,1130413,cc7052057539dcef779961c7c8a1716cad2e0041
1KEzK4hjvNzUHh2z9GZcuGocB7dUnYfNtK,1130413,c8178346a3e5b9375928a82ea7808311ce7e5dd1
1MS6RCB17HpVrfwv1hrVCTdoQY4f8mpRJH,1130412,e0216fcb8ae00fb04420112d47ab8bd4adb8706e
3QnQ55iXi7BYKZpGUe2unf2VC8gc93UXWu,1130412,fd4f75dcad12fa1ed6b047c641651d9440426b76
19KGuLjhCx865foM4SBVqUqmyfMACCoYZu,1130412,5b35c4ac39a3f387ddaea4b86f844cf7009e65e7
39rpWhb1RVW2dA26yYGctpY3GLT4DuJXNP,1130412,599ba3f0a2c843391537f316e04bbee786aced97
1LrGr52uojPjwkb2UDc1Kf79WEUky4rPVv,1130412,d9bbffe6d89cda6b9c296831cb0aeaff11f59106
18h3dJdULw1JnvbCuaTiqTRVmK4dLS6SfB,1130411,545bb602656c6df80069c956af99accc6fb0f94e
1DqGwRfVMnSoRxjKya1dNj84RkDV5963pS,1130409,8cc2c7be69d5aedd79bed0a05d55934e67f848fe
3GzXqW3eYVReFwxnmdrsEVYCkQw4Tp2srn,1130408,a7d9eda39682684553ff562b1d55393969405dfb
39JSDx8EuLheEEZg3Kd2UhSSZhXFVeZuJi,1130405,537bb94fe5256d9882930e70f4273a2cd98976b7
1KF7U6zEGkGkUu2JJUKF2H4MLHTeq1c3eM,1130405,c81d7c77a4a3e735b3d84e4850e85cc3d6ada194
1FhZWwszMZJuq6ztRN8yeH7BcopHTcc3pu,1130404,a13d8aee22d4950f226a30fa527f56cc9ebb0f66
1KDLvAMci1sZb4cj4dzYE2uMP35942XXKH,1130404,c7c7e1943f227d6855eedba3c0c960808951d0ca
3DuQYX9hWtSnKYfzSBZr2n8tpEsu47U1ZV,1130404,85f962277c1250112af421ca4d18d7f2eae16898
1EUerLEc89Uc2NRxe59T5Uqm6aycroQQoQ,1130403,93d47652d6b087cefe6a1d5b1a2919574c20500f
1GK86eK9PW1Nndr1iNdsiCe1ndGWJhF5fD,1130403,a7f74c70c0b98f201f74892fa1f8fb9f65113caf
1NLtB9pUx6sJDuhNZGCeQ3GnmD56ef7bmM,1130401,ea1d4374d50e8c956eaf935eb1cac975479f2778
17DFoGavDN3wymDtYaCnnbxG3X4TSxi1Hr,1130400,4422194924329c90f89069e34c0b77f71b5983c2
1DP3etb585Q5vv6Le33L2c9kmCLvk9y3M7,1130400,87cce01a32f0a2382670e8ee798da464280adff1
341TqjMyaPcHygEUEF4vT3aJJAQjnezsvz,1130400,196d5f9210b356a2fc63ab61e93852f8471bacc7
18R5HczuG64vDi4hMd2KUAnBdwLHvQrMfs,1130400,5156711a98830352117ae64173dc01d701b2a725
38h6z6CzEgJYBiM44yZM62LjF1H8s9jY75,1130400,4ccd1af67d114740981b400930850ac8d8272e51
1MFZFCSFrHzBLwYTCZgBBFFYkd3epe2UD,1130400,03d4784d174eaa2453d62f7dbe3908974344e97f
18xVxsqvPmZVfB359JrWzUMVeEJD2JVMsA,1130400,5747ef90ecdee076c49e0a2d780a8c15fe321779
3F1HpmznibJkFDX4wFoJF1UvP3cy3mqxB2,1130400,920e6547bcb56d81bfcd77d5413c7f8fac68719e
1GVMigFoxtCGt6REykQbtnLa25tBXcMRJn,1130400,a9e6d4240370683799b6511e969cc5dd273a417a
15rqfhEbNRcUJKsMXo3YH16av3Dg2GUJnR,1130400,354d82b2b3b653f3bf2f13056f4b3c72c2d060b5
1M752gyG3NrAGtzuFAPSLW7HqNGNk4UH4M,1130400,dc885ff22969b20ca1c1131821a12ea670345ccd
1BE1ArLFXVQeTF7EqqNjX3yCVUHh5ZWPnb,1130400,7026ce9f03f4cc27c76fc6e6f28616297d397f08
3BMEXWddt2sr8W3PeGzDoFD9QbSadjnuGs,1130400,69f3757f0771b3a8dd3d3d2d360fc703e437ee8d
16EWLnyyQ17dvfZgNALrS5wSprWwixL7ju,1130400,3966877e23b6d269f0464795b7cf8a384e3332f6
3DsGhNmmSqevfNDzMbEtGbVt8ZnWBC5U9F,1130400,85920039ae2d663251ad501462340b1f2422396e
1FhrE6fuBa9ByLwpY6ADwqmLpj7Khy2Yic,1130400,a14b7db83fa6f57a10f1e484ef85285b2d30a54c
35si3Ey4Pmkfnocx6XZikpAk4HmfRg352j,1130400,2de62643a53edb95851878ae943242e87b28e3bd
1HTXbrHxgenV4xVGvdxzVBEF9SopyXLpu4,1130400,b4865f321b942eb507166e79682701bd12ea60fe
3J5v6Hn9PSH8jVGpib5jxXt4qsxpmQYkzZ,1130400,b3d6b61d73d6a134b69643254e0f21904f05308c
35epVDcEiQyPHYh4GG3a6v9BFiTwUKTdhi,1130400,2b761fd74a41120224d5064b13cb9e772c8e4c42
1DrHBvZmSuvsVZ1oTEhWMXGzmTHXWkm4Rr,1130400,8cf367a5f4845982d91d97acee763f0d7bc167f7
13Vu1FtbXTsgp6Rq98uA5b2Q1mdfE9fgPN,1130400,1b674f425e15753045e8c3032233cb8513d0087e
3GZMihaSzjXrEdvutyQqYmB87SeQyx2xew,1130397,a3171571cdf31f7757b517bb32436623ea2d09f1
32pNcAAnsHBBMbD3yj5oB1pgt5pQJVCVqJ,1130396,0c5c4d866125b459fd3f63b21b54f0d5073cfee9
34VjLvXqgHyzRS2qjs27ndh1XiF6FM6GaJ,1130394,1ec5f636be77a2a1a3d0bfe1c5f6d9c6ba48d36c
1Djh9YSTdkbL99Nd1myWdSFtMVFbZmCD2p,1130393,8bb47e3923d6300a75bed3562db5967952328ee2
1FzgyMKP93Chk7NXUA8CtTxCMWZiu8nWvp,1130393,a47ad65de37853bbc66899d66db52b8ea551dac3
3Lka4r9HEumSkBiNgihLZUeMgGSBai1GjN,1130393,d1167834838efc75ab5bf573022cb66f3fd9dead
1ESkaa5f6WtynURoNsPrnhHaxygWge5BUZ,1130390,93786977be49ebf1214d705d4f8bfc0e985cb55e
3K3HAH5Nyex5tEpxocb39Xa3A8oQqxTJby,1130390,be4f2d358078f0fc4d0129c0d8ccdd16b301d570
1CvnpmQ2bARaai48wjZLt4BggjWN5kKJyj,1130390,82d5ae60b88591721ba3243a51e8516dcd9b111a
3GsYYXgNpLResJsbXnDg2NxxA6hbawXLGK,1130389,a6879b66d2651a00622fd0049ecc2279600e97dc
3BMEXuMSsFoymaYJQqyKtB79ygMvhHchoz,1130389,69f376f0865617693c79656ac78bccd0e7c5668d
1AaiB7gJAyC3FXDwUGpYjLAJFqeTdYhMWU,1130389,69193abd4087b18d1d18650140f5d3649b2a2bca
3QZhGCcEoiCXvUm9QM3oecqbYHsWMk9yxZ,1130389,fae8675fe2c107f6611b17b548a6d0451ad18f27
3H7EtKNdyDvoW3xaEMixKWimFeNL8uhXqG,1130388,a91eb08d1f8d013912920b6e5d55fcdd83888e8f
35f3gHVdnPB8EVKxDdThP6HnpdssiLV2Un,1130387,2b8122b0f7c9de966bbc50361de232a0cbecc41a
1E4BiLecXosYzjduxxZXQt1FnJF1HJ23iN,1130385,8f33d35ba786f5ba3f060e482102466cf158d742
1DYG7HHPq3yE51s7p6ridvq9Qnmwoc4Lkq,1130385,898b041796ec6577a6b8ebcbd2abdce7d96b1801
1UmvjQyZqKReumWHbYQEvukpqsaAc51zF,1130384,0540bbcfc9bc952c301aea75ecd7e4ed004c5733
33EfCqQPcuFzrQLQP1MwdCDk83BSyBqk6b,1130383,10f424205b994b46d700067c30a6299788e29be0
1B4aeUZsM2jD8orXY5T3ineVp1mmZuyuxx,1130382,6e5e97937ff056148b2a508377802cd6ae13ea51
3AkgCJecUz2Y8aEJ1x1QAcUtbEPh6Xk7R5,1130380,636a53dc9f8589471d02ff443d45b6e3873ea4dc
1KtkW2mPZXZjcDF4Qv6J5PFe389m1bB6XA,1130380,cf3bca62b4f865c5e7fa095f1734444b30e9edc4
38ZTaoixMzakFMU9awRRVYSn18nLuc9Snf,1130380,4b5af8f1462750cb0331ae00a63fc95abc573a90
1Bwh8JxNUJX6BfZ7HVuVvJhkcWoEN2oxDw,1130379,7809371d9090c2eadb8a39d05d5813504221cdae
3G14RQCtNdt1a5rgrLUAWKSRRrnGLbTrag,1130377,9cfb55479d8f8c287f3c5ec466c76192e76125a3
15oszC7rCqSg6UugBa7yRo8ygkWWphJcK8,1130375,34be32ca575e733193c6b82d814015ca6ca7a404
3P2r2HDm2k2Kh37C9tRjyr4qd3tZBrnHNA,1130373,ea1ab2181e33a0b329baf94e7f3771be3befc5d0
173f4zZFZFqaTZAQbB5yUKYPvW8LbfW2oa,1130373,42515d694f421df408d0252942ad6e1ee157ba78
14fAex3Kie1QRUhpgMTYtDYpPxDPfRkdPG,1130372,28203e2e7d560d56d7b28302c6daeecc2b3c2fd8
3BMEXBdAYkgqZL4BeCz7iV98n86yK87QFf,1130372,69f37449e953e76f4a845cd60ed33db0a13bdef4
3JV4WaDPc5iu9aCyE8v85cyaNJ4J3Qzyye,1130372,b8374e5a6aed0214ca428121eb9337ef491f4d51
33d22kt6Z2yTCSA2EXd6XeudL57YMmgrpB,1130370,152ead59a8955adc0e7f0905fc4e2baeff643d5a
1GZc7GHRUHqhRoSnF53d8T2GiyS1j8Mg2x,1130369,aab48113dc12a6da7fe38c401db774516b4219db
1NNe9aV4u4jfA28tNhzEGTmSznRwsaZnHv,1130369,ea7262daaf6cb211b6a467687c372b93582eb234
12vXDDrp4uZFRdXs1QECP2iCZhjSN9HDUt,1130369,151763f10c5833fba453ec53f21dbc0be3707769
1HgWAdvFei3MBK9sbdDf2WiGddDrSGoxRD,1130369,b6fa94ebd5d0bda3c1b909a2de87956cf81ddf55
39x5f2Ge777pqnxBoU6HdBzTe8irxer1pY,1130369,5a9a5c810c7b2ec40e1ab90275a17500473155b9
3BMEXmVJPDvAarA261H6gEoLXoNkHBLkGa,1130367,69f37670a0aece1b89f26a83ac58e08668e17a23
1C74BPr8LgRBhr39p3qR4D6skvq32ctiXw,1130367,79ce8883aecd55e88d2f2cec3824d60e368082a8
1Ge8fUUJLfdepGXHLwruYZgbPaJQBjE2pT,1130366,ab8faca3e284da6b40e1a554c707f83a0a7312e8
34hfxes4B93qc2MQvgxnPG9YDmRRuBxQ9v,1130365,210820e6af7e94a49b1e547e5726ae6b3501c3e6
16o9ai7RQKnNx1r6tUqenJmapfv3kxc6MZ,1130365,3f92ed26e5bfb3c772d6fb7e38fe6852185f71b5
1KZpcyCLtr79YGWPCHAb7ttMDG5Z9e5k5B,1130365,cba75381035cf67c74ad21350e4ac57f29d83dc8
15P8sLdw3xCUApHSLFp9neJkcvCxdfUtb1,1130365,301038db03a7f5731d9fc3cf2f0f0c8aecc05c04
3KjgDWDbxHx69cbm5PWsTaZ6A89K9MHPnb,1130365,c5f30f99cc30d1ab03fa086b99fdcb0046fe5f2e
bc1qakrfsthmz69z79xxt3xagn5uc8nrtvq62cjp4t,1130365,2063f550e48dfcf6fbe6a7b5e60461dfebbe55d1a778817006d0
1EZK9mLc9xiZ64QVa8M7Tu27GJneLLF83W,1130365,94b6190634c003b22aea8407f9339a8be0a66836
18sdxt1MLsHwr5hYvr57vFSRK7c3YW95cw,1130363,565c88bacae65f2c817782411ffad2c2f2728cf4
36dzFupTQ5qqmRbykeqdAyz2uvdDcLnPkN,1130362,3645fd8204c08fcaae35fac415179ce6ae33580f
19aLvg371ELf6gyQoWFrUqmuP8q4hZGCyK,1130362,5e0f5dab2e0011c80ef23ee5daeccae6004ba0f8
36k49sjnpQV7rFpy2y891Cp3LXqNfSQ9Xy,1130362,376bbcfa7e86d311abdcbc31b50c52d0d7d51a1e
3Jd4sdYSx5tfohbaD9jNqhg7cPNkDa99cu,1130361,b9baefd3eba099bfdf9d11060a89664e6a271e5e
3CGtbPzJRsU277Yq7WhYSERTvirewnLKX6,1130361,7419481b627934dd0271565fa130f8517542a35a
3BMEXBuz3pmrPDMZuhNBA9gQgmm7Yy8mvk,1130360,69f3744ea093420d3c95ae189de7525de5c12a6f
3KRuSafNMmrsy8HR3YLPS5PMjNS6PfZP5G,1130359,c2969d1a7efd95eeae169fffb25c3ab107041b84
3BMEXcZrYb8fx4Ciixd2e3JAEDm7RJSQXB,1130359,69f375df8b0a9a5b77a9124a6bd99d593edd3177
13T68tKkjjtKkFG2pJRRmEk4r1tGTuvcnW,1130359,1adf5a95a92036dc22f80a8f2e7ca4225ed99349
3FaD7B5LzaM2LhLmRHk4q46w2kJfHQSHd3,1130358,98482f40a24135407cce05b2b460c8ce4a88b423
1Jm9W6nXwGNvL5jGVtX6ioCJdMKac8Pxbo,1130358,c2d3899afc7f3d9afd12e25e5ea910bf744718dc
1MT3h1Grf3LeYmzpzttMfMbdzjDUCdDSgt,1130358,e04f93722dcaf4ef210cbd5fb767d8fc01aab746
3B5ZEjPtL2ovFa1XBafCHNSquyBmR8xe2u,1130358,66fc6c27925eb918f6d5bf21f543d223a5d8d8e1
14t5vsk5vnnKbiJBmRdyF6vDnBHYCFoNC5,1130357,2a91b4b0c11d260bdb111bb7c52f26f9d75fac4d
3CauVBAwQCd2XgZKq3k3tbpkgvoNrPNDPH,1130354,778183a2d547b8df92def49eb025eccab154c5c3
19zTf8u7oTtRCQotG9rtDKvQnk3zgHo4YR,1130353,629ef7fabb045776c8f87563c6e5a2a0d28d1cf4
14GQLkBnvJWghhdvHg3mpqVvPQVdZjuqcN,1130350,23d219b2b120dc66c5bf72c3e6d3c276f877d09f
3PXfj5YQaammSTCbbfzgEjGYHxtqywgutW,1130350,ef8e29d62e4cf1007e63c227a333085d15b99ddc
32W5ZrHDWK3rweTEXViapuGsG5pyGJvtaw,1130349,08e69766aa2af805b2fb939f6618cb96799fb107
12g8UNzXTXrMyfD6A87W9S6k82wkPrE9RZ,1130349,125e95ed33a9d45b928c17a54c58d32d1607f591
3BSUT6ymYhGpHhmmafHu85EtL6hWXHkF9F,1130348,6af12975a0fb4e8a0bbd90ce368f0705af9f8963
1BmEECXCYVueJqq8oSuxwjPgZwsg9dWWyq,1130348,760e9a1ab00dbadcd558d8d86d6ac0e6fc8777bc
1QBcX8xaoQpJKJYyr3ufrQKaa1HNGbzEkz,1130348,fe4cb3f28a4031bdba7d2376bdd6f5f687600bf0
1J6cMsvH3DDJNwGrqitHpwQnRQo59YaC3S,1130346,bb89bc326f2272f745a7c1db8b2df522dd2672fd
1PRyQyW2j9k1DtsB4xV7mJatLK6doeggnw,1130343,f60bd781503297975c223bbf45434cb9c8b90c32
34KeBGbkmWGGkFQL86t3ZqTC73i9oH29KG,1130343,1cdd7d4ab17b3fa1386500c4c6127a7e116937d6
39wHkasohyYstjSm9srJMDjoth7UTEuSBc,1130342,5a740ae34d378ef3baf8a0723b15659bf3f677d5
3BMEXVgqXnj3ELgFhBSUPBeoAyx6FyVTJg,1130341,69f3756faa06be1c0974805cd8638a938cdafa89
1iREYjDsvQnsKctffuMYi2LYbarXirAkN,1130341,07d54899e911c50ad372e541f3571add2a3df90c
19ccVLrhMCVws84uuC3kUdKSfvh5EUoNtA,1130340,5e7d307ae93b0c8384ddd79a61bdb04155209dc3
1NHd2Wnbs7FdP7vzBUuWMkophucHMC3PrS,1130340,e97f5eb2f66949232d318d6720fedd9f157b3b26
3D5SnhA7LwDyrr7Cf1ghSp97Cnq3D5GyzZ,1130339,7ce74a6e09742fe1d02709923f0234f2ff97ce4e
1FdnsGAHuXGLjS9Z7dfAvBrPYKk1G3hqZt,1130339,a08705e8fe2373d32687d9a1f917ad446070d0d0
3FprQeivruUgePhHmoyeS4TxK7x3KrtivV,1130337,9b0d254766e8e1f1de486b943a305614f43fd51a
3K25tgb8K8X4gB7hruWn5y76fZAuPCMyu1,1130337,be155a963a2f095cfc96b30791d6d615cec008f6
3BMEXDTN7ySXCuM7asqtBuAn9ZG89Kermc,1130336,69f37467b0352cdca1f068fc1b54800b97d0fa9f
17rfTKQvsNB3iqGs3piK9DKM2fVxf5tjmp,1130335,4b353c84f425a0910d49d153824e2bb3752773d3
1FjBNrdMFvtrsTQeffSnpyQQP9yKseq8jV,1130335,a18be4bc8f680750b960a51de41e43640ef84e40
3BMEXEHEYBUjkAErpzfLtMgEsvikfuPfVj,1130334,69f374751c355b52f69911a0573641bc3c638084
12ZVmfvAwSmdVLo44HpMShjkzJnbeNLfPF,1130333,111d73e483afa467a1c581bc9629cc89839c0a3c
15QLKQagbSH6wpDCmkQXbCdHKVSydjisKG,1130333,304a3210fe1084d1e7fb398bd7b97114abc76489
1FNX3PVs9EHKp2T9K73c9HGaetbLnmwSPi,1130331,9da392c243cae8cf72f922361caedc8042cb5e9c
3PNDtL8WxSnTNiq3b91h6ns31ATmji3EBA,1130330,edc4d965fff0842d5223a338ec94cd1bf814172f
12dtt53RDGe9utMA2VAkUaPovxqX2d4yCQ,1130330,11f26877d4ca664c77cd9efd55d0a2f2e3e9fdb7
1B5A5qNTSw5uzvh5t3pGHRRLCKEEadxMvz,1130329,6e7a810b4f7fa24cb66a9bdc9d3a3a02007fd1f6
189BuKuZR97JmWhfeMj4ozujMiKzAwr5un,1130329,4e554f1127f9765ac1842d302db1a4b849bfb335
14ExwnfsPNjFDym1a7gFoBCVsQK6CupZpS,1130328,238c7c2d231f9270d2d0d1f17a53ea7d9e7d9110
18k4ySZV2fTcSabnifr4gZGiP5MLGUXGBi,1130328,54ee155bde716d04afb567da2f969b2cae326455
1Kjd1b539J7evA3ERqq4h18aviaTx3BSgD,1130327,cd81cb53926e06ccf7d4b3fe8985ac236309b624
3BMEXhXtgrYTL1rw55DAHr9rkV3rKqQXdz,1130327,69f376304e004f0e81ab479e77cc22f15451cc27
1Lu9sNV2zmDjimcgTRbjgjMSGvBEhb4ZVX,1130324,da476c4461ab8b8d7d3de000143ee2d74ce5b3e2
1Gejqq8jhck7xbFXURnHguvqyuzmhLsoVv,1130323,abad0a3a859e3da71c520c6b4119c51ba7ca2202
1A7tucEUeNJ4Pa7EYArTV2Z3xP88R5YydF,1130323,6406f5270e484dc4c062ff064c5b8bf34ec78da7
1FYdc3f6t82KT2tKQKQ6DVPPxN7T45YaGQ,1130323,9f8d3622bc82635955368aaedcd2708a84fe942c
bc1quvxve429t5rvj7v7arwu5e2d22ufxn82f9punt,1130323,206415754bce6ed7a7b79c2760f89328fe1ca0149e96e95183d8
148nZtBYipdTSBNYdEXTCD7b7m9gUNppfo,1130322,2261539225324514d823a46017731f30e49157b1
1QKreFHcsRpGLAepQRNnpAJRoWR1oEEvSE,1130321,ffdbd1cd87230721c3761a190e9b253cdceac49f
17D4yRVtZABsDW34XWe6NPUEPHjrZEiepA,1130320,441910049b49755f5375d6d78e2108791329a680
1K5C5tnQgH3LhKeCTE6DT7tsVasWDAJXt4,1130320,c63d2e432266fdd8abe148aa477413688423ae2c
3DCtCupPsxjeDdRHXUfGdMFYUv7tcEAA2n,1130320,7e4f6b83ec0abd5fb5d571a899bff766560f3b98
32tfzSyvgm51TaY5JEnKK56PqLsteYZhXP,1130317,0d2c7a765c2085f70e661456561e75f439405db5
1Q9xNm7ye5WNuu8whLhPe67FzkstHt3UFF,1130314,fdfc7212a976c28ee438e54a9c4ab3b81455ca18
1CMuYN8EkjmWPCCPCzHppv2F2taVzxrLY1,1130314,7c9d8fca11e574eb2af03e1f349288db5efcfb83
1CaDQexerUrkuMDMZzwgLEQhCm5M8anUEb,1130313,7ef177c8505d7efc756f1eb1f17e77c1b0e532ec
1Cz8zcdNfZzWxt2MqLg8Hv3jts1PQFmVAW,1130313,8377c415a96e71ad126628e759d9b9aa776769f8
176y5BSFVYEDZ6Qzg1AjVbqAPKctvSPQXH,1130313,42f1a420356856ba6338ffc2b63bfd6a9d7cd01a
1Q7X5Hg8hCMJpmcyteUVGBLy1jYdwv25wW,1130312,fd867e45388a8f6e8d96074390571d4215a7815f
17ztvHeGmkkp4LEoJ7rUKvXqst6jucgyrr,1130312,4cc3cdd9ed51bb0ec56fa7015a4a839d743f4e6e
3PGtaZ7UoYXcWYvqbzNHSzvJ45u3JnaShY,1130311,ecc2a7358ff286d9550e006cc603caf1164cfbf9
16Yy9LAJEkvzeBGAzn9gj9WVeKm4P6GA6B,1130311,3ce463dbdfebee0e71000b80629d5b94aca84b21
3Dg5NwsCaFp8ZUMfGdk3AcGcxfWamTPNx2,1130311,8373fa4bd66534c416db4034d44d6ae50e8066a1
194vLKk3iUEzSsUe4tLHgGrg4e4gSfsVdC,1130310,587ec64146a800249ccf1e959793eaa5e54ae245
1Rqom4Rmb9TP6xtFLZmkQrXsZ7x8W7gHh,1130309,04b2b9756503d0899d8509faf77029cd0237f773
3Q7PpKbZAss8HQC5KaaiF7iHEmwbVWiPhg,1130308,f5ef0683b582112252dbd67368378a378fdc72e6
15XQNPowZrZukmV3zq8ffo4Bk5Wbj1J8oe,1130308,31a07d4432b93c4d62c663e7a505105d8b943614
1PnoFfXfsnMsYMSfAfQcVQaq3GDGGWax2F,1130307,f9fc186f0298307a1b5b20188a0c2786b6bc4481
15B7D43cmBJR5uWN4mMYxG6a9BSL91Qvn5,1130306,2dc9d84283f95b49d74abf66b0686cb11900295c
17Fx1dvgP6Kf9bqjUshqEUxFWCmcTCJPZ7,1130305,44a47fbfacc7ee8ae2a66204854a2a70158a8e58
3PieGJZc5qNoauLrMioLAU8XpLtzM15Wd4,1130305,f1a184d5825b782f8bbbbb99e6dfafdcb7bed43b
1F3jTVM9s1wSAakxipsJwgHtUwwweTuq6Z,1130305,9a1608b20f469be9388ceb10f0da451e0b82db40
19oBH8f71TkZ91f69kdQa8b2zssfkHE4Xb,1130305,607cb863a155ba97b73d952da63af75bdb6e561c
1A6kRFgonqtBYRAguChhVKdnBR54aATTXy,1130305,63cf749cbe753d5b7de75e3ba7977f9dd9121b6f
32iDRU28B14QdHZfC8nq242TJbGmd1Gm97,1130303,0b3223ee2738abd5967ab480e12d6e660985fa77
3JjshbiXvjLcHDhA7vAvLJWmEkpNTYsFBS,1130303,bb048597a94d3bcd4a47db182832ddce6846123a
1MG17KTZHnL8JpyeaBAVSuDr5CNgV3qp9h,1130302,de38d895df85f323d3936e58cb9748a3d1caec75
3CBd3jTfxm134SnykFo99T8yYJFXoqSp4g,1130302,731a398a368adb6d0f076dff2b28cd6407f74f78
3Jt6SzAKzYD6FfbAo7bdn3FG8TCUGupUvs,1130302,bc927db73a726f8fbdb1514f7ae7e7fd6c82598c
3LmELjvGNNDazTWmTYGe8PX5jDg7w3f5f2,1130302,d1366b494f24d8625348ba15311da406d7b94c8e
1MLeBd3cUoTwFRT3XMf4JMvQq1YQJWmPx4,1130301,df19753676b0b9790ba6130ca0d539db4025e206
3KhpY7EMGEWsavkhjH3f5Eah8b4N1Fs1iD,1130301,c5992cc1c52b6bf5e4a6b58b90bc3d1dbac7cca7
19G7UdEry58gCBNcjYboiA9TcQCE55Xe3s,1130301,5a9ca6de6ee005128191a0ed98eec6b88849ae18
3DxGzScWS3Bj6eDvHv7bfAqbA4n3QYt8yq,1130300,8684538936fbcd0a960ba6c69b76d2d55f81ae83
1GM1r8q1ibU5KVyus85PpHWFfnro13FGit,1130300,a852e9c4f288567adb6b152765d010ee2fb20ff3
1K4wj8obE72nfgdrYyG61UfXwD9snh3hp2,1130300,c6313201c5d3d431fc767b132430565edea00ddf
15bHvX374nVmNixXtXmPAqorWXKgpPLBn7,1130300,325cc5afbbf9ac25551fc7f83a905cd39bb128de
1GvfirSdbCaPHYhtvKNFkXsHrVgg11BgKG,1130300,aeb0418206f975315138ac230b393fddd1376215
3BMEX4YQyyTdyNeZyuyFnxWZU1PzgX7LgX,1130300,69f373d6be15cf2c2bedf798630b77a4fde4ea64
bc1qknscnfk4hd5efjjpsmyseqgtdxk7nmv3r3me5f,1130300,2064062330385a90da36e91173044ea970ace62f7f3e3d1198b1
1ScLfY2gzjAM6eh9WQYrMG51tP31zmT51,1130299,04d7e60a0c8947e3a6026786572b963d1a373a5f
3MQsnk5abcAo5gvSfyPtSBpvQqiyEaUZNs,1130297,d85511e8e3743aa21c6b4e61e513a4963dbcc069
1nPgDANfBkxoEbopDj8bxhhhRB5wRAUYE,1130296,0895a5b3e6002cd59341527fead66e4a38b079b4
17ZTFmcuAcbWaF6M2uRdq766Fo6DN9ay5r,1130295,47f3fb541c5da5d6057f2d3bc68b077fff4ed96a
bc1qgr4vvzwkt9fq2jjxg5z4pe5vwgzwr9sdc9um2u,1130294,2063ff86470adba538914ffc40d33d4844939a75ae79669043a0
1GGvD1ApmTyBa5Kr3nbyxDiG3fkxc2noji,1130294,a78c8a85ed2ccd88f789fefc0a92cfc092dc9c9c
3DYkZwejbSTgDNtXC3bvBLvzuGLFUpD1Dv,1130294,82115d25309ad4a62ecc7281596e0c0e1a4a42f4
3BMEXWgFcGiwXfpXKnQcDCG7sbvA66QnYA,1130294,69f3757fc337ca308f39918a64e6e1c813c2b0c8
16MX5YbdKJGFskzW7D1iZ7KUoNnikwaTmc,1130293,3aba0e69eac29e0b853e05b296fd7694bb0cda43
159XdHiXSxNN6SotN4Una7X3zAhixtLMuY,1130293,2d7d6555e4c36aee1d07f4c61cca42c86d99f9d2
3NiXMz4KG5bgES2TxRziEnzQmifjpZxybz,1130293,e6a3a1ada30f3c07dc83042e9753f30df1e635fc
36b6xz5uL8TixfyQfFbfyEMFcK8kpjZH6k,1130292,35ba5792258759b97c2d0241f159739f4ca4c5b2
13kGmUBWqkqrDnjRWzgZd3SKvFGUJM1U3T,1130291,1e1f4c9f26ee5cf7a83057fe73a91712bc6c18b9
1N7E1hESnNJqCYbsH8R26tQHFLRusnVG9t,1130290,e787ffc2d8a864411a2fb121ec2063a5abcdb68e
32Xndcw8QQiLgwqUg1LtysoLN51uSEm6s9,1130289,0939496593ff66bebd57b3285790a18dae53f4d8
1pUCqPuhtwbk6B2tin5FTYH7ALZpEUArQ,1130288,08fa424d71415e39ae4cc5044ecfee3b1e300d6b
1Leo9Uv3vEytrczdpfe5DZSu7yanuE4e84,1130288,d7904d2936b87bc96ee4a6c3a75a7731f3086c95
1FRnEWTLhYgfat7QHyoMtzeodYXiMwRq9x,1130287,9e4180a8af2501c78ea475b5ab40fede506a01e1
3AaPvXu3hHdCPAGQVXFKLc5SKHNz2DbtRW,1130286,617895b8b22413e7a2759fb4042bd5433b3e5453
18Jx6pPESJYT3itpBtuw3BkcEuKgLDorux,1130285,502df27e9ea04752b6bebfb94c9532f0e108e91e
16wHPXWEg2DP5SXft2iqsbmmHzTyHE4CPu,1130285,411cc56c5b58034e057316c8718f0c7c8f4e2665
38BrHnvgH2c294qp6kjDiU1nTbBwNR6KMy,1130285,4744c69d3eefa6ff86b612dae58659ee7009535f
1DboRbMQqHZ4gUcJTRrqMRUgMHLLnkXffz,1130284,8a3667a86d3caf7b774c20ead3f6bced2a21f87c
1DsqmwYqRgpvj9zTPk4aQUd4hRis6giRDb,1130283,8d3f05ce33763d9ca06ccadce6a0c87941310095
1QGwUdvaFWfTmRzh987ABjLPSgBvFwze6R,1130282,ff4e9b6d8be193161ee3c9a3db1ce628d0a889e2
3CXUE1STx5Yoe9z77L8L58Qz4aN5cYYbtF,1130282,76db2dd76b24470898401f54d8d070dea605516a
1MrpMGRkEd7La9xRZicZLQV6kLv2CzND9y,1130281,e4ce6c507b2c09e69011011cdb4c41a8155a66fe
3MEGUhTJNgoGLZ5cYdEq8wosn1zHjedUZY,1130280,d6536f211c1cee07ac4df0630e1304c796f657bb
19kWS2Xi9iXYhZDVKNTez76ctSZQYiKEo9,1130280,5ffb75f6cba807c7760afee4c84062f511a26fa4
1ExfNtGbBntBn1dkAYwZGfBzfz1AELDfHx,1130280,99208c8192025b2fc124d9c59a36deb3cdce8960
3HgqM4Te5PwT4F6iV99pmKtv5VNNxFoP5x,1130280,af792edccbb7cb88fb09876cb5e864e3b935eee9
18afW4gmZQiubWvFCrnFim68CzWe4TmixP,1130280,5326bf0eeea6a4db9c1e1db0c0b9cf2521f5afea
14WcXgn3Gvi1ytJoYn6T8CRFjTaCvzdca7,1130279,26821931a1cd2946de89c659a1d54af074349657
3BgE8ahA4krRZ7r2D7xtjvxCy8UNbT8e8Z,1130278,6d8b083ffeb98605574896d03f9295bf95afa200
1Ljt1Ysf233dXMQU7UM8Pp28CQ54SdS7kf,1130277,d88670dbb0413b7ad6373e78479cbf31facbc5f2
1CdAP84QzuR1WYxDiPcdcG3JyqyJ6d8zxa,1130276,7f80307fe5ef0db36a2923bdbe36e4e4210f7c73
3JqC7StvMrTGDiBhcG1UMjtNFhBTMaSgYH,1130276,bc05f87462bb62f1f91bae97935d8893f3c16664
13jCduJGYhx2KvDmGwjF8gDttkxubMh7mB,1130276,1deb6f7697562a9be73b05397cecd9eaa11ea8d7
3Ctu5Njux6M8ET3X1gx2aud2idQ86Bnd2T,1130276,7ae8a8b2342806eec11cf7dadd59e4ac182dd4c0
1PSnqE7W8t2oS8jnY69eDE9PsyKQGfks6t,1130276,f6336caafbb3cac67b01020fc7f1ea2ec385b87e
38W2A3kGQWYiKfQjh8u85YQFsvZEsYNevy,1130275,4ab47fcffb5624c8f3c1f5f702177b04885d1be3
3H3DZdv83KM9wJc4NG7HsUaHewLYN9TKLd,1130274,a85bec14ede8cd20d71028b830505604242eed4a
3BMEXtFAYiWusc5Zo3HPwmkg9kEU6dXFqf,1130273,69f376de804b19c4951b795a40df80f4c914ff4d
1M4S3uHfZrvveK8VneLZEfpRh6pbLZLKqc,1130272,dc08ac9ceda17103d4c1bba46105c1b2e81514b9
1K38NzKAqqkRkZYmZj6DRfs6oR6uaKqw2r,1130271,c5d9417c0ef405e4de0703752a9414a4f6b3aaff
3GS5Vh3qSZhJraMfqoozu8T6RS226khRUh,1130271,a1b6a0f0e857251ab9624f981ca7eb054f9ced1f
1JX4a3V2c4so2hqZ73dDHK7v3237Hyo58t,1130270,c02998d61270a0bb52302dbc50de9b9ba125adaf
3CaTWxboAmSc2Y8eD6HDWvRgeY6LzLvB3c,1130270,776bd60eafe9bd9ab92ca336b7ec57144971b54d
3CPtFv6gMmMaQqNDKmYpJNQsCjpenFzABV,1130269,756be9bbf813c221bb2c497e919d610edf723412
1KuUkEeohparbCpBG5LTaTjwQm6stBCxD5,1130269,cf5f0e0a61bfdf443418ebe41c8954c4b744b890
3KWn1aDi79xed7W28bjwKtg3tfr9kozMFt,1130269,c3827d824d894c41c7a6c3d700aff7c075b28403
15Ts77kyuv9EwqVjjv2yBmSr4fBpTph8Ag,1130268,30f524e1d6d1341c0bc7a685a54faf1e49ed1a49
19cyjN12nMPcVbrdEmPiSnTVXrnaUCaeY4,1130267,5e8eebcb3aa3e07bb590fd949222b033c8205608
1BsJr8dVcV9zc7jdosZfX917wEufF73GZD,1130267,7734f434e80c2df823c978a88859f4d255ac51d1
1nKw5yLctV9pGkt2ik4SBaDM7F8Yb7NgB,1130267,089285b875d7522605c7851a95464eb0feccf32e
1Hq9viSFvoHZJFnka3tqVB2tUMEepm5Luq,1130266,b89d6e0a85f917f4771074d92c53b35f8668505d
3BMEXwLB2pNFtXRU8b8WLdKVbQM5iJJv85,1130265,69f37710b14e89e9874a0cd79a99ee21f80080e1
3APJ4u2jiMCV356NytBExFkqXJnTEbnPZD,1130265,5f5f1f00bca9e6d45505565bd269cd9f7b333b88
16eTYJ8zvDW86i9bHqsr2WRJc9HzTUBBEo,1130265,3dee2c72eb18e2cdeec05feee647f1e9552bab33
1EdMGnVnmwQqWZNZpdGfjGEB97qBfveJ2z,1130264,9579883adbced2d847bf60838d6c0cc50ed21c0a
1Ho7mQA44skwr96AcDY36WFazgmKGx4Enw,1130264,b83acb59f2772f2dd44c0c8732cff3f5d239405f
1GBMCH5qoreqsrZy9fGXR9vMkQ164ZwBAZ,1130263,a67ee7621f6ef0585a26653ccc7ac664a452831f
39f1JNxXd49gCp4ts2BKToxPTMRNmLYJ4k,1130261,575fa76312378a113d18dac87ed958efc20fcb91
35k8wXyyw27GeEzGURmBdvTbh19p1Yfskp,1130261,2c779bccb8bda2b5d925bf0a74f83238abbe0085
3PMoD4AhVBC6F4eKh9o2oxv8rt8WoGkh2w,1130261,edb03ff020c3a3f04e1c48702f78251609164ec8
1GZLAZEHGZy7g9pUCHqRLAveQcRxRtzs3W,1130260,aaa73209ee84b0919df8ce704d46691f1e36d569
1HcuoSD1SwB9fzrZFsKBt7RJkAD7uMdAdm,1130260,b64ca59ca585ef3e5e1b1a80fa273aa63499bd6e
1NDstPRBmy67i8cVEiA641bENAow55bZFG,1130260,e8ca1c47f309717ab7d8d13d785a8ca890bf9a33
177JigYZ9Ge9NboycLoNGGWWmmXNwvRsBc,1130260,43020a8ff1ada14e5a425c644b532d4c31ccb33b
18DT4u8PksJgZfSvg5a4A3nSFdCmoz6sqR,1130259,4f23a1c0bced90be8337d983e7f2a21d4abbc0f3
3BMEXS42ZFvfVGFEBakirYu6SYbJrt6syP,1130259,69f375348e557ceb735cdad2dbc353b2dd7fa02a
19cuSa9tx55LANwhVNKzrYjt2sJSwzQ4K9,1130259,5e8b572359b9d3b796419ab23a4ca3ed538d2b39
15TyCiLBuTqXWudtKF9sabvtkga1UPFFnd,1130258,30fa3bb05a481560aecd430be5e13932b01856f0
1C75DBeUwLM5HTw6ERv6kqpUF2gtVfrYPh,1130256,79cf64ce6797e80c27af50cb54e7931e32978489
37qdPiDEfmGqLouF88uw5fZRUan5BGauk1,1130255,4371b09f61eb800ec02f853903b50feca9a5397e
1BYsGAfXxsysPHYoE4Wm1SmQZsmDBKzFTb,1130254,73b81bdc9f4ecef4baa960cf4defb53b2c06fead
1HLckuueS4BjuvUjGMbSChy8wEm6hFddS5,1130254,b337c3ac0ea0062152013eef94a2a4d7b6cc2b7c
1AwDQshDdG5Wk9x8h9wLWWLvV55vg6oPgz,1130253,6cf9f46693033d738c6f05ac696d792e5c525ebb
3FY2cdB9WmfVnFSQEuSkd7FESJp5seZ6Wu,1130253,97de981bcffe000a045570d9df0265a110cc7f4a
32QeShWsNUADfiVb8tiyUXBhAsyD8aU5vS,1130253,07df8a2bcb7d1451221e4204708c40547552fa9a
1M5oV99TFc23AHcvroHH66ZUzxWwG1saxu,1130253,dc4afbbfe5d34040f382b24af7baa2fb8646bcf6
3BMEXtC9VV9d44qi4gefRp4BMWddAx3yS5,1130253,69f376dda7a67b7547e14a046f4c023bb8cc53c8
3BRmnJAp8qXYTZByB77aHE2vHKkR1sgZUw,1130251,6acf368e2984417c58574c8cfcc9e406a23e1802
1J4BXSREc6YaiDyrtMoUbtYh6Ta3vr16kY,1130251,bb142bff883b7eaee5c4dafd040ad0d1565f6299
1J5Q3hn4pjWWLvHHWYVhCQACJVpYqTGfGG,1130250,bb4f0a5eb8d708642b9c4adcffc1359a0a1552dc
1JaEqcA7UNrjHcZTFHPXYKCzgpAgzofzfH,1130250,c0c36a9e1ac386966831d799b3504d3d12bc2942
12cpgdPnMBExSYLGbT1h8ASVPtL4xPi83a,1130250,11be7d080c32fcea2fc2363a6e6e2e4b3f143d53
18Ftn1AzgGzqaK6R1gUCV3E4pKxJt51cxi,1130250,4f99ec9f68085cbd6de6bf8217894e61ea743b67
3MyvuSevRxqNLErTysfrPXQknNpD7vqXE1,1130250,de9565bbb5c0cf5ec6cc47b891ebdc1a4ec0b67e
1ES3wN4GEREPt8QuQJnkVj3eJDXFGD5d1V,1130250,93567c753115f68102a05b0ecd3bd79411c6ac5e
1BXkRPgsGWBBwQ6KykMRffKLCh749m6gMu,1130250,7381fb7a056928f4add1369b37f3ee538472f615
12FnUrWCDxYSDJDmcUkpYmqwcvxkjpqPJr,1130249,0dc3ea0b53585f4887906a9b4a2c8744f40b78ff
14G6snf3T4vnimgSSphQZnJwjy4f95tGBJ,1130247,23c38582157a41a603a1b8a5425ea46541d987f8
15zD566uZDRsHU5ojwf38QKJ4UoVtDXfRK,1130247,36b249f492d6e3387b141532c9079080778182bb
3Jv9nPYuEvxSUUTrZA9Qhm6fNZAXbB3FTa,1130247,bcf61b45ca0ce0a25f09bca6319fbe7342a2a1ac
1E9URTpDGHNBCJaWBmAgw7sHi2npdNDTWU,1130246,9033da79aeaca6713e6f884de38a90392b1ba089
1HsVZeZUe9Gsdw1Zn7YiT19EJsnohmk8ri,1130246,b90ea75accc4d99e7420a21a6b0ec38d7f36cf64
1DHer4cGtXKZwRi1PBbj6qrZHgmWrMdFBT,1130245,86c7c1c828fe23edf7df90ad688b7f27dfc7b2ef
1Ea3skmP8YxDJjjD7s6rcGXpAfctsTmeLm,1130245,94d9c30d6479bd8a7cf6e86c84daebd5824b7151
1C42sYtkhXpr59bqihk8qX1Jwmxu9DKJ4p,1130244,793c319cba1aeb01ea4131a1a0aa00734fcaf90f
16CpDq1Ku3VpUehpsvPiKZbsxgA8QfabfF,1130243,39149f6c20bc7b76e774eb2aad223e55a3bc331f
35i9FUuapBVLcvP49rFz5qVvfvsg4SYhyv,1130242,2c1708f3b2bda0c00e3b0b4654a3bb9aa62c9417
1BagYPZP1D8ZVrmyskKBL4XEo7RwJKgUvz,1130242,740ffded141edc1a6a75594f062160f3823e524a
344qHL8AVcbZZma7Emoe5RoY9WvV2Bwaha,1130241,1a108501eb2ef7804b0903ceb68967937e442b03
3AFsMu9dPxh9redB3bjnVuDk5riypcYs1f,1130241,5df795caa4b5a70632001ff5a6632dc8a6306540
18RexnrbP9JD8CHkZjonYSFuikiXyGBJ3y,1130240,51728d757496b8ceae5f2abe7ab23e94862822de
3BMEXoCthGxrMBZrdZay77oposDaueSSYo,1130239,69f3768c8d405243e3fa94a9466d51f87ed30a61
1LhwtDqYWDzBk7Uremywdx4LE6vCEqkhSW,1130239,d828d7ad6cfdc6766a0a369c75e7c4a7fb27e22f
14SkaHrWW2Tti93bBMdRcxL7Ct6XTEo4UJ,1130237,25c7266e33b128e41ba1e44c7bc93b75d42db67a
17g3KjFV3KmYUVfjNapU84Ymf3NMZRgFQm,1130237,4932ea9103453af0afd5c4fd699e9cd2ef5b1628
3KqgfRJz9PrSqzASsityGJCURe6ZMG3Gbn,1130237,c715ee008494c11e93de4270fc50c6c353fb3014
3KPTmEG1PWJYq7gAsfTUCa8ASKq1NTonbK,1130237,c22058b0c57608baf89401da75f3e330bb1a15a1
344FS8NyEnAFmTJT2Q9mmeChVnEktUhE9L,1130237,19f443b02ab3d1fa7181730116cf3efbcac3e015
3EjSH1dRer7qaqXqe8qpQmUjkhZoP1ytiR,1130236,8f0ecbbf2561f33ccbca593b964574bcfefba913
1KHVXss5V8uWZGYxV6wEsWth6s4wVeFi7v,1130235,c890bcb365c550e18704204fd653006e654c2ed6
1BpwqoN4SGQ4FLrLcz9Ht3x2gUEfy8g1pM,1130233,76c29659ff066ae3b4a3184a6e44772a424e28f0
1Fz6ftqwovUCafL8JoAz9BJKTYXjcWgSbP,1130231,a45e3450ed41246ed881c8f32ffe3fbebfa4a908
1EZJZTuXHXwYJXua95HvfuuWxeqTMk66az,1130230,94b59aa544c3984f4661c7999378aa71a940c7eb
38dTS7J8Ju4MhcvoT3TpcezURQGCw13JRy,1130230,4c1c82d7f3d896237e3ea2c6a22fceedffeec963
12YXcn1hHHqRts83fKe4o8g8BTwZ3wiNA2,1130230,10ee9407973e4ec00b926c99c3dbb40fd42f83ee
39mDxHiE5q7kbT1cy8kZVxaZqKtPozJeTF,1130230,588cb65b45cc05c48a3d1e0d559e5ceeb0da41b4
17c59K9iuX7QNbxu7ypXW9zj4tbjKdiaer,1130230,4872c5a46b44e14fc625b4b8b312c36969e65416
3BMEXVCwDTPG7mQQZmCXd8NveWVqNWsFHY,1130228,69f37567d740b7695d4dfb2dfcf26ba8696146b2
3ByD1saRDBtrBxARQc4EN2U6JpUtQLZVmx,1130222,70c12c195b6030758815cc9d9699c710ceb0e7e8
1M64ZdJpZ7X1KdVAhmsq5JqfLuHC9stzTd,1130221,dc5791bf36be00e2c11e87e3a933f7d7ad2adcb2
3JbEfzQuNy8jQuxRvukEeLGKjzsu8DTXZ1,1130221,b96248f2b8f757db80e219e95f4caf36bd067529
1KczcvWzkudX9LZpqqcUc4V3VovKjEpjxH,1130221,cc40ebc5d96c1f52564e1cf6e5586c8a467034df
122WcodiBs4yJMCZcK92zrJhLMjE4Sfaru,1130220,0b4143d9195a662e02d98a8cb236f7ed16c3e017
148PRsbYsTHDei7RFcjRvw5kKKwG4gdR7n,1130220,224e0300cff2dd2b6223a7125db0296522b1930d
15vgwKHxar6i7JmepKjReDVBB3iygv4YDj,1130220,3607e2eafba7f7667f6c3e944df13581b3442ea8
1AwVtConLksFVV1nAnoFNcrjJpf2Qf7sL1,1130220,6d07b44379d698c45176a00f7938af94919ade52
1EmCQ3UQu8dRwUJA738LADj3mqaEoUh3Ny,1130220,96f573946f744bce33ed52e4545d575510cb8eeb
3CVoMFpirANhdRyaMczvShmHj9cHBSLLkY,1130219,768a4fd62def31d3acddb38e843c5f699e6254c5
3LyH1zoPLnJBNWgEJiyppps3nFeaj2kAvV,1130218,d37da527e9650ad68cceb2c325e328532b997e33
1FSJhPWM1iFoJjYpHAxvpcWQYMaZ73BKms,1130218,9e5aeea388e8f680ec5ba74e4b7895df3787f1ea
13GJ4D1UCqLVB5XBhjyhCkChGNwVvN4F9G,1130217,18d4ba609babd2318c86859656c7a3b416520158
1FEU9DGqWxSYsMdBWM7pm2abQtXqRhZ9WY,1130217,9c1dd33b6f00d8e191b4e8eb2ec6f5a1ccd824e7
3A3nGxHohW1gv3Z5TV4SJSDJtcBB4gewLL,1130216,5bae593e7a6030b898398f6f87af3dbd5c7de9d7
3DWeVgdXVeQH2ws7npBpCdHk2QwZZYn4L2,1130216,81ab764ae8b19c45c2ceecdd2e6d629c14d43e33
1Aim44otyLmqTSZTphUnSf2Q5BuxiVzVp1,1130215,6a9ef5bfee678b2a6f111578b70280736321f4e0
3JXjY1ebSPnhTLRB6XWhKgx7zuAxHPGmV2,1130215,b8b8b6d96bb98535e271b55d230abb6512a5b065
1N6ZhFyVqxSkwA2aM5AEbmYHb6oVSaUp1S,1130214,e768034fa383f7bf93c2e70018adbbb810d9d10e
3BMEXFBF9XnWoVE62DopKCd5tMc1wreCJU,1130214,69f37483b1767ab7aa29188527bbc52662057334
36DBF7sazQ7CrS1EU1oDYFZj7t9QSYA8Ft,1130214,3194c31cb4d5eb042b0b79e1947588775bb1cf80
17ze4Q7Qtcf7KjujKd1Eiba4aSHZnW4Byf,1130214,4cb766446548ad8f205aad112d5df28156df0a12
1LNWRW1y2RRy9Va2HYyc5bEqi9UZhX48fA,1130212,d47baf8939dfd714b42b9844e9835443a239e4a2
1A6cWxU67mJUSTxoQo3ZAqXdYC1E4Qb5BB,1130212,63c8dc0a72cabad4b30499aa5f00e3e428a0d7e3
1KauC1dTCDodr8xSYNZRSYXZ75JagkrHAp,1130212,cbdb8e8610cc88116756d2159313559eb7f35bbb
3EAK9ebgPiFenvzmiVz67cZQB8HbsmDL2D,1130211,88cb1eb028b8e21e9f126f95d19af6c8312627e3
15x9rKttZ2RPLKhmP6MawsdfuM8vJHb3QD,1130207,364ec4ddfe9c4d6445c3a7376d6ee1499c993298
1ECuVx7yX7mNbKp43DQ1gaTB9et7GCSMK1,1130207,90da08ebbeee3b28b047ff6f67a5e5dd8980e81b
38fv6tqHDBMLu73dNR7QxydutZHVhiBjT9,1130206,4c939adde696d5d6095156c2d22e4535a8871300
3HjGNWxvE5CcmGzHzAJ9CXeoGGnJypamp8,1130206,afeee7a76f44a1d868a5ffa0e680ae2b529ab971
33sXsEYqQxvm1kicVxYEtZp4kvwXUUpUFF,1130205,17ed6802f47b15ad91be60128cb9757b00e3c2a5
3Knw8VSajt2mQitFeDLTZVHmndBn7JVR3H,1130204,c690c20ef6492250e59f7975e1917b797777d6cc
3M5gDAjuPCYRxYu7B1kVEMRRoy2vdiNqm1,1130203,d4b38049d8febac9e91ec8c469496c1bc4022912
1PZdEUnwCBgqyfoaVPBH7GQktXB56Dw69o,1130202,f77e52c412b7dae998db9e96401219e182d4fbe4
1NDwqRpoHivYpyRdEs2MAYH3yVrxAos8zG,1130202,e8cd682c3aa5b28a14b9332f68d9239a8ad8d68d
bc1qxs5mx2tq72wd3cpnu2y42fvg9mvnpu2hhaxyzu,1130202,20641a5ffcc39e8045bac57e3a29c05fa44064fae9327319294a
bc1qh3wgetv5rwwjzwagwt58kg29eexvn7m63v6ksv,1130201,2063ffde23e6e5b4c30872c08341c5d2c724e2785d430f13077b
3NqB7PcQ2R7a1Jz1y2Eb1jbsGqrbSY4foZ,1130201,e7e5a359bb001fa66536b4756926698390f9518a
1QDpwPsVzUqb7N2mdH2zMzzwYQeUub816s,1130200,feb7e6ab9f46c6129e934422d26ae670439ef772
3GknEaAnL83MtFqp9crHjUWu485L4FJ44R,1130200,a5401f9bd634d4c71ebc496e2792041a34da8e97
1BfEUcsh8ia1ivNnkmbGhMyjoWVCBsmAXn,1130200,74ec5050f7165663b3941655dc59f3a612c10c6d
1BCq7Rm8MxXw46cpW3XEFP4Li6q6YQ6bsY,1130200,6fedfe8a52f753fbf870bd4cfa7eabfee74a1515
15CMaKV8Vy2QzkNFQ3Hs4iHB9yjiM5gvgW,1130200,2e0640df717715a6a15b2b2a3cc950b75462d19a
1CyVhnLNueRPGG7zwSJ8E4dq34ZPzZAPPM,1130200,8358a33cfafbecd8edc304ad50e61b8efc785234
3KwQjyogExVCoj6NxoBXDC3MCNQQrDrNvj,1130200,c82b228d804dd926ace0c5043b525a938cc7f6fc
1AjY669yNyARGo9okaDygcy2vTMAkKKjXW,1130200,6ac48d9da93db129d41b7ffb303683569bc69411
39jdhaM2tjpKyYrDWAr6rfP76cXp784K9G,1130200,583fb3ed4f80ed964b9ffa3849d0d772ac2bdb69
3DVT9M8s1i4huRJ3dCpneshMBeqjmbNjYE,1130199,817192335c4cdf97d5fd3a9847ab2f3b1e1f83ca
1436cQX9RqW2zXdbp1NNEuNzhGRdkKaJ2P,1130199,214de483adeea2cfd0f100c8845a20bad9bb8fd6
1NvsPP4ZGVN2AsWHuoWe574Quas2WCQvw,1130199,0425b3d9cbbead8500f2c41ef21d29307cd1af1e
1NAVQJjfN3UpcXyRatsVo3FU3NCmaqy2Ww,1130197,e8261800ebbf598b58b7500428c5a8e829c9884e
17b7sxUkEBhPHtCVpEM2cEnjpNAd1ZwYKA,1130197,4844a3ab94804397137d8bcca2ba879205fb5ad1
3BeKAPTQzfBG5B9PgHQ3a2XhKFKQwrZA3M,1130196,6d2e666c3d14c685ac61c57cff7c271683830851
1A6yW4mWCWpgum8rtd8fmD3PtjA8j63W2H,1130196,63da606a5725f2921dc18479515e911e52a2fa85
1M2nEU7UirNq3DNdvjyJRcLUZZJuLFj8cj,1130195,dbb8b087eeb3e6249a220bea1b9eb7dc1ea167ae
14XthuHjyoh72maFbikJUkpwA6MUSFQ1Ph,1130194,26c0047cef3acf2c911984f4f0dddafbbf5393f0
34jcWn8ZNU7jeUph6epb85YfC4kdqw5u3m,1130191,2166157207027dc296e07f6ab62b5a2bc7220422
1LkKZydmzSqRjpVPLLUasZGcBGqjv9zsQJ,1130190,d89bc6c8ce9e9453264b1f7bf1422a9cbd8bfef7
bc1q5zt76naxje85y2wxexq48my37frfr5rfnd7qmg,1130189,2063c51baaeb4fdb8080b17555c649214c65c732e4cadbc52dc4
3AAucPKxhMmjtt4yg7BLDeM5BmhbQjkBHC,1130188,5d076220fd348fd4a05fa2fc80a4d2da6b6fb49c
3AwH6YtPJbpfXyfweeJg7UVmSjxsEQqvqd,1130188,656b9ef3fc54647383b6ca2940c823f7b6ff8414
bc1qyv2r54473k5jxgqcmrgdnyrmr8tvk8fz3mfv56,1130188,20641c22f2bcc18fe2beb3b3b78f84164a2c3568c1500f498f85
1MVoE7UTTepK3n2ikw5eBPiwcfgLkPtCQU,1130187,e0d4c00bbdb96ebb8eb27b2174e1b90f931bbf83
3BMEX5vupigeQKALdDrcsZTgAdZiWzLJnB,1130187,69f373ed5015c2b724357689512e75290e512d83
36xFJb61tJPWA3RRkCfTMZ2939QUAdcmrs,1130185,39ba09980326eb88eadf6b0787f521bf006c0e48
1L8HgddJqv6XmEiCAb8LrtrEFDAxt5SPm5,1130185,d1cb3a67944d1cd2e363f309e9af6afc681750ab
12T3oCVtUPfJ55qN2Pu1cgiJth4QYDekQ6,1130184,0fe5467415d2564eb436ca0ff9608c0bee34f9aa
15F93NYtMLSN7ipkYyEX8GXGS8HoHoejrH,1130184,2e8d09ee89ee1b10fdabfb96d20c082e5c726a59
3QA98gdsWwrt5XSsm92QCzNMyXURtqKLcN,1130183,f6740428c211f16c7f661818133aa2a608c2c1e7
394YaoNehE5d51SY8ag3X8hJpMrhCs7GZH,1130181,50db3582c0af6b5b413c99949442732257b70ac3
121LSbFDzm9PCwZshQaD35wsobxfJ8TcNz,1130180,0b085ac001ab1b37a7216c587896482e80d57153
1Kw8ia4ZDvAxz4BKC46yVMJKrk2TyNuHea,1130180,cfaf2aea939baf20944d1acdcc48489d16b7df99
1DfqvQng3cgR7Xgmy6B1drVB4XUQeCv6vH,1130180,8afa272d415c4d9d503f93d68c6f264dcb17b3cd
362GidQow9Hfr3kWPwP5TR53PNQdjspQ7L,1130180,2f84c19c47c5013b3452d038a2922383ab2496ec
17cwmZmQF8AS8e7pAyBR4BSSnhsbLCpzuF,1130179,489d081cddfbfa89997cfe314f2834351a194cec
3N1aWvoXTNd2oXoxy8vxipCYqYA2mfTJN7,1130179,dee535ca6c057e18bf8d0e31f8e23455e73aa45f
3Efm4KL1Yj97gahuo6HtvcM4ovfqCcsGD8,1130178,8e5ccf4a82be175bb4722ae7143606658810f7af
3BMEX7HQ5bWcDney5ZrvJaqwNHZckvvCXN,1130175,69f3740351cdeff71d741f551e1fc023890d8ba0
187suBvcVs31zmyo8wM8hKcYbFrueV6yec,1130175,4e15dd8251fa7b845a1d8108d88b1264f1c25fa5
3AiLUm5LjmmnJfWwSVvFiKz1eGkhRSMbjk,1130174,62f9098efb7ac4455346ca2e867e2e3f13da928b
1QAMwAniRkoCPpQwbuHxyQgUVtQwF5F4f1,1130173,fe101c889d098239185b3436b4126cb89f9e01a7
14p4beUzciNNiVmq276BZNNWMkk2Dbrd4m,1130173,29ceee335df6adfdbbefb8a77da2ae998832cc12
13Ssu2zNWKVGugBcryVVuUzaBQTqx6jXLq,1130172,1ad5232d262079b4600205261a16a31a03f67beb
1g7qU4gMsyssxjmTCRtC7Tvw4oiSkABN6,1130171,0765edb93660189b6172af4b6852d0e3ecf22015
1AULt6DpcPfut6DouNhmZrQZEnHJ8dTSip,1130171,67e4f56f5c302d2c8bf47a5ee1bf449a32563902
3JnybmMZhrmGQT8VUX7GBB6XE5NNJp1JPw,1130171,bb9ab1beb1c52f54a0401deab3a907f36dedfb1e
18BqMR9eawrKkbuJ1rZn9PWSJGjrj4yNpc,1130168,4ed566fedf5cad848f3655bfede611d52a8e9775
1HY6MYxo67tLvYfwmsJ87gho6khq7geti8,1130168,b563607e1f66a829a6f18c0c88904d1a40a974ea
1P52qCcnYw9UaXciZGbgPyHGAHdFSE6TLc,1130168,f215f5a60ed658f39c67c570514c011988348a80
1Gj92yTc6tBh4CZutiRViPzuqmC8vmZnWZ,1130167,ac82104941a159a00d32f28950f4285e847c84b1
17sNvVGJMAUtPJwM481i4BLBHYYyFeiBGW,1130166,4b57da3eadae87f1d4a5eb395449f5f61ee7c542
3DSmTyrzSVRMfuz4BTs2mxxjWR27hUgGCz,1130166,80ef9df5b45052b27b2eefc779f2df64c03b5038
1FBcBdb99RJ6Hdtw6a9HCqNgwWQQMrYWNt,1130165,9b934a4577cd4396edc6de2f70e40578b843df6b
3Ddv9LXAMRDTJx7oufrgY3itLLwSJcaTr9,1130165,830b6fe5f722d98064f2336677817f982594d428
1DZM3nLzzmdouXhMZsMibP319Ht6haqFni,1130164,89bf8e2d4b94ab8f77e1086235f58d4f8cd0908f
1AyedbydD4ws4PWmZ5xm8D26yYDzPLnYzA,1130164,6d6fd6b935e8604f528a20c04ebd13509a04abbf
1BAo388nmGFGKoYvE6EiEhJYwdf6fBbSBN,1130164,6f8b6e5075b4d5fd40774dfb46a13c12742220c5
15aMQVUof83LCCQgSdwzAuxicjMXA3V5qA,1130164,322f435c2ab939bcd45f0976a419796f1af50fa3
1AnTb4vxMJm22NgkgLaDdX8T8rRTA9DFi8,1130160,6b520b5b062cb0a50779288f45fbbdf98662e722
3Pprm5HzB4yFMBQkrA4ERYtXhZgbBmrZjS,1130160,f2ce722245a0d8e0bf6256cab34c96826cf7b617
bc1qjqqj2hjeahvnrashfkxd8rh9ekg444ry5mpcen,1130160,2064048c018b957f2e8168c804bceae502589df80ba795c6190a
3BMEXuHXLbPkHvQAfES66QRybfXhqQSsqT,1130160,69f376ef6cc125950f2237ca2d4309777bbece22
1J9qBKjiPZQiQ9pN5REc5joAQf1d68dMaH,1130160,bc25aed75f8c5a53dda253530e46235fdebf3b8d
3CDg3bnsoncHtCJ1ZG8hLF1oXPSWJRVjL6,1130158,737d8f1e8916f531a4dbd9ea284013eb1fd3867f
17uhjnBUHVvgQhH1JE1K1VMhAFA4cAVtUc,1130158,4bc8640694272f075660a6373361a8d6f322ab22
1Nh4wFB4FLVuyQDnh5MVcKXVCNRFpGdoRd,1130157,edee909df5c6411f6421edf8d03ce13ce94728ab
1LUCLtUzS3WX787oEB3JC6wYQrU22JAqXc,1130156,d58f16e4c0879264e0a232440752f3ea3d9a99dd
198BjdVG16q4wDTLgrLfHGHeMoFk7C2fFt,1130156,591ce10dc536c87612a825dbdb1185a39ba6ec3f
1B1FRLbXhJT2sE1avBqaQLsPZGPV88Rdfz,1130155,6dbd4b7358cac48cd6809acecd07542a8f5a4334
3MD8VJXGoHRBK7LGC2bZ7geqNAME97ZL1f,1130155,d61c59495a7acd7563d65f60caaa27f6eff6c82a
3ESbtHSZstYNBKuDp3nmMq8yUaBX2dom6c,1130154,8bdfbeb938b2198f12d9b99be609fecf27674986
1Ncppx7a5cxXVggjY5iGReQSkdEMAD335r,1130153,ed211fb58d564e22b755a48e795228b10941a564
1PseKgR5nmJkvEDschWLZnQcYNaXUwFihm,1130152,fae6b8606150b7cb8dc4977ffe2087631dc7c03c
1bmCCJLwGM8ajsp1MgDjsKBC2JumfWhd5,1130152,0693087de6f55da64fdabc3267e900d863e77046
38i4udMRwanM4GXNyYFdV3YjEfWAUgY4af,1130151,4cfbc99bf8c5239c29dd834edb465f509a14290d
14suz3xpDMaHmjkpHQcuq1nZPGPH6kGVfw,1130150,2a896769a05129b8be24254a177a776cdf8fa387
1BB2GJdSrRJ67hjWnvgZKvKg8bh5QEdzhc,1130150,6f9678f40938235dd168b21d34e22fa4c3c03377
167FAfWqLKfAzwxKcsbu9cDycnrMLwQGL3,1130150,3806f34cbc058e7359550baa89895e109d0f54ce
14MSuq4cTK2uoT4uyomPBDVfAVbtqoC3PQ,1130149,24c6536bf84a2a2a1dfaeebcbb09df726ad38ae5
1AUnVFcDCThqjvmngR16mygx1hgDRomQTs,1130148,67fa55701b47e505561c30a4988dd66f455a4850
13pFK2Vy8VJJyCtm9NcDHKm1hpxi4RxbU1,1130146,1edfbf71004fa793cea5befbf7eac81a5c37aa40
38Uv4bDXBUrorFqWqBjuA1ctWtywdcK6XS,1130144,4a7eff07c927daffb30b7fad90265f9bae3bdecd
3DcpUNrqKrvJG3XMcHATdkAyfsPUTdcaHA,1130144,82d6496081c89d9973428f28cf5097bcc9753f44
1HZfUVSjz6dnjYCuFSsZUTrUZHwMdTaXsa,1130144,b5af7094f0b58c57a07a45a90ab3e86dc0b7076d
1MZK9aGvrp9ddz8C8UQKx585oWjguLZApU,1130144,e17ef9b9d91f4aba8a07228e9d273005b8494b0c
3ALoUDqqaWVosdaNEHqTrjYisK6K2vAETV,1130144,5ee66ab985b95a0a8ae7d53f2a5a46a01b59a07c
1GgYj4APqZBG3mMsxnYm2V5jSFCWxQ3DK1,1130142,ac04978f221f998cbdcee095bdeef7d174c2312a
1HEFfSHxCPm31BzAzeWBNF9ub8K7xpvN9m,1130141,b203a8eb62a177ec3d539797ea2209c48e3ddc40
3BMEXNrndZppysz2wZoou9N8XgtBavdA8Q,1130138,69f375009e0355654e11ecb49c4f36ccae2247f5
14vLQQDDKzpk8PurrBEu1Xy5Ln1V9chYpg,1130138,2afe9ed9db2cd9fc83041e298abad732295b3a07
1Q6dGL5naumrFsyj9fC1PuZNfoxp7Zu9QC,1130138,fd5b3ea780369bcec7f4ab306c7f8f3e2d5c036b
1odLEFrmRsxggsAP5pB1QoRF5CW5Xa5eS,1130138,08d176578f9c5101dbdd622e0dc7b2a6aee9e7af
13zY5wV6TcRdHeymSRiWK7NtqBKZZMXriv,1130137,20d1e8f42dcad0e0ea1275e7e5ca634085f6cc07
32YTheSN9qdpkRGkx7zwXiefrx2dVaRS92,1130137,0959e67420b0964ba49ccb0bec239359f81f7f88
1WxJ7fuNqgMnExB2YPTi3SxVeZXcY9UTB,1130135,05aa388d43e9eb26938ca71b6e417f4bd6a49cd8
12bNBmjcoB6e1E4hmQS47PwD7zR1x4GREk,1130135,1177f413bebf354ad2aaf7483040ff67f310e7ec
1MAAmRWhfcerzFzuKXyTSuWwa21e4pha5z,1130134,dd1e695818fb47b2a38d32fcb4d84b204a851540
3BMEXxSzWWCRnDMhmiv11PPtKgd3koCmX2,1130133,69f37722dde8d23d34b7db755d05a011687c53a6
38AUkHxv8PWf1DQqa4zwBkn5Yt2zmAC3dt,1130133,470260695a1968a26f21804f665fb30f4f7b7257
3Mx6Y7RHjReNWzupADUmtw7jB89441w3it,1130131,de3c9b2556bc70b6551a2141f61dce15d83e3882
1GF1N342gNppZu6pYm71aKDHS2959dEDCY,1130130,a73003520fd1ad04137ad1b6a50d6fba3dedba0c
1AUaxvk6YD4svcNKoe3bcwd27cD4GGHFko,1130130,67f0b70716a3d8a6faa6adc66312d3e3b88d885d
3N9JLuzok5v4fHfMfvGz9uHxnSuxP4SSnL,1130130,e05b099dbe42fb64ee700a8a60b028636aedaa99
12xhNjXr9RQu9yG97gVLkZrCoCb1gKrmbJ,1130130,1580b4f07ea33df80d2c1af52f5d87446d991340
1A1uLeeosQjgc8vZXJr4LSJwtFo5LR6Exe,1130129,62e4d2800b87e122cb5820fa37f7417708d0772a
19aWLtNzcnCiMbHycbFpok7XpZZzwehcjn,1130128,5e173a29708ca6a4248b20f81a9a323299a78bca
3BMEXrrVUuWCDXrGRagcgY2LPjVi9kPPMD,1130127,69f376c7e1a39cac13a91adf5b502ceea66a7ce7
36cP1kEKFyQKqxT3vRq48iGf3ZmjsnfhiU,1130127,35f827662004a70f7593731db735c81f7f25f17a
3F5HcxffcTZdLKFTyZnuQd7CAz9inVRNTD,1130126,92cfe3b0859f4659ca63a4f80feb8aa9803b0712
16tMdL44rBRXv4mPLQJQP8LRPwYiF9tvbP,1130126,408f0f9c92d7f4044a5e1c3c9de68445b9bd9689
1CJ9k2ukEG2hn5o59BhGp4h7wdJCZhPiNt,1130125,7be7c09c173c85ca464371ce2a9d0cc398c91796
3BFqxNjFSoyG3N4jydZ4urJd1uZ4AVvvR8,1130125,68ee899e91954d0fb11acfdabe98aa2dda832c45
1BESmmhJwDfQg22JP7jjiGE1EU4Cgm5g9y,1130124,703c2dbbb71c6244abcccc32976dd7f5d5d10837
1Mc9gMkSBUgiapbHiofKXpgAJmWvTYEu1m,1130124,e20851a05f9c97ed45d68bc02ffee92f20ee9fd2
19bcKL9isQbaPUcM6W9siV2FAX2VySE1Qz,1130124,5e4ca11ac2f08482392f76091bef9c5d78e0029a
3BMEXFjTdEefRbKbBTJ6Zf8Hd1M3ynSqDf,1130123,69f3748cb9d3f0aeb4b1c21df8bb1d9ef650ab5a
1DYR4woM411shSJ2mksiyWwxoidBfZB3vX,1130123,89927ec4950183d5b930f7ed7ee0f7bac665633b
124DVwTVR2oEjMWDCnUqmyNC4PKzPzds7p,1130122,0b93cea8e19d8629130953e15d1a34d1e6c65b1f
3DFeBDc8EniTnjbxe4ft2dBGKD5FxSwqGX,1130121,7ed4f4f669d86678e44f4385365f71828815ba2a
1KVwEypQuLhGnpFY3BLD825mJVerBLL1uR,1130120,caeb306d4ea8601364d6cc43f61bb3929ffc9a41
3GUktaK3qr5BU85Zxca7MN2LQWECYqwXqi,1130118,a23858738782ded265d7227bbde4beefd2a37b0f
1BLrBBTSEr1gv898ytBvcRCH7z8iRBSjf8,1130117,717235f509c0c4272abecd8fafdb1208fe4ef594
1J4Tx8Fs7JfT2iF3w9PxSf7mSxd46QYuUH,1130116,bb21e21fd1c9106b7bee80f1069c6d3e14c16e8e
177FjuWy2Ah1UeQQL3caNUApqN4amFacty,1130115,42ff8dfa09109858a09089a4319b20d8f558054c
3C5JF9ktK1p4mbPJhcaoNbBKeB7d2hEh8T,1130114,71e8086ea7f41bebd38b42a365c389569e65ef21
1EeCiNPo2QXL2aDQUmEsx7sZNDq1Ei3dR8,1130114,95a2cdb2c38bb672e0d123df85341910436fe62d
1EQAHxQy1zFbL2iMSSvqoBJe5ZpCm7Sa3m,1130113,92faf58b8a2aea7845af60ef06699a5f3091cd4c
3MgNXsEUGR7zWd13fcWYwN8pssz5ko9e4k,1130113,db434da23f5909f7337aa13e6c863d10ef23bd2c
1dytEssgpFQvsUsr6KNUeRuEvjaotmznc,1130112,06fe7561e7103ac6c7f6c6ca26fd0f79d1d09911
3MJE52AVJMMECQ7FMgAGEnw5FVVNxkQLm2,1130111,d71316709e7886135bfe66ef88f813c02b94de88
1GBsaJM12QeLKDtLU6HgW31BFL4vd9R2Vg,1130110,a698437662b8c75ead473a166587375dc88aa0b2
157a9PfGaTdApVmFFCtcu1WUGUxoPzvJhE,1130108,2d1eaaab931efae906566dcaa3dce81305b24c1f
1KAUrxNp3TzhThvCT9WhNdiz62HXNCpb48,1130107,c73d43e3f17135ff8a577a9424b7b2651ab882ac
1FjPZhmRVUTTtmxxQFyysqVmecFwpF2nSg,1130107,a19611143e6d9e6c4f03760531f3dd5a0e833c84
3PsPeNk7pKbhWwfh2yDcFRCbap45ZaTeL4,1130106,f3490f101a3267f24aacc6ec7b0d95b0db75b64d
1PqSK98udSUpMEhhfYBLsvNuq87fJFYRyw,1130106,fa7bdd0a64b9f5d7e34a98a6a8864a2d936e790b
18UtnLBazz45nVZ1ZdnVrqFCs6CrTmkHum,1130105,520f5626b1059f695ba26cb8e6c248666737d7c5
13C1QJJvxdWTg7niihLytwVVNNrFsV7CWD,1130105,1805299771dea425f0389411d9fcbf2277ec03ee
1hjRBmGqVA99H51AoLRg2ngyyNmWZP4M7,1130105,07b40be078c7ca851c1d94b32cee4029125dcf38
1QFbnuZskbitJ4Csj3zDxpnfDAtqD8huQT,1130105,ff0dc24b744d51de35c4c2ea65273047a2c56939
3Bb444hvQKH3K5kVjf8EVqb4cNKANx9ncn,1130104,6c908a321ff17dc1c92b3ade63ddeeb34f01913c
1BUHL34DBVpaMA823DZK4HotAswypAimUL,1130103,72da1e70251031ec559845d6fde4b84fff0247b8
1HTSC8t4rqVTypWEoQEJSmdrTKgpnURL5x,1130103,b481db55203657538e522d1e2ec4d69137582d49
1BRNS6jjfcGs2b8nR2jSJ7X1bdELyfSF4p,1130102,724d21cf66c500293bfe28936926dd67a4e0e576
1KwLTVn5XdRbxwFbvvfMzA7Y4wiz648PKg,1130102,cfb8f7c0ff1c09f2e9d0616d2c2c5ccf2d23201d
1Ec7GhXm9C3YTuR16d7CGVgAEVdXzgQShX,1130102,953d6da7dbcfeaed097fc738bacf957ddd1564ff
163Wdo51FQMxma55Tyy7vqDqyN7LXuocbv,1130102,375232c91505cc9f1d4ae4f63668d55cf91f4141
15N46mudyQFCq6JkNQL7ypJgUdJEbjU8XY,1130101,2fdbd361dcf1da027081230e03b8aa1d9722014e
3BMEXtyUAUMXdZ9YEkatM2J5L9YH9wNbGq,1130101,69f376ea5cce7a0dd071839bba7644dcac289aaa
1DWxL1tcXkuBa4ZYXcpF45Nw1MoZT7BrPy,1130100,894bc1f61484dc1219598192c850344f6a62bcb5
1CYopxhHdbJVg7kmEJksT71fUnTc6LeLQ7,1130100,7ead5e18c39e30252373007c77ddf7c9d9860829
17LTKzqoEuq1HjVbeo9t5j68dTiyvsjS54,1130100,457ea295e15e44a357579e75cbff0a0f50b00ab5
3GVrCCEM4oMUGvDqXdruqW8J5fVtBATmUs,1130100,a26d305856e5901a7325b49d066371dd4916e8f1
1Nn5PETxLLnXLqCvLSqcRSf2VA6Fxd9N8n,1130100,eee104cc7ca2b06a09b002345b5638073ba2d756
3QaJCcLWkLurNxTUzv5UNj7pG9d5fLeePJ,1130100,fb0591935232038c5b293b4c79313802bf60e578
1CXsheVDMatn86MkJiekVZsaRZfkGkY8Tc,1130100,7e802f74714b8da6a36396deb7f30e95e4c6d5c9
32uGMWrE1RUqjwR9rR9roVjbKBcLpBoxXv,1130100,0d4929d0928b46c944081b01beb784ee0aa16e2b
34yBb6cszVRjB7h8eunQRqkbiLvEbhr16D,1130100,23f719b6ba505493874da4b7daa0ff9bcd003f28
16evUSzbRnGB5PxDqeATcVLWPMtnhdywLy,1130100,3e04a81ee34c24829473e2a83eaf997f55cee69d
16r9r5DWjsqwrEGqE6ZzDkMP5eUvcEGiSP,1130100,40246537d0b44e4bc5c36b25f076d90796a19897
1CcH2hVNTKbA3K5YXJa69AZKHWKpBFK98M,1130100,7f5552a65eabcd5808774b0988d36425513403df
1LehvP4z8zMAEHDJiL3qcMDPHPiTz88wQ3,1130100,d78bf066cf404bfd9c651cefd21a267b9a41e050
1K2uumyVQf9DDhZNh6iWLet6sf8M7LEMKP,1130100,c5ced8d81b6fe3602c375739554f505f6b3d89af
1PiTiLfPK9QqgsiZNBTG2hRLSBzHEy3b9N,1130099,f92a1ecf416ee3f881929e559163a97e1c170de3
12bKxmFfYcxNo9f3NgNN7s5sgLmDJBzDpV,1130099,117618c0aa7b7d3d9978e498e48f05971d2f4040
1JF5j2LEb7rNKvWJyVmiLMsEuD51v9QGef,1130098,bd23e7d7768cb2fcddb60f194d57c66453a6a918
1862KbLcEMnnREQK2qoFwZ6qSQyL6dLQ9H,1130098,4dbc1008f9ea35fe4040a6085355fd0840fda7b6
128HyxFgMJVhVFV2Q16xWw2mVZxSuveqjT,1130097,0c59369ca3ee1223cbed937bfdc5b0f904d162e9
1BR3i3jDCTbcYiCpb16G3mvja5zaVv7ab4,1130096,723d804eb6383b08286947ec1a4f607a666e82e8
18FF6ZyJutKvhGicohY8HqcPzWSDqvB1SB,1130096,4f7a788036af48c8891a585ff5d54ce8f50b5d79
1B8fgGqWPyfvs9HteB7V3R4KiiesxjYrka,1130096,6f2474a28ccda8cbd4fa0a5dad064fbb4f293047
3NpJrzSEDmEM8XCF1tUQfHWDgJk51otdaB,1130096,e7bbb164e3bf2969fb8519e5bc97e2dac8827df4
16R7tJZH4e1qEB3UAFhEn31cAKMzh1bKFj,1130094,3b685be203c58a75af7af2b3297a891d9d3ad57a
3J8dxk3HeCcvZC3KgFFikNc8px4TtQbBNi,1130093,b45a7e99051664009fbbb3381fb11cae997b6ee5
1JgCCnkRrE8Zgyhcs6dsLxX1hauVaxKMKf,1130093,c1e3b67caf7ce8e80afa7ac4b2333b6899db96b1
1HdhK1SUfTsxH8XA1aRiWmBfjmDy3C7ZbE,1130091,b672a2fbd4e7507d4dd60d47ca4483991bdd47b1
1EpeQMgXq1iEZ4DnrAd8hveGjarUt6En5P,1130090,979c68581d57aa71d40ec540ef3f646e0197ec2d
bc1qsgjmshdayyyxppvuj2534wvsgxkwtft2tvhac2,1130090,206411b1c21398134c41a7d592937820b5050803844aa71d57e7
1HboeSzVYbLerXr88ztUg2KwLs5y7psysv,1130090,b61717d3c557e7715fbf7f361affd0b8f86b41de
3GWA13WzR9rriyV2m7EKbT7bBByvywgBpV,1130090,a27c0dd3cbf0cc84666f0b97fa5aa6e7afefcfe7
14aP4bW9vSioSUGDQfyo6xJbeSyCr6x99P,1130090,2738853fc55fa0f925a3c73c74e4396bf59fbfb9
1J7kH33Ab3VoybVbm2MHndcb1uM3Ktho6C,1130090,bbc0c26cafcb73bb5334abc7695d2bc48842c395
1Ki3m3qGfQtXPx8fZKRbDdG8EWQ2fpPZ64,1130089,cd359f3d038914b4d0ebb83d972156b397dee1b1
1CBuex3Bh59VffYu2srqCXAsvT57M31VaY,1130089,7ab97f302b8259cc2cd933fd03b429828526002f
3BMEXArxrb5tbu1d4esQ2M4kAkwAyuK855,1130089,69f3743d8496926f0ade012c842404118a704f86
1Cb6otnYUkz1HzTKnJMhnHdZz3B15Pjc9r,1130089,7f1c6000c680f9ab82fc50058678826295945fe2
1BgrsiXAr9zuXtpoCB6M27iCxnbSJkPeoh,1130088,753b1d0869bba0b9c67f18852b30ad07e6d159d0
17JLNwN6a7kE2Z2sXc9BLokrpH5pN651pq,1130086,4518008f279cfb27cb277f3021b80b1e22333b72
3BMEXvWH1XgHrgCvPbf6FHB8uPfrQcXwa4,1130086,69f377034351eb68adfe55545c788c2d0d8540dd
3CPk6i59QoVZXv5xeHVaVz1ck6ksApNCiN,1130085,75651a39d66ffe5921e65a856ea49089105d2237
1DYGKb2GvDpa46Du4q2dEpaRGFgwGURU5K,1130085,898b316eb359c1562b3eea36847a4a64e9ef826f
35vhG53DxxeAb7nxiMGjVLWCZoeRbaMYwM,1130085,2e76bf4ac0ca538f4a94146c33efd9c047850126
1UFFF26MwDwes9ASnQ97Nz3YdtiLsxXL3,1130084,05271f5f8d9581a1025e33ddb7ea9c7d8f83f6b9
14kEn9FHGBgjSpXj1ZGSu5CMVx5GP4JnoV,1130084,2915c3e869559b264f1cbdc62391b34fd89f1871
3EZjtZZfx65XZLK6Fq5ianhcUyk9zeNsRW,1130083,8d3956bc4c031102e04106019a893a1b12a9eed0
3AY9n1QVfRSeyMA9UcoB6JesZiNxiGn72g,1130083,610bf1905aae0ef79b54fcdb6887f5a42ad346f9
1LrkNEY5fkESC3FsSuxxEUqBhiJntgPBxk,1130082,d9d2f8e2cb7357c57874f5f74a4c8a156ebdbe74
38uGEYeNZTYRwhehGX9DCr1c4Gbx7rSqPR,1130082,4f19d1576f72e98102b1d2a86cfe5bacab1b22d7
34imxzthCj4EgaMfXtaYAXPQXTwyGP3WD7,1130081,213d8ed90d2720af31c2155f09ffc7f1ef26fbc4
16LWAvqcX4TxnouTMBmwzLgRScKdELpyvf,1130080,3a88e210894b5b4cc6b35a73b2a17bff0b0c6ad2
1GdeTQ8Suxrhd4N699ibiX6cAUcYDct4tS,1130080,ab78209b1a8e68369769a62079e9b7ff3b107c6e
1EZ6VMQJLZDRPRx9uLyGjRWrMajyDcsiBX,1130080,94ab871e40525e0195a92bf081793ba3abb10bb1
16pA3ti6fB1mhRGvHF9LrDLdJbCADj3tdw,1130080,3fc3bbcaa08e6144917c684a452a741926e035e4
3LW1qYozfHVEj8FGmtAeEmYs9dAbSsM3cU,1130080,ce55be0fdd671b300400ec97bf6bb681182a4286
1J41vUfqKQWvpPfxadPtKakQe3fPcrCdeD,1130079,bb0c27e73524bd75832acff17f97e57faf28004a
3Gp8MekyKMujyR2vRCNkWdfcYQwD6kaxJv,1130078,a5e22b1c6056bc2d09aa263ac7b01de268cbec7c
1Pyw9VoJ8mU4bhWXm4ptWLQKHSz9fMpFTt,1130078,fc1742a439de4a61560f1b07458585e8c8fbaf4a
1o3Qv2hCXv4kCpnRoudnVdXKxEpVq4UaK,1130077,08b525df8430d39bd3ff913b9f01c91779fc7a44
36oupctBp2bMpKZ9ZKn8dGwZu4fmaNSiQe,1130075,382672640ed2e5894814045b26c0c752263dad91
3BMEXoevvyzbWq8bFcidGuwr35GACeMDxS,1130074,69f37693da44d80cb0d852bb69f98af6b498dd79
3FQsH4RmJ7xdZf9XpX9qoCofcSktCgDLrw,1130074,9683e35682633d037163bdbdd18c52eb5448314a
1Fmom9Y1GnNguj6Gy1q1cjGNRiTEgWj1bV,1130072,a20b18f86720c8a5b066f540150ebeb42e1a67ff
32NLoJXyN9QxKAQcEswDQjr3bR8TtG2dSr,1130072,076ffa8c29aac8006fbe9238c9b5d2d49d039a8f
391VsdBbSTy4ajxN8hds4YzPySuub5YPxr,1130071,5047b2f23dde62e2e13b34397803d2edf7914976
174s64a2reGezGJ63cqeFwSJ8Sz31yWcoF,1130071,428bd036a47489d032a796886d1b93d8afe8b16e
1Fmmt4pLZQi99NjXFtzGTCPocBq1FFiSLi,1130071,a2098710cea4405b43ec86cf6e2ddfdec68361c0
17Sm16MB2PVUjh4NB8YC3nsEzXFwsWQ3sZ,1130070,46afe269a90d2d5c21ec08b35372085f18bf63d8
3MkVz5eVi2dpYnUes9EuXxEMknuDbgEPBM,1130070,dc0b300c98ab2033b2c5becb36aff6c0b33f2889
1NB1289PP5zcw7ZrZ23oka67tU322RFdQY,1130070,e83ed136cdc8b837b31224a0e78377cc50a94006
3Lr7PqpqsXSEh4zYE3HZFwtL3ihds1KmYY,1130070,d222b3427e999950a0e97af7dc8252497943a6d5
1BNGAXGfD9mspfK9HkwnLCDENYFwaouwr7,1130070,71b6a6c543aa263a7f519e1d0afa5d4c5027232d
1KbcMCDSw868GiGCszPcXGwA4JqffpVtNQ,1130070,cbfde9f9cd1a3c1d6b453d22030c4c1d18273194
17aJvJSAt8LQxYruT9ih7ixvxgjT3ZZpcL,1130069,481d707fbf6bbbb6b6ba37afe4c2c5966438323a
33C3TVRWTVGrUifisWtuzCecEXBpdL7cYh,1130069,10757805a4a6cd43d93017eb995c7be17bee4c42
17r34qHswS2jo59e7EsqK6AptqRDkCccZ,1130069,014b6dbbc9add92d896c8389ee148f8efb08907f
131eejkBao8aNxhwXifD1QzKznTrnRZD2T,1130069,160fae44c738d0418160cf1e660043d211b3eacf
1P78CaRE7ttLqxFL1pvZP7D9Bsgx3wLrjr,1130069,f27b45de9ea43cee4dc7373e8e926a7243c44a43
3KbJKZbrCKzAbdcucgVHLZijqq6mRr3BSf,1130067,c45d74ad027fb73f5e28ae4a8f4bf5572f7e903f
1NCCAueuPVqwFqH7tUXp8k4djeyUcwKCv,1130067,0402140c1df4a44da1e389ec529d56ebb1652a91
14FM7kTto31AH9psZmUeChdo7TSQ2JBmTh,1130067,239efe3ccb94ad8bd3c0d0a76574ee2f8aa7925f
3GHpA7wMD12x9B5CMGnGFEAVDNCsSoyXF9,1130066,a0267f790757e7c5690a56ebbcbcbb24253b7d09
34YWzqSHGy4SRHWnJ34UrwFLDvvSCTKkSv,1130066,1f4ce7488972670eb7b8647ab32489ccfe8723a7
3Mf3wmsabKW1yK84uhco8B8Hru5N6REzcA,1130065,db035ef89a3530e12f78fa48d203f843fc4cf782
1DEG6eTjvwnP5wx1ieixwDsBUEX5XZYk4a,1130065,862385004a06e862ed23c135480b27bc93d900cf
1NXnQ5XEEXpU2ttX5x1JpeVVhU4k8DYut2,1130064,ec2d043dcb585bdf1c8e167a0456a968daf3f1cd
37ximxTGGHNKXKBwG2yZEA4bDL1TUJY1Tf,1130061,44c9187a98e5b66a260fbe0ecd5192ece6d5b700
18yZGzvv4ekd6TQrR175T4Ga9tiYCJTyZH,1130061,577b1deaab136e32efaa76e97b9c94058ce8c170
35bdK5DwZ2teVMnaoV8kXym63BV9kQH36R,1130061,2adb8c53a8b48f2b6fa8ad57bffa1f8595ba2b5c
1D155a1uSHU7E8SGUcTFCd2zMQcDS2SzXH,1130060,83a4ea08f79aa00eb78d61ba652a3c0d1c7e6c81
1PLxzPyGKGrhyiupBN6rwxB6AQMKkLU3oN,1130060,f51968846a21f6490f8ca449278ddf85a497d9af
15yg5KsqSVZ2ALG1tmQMc3wJLvTfCHEq4V,1130059,36986a30f3623fce35d82a0c1ce9cd977422c70b
1JE677okfqzV3cTiALMshxrMVdvUSy8VBM,1130058,bcf3cec2d5e29d6d69f7f8e97bab0651e34f568f
1DbXzRRdhemYjY3ChZjWfrf4W4QNAPi84g,1130058,8a2985720be5941f0e60ef5d4e5ecdb77786d7cc
15VNEiH1nCjfrALPuQxyfJByy1EnQhT31r,1130058,313de0986be118a4214d263aaf0b0a95bf6904ee
15ZBjgfxpq2JSCeg2W2KK8MZpLBUY7pW9B,1130057,31f6c69be44680a1d47df2274007fc1532bef69a
32hRxdRwiGUEzEUeWZc17HAkffCBDwRsQ5,1130057,0b0c30a2e1c24e03e2f0c10b663193e72fcd6ecf
3EzR1Vu8KMXSgMYam4oHg78ZHfiryhr43K,1130056,91e3fa2fc5ac47c684993fae44a4a09846ab125e
3CdFoVbWVvYM25cjyL3c7wNhdrJzNzByqZ,1130056,77f34e0f49208073799a44f80f736dc03057ce97
1L5wBPWrS9P7WoeD91be29RxN16WLWXY51,1130055,d15947b9d8f1dae9e815428732453dd44d1e001e
3FPVCmKEwMfYZnsdABb5XsB6zFQ352XfCF,1130055,96410bab85475cdae944d4472af8784c2eb7e91e
1G8fYUvJCq5u5UqyVLVExG8NDkTkWJUaBq,1130054,a5fcf8ee1e5b2273625fc9eaa0a0822fa6457e18
19ZCPz9hLBShUjghFBuoxhwgDoFgCm2d69,1130054,5dd7d487e90116b36695b6d460966b0971b39a6d
3KwRBneBUbJM2jVb38UZkV3oAvCg6nYMGa,1130053,c82b81a3a4f8bf49fe58dc853ad75095d2ffc2af
3BMEXzF4tWTnUPA1CxERwrLzmMk3Xa6dbL,1130053,69f377400c545754ef4c21797baec33615ab8bb8
3JQRPJwxBaQh6fXRWbpVrzEsoEovJa3AzZ,1130052,b756a6d1ea40b5675eb6d93237d7a5daf059e9d4
1EfRLQLmNmadhuU8N2ToniGUtQLyqQX8WW,1130052,95ddc1532a8c1b545be31d21a3a4a7749be629f7
1DHcbHxLnbr9d2NV2obCGByBqQzbrxBNJt,1130052,86c5dff784b205d9707dda262796f5938360d7aa
3KSpFgHu2A2f3o2qwz1RXntUkwNNWGDShz,1130051,c2c2b2ed9ff4dfc1064a22482b93380ea83e412d
1LaiyxeC4uidX4ULSs6Rd3RHV4vmeXsGVo,1130051,d6cb29573f0ec0556a55d56dcc94a9d3f9390744
1LLXFwQGK4mQvjsCoCibwk9tAokjCx5Z5R,1130050,d41b8d079a571416b1e832f98626a8059bd79589
1AKL4nXVcDGukJhFvBKS7AGrbSJWnSMpLQ,1130050,663088c40e5c5eee1d93a1310d434f1244fc3e32
1MtftWfYi4ohPgBbDbXzodWwzABmiHxXDT,1130049,e52831207981fedfc3da225c11a9efb5ed08c642
3Dspuw4r1tyr85raMxkc1kBYCJAeSiGuBE,1130049,85ace4d3d274e3932d6c9ba98f5b38d6229edc17
1GuoUDoqZGvno4h6SUGX2nRSsWxvg8PHdg,1130049,ae864eb24f622d14b0d7e43aa8d09d577ac637e1
16LQWSYCVPG18eJB52H8PofVKeGyAeF64u,1130048,3a8427c47f91e8aedec5d6d652937360ee502b24
3GHG5DC3CKXaRYmareaATCPqQRo8WadfDK,1130048,a00bb70c09141013bebeef4a595dbd224c0ac1ba
3PLazszm2avMMvEUqEXoqJDnUVXk1aH84H,1130047,ed75a4373eaf322fdffd770f8c91b0bfebaa4f43
3PAKG145aK2sg5RrpjdiS4fN6uu3bfZhhg,1130047,eb8457e669db487111a7d38894ef49d804e8e5ea
17hTfYAe9vnyCjPDKmJEqyA2JqYNnGccY6,1130047,4977a6ca5daaa877815cb71d80109f9bca57f5fc
1LSL5q7Z2tDiB85T6QBiNKzp5Bw5nKHQ98,1130047,d534b8064f0a78f5f2e3f65996d4d041f332c43c
1HNQTiJrmUsfBfbiaZhsBkaQ43k3MUdxb,1130046,031885e0a47b3621a3269502c3535ff0762a7575
1LCdM7Wv7HjeSw6QdJiG6EfJtPoWBnrPSZ,1130046,d29d4e64994373bd075bf9f8366d6757596583a6
36YoV2XrDfcEAmLA7tFsRKnWuQsjwsqvmK,1130045,354aeab902a5e4bdcfb42d4f7dc0b4786f41ce84
3L2bECuijB3aucGT5NpmDVoms4rDVvEUuM,1130042,c925f7f612da092f81cdd458db3cee7c025d7ff5
1PQFwNWg4ND91ePDhFiKu5broEZLZiod2e,1130042,f5b8cdb25151a76e8bc08fd8cedf5f0cabd7a478
39jfM6Z8e3MdTr1Ygn4GvtWz9ah49ztDuE,1130042,584113de5f78e313ea50a62dc1105c95e5a7c768
1GhwvUFfHtxtijvMBxfkyjCUGWxbfuZ3NZ,1130041,ac485f28d62c6d3a60dcc260ee0923bf737cd592
1LsnFUwcRnrapdhQbkKBUrAFEUthcQ7ZtW,1130041,da04f5e46697ae88a4df333531765951e534f0a9
1DtvUFnFHRN58yivDq6EnEJ5gtBnoKAJcc,1130041,8d735b9eb45ea354fe25999220c125a3068965e9
1F5rfZrh1HXpw2BPGWEpaieVTNTMWgQofw,1130041,9a7ce20dd8a7509c772219e3109eface09c492d4
38p2wLQ9edv17tGUhirvm3Rzz4zA97YoKU,1130040,4e1ca36c258a354055862748e3b6379a41281c8e
1NBivgWSkXLQX42hZcVGrZFcFQSMZv4SiM,1130040,e861cc7b1937d7f08f90f669d7c3c8b1cbbedb10
38iTyzfkmF9SECa5iBS4pyiicsnLNvn69h,1130039,4d0f0cc18b7d2e6d9af94b6e3e0008080e04212c
1C1kS6jJXCHsJr1QCLadcX1SZFiLXbenHc,1130039,78cda3b2ac56cda650264f3098b366e93ee5e69f
3JjEXQjFgaRrNLvbuGzeXnYSpvghdHBCbx,1130039,bae57d38f826a7f44bec44dd74e93b120c86022e
19cp9fX1AtLbHMuhsEnKxhyguQXy5oC5QW,1130039,5e86ec5a5eb4035e199fc6ac576d058079650d12
1JQdBghuTwz26WAU5s8GBKKBTx8rpT2au2,1130038,bef1e9171484b4226c8f141993cce5fa3151f940
1P3btrCfJqdzbvcBUBVymdh6n3NZ8PkeNt,1130038,f1d0ba270141a803a0d23c4dd3701ec8fd4ebb0a
38DaXRnaYZw6CLh7i84vQDUU1JCMY478qk,1130038,479872a84f08f25141cfbd3a1083d3b9ba1b8547
18sFSXsiseARcae33sQWySwJdkGdYucCsk,1130038,5649bb8f7c88e31d0a7e264e6981edef40a95a00
37MQtiTguQpes8np2uLH7LMd7CLjzJJ5AV,1130037,3e1b9bcc8058c4911d1af40641f139e122050408
35S7tdky8eJ5CvKkw8mdi6s7Tr8E9APwU4,1130037,290f3ea9ccbdbcbbfff0e4fbee3baa761d060c3c
3AxZ2ZMUnbShpePnmr9KVwhWv3bZWC6PEm,1130037,65a955e657e57372bfc599ffc786563ca89dba37
3A329gJqyL1tDgZ9mkqpzUusST9a7ivr1L,1130037,5b8983b955f8b4aa097dbc3257b74180f18b64d1
3JRSPq5tSLwPrZsBpPrtcewwpAEo1eNS8i,1130037,b787e8eb2e770145126b3bfcf421259b13f9df86
1C68JGgLreCqXhJtYw7RFFUCX9VDXX5HNV,1130035,79a18e27f45c246d2cfe5b89f2d4a21576ea46b0
1HGi4LQyVtjHHAf9uGr8LzyCQEjEJ312LE,1130035,b27a8668e6c31a4243d04bb20e5838dc16562c1d
1BUCFzgBj4cW5PzVjQjNmWUeBPzjVjimbM,1130033,72d5e30f146d7d0f7ce5052925c97eb0b7179a8e
1NCF6JtN34Pk7ZBGPk8XcLXjkeiTk9Ccqt,1130032,e87afae4983065541ddadc7267311bf562362867
114Eghjs5couSXJJkACFvHAXwnBX9767pr,1130030,009cabd089fde6f44ef2b4d3f43fa974725c467b
1BTNvCfrVPrdA1icvVD2MprAo5E6jkLovD,1130030,72ae5e52f5fb9139eaed505cf9f2be8dbd3d1701
16iRwGKPaesJddVqcAZbgdangQj7LHgahG,1130029,3eae7f9fd581de7635af0bdaeb03bf23dc6e0707
1HtUXxHnDeCQVYLquhiFzKwsASDs3GuGwU,1130028,b93e35e6753d53564209043c72b730bf409ad188
39zqxK7z1U119ZmW53aUUC1rWYpatobWp9,1130028,5b202be5734c6966c511e2166b3967e7dc71ba7e
3BMEXJPw4TCMbnZcqgF6QHJaKzQjfnUpts,1130028,69f374b809b90d3d1c7291598d148faa16159e77
3HBXVHxg8AbjEMEoswpN4pfnN6svgh75R8,1130028,a9ee3687db3bea1a3346c60a52fe6604afefc22f
1AxCHoBTo9VUf7jf9tEz3du5HWuTaYRdq4,1130027,6d296f1c6c535068f72431a5351c4045ba028a23
32D57kMJRqU2VSBvmWNje8Q1JinN4mzecQ,1130027,05af24f685c9c2cb253814b9884c9f2270b202e7
1P37utvjHBAsReFUgbJfTDmW2jpFdQk41k,1130026,f1b95e770184099a9d6b76eb64f307b7bc209f40
37CoENshBDcsW4GVzkXiPyevYVZRy4Jnhf,1130026,3c7a833977b2878b675b29d9b0985e6b9dc298a9
1LvUzpKN9eeK1rANEWHdJM4Qnj3SeuMPkS,1130025,da87ce72c13e383efe8edf62dbba87a24d581e87
32tdEohn4Ja5MTNgndPc5hXh5Mzkoo2vCC,1130024,0d2a2e44505b77ada2bfd74cadd87c6cf07d933d
1NGsYsKjJRuw6XLiYXtL9Mn6YeJgXLMxMx,1130023,e95b13d2cdadaebc0e4707658a77d1b8dd0df297
3Bu6sCtKknf7GywTU1bGjjLhPAHGg2EkB4,1130021,6ffa6008519338a8d49d6e2b9f9c667288f80f6a
16tsP617humUHdjU1mRBAUh4MwFwkZA3HM,1130021,40a7e613f10293476991fd31914258e824380917
1LSLmnnzfTYdvEkvcUg6eaKxwKGhwgVcWD,1130020,d5354b41566ec45e782f35c3cf8e394e33def647
15Kp66MawQkWHRsRBnnAEYVPNTydv5vw5P,1130020,2f6f4c1fee0f4423502ccbb6bbbaddca3daa1b6b
3MdUht6ZLmZ3mDUThP7bEVabBQQRgZHTbi,1130020,dab735434078bc8557ea9ff19294575357ff77b0
1BiZ4LPbdf9cue6J3P8uFpoxSmsdGrE4XV,1130020,758d12904f0524b89c9656113c29a9b75702fd64
17y3AV3muWYczkYGgwgq3qiEZ1MetEeEFn,1130020,4c69dac51b547c639e424e69f685a0dec8381a61
3N3NiA72hnPcSdmzCBZmUYoHa5QkZjzTXm,1130019,df3c2fc2b82bedc0e9200a6f797dd90a01db20a7
12cD2k32raUffUjM8ipagu2JNXgewtGT11,1130019,11a0ba0353159ff10c5f8c4f5d688118e0d3c3f3
18Xj6ca3CQDXCL8MdFtwenV6Vd4wfbVNy7,1130019,52987ffd902e9ea076cfc5bd97180d666f1803aa
1FUTY8uDRDB3gZoHQ6JnJpoKZ31rtC9F6W,1130019,9ec324ce43b2d2c0a6b063df24581f2c597f6cac
1NoduMh4aRh2DBVRa3CczVAuZHz5igVMqA,1130019,ef2c949d5e24c281d1ec62fdcb1bd177c24850da
1JWzzaEJqPdCkgkCRnpjmMRpjUpcYTrMM2,1130018,c0269c6c8ac3c4d53828b18e75c5a942497f4bed
39S1Ra8kdiMfVC1vBCeVtVMt2DCxs9oqZ2,1130017,54ea5991391bdb68072b40e85962339bbfea035a
1N3wvdPYfuEHJJUfJR7pdXyN9SkHzHbLXr,1130017,e6e95277ac872e0dae4089b25a548f0ee054eeb7
13abrLid6BuuVFbfFT1Rc28XSZ2Dpd61Lf,1130017,1c4b11f868d678836c159f20901109ebd5c3fe8a
1Ev5iwX3kEGKN81Ub14BTCDRzg4Jte6kim,1130015,98a39fb21f12a6fe782f8850f19284c083dad9aa
bc1qkak4j9wgfg7htas5kj6pu9kc68vjkcmqj6xw88,1130014,206405c9701122788d8739fe23f758f6c475ebdd5d57784c8669
18srJaK8HP2zyktNzMjCuML1SvsTuSaQm4,1130014,5666d5abce287da5b1d3798d5f30f710fac524d2
3DYMw8VUiguNNDQz7by2grZq7uk6cN3MD5,1130012,81fe7827077526921d2973fee0cad0f6d57918ad
1JtQTHgFdx3HAbVw5uEL4WkNtgVaAbqomN,1130011,c432ee1e3970b363bbff86090e8e0c7466416a9d
3MsUGGAbbKFqqWPJnFThbzBatLnGUvkqK4,1130011,dd5ca9ad1202ac6d4d2fa1bf023d39acfe4cd46a
3391QxancfRLiary6Ldeab8FPnfuteL618,1130010,0fe283d6dc9216122b4c2c45163a077054274ba9
185ep1Ej3Zu2pc3FZQRDYVRkeeHV7FPNMT,1130010,4daa1b5c672645e8bb2b80769308dde76497ff65
1E7KbsRJ99bG3QWLXuS1w5WKnJqLms1kX2,1130010,8fcba89085206688bf302e91ebdde8dd5e7893d2
14d6wcCdLgr4tjwFPnxJFfZaNr2aijoorM,1130009,27bc4fcad65a25cef15722ecc4fc32fc4683d69a
19LYhAXkgvVHHZHR2zVvt3YQGVa7HW4Bma,1130009,5b735d774342d63b0346a0f5174cfd225425a508
37eomNTrxJqq3zpNWawxD2i1vbMi44d5bV,1130008,4165c60ed6f51a719dc45fc867f1023008edd9ac
1Ak8Q6vvTZXBGpzqUv2YaLCa8UtnJbhuv2,1130007,6ae131b7ee0e6dc5cc553d97aea162d7baa88432
1DcJY9J7FYuJWX5zBe9PteKBnbiAYEaNik,1130006,8a4eb50972599b21e10e4b2d6742fe6ba583bc7f
35X7GWmcgdpBKUUdJsZ4rBTzfRFZg9D1uw,1130006,2a00ce029f4c42bf08f48204269c9c452aa11d4b
3L3v5sBB3srzTE3a5WPiyMvEqtg6MxCty8,1130004,c9661ffb231eb60d56ce9160dbb44f836ee4b4d0
1FAkUoigbDzR327cuEGCHn1piehj8FM9tS,1130004,9b69cca609f5ed4ba070b2ab1a578202b3e4d0b4
1LyaZ7bUZRSN4SH192bBA7gNNHsXpT25wg,1130003,db1db165a490ae99e2919572f4c490824df073ba
3BMEXrQPP9kvjPeXLfBrHUEwQDpKMRpNUS,1130003,69f376c08fd743bb67152f1167dcaba68463d411
1EG1DZ7cbFuKPhcPWsJidA1bkaKj9ENXBJ,1130002,91700e27b57bf83a6935fce3f968d08126effc7f
36imobYxQtAB2DxmZLZFPuTfPcukuGD4tP,1130002,372dac9b3e3823e3259488c7d61925ecf8b228fd
18LS6H7GjYBGKcedWrCXJUECQ8TeRb2HLU,1130002,5075ba8a052efb9ef0022181c400a356d6f441fd
1L58KLd7NpRYX5QMfs6EvnQWRrcNXKTVgp,1130002,d1322935c524fdb8dbca3037a0e418a067ad6fd0
14YxPXBHdKVovp6ir8VCvBMM86t7nu49tw,1130001,26f3820aaca3639e6fb674473f5014e96f82b29e
1Lgir8RyMxJBtzBBpGGCjHyozZLciJ39H2,1130001,d7ed8b678612c3592b328708981fb3e36ea40437
38P3iv48g3oVxNFhEpzzxo1hTZGfQADAtm,1130001,4962e5348307b0b8aa877efb6118040768986f69
1LwhgvsU4yvL3RhieNK6PdxNwtZ5tJJzeL,1130001,dac2d11aeebec3bf3071da546e4839c2beecf37b
19CvZBrv4cLrUMfeWhC44YGPXS1aYRbeBA,1130001,5a02498ab921fe34b2aa602c271478adc20b0117
1HQwXaSGJaq1ZygwzYy9rdqR1WjgkHNp1p,1130001,b40918beb1866c590e8cc6e0505002bb7d50864c
13vzPEouGJ7H6xUB3VT8uywuEdcgjNCkbx,1130001,202632e4e3cc1b21e40fbb9b01257c5a3fa7f7ac
33dtZb6StS2QjaR9mZVMDdpdBai1tiVDPd,1130001,1558dbd92c7baf7e24568019ef123bbe57939bc8
1NcL5HE6UurEWENuUxgbBwvm9BxVEZ1qWB,1130001,ed091f43322ae8f4e7e62077e2295004450e53a2
1KtmY3raY4gSc5NX2ZJyQCZDFhKVJf4Fsd,1130000,cf3ca7858f584683e0d37e33e18b8bb0c19026d1
3Db6NoGT4YdLrYxfWyyUohRRsW3pSwLxj4,1130000,8282bb045561de03f2c543301b18593d98f9c547
1MMc9cy5j2yFEjLTfFA4oeYcEuTv9zaFSF,1130000,df482cedd4f0e9437a9c42f476f2e2a8e9b4aac1
1Avo6wo41MgMTmG6B92h5KJrVhQSaKJjSf,1130000,6ce5a996926f55c5995a92806f2b98365b9d5721
15gvwfEYqr998cojg2efbhGb13FGR3xfGu,1130000,336dc1267045e3cae10ab1aaa3d8e495fe7621a7
38HibKLfaBxu7b7x4XUhuRReHhG4UU4QKW,1130000,4860d883d05e7a4b39087399d46c99d9dae8bde4
3Duzr9qQeTSWx61z2JhVFPopkwZuv6Xy7T,1130000,861604da82eb8002685f82b7c09f3dc42923eeb1
1EUHjHK2qFD9zk32o3hsGsynZyUBwYvPG1,1130000,93c2d4b01b3a0f654a599bcb9f69d2cc2516d687
1EPLXMKNaigFAUsp5qcLsu1Z6p9aCVJLoR,1130000,92d315645bc97ef24ce89bd8370e00f747300ab4
39Syx2ZE1Eu9igjuY7D8kE3UfypQbMpzue,1130000,551988de8d0eeac1cceb1890e29207595515753f
3PdDxYhbh4Z4Bd77v4yPPqTjVyhB2Au1Cx,1130000,f09b263a608e4f3e5cf813d34bf7db44b690e2a1
1QFGsFMewqdWcYQDGaqZuhJ6zxKjAW75sU,1130000,fefdf606e4b3c5b81ea38075bb8d179c13012b16
3LokGxWBpdnNUfkJJ1xJ76MhDwnneoZX43,1130000,d1b03d42f87e816d55a38151861d3fef7200ab45
3QF11EKRDnHR18Jf3tQxZ6fiDdKkNk29TB,1130000,f75f4f8b018b5e346d326bd185707f839f3dca0d
3AAeanF5GPKQmEXdCocJ2HeaSgFcgMoLcs,1130000,5cfad6bebfd1f67692ffd9bcf1bed61bf2e69755
1FmHgfCU78tVyP3CEqVgm9s3jYthm695UZ,1130000,a1f1fd7dc4b372e6881596fe496cdc3612b12210
1FUbQ7XwjPng58w2g9tNER5qcpuH42XDjD,1130000,9ec9b4d3de77918eff4b545f42069ee4483010fe
1JHpyM2KU4pLsq8wqvKyGReaZq4RUjyoPk,1130000,bda8d6997056ebba62a061fe0ac6e1f9b68029cd
3NkeE4Baiims6PsgSTazb7skWLdptxC9Yb,1130000,e70a3152ccfc35cb4db2d2db372031e999d66428
1HdxfMotWzUnrQZk2DHMtXXVLPugB4wcUt,1130000,b67f736fedaa8c0a248f076651c3f3af28c4e42c
37Sa3Y6XJyNSgxNLXDd7bygcKh6RM4u9jA,1130000,3f1554038d6f4284602ae178cb745e6106da522f
1MUks4hhE2RhyVePwojSgw5EbBQvw17fzT,1130000,e0a25c9d335b39a1877d95c1412bf9b0423c2670
3BMEXP5YSbTGAevEafz3ePBd5q5KK9esW9,1130000,69f375043193f8538fbbc4d469fcb2c46ea3b94a
17aYyGmTmRdWJCBJkrrNczzkMkmZGs4mK2,1130000,48292b380ec8ad4fccee39eb7afd0c91ef8424cc
3H9TiGHW3om8iTpfVoE1njGAJMqPVozVVB,1130000,a98a3a8eb8b2a9603a47209e97e6f8b7cfdb4725
18dGDrnBfUWJQm8oEwDSAaJiJJ2qmrkUBm,1130000,53a48fc12a57a9350ad30b7a67e68f7e90fbb181
389a6KYxatuvLPr7cXmnKUPU9xxxioYVo6,1130000,46d66c348e16587369c57fe2bb45773e81c1c031
3695cE1XiduM5cY7RJ5shTeJdfTufbAqrL,1130000,30ce64be080f415d457b569d930e984250e01589
1FDJt8yqMgZqMS6bkYEUwFjRWMrQAFHwvr,1130000,9be5adec94b2485514d77ec9c22827fec7dbc43e
3HV6JiKSxocr9huqBUTJtqmweP6EWbpeSP,1130000,ad40add99e41a3b6bf9a32f054700a1411544f4c
1FAYWDPyL6kF4uoT1PgRWXUfppjn7eVZkw,1130000,9b5fcd75ef7838f34b1cd871ba1ce2642c839e0c
14qHJEYm2eUVvw33KmCh42azoa3gJUSfS5,1130000,2a09f29af25dcd605b52e795cc21aee716d0905c
1KBM1YJUWj3rVVn3NGCmhPd7qVWeSnTBGj,1130000,c767206c4a1f1d138de92a148caff610fc50f558
14ELocWFGPJEUSAtBrQxvXQUy4HD2voQwe,1130000,236e50ecf17be465871f273a03a3aeb0f0c464d3
1KpePu3EHNFvktg6PcYtDrLdPo8eZuK58b,1130000,ce7507a7a957123afb8c7abba860a4a98f4830b9
34hcbz73WrA4kHKcKUAyEkCs4NWFS2Mdfh,1130000,210553a7e703f8f6bc6b9c37610d0c9d1a210126
1HGj8bBTxboZvFPhZTTuVmYGcN39NESgYE,1130000,b27b6bc89f7e6d5396a28b75d3a17f83e59cde29
3EYPdQpTnxTzrBcgEZSBtRL5BRXziBY3K1,1130000,8cf802775ef011d05f2d199b9f67513418109d66
3BMEXsqDLUKbHs5HNxu9A5e9fzKKH8EN79,1130000,69f376d7c90d6c43fd96fcd3493d81a61c09fd47
16vkTgG1ZCDUNP7zJbMbWDZeq8BdiiP7H,1130000,011ef28d95f403ddf360dfc357d0774e27ba4a25
359iko3NGu2FDwJRtFo98vkFxb7URbNDHY,1130000,25f546f168de9a9f3437b683978cedb059955e4f
3PCmxikApo7FAPo8gEcHPwYZuezqcLQ81S,1130000,ebfb770c417cfccd109fee5ff64a226d4d9cf1e1
3BMEXhS7F6TWHniqaGToMr2NWiVrYLtRr1,1130000,69f3762eaedde8666b09db5f76808b469a70be28
3P4UiXsB2sQXAqMnvDufm7cpfEZzhPEwF8,1130000,ea69be04a1958401976a16e16c1977ecb7d3ca82
37RfrmQpVB9hrq9vG6B9NKYtQDRKJ9J1cW,1130000,3ee9c408667b38dc2ef6e86c20d18fea02b53dc0
1HL2MxHF453JquSmJG2SUfp19g5nExYmPS,1130000,b31b0d58e09062be94e9f03fc632321f0dd1dd14
3PLDP9ryk26V39fmxx6sShtaPd6TwY4xQK,1130000,ed6398ecba016082d2be054ecd5112312ea8de68
35Fdaprepch1JXtaHvLE9Fxq8DsQHAJqVr,1130000,271374a415380cffc46643150e9736897d3f652d
1BtzgjfdNHXrwk9UivaEHERaoJc21UdF1u,1130000,77869ffee1f77a0b8027e153009db44fce6bbde2
1FHCC1XAxLwVQKMErKgTRrHMbWA3wpKrhs,1130000,9ca1c1d4363b46e0510cb9059f62bcda527714d1
16vba6f27TTiQz2qj9So36BTsfhQt85MZ8,1130000,40fb8873c19b8b739bac583edf27e6c5643428da
15zmudtASrSfhhJVShWqALfyHn4GqCymQF,1130000,36cdb32a3c290f8d718353ad6a9953d5a85e9070
3D52SbCXp4VqdjxcpzyvHVrJekraTJuA4A,1130000,7cd2f79c041f59acef677b2b73683ab927e4e0e5
1EyKmHP1WRhhhN1ST4ZeTgJELyjZKzopaM,1130000,9940978ebcdd988417cc91b3b23092d5143296d2
3BMEXbUKSPARTeFpd8wXzi6dDoSCSW6xfS,1130000,69f375cdba7a1c5ecf32960cf07c66559f18713b
12qGFVkTvHef4qKUVgDetLeQRtZSao6E1p,1130000,1418d26b1427256a75cf598703a36ea8975c5f00
1MVuu11varFUEaoC6HnU7DoJovmcuL2HM7,1130000,e0da518473cd083cc41743450e72f31705be4ed5
1JjaFiuF6nVj3Wmkb8ae96ZQahcFxVQLYi,1130000,c2875e1c87f3686c301c04f51fdc81d7f3d38746
3QnW1CsVKxmDNB5B9upNcDfF5zSSHDA8Cc,1130000,fd5469c455f8e888aa4642ffddb1c1266e4aedb7
1NVWHHzEhr2T9EMjSN6pXBqJMXAdZbLBF8,1130000,ebbebb19dfff28821f579c03fcc38a195105ca0d
3AqpiaRynJjE9Y1KEQUWgbP2Vdh3SNiYiT,1130000,64638569c9e4f4ce4ab451ec4e0add0363150e33
16Pg33KF5A3tHszDntvZqP1AsGsd9WR3TD,1130000,3b225d707ff011055a82b88bad1c0e01eb967592
3Q3WZJWEVCj4L7u4DQF3s2ZfnDKX8fQAsw,1130000,f532fd1eaaee5adcdfa63d3214faa23b77ff8986
3NK7qJhhDQQNKDgAfMi22H8wxdQH6jZpwJ,1130000,e2366c68271536b4d6f52049026f6cadf4abb6e8
17GddAHVbe8mikrfBUEhYqsbfEMp4fKD2S,1130000,44c590db424ffedea4871ca4c24349588b94311e
1CEm1JMc9ghj31EvXR51q87qdqZ8cgXomS,1130000,7b43865818d228089dbc1862703644e7f8b95b8b
1G9yMhADxXTNyF4WV8MpeaK7eQgytwQNhw,1130000,a63c423acbc9320ee2bd4a0211c981beffa4262f
3R2KEiFdfqwTSNVXUtWfUx5bXNjdAJBzKL,1130000,fff13fa8ee139bf4ee0387d4f8bcaac79f7b38c5
3BXRNZqZoLMMz9SfqqMPherFYtqYkJiSh8,1130000,6be0ac1495b0c5ee4bc1cecdda9d892ebd227fd2
1LKSQofvK5EBWFUrpZaj4gLi19zyckP8tz,1130000,d3e716b8e71dbf51613065e72a2631f19e25d83a
1BcSdAz59RiCato9e62wggZMmMqmFm93VY,1130000,746534bfdc28db268aa877d2ae51a0c08851338f
bc1q5dj8se6ej9aup996kddhjewqskvy3jcjutkj7u,1130000,2063c47f25607611fc89a6b5dad0c7863106800fa6edaf7de095
1Q6netAtWdi9YUgCv3siKZHGoLEVADQpAk,1130000,fd6315086cb10078c2361c58c7dcb212ed6416f7
3J9CvwAcA4JD2cv1ZaghEX2NBn7LqAq7h1,1130000,b47603f88c327713b8f8bb91647b6958b3e201cb
3H4bYtn6FzPyMdkKPPJG2d1XyM2YvaoFBt,1130000,a89eb12f37c422f12a60993b4e3e591c5262c886
16xABCKUistEarqYhKdp1BRtaVV3rAUHfP,1130000,41472a9750ac96fc12218e07cf3794c59c32dddc
1HwgyJEp4rZQ5vMuoGNEXLuyhdV73QVLJL,1130000,b9d9d71d22c28c702a6d9f6ef6a94f7dfae169eb
39KNJUaobBeT2ebMSwB5eNm295JfjgkCG3,1130000,53a8ddadc579b72e170920fec0b5b6d82389e812
12y9NFiCRSB7Tg4aAAtDoULSJejCQFxJQM,1130000,159667523128f987e001ec8330fc9adf69b718b9
1NNoqgcWjsU4EYEnfG6N9hagpcZN3ZNEtr,1130000,ea7a79e7626bd39c979dad92fd3a6577a9aa8e69
1K2u6MN7GRFZ5v7T5vDrE9LEYzqvEA3DuA,1130000,c5ce2a1c997bd5fa7bfc345e01a73da85d1dc4a2
1G9tTMGjzQbqGjZn1e2wMDqEdkQ3aPnXWp,1130000,a6382a9533437410c35f3a442af663714d8eca8b
1ETWErYwYG2wk84t7jz4HqY1pEbftUB1Xw,1130000,939cdb89ea700b618a17f90312974fe68852b5d3
35Dz8F3VqyPv9DR4SRVz3TMNAHAGTcT4Ks,1130000,26c3c562385aa7c8b173076292d746be59a42e02
136SyknWMb1eFf4eEmZrw15jJYoX93SNA5,1130000,16f80464d65e493fb96a74cd7d445af0fd9573f7
1N1m18hvmsHbmr6J8qpyEKzhyyazQZvP8m,1130000,e67f5f6ab18e5d866a789697cf6797c54cb752bd
1QH9TpoENXWu9YpQ9XH69qPSL5mzpg3zXg,1130000,ff589ccf874c5b7948562e12917c112e56e7a2f7
1JZRqi6bcPCNBc7Cj8kyLey4oF1pAXc6pZ,1130000,c09c2f2fe5b35d20d591624679b0620d026a1f60
1JXZv3VCGH4cc8M4q1cCqqMekedXa1sj6r,1130000,c04217c4bbb1e32142a8f39d21ea6007da283340
1KsrSTvrbNS7onc1qepks4rZkie6WLruG2,1130000,cf1054f2c299d84eee69d9b5b385dc606b6c2e46
1KaZbDaDLhxQ9MfWqYz6V3ZVK4rRpSfVGC,1130000,cbcb321062c16d40d910cc80cc338eba0f8d5dac
16fKpPfXYTUTV1VcEMZBRMjXrBpts4ZLW5,1130000,3e1824a72eaafea423bd9ab8972eb4ebe25d6663
3Cy8jPbu9kBGG4BLuSSMUC9zq97oXRtihL,1130000,7bb5b8c77f39e7c8b8b9799cd1c65b3aefc8ede5
3Jj7CVgaCZghcs8X4mLXcRwRMRuWg9867t,1130000,badf5fa57c4b3724152f92762d7b03a93b7e0fc6
1KmnsrwTeGKWm6eVEHwbfbsqWKF9bpzAcn,1130000,cdeadccfd0d7750304338eae9c4f36d962a0a196
18LtBPSW1MJU1MwKWAbPFoEBrSyUPcmbBM,1130000,508b8183392a01eb77b04023419884df82aafb5c
169ghRNbhoi2BTujE1qC5PKwLWTCjguHtG,1130000,387d180aed55dcf7f6b516b517f2d2d293d76893
1DPqgXNU3xftrBVWUxWC8rsaMVSi7PRSqT,1130000,87f34c3bb0d1f919e3a05b5749127549385a4580
1NSQ29SddP3thQmyGzwEX8jKrqPzxe4Cvn,1130000,eb2841a5073606e488d2d7c723ba83ab2ae53680
3K3jmGDwdbjxf88vmjKBrV7JTg75L8vV7t,1130000,be656242720596828f91a79905572928426db12c
3FqTuf4ywRqKcywphGPpiHmM2gN5yve95k,1130000,9b2ac794cbcfc7b81dc16e815b546cc17cb791a9
18RbE5XEY29nHSNBRkTbEfV1WBtjanAyE7,1130000,516f6efdfb146cd0ecfc9783fb57914345135ac2
3Kd1NCf3kD1Xqi6Smyuh7PTd54yxXgedjk,1130000,c4b02281226b1fa1d7b7f5a82e942be69777f531
3MAzXiAKGhZQ2QUScoE78tgibLGUZ1AWxW,1130000,d5b4df99afc8f30ccdf1ad0b098ac9f770dbdd4f
1GiVeejsoxr8htDrEsgCMseaDEd8BHMa7v,1130000,ac62db3632c65a5da1e2658441de284842f93152
14az13D4Bkd5nUZFmCG31KtGcRR9dCQo7D,1130000,2755af93588df15c4f23ca3f9d7848270468a907
3BMEXGr6SYvVB2xLKFApiVLUbSKYkh6r3K,1130000,69f3749ed93c73ebad0f53666be06d51ebe8e009
31ryWpKVQwJBKrHWzJmvN4zWLoQUyy8pVh,1130000,01e2260b7a07b0e674a253e64c5a3867608fe77b
1EZKYwiUZw5XfpRjx6QjuLhnwxguD9g6cq,1130000,94b66e6cff45b316ee41c4af1ce0609398d03e44
1NQjYemF3ioXhZzijbEfyvgtyrcyTQhEkz,1130000,ead7b954bced846b0fe4be2458dc5f45571f9b87
1GjEHb7CkW1oum6TQYTrbGjtc5JUsC25b9,1130000,ac86729f893251605c686513bbd9b6efe41e1dfd
3PAL2m6L7hqmZkAKCXsvdj6hSutruHBgDw,1130000,eb84fcd039077362713eeda60edb392053023c11
1Gu2ke7AFYnUX6P6h2Z1rBeEY4HT2edPnf,1130000,ae60fac7911a0c1854fd3513e42f995d01af7d11
34GpHCpf3hXFo8dpRMyN6FxFMas34BwZZk,1130000,1c54acae2317001553a17d972291debccd5db070
1KhaqpA8cbDf5KftzoL1iUuNWAahWQafaQ,1130000,cd1f26f1e20cee8c4a062507ff7edb8eedaeacf4
144ee8BiYTrjPNuEme7otaQmyv5n6kqown,1130000,21990bab45bcfa9d46cd995d3318f9928ea7ee45
37hbwKRYoSZsDiY9S7jz3KDSWtaHvm9GTv,1130000,41ed25caa29def18be63b2c95af19f2859fb5deb
34am8rMcPaLYtvjhz7k7Y14jXLM2WG5TYa,1130000,1fb9898ff4322f99578f0c2f3b0b3efb91e74738
1KRxTEvcuA9QAt93QJLpQuyUUA1rQBh2ck,1130000,ca2a895a6bcf465b3b89ccd4d5baae83c7e9a5f9
3265PZp4M9KdCQk1yfxjrJkRq3EojSxSdS,1130000,045c75d756b5522c03af42b72b1940d30767c54e
3BMEXkzQd7zNpw1He1YyGTPzWd5XZhs8z5,1130000,69f3766886d173e102344654bbcd5f4923759c79
36qUdWHgLx7DhShZYAo3bgEQtS6t5WQHY5,1130000,38723ff6e60db0a40247f8a5e5d6634d5efb9c64
3EkVpwRG9uT4Mnp3Lrkd9iJW4J4fNgskgV,1130000,8f422cf641bafd9e8f54a887a24d0cd27c335596
34w3wQh2PKtZTRHh14HEyz5MMkz8D7Brab,1130000,238fe1fe77323e108bffff6635504b844d7cacdd
3MqEwa54UUMY4Sidzt6FojfDg4mtFJ8Gum,1130000,dcf0b5c3110ad9f02c67177868190687b05e2cec
383Y7myhDDWUcLUCYyGPC6Hy3JX1VD9A7R,1130000,45b247414e1834c6722d8a29c135f0a3f50828f9
1QD2i1wsCsTrA8PFk1u7cMb1sLpyHqsivg,1130000,fe914f452111a9c88240717ab3b5e5fe85abac47
3NdyvBJLQBciAnfpijHZ5EZdvABPr43j1g,1130000,e5c7b8033e4a8e94a2a47d0fa661a671e7d98fd4
3CdjA7PitU5ANAE9x5yLaYSJNL2utAFGXJ,1130000,780a23dea561765ad2f6c68596bb08af86c50774
1L6VYGncAizCrPyrWzQjRDrGbWqLeCGJBn,1130000,d1744b025ac9e5465c2741184f42dd29246f987c
33oZHZ9p9fjtRoC8Y32oRkMsisiZd3ibMn,1130000,172ced5f8cdf82ef4789302bc9e8d809daafc9f6
3CGLoCYMNKtKhkh19nMBQYy4Mm1UkVpCZC,1130000,73febd41853455827c089f0b60ec58c131c1b0ab
1JqhYEH8yEnSuXMF5qBTkhaXZMA9NKFUL7,1130000,c3aff1bb7f67f4aedb0f40e4c0b27b07380e02ef
1Dt9j88yTN5UMg5Rv3hFLryNyK21qMLtXv,1130000,8d4e01fd4ce4249007468815295e4fb854f07e46
39ovLZ5iUYosz9k4TSQSWyUQRSPf3mFFkm,1130000,590f4148e7d43cbdf119a0fed67c6d0a083636bd
1P4U3PPGELSrqZ7djdj5kUA5jSfrp7gDsc,1130000,f1fa9682c0b55ea4a38e9159e966f4d2cb145dab
3Ah1QafYwxFQwRTgPxKjpdwgW6mxNtVTEU,1130000,62b8b3691525b22f6d6d51026b6fefb0093db74e
1KURwZqLS92CzZMh3e5U5b2kMGgm33N61m,1130000,caa25089d6cc2ebd5bd06e92f85a04f4d6a19e30
3BMEXRtxnpCdTrXMQhFQddDrifGETjnqdL,1130000,69f3753203a9cdd7633dc0e8f8bb47e8cb3d531a
1Me8dHM2V7HzNVXUzaZ9uQ6xKCRvSHWLZT,1130000,e2684591597b6d91e2178bd33cf741eae385fe1b
15TNcLWcCYAyVWbxr4qnQrA6rBVRAWGA4m,1130000,30dd5b4c55379021d40fa68d9a01e98ec328385a
bc1q5hz669tkhsgzs2k32tst69u8cm4f4ddwrmqqza,1130000,2063c49ea62b444739c90d856de4bfc936e37e91af8be7df0adb
3LLNW2Z7cR7Vg7jMaBq3wkfLhvAczEQvQF,1130000,cc82d4ee98b80d5dbc624656945916e3e4189171
14ns4idxJpb9grSdXZDUQPdGfEVmP1e1we,1130000,2994e314fea35ad785a79596b7bd0df56b143d02
1He2b2tmR23KmtF3LPBDbuChzdkrfGzDRd,1130000,b682ba4a39d5a8686d9b37f9d44401932d661cf5
3BMEXxnyrJVySnyngh2FMK1e9X91imVL4n,1130000,69f3772878abda4d2669e3fd6f6d5a5f9f0c0f05
1JYtzDKkXyDg5Kg13bqrFBjiPGBEkF7vSz,1130000,c0826de1509810055c826c78464584baab48de9f
1Kd7Rybte2g9Egr7Jf97TWZpdYmcBsZv41,1130000,cc469b537c3442ef167e4755453084c040d85963
19Gv9guLpCitCarEZapGmUmQdkpFMEicdh,1130000,5ac39ce7a56671c18590f49cd5f23c1cf2770b54
16tejsJuc4STZurKfFT9XT3qQuFw7pZAQu,1130000,409d58920b82bdccd62449e4333049d70d57cac6
13Mprqgc2beaHbGxUZf95kov3yUArFtzqT,1130000,19e085906402fdfed7da46348b1f4fac7695620c
1PwWHHqGwTjX1f2jWNLUbce4UZWp4LMPp8,1130000,fba1abeefecdab36522fea1fcefd6bd625bbf9bd
1Ltw2jCVYWdEsFZgJ9TWGf6WXS1FdJ8Q1Q,1130000,da3cb4ab2715a2e75303f4d99d310637222fb2bb
1NLA23ZpYCcsxyqUsViXHWmSkQBJsfzhro,1130000,e9fa1294de877600cb9cced66098068d50184e9b
3BMEXPdgYLxQk6TTbj4bkx6Kj3wndwWUme,1130000,69f3750d34863d46b936ffff3af432c29ba72621
1DmoSK1Szgd2RkGebG5zNGBbTxXFfcpaPe,1130000,8c1a932a917922b36fdc1f9d6e012fc78fd6c66c
3E3YWq9E7qdAUiSifjJE59bfLCWu4p6Wxg,1130000,87835d66fe8e81c044959a0d2234691756b341e4
3BuHSuRLDpTjuG34noQ4YG1GXVyk7YHCLD,1130000,7003352cb610b6c72800e1422981bffeec0b3a80
17tqRFK3qSmjTjAFDdsRMdYnj5toQpbSWn,1130000,4b9e62d7bd3a33ce8f85724d6430ca796c3a6282
1A4fJZFjvJhjuTZNbQCtCnhipHVBZKmZFE,1130000,636a5a7979406085d07308dcb73eb60d693c50ba
3Co1tYfZEp1WYVSxG3NEGt3vkMrHfx41Co,1130000,79cbd9c4405cecc201afbfb4b5f87b3c3fae9ff0
38pXfJoQNkYnMfgtYRffU9EWdQEPhhoQHm,1130000,4e349d9cdfff7cd55099e2921b88ad6fecc39da0
18HbyRS1anGtFfVocPUdmCzGVUhSkVYY4Y,1130000,4fecbacc67484f797f1771714cea59fe4bdcc773
16tT47ey6V7Yahs9t6Cn6kZ66oYaN1cecF,1130000,4093976ce909c861d75e5507ad7ad92c240b17f9
16t7pRwcHPKeszCJZYvKYB2Hp1ZHdrfQdi,1130000,408388bdf9f40cdd63924cf1f293a7571b63b660
18Z1UYNXc9GN21abmUM5i9jnwPgNDhD1Mg,1130000,52d6966fbd3c2ce233ba73db5bb1d0129ddc2742
1PiAzbXMgKEUVnwJ7uz3z6pk4rWobr6vTi,1130000,f91c29d694b8ad091cc3dd838002f0aafcba201b
35b4fnejuAXYb6pMjribAotXAUyXF17z6j,1130000,2ac04c9cb8d5a5d20b8ceff9149d0d5800a0fbc9
1MNPstrSsemBsUdCnh9sYkrib9rQULas8U,1130000,df6e5918c3e1b6ed18384d30f3e5959b1d99cd42
1Kj3PDhQWjq72SDMZLcv82wwK7LTfMw2nE,1130000,cd65b94b168a0b829965d7a7a2837a994768a59e
bc1qmtxkrejrphgwyjjdpkg9h5kfjwmx6cz2xd73zf,1130000,206407fd600cb7a226a15a23a9116766c364814597ba42583c65
1NwP5kqcoaq5KRmN7WC7JRyVza2WsGdrLH,1130000,f0a389594c78c78153b834a9a4a1ead894b59d5e
1J7nuVTeunCgaV9pTdScKzUg3et2Z2Wa8L,1130000,bbc2f423a6f2055e5b72d397c9ca3c1b5ef3c8b2
3L11DVmDhPHRkztJidkZPWCQpnXq8gm2AK,1130000,c8d92920bc3dd57c1523581e3be8cb45dec12821
16jaue7ZwoPthXk65fKm4HQRRwGjZkbMgX,1130000,3ee667689b33b8f5257528aaf0e7130d27b15aa0
1NYe1q9oPzBEMAYJYFgGk3KtdPsAf62gUk,1130000,ec566f2c2f8a514858843b7b35843c3198c62488
1MKSGeZghAocxsSd4wwLNYRacqNvkYNW6x,1130000,dedf18de6845dff0786cf86d0241863983576cb8
34cyJKtEvxcbUe5Q4pwNN9uSQrkRXL7mF3,1130000,202485d1ea0d5d1a35fa29deedabc402117c0f7a
38wm4r2vQLvtpBS8oh3VZv1weGFszXtnNL,1130000,4f92b7d13572787167c27c68160c182682f38002
3HYJMPvCKPPD4kfdh9xceVLrNKryZiDk9W,1130000,addbfb91d2350aa41c34b33283f757f82430f471
39T48QvRBrXaxBuqD2FJy913NA6MG29mPG,1130000,551d05ed3f0e2796cb9fb0431e075cdc2eb55570
15QDoMoe49RUPAsbiqo8NJfznnN4BGWDoA,1130000,3044c12b155bf12dbaa8d5f0064793d7787b9965
1F4pk1uSabukbr9f7D5v9tA8tfV2dCSrmJ,1130000,9a4adc9072c47aa3c032f7e6d601db04a14a0029
1Q271vu4SvRp83FgaUQZctgamBQFDaFb2E,1130000,fc8054b6927c0a50c1916107048e554da7dd3172
1Bg9BTqwd2UFMBULaCSF4oUpDYYFDQAPuT,1130000,75184f1a5fbe64afe6b862fb751a16c559f92d03
3JxKUJAi1TQp3LphzRauD5AY71pGXk5FbL,1130000,bd5f06903c3f19c4f9f22ded928840a99d403e31
1PbeWHFizmiv7WjrZtzByJEUbGjNCbSPwa,1130000,f7e037a794820a632080574c5aef5242626cd061
3NTBRM9ARy6oDeeZR3Yr7HSDNgut1QVN56,1130000,e3bcbed1215200f41d602c9fa085585302c9d5ba
1Nj4riv4abnvvufha9mkZzygH5x2D7EJMr,1130000,ee4f54edf3b2a30ce18c6de9a574dca8c96565f0
1JVRUaedS1cc9mDdcjzWowekWhe1sGiv5m,1130000,bfda37654b649a429bb6b991f23e058ab4166953
127s1UN98BPiEaQQfkdraRFnxa5tmYGRap,1130000,0c445dc2191f5c174fdfdd6e915f1ffdce5d2fff
1PEf733UxSvE9y36kUKrZVwFG6bgo26sLv,1130000,f3e7fb7f3a70404ae4b359151c455118f4bad6b5
bc1q8s4hamzkhuume5n3q4rr3r6mk65n4etkqj37tv,1130000,2063c9e93da856fdc8a4e3edaad355d329b2b96e6b4fed69261a
17H9783eEezHH5HXmLTcGfRQtW9QicyUu,1130000,012ff7f34bfd6db5255d2f04af834af5493fe8fb
1EEKF14hrbnKaUmtks1hPYMMv7skzF7U5W,1130000,911e45148d0e25a842d6a025e81e048d6b3feddd
31iytvRTNLDwm6AnJs6LZ6J36NmbMJ7iDW,1130000,005f2399c3eb963d54fc9182983efd539dfe18b2
3QN2US42e9oPa7hDJwFUVeMiuxdh8Zs7N4,1130000,f8b372dec05c5c8e5cad3250f01b1b004c9da440
16oufFiJJ4ghqbL35ff9761gi7sueDnA9Y,1130000,3fb7b89c63ab6c1b4678906f95e35029f318aa3a
34P87VmkyCXk9RXuFgJCVKWPCoFRg9ruAQ,1130000,1d860e64fcb50ae29b59f3bc396bb4a32316412b
33B7mv9NHm5pWZmRrUYnipmpmo7BAP3FU5,1130000,1048a837effae30293d9578375edbea7d75b6289
3F6ukKWYFHkbCtGhZrwdsUVbBQAy4zfNKP,1130000,931e766b991277bdef7543f5335f3e1282e27f51
14FxKh7LMp5wXMvtJtrtZ7bj1VbDLCERG2,1130000,23bc61ab4b166aaef3e735e8041f59bc87f97670
1Gj6RhyN66pFqy74jmQHkEhruAFDs3BEc8,1130000,ac7fe2f35806196ea7deab27c930d2aeef223607
14BsCvV7rp9UehYc2AFxpwyyEZRuX4sEV4,1130000,22f6724ae75eab1acb0bc56c9fc095f149216987
1PrRouP1GsRPRNvQRUeWEJbe8AVtrRCc2y,1130000,faabdbcdcba9450893a4ee98aa42388fc6dbde27
32bjpFYjQ2cDV3NGCNBXPaWoTqTsG95KGX,1130000,09f8996afd7eef17465b6b79abdfa475dd37a1fe
33Xd2bEVKc7961Vm2W186oq9cnatp7REpZ,1130000,1429654058162e1a969edb743ea0b0238af3425d
1ANkj3L197QDq4tqmW9ojzZcLwfFLtDtP7,1130000,66d65ded4077d42dd514de1071746ce13e29bb4b
34JmbVs1FjKSix98TBAbHTBmSgWXexk8xu,1130000,1cb343f60c165c213753c0d80f449f8825e817d7
1PpDR1cDPXhJHjSAoZTpF3tA45hCJY5CF,1130000,0450903e4563b5432554c0ff9c985c44bdb2cd89
13KRbMEYv3AP2Cw9XtCdX67kSosvX8vkeu,1130000,196c44767637c5fcecf63547a932499652d0532f
17wyoReHVb3J9Ax7Xiosr1Na8iRMunG2Zd,1130000,4c36a19992177f42c3d9ce800a9358b0abed00f7
18QfkjGds78jDkVhv3cszSnfgihAjQboRS,1130000,5142cc3abef688a94fa317650587174cc9fa7f63
1Pzh4zEA8CijdxJFu9V73tVXVSoAKX9zzb,1130000,fc3becbd26f4cbb7172a72f4e1bc8359ea6f3434
1GeMGurtSEpkVFfgZ2RWbQVzRzW8ijugQv,1130000,ab9a3395d0615a84278a9034526417ec2bf63f09
18M7GfLkLK2FeYVHGJSEzTuLYsxmoz94ui,1130000,50966f04f97707102e489e098162b0fb013707a3
1AvfnDwHSb5K5K2LNjMgeicajnv2pZ9eba,1130000,6cdf8cb908c2c9cb8717b8fbbf6645c213dbea3a
1N8JdbWQmwBXb6tSqh2eQxnc8sfQLwA8Hc,1130000,e7bc4550e48ddcadd27d47a3c1f875ce7c269c6b
1DEwjm9xZeZfan737ASFnXVn4P16CumUbv,1130000,86449bf97445275e8971b2195a701af0ac271d38
1EL8r14h6CromUWj5sJAS961i2Se1e6zJX,1130000,923816465d70559f15f764407eea0c73f08879f9
3LdkSiHBJGtC8C95b9uKkHo3q5NgXv7xUf,1130000,cfcc38571ee3383b8065963317124b477ab7e550
35Y2bfX9mGsW8T544Etjq6PxHNGrSJxU46,1130000,2a2d5291121d91de6e9988b07cab7f9d26a529ab
1KgigedxRzZQM8wnXuZ1wR3JrxigrfEKb9,1130000,ccf548473367457840a3933df340ba41dab3a360
39VeHPYyai7WTRTgQUuCgSSwVm2VEWHBpj,1130000,559a5db49c620cf90a68ae3f6d2b5e4597470097
1KdAgGffeZdXBkgcV6wejjyAMQAb6Lgz9j,1130000,cc49511629b9baa84cc945e0a9a20e0de7c885b4
3BMEXAmXUYGjuLKyEjTXzq8vgJY4N2oNk3,1130000,69f3743bfe48c8e6ed71f23b080b3019f943135c
1DZd2DnampBLSPWbZXZ24x21rqX6446dcV,1130000,89cce397c13d62d7e970b066181ba347f2579b89
34Dd34dWFPEvP1EzdbmfCzioGN21MEAgWo,1130000,1bba0a70c146d2345458a848029d10c0c9bb61ac
3BePtYA1pr7RsvwNCRjZfZnVXrkFnXuhba,1130000,6d325883b52bb1546d81ac3fcb67b185f8ff9882
19DhtdaALJ3LD47euWgPdho8KZXsKCkDdF,1130000,5a2821976875cafaac7d835a5c01d91f12cbade0
3B8X77F4MyzNMV9oQAhFbWKdsFQn8YT8ov,1130000,678be4212350abf34cc93e934f2cf6c27b3ff094
14FzMb44FxMUEZPmQKUjhKcKWf4kUbu7bv,1130000,23be140ca22526ed25b0a70404e1fdf813d9bdb4
1CTtJUPuS2FpXP5VCCZLxSLwqa6JVsW6xX,1130000,7dbf05d31aee885e0734d6ffe333ab8fff6d437e
3KfLw3vg4RdKqSXdhHcTLJfrp3ACWpq9e3,1130000,c5214cc5949b0a4fc6c61347ae6e95cda28f827c
31vGHvRo2wwoKA4pGwYSiRfq6LcLcYjuRQ,1130000,028166dc40199c23966cf3e93d2c3151f3634d18
1CCxrPGvikmqjMdY52EVUYML2AwEvfjCwy,1130000,7aec94e68e677037bec806e49191fdabf68d5795
15zLJojqQ1v6jVU1BiyBovcLwm81P7SXYb,1130000,36b854626aa43868021b448325f90231c53aab6e
1CM4tcGdojdoxZF8JviE8a86XVeBLQ9w4f,1130000,7c74f32c48e8fd13a9ec8a4342fe4b9a0498bfd4
14Xg4quRZcp1xbGDtFgr4qEqieNKiaTgDg,1130000,26b577926a7de33cfa5192e3aba91051192feb85
16jfC5KmiU1R51ncLEYitqZ3AZPscjGBWN,1130000,3ee9fac0e1b545c18e2f12351ec41660df908911
1Aw2SLTmaqQT7rmZduvd4GPtd7HQyYZ9AZ,1130000,6cf0cb1b6e6777bbc2c5e2eb385c98df415ef2fd
3Ce7TudxqEma2ZwRHXQn3hify5AnRJuDrt,1130000,781cc2ccc83bf4bf76dca42ce20ebce9f0fa9448
1P6x8TygFf61esa4BmzPMFVqjc3Lpy6ZmM,1130000,f272ddbe072ba7a10baa54bec51d8336e0903508
17zTGzmNqXGFo3xKgoDDTNKP6kXCzNnhez,1130000,4cae6600e9cbc6676a8942cfa900c2328cc41d89
3E9EPu5cbNwzTamErUtddJ2suugcZtq519,1130000,8896bc36c4ee83251041d801e3e4abf2357a361e
1GCq6QRQcXgmaa1L9xkuG7dUopyDM4hLyL,1130000,a6c69bc6245087bb8c18cadb9031ff434fa0d8aa
35cMhMiHEdvNciSGGhzK3DkxQsy5GC3hJy,1130000,2afeedbfed47d4019205a955bb863aa383e03439
1P9RdRMt6HqMNsicB1bVT1hEk5i8SBczWN,1130000,f2eaa73e99737236bbf54dc827947afbde4a503c
1KGrsPEryRXDZcchaEHv78avxUpdYEn4yz,1130000,c87221be74d6d1ec2c4f2eba2068939a852b78ce
14Gs7VanFxyotFnJ8u939nQjPCzv4pi9J9,1130000,23e872b83228ff3c1ea26dcd9fad3a6649d9469c
16eBcM1W8S3DpiMkkdZNkiuyGNzL7sdsJs,1130000,3de0e0335091dfe092ecf9b836313113d8302665
3BMEXQPpYt5CNwjLpTbuVZzCezxf2cpC6g,1130000,69f3751994b4a6f4ace019cb5b52fb7bc805e4bd
1E1pH9V7RW35HdN6QsCtBKKpGankPszddP,1130000,8ec119e8088fa4c3c22144313701eba9453b055b
3FyUNK47DSbvya9pxgCzGfJc82YyiDK7VQ,1130000,9cae7dadfd171faf8371f80e22b4abbd0534b356
1GDDG7wN43XGjoynmStmc53pe4BaDGxkZq,1130000,a6d91ced9ef9992a69012420f4aba42b8ce5dfd7
19wH5L6QKyGAd5L5MD2wNWzzB5RvMeMmF7,1130000,6204e2faf1b22098b051817b76183ef9452f15e9
1MTXQ9XWtQ67sTR8BAAn1irx4agCKbP2ZX,1130000,e066b4e13461b0387a12e56d7b21bc3220f9afcc
3FY1D37xtq3oWR989omoj1D7iiecEBw6K7,1130000,97dd6b8143f20def5a6d50286d1f0da9fa4045bd
3BZ8CCFiXQN7J2hZDxdz6pNc1pTxTSz4Xy,1130000,6c3329f879b4fca69b7ee31e7ae339b854f71903
3MpSNR7cj5JndDxe7csLFsZeTD7H84tEe9,1130000,dcc9d57f1947e6dd7b70198c084f5ae026be38f6
133Lghe5PitwhTBKaznVdNfE7YciHR8HwR,1130000,166183e95cc9ad9b3c7e63fb61d334d62eaf4565
1Ng18MC63FfzgY5Dy2y6Hs3GfSptgjAC5V,1130000,edbaf83ff7fc6ea590673748a966d857d286a25b
1Dz8U3Xtki52AK9D2PEcRNJ8cWaesSCS9r,1130000,8e6f73a64385fa6e6fbef66a513f2d501321dfda
13FHH2dacH78n1vN44Zbc5gTPL6GDKybps,1130000,18a3a96e85e669f786690f8c02fd479dddefd00e
16CQcyVZ8Sn4u4qx3eApKswXEinck4zQMn,1130000,3900ebf36e20680581a6138d7cc23befffd6226c
15ADHvWHXyh46NTA2A9AZmZEnZh95MfWCb,1130000,2d9e81e7b4117668afb0268e5dce22fe6d66ffd2
1MzU7AquyGywDLHySfrdSrDeefu6QFd87a,1130000,e640da4e6fd7d8b149673995013e5425c9b83156
3BMEX9u9M8cGVEkqkcqFUnSFfeurWGp4Wk,1130000,69f3742dddf516b81d9527e43199bb3a4c3ad1bd
3ESRjYHdJ6WMzVKCeixi7Bu5P88cxu7cXY,1130000,8bd74586b3c311a31909953d68e3a240d6dcb669
17KRaNTnRYzntRddy8UVR2yULxdZP7ULTe,1130000,454cc1a8ad9d4b1f354e216240bfffe2972712bd
1JV1Eseueswkfr98HcmJpxMYfo7Ln5Np5v,1130000,bfc5fc24058e1fdfe68e92d0e23632277d86764c
32EyTnTWKntCnVf4SttxM3viErFdHKpv1c,1130000,060b4191ec347779de01aa753394b26e69578590
1GFzivTHjNKwExubGjHeg8TWv9q72MwGbZ,1130000,a75fe5101e40db9bed7ab067d6895ab29861e172
1EMeMiZ6zJtgJr61JKiKq8yKWrJ3d5uycH,1130000,9281237d256b861ae6ac653a62f5fb0587e73af4
18fXKfunJN2bD85yxnzqGE5LqGv9Jko4kY,1130000,5411ff9d221cc623004dc24ea7085628e21bdac1
337hudT62vMabmJTBXxqU25bymiLKypm77,1130000,0fa37c6c08b83e8f3e01ad03df5872f65e163b35
1SX83jrS7Y6c2Jo7qU6FqAJdcqwSJVd9c,1130000,04d38b0fcd3ce563c2747cb5e93ae5a3a732aa4d
1PM4GWQ8GR2WKV3HJnh8i9BgFiepWLE1hb,1130000,f51dd05df39455f21d0625119c04ed5c133e7eaf
39GC1ComvDK1vfWrQbn4wFneTrz5yKmnen,1130000,530f059a1849648a5bad2a2115a69e10ea5f027a
1CTSBWJovDEcJExFM6Vjt4WJaaCfecU4H3,1130000,7da9380186c06d0036d2567cf2516010e45f2249
3BMEX17Q17RyQFqK1eq9mFc3cyjCaMu14i,1130000,69f3739ef0e18fc262e6cf43cef80d8048779b19
1PzrizhAVXAG6PQ2hsxtLShTpJo3ix2Z3e,1130000,fc43fc0f52dfc5bff9e7cb8bf804855c5dd34187
1EZnmbFM3YKxQBYLGh418YtJwQhBBd3QBP,1130000,94cd26ded42edda495e43eed26303c05914e59b1
1F5cKh93GNek7ZCLedJvhmVyEmDAvXxwRR,1130000,9a70e90e1e9cec0f7c5f527a74b095bde06d70c6
1FynBBp8A55KduhSXJqZrJGYn71gHdeWJz,1130000,a44ec3faf7b68f29db92916ec830b7c8491f8ae3
1BqgSyHunXRofJX6JvMJBA8FKfWhuFZQsr,1130000,76e627416d29f04d9bb75e59037a233ed92723b7
1HznbaQLz5xgBaXVu2sdUo9STh9NgYBqpA,1130000,ba6fc8bacaf801ae2d585294737cf299110a52df
1H2G3sFGJaYkT3qdmMijpVbu6QG6vZy2zC,1130000,afbefdba58987f0be4803b2b0dba77341b1a2736
3E8uRYzbyayELJseh9kPMdzyYMjPPLfiKt,1130000,8886e60b4bd995468dd3da13dce66a12efe799d1
1JSsJhvGf4M7p2nMahHgV7rZiTjf3RzY7p,1130000,bf5e87b40e08a151a988f0e6cb143d5bd5a67ca6
12NNvmtVnUKw6cjJss9Pz8uRJUZyVs4yXV,1130000,0f032a3283cf36a3d9dda0a2cfa4c13be38e5f05
3KtpqJzKVh1HSApN64hTZwxD4FpYsvQz46,1130000,c7adff7ce593e41f3a26624d0de26fe2470111de
1AwLDmmT8PndoqK1aioDFe9vTNpdqh8NF,1130000,01e118e2c98c16db923094c25794cbd024a3c2ac
1MtwXPjpMSAZGkDDCSsy5GoqahAG4coEzg,1130000,e5353e7b66f73fb58f033e851f9c64751fd1f55a
1Aye66Rbpd6sNYsY3RGRLhrK6UdBbrVEEH,1130000,6d6f62a0d5d660a154180eea376c8aeee5da9884
1mEpUoYBdRCChzo5J92fKWWJdcQn9Vx6y,1130000,085dd66741128e4de72bd13668c1c30dcdf7d9ae
1KC11iH5DQDySUxWnTAxq5ddizMmnh6eh,1130000,0370ab79bdf4450a6262482a41079eb049008d50
3JCpDvh8U8DrWq3Y2EGNByafaMoQQWfxZt,1130000,b524b977673b49240bae7c2f316040dfd055330b
367STUiyBryoG12LatBYPhwpJSSnFwBNyL,1130000,307ef734104665abffc67781d4c33c16cb34c202
1NHTJ9sGFdctzpsmu6bZsZCkRX6Cj7gNup,1130000,e9773f5748c82859e678335258713de75c26c94d
1KyZhcAwQgCAy7oDPAutvC8oT4zx6a8vzB,1130000,d024daca0f778fec88c6de47021a7031c006f566
bc1qmdatgykrtxxvehy3wgmeharq8rdd7u6hfzqfue,1130000,2064078b9a1fc40893326ab861380397d2a8e6a0105a95967682
1A2WBYr7VseNhK4GcYS165qJgfidDrKaph,1130000,6301e86717aa5cbb356ebcdc1e7bc6eb5dba519b
14jTiSNrjMwfAA4neqJSbZRhYTh3BuG9RL,1130000,28f025d8b86d6eed2b7b6de77dad6cd334cdc996
1nW7mud328GwB8jdbzbuPH3Cu1iCsGFfi,1130000,089b061514c42574c2b3781c1695d8523f3226be
1B7KGah1HXcXT3CApwL8SmS99PTAobGP8c,1130000,6ee300e5351a0f0dc40f6af694a4074a86e8a475
1MX4zPofurR4qTh9jrWG2sTGSshwYv7FGK,1130000,e1125327e60079f205639187403f621d30c9280e
3BMEXjhjKhqANmxyRXB216wgNgMy1X2TmU,1130000,69f37653968bf440bdcce09bf14779d35908cddd
1LJhXSFq6zEUNmG5RT9Pvsgk63JEW3Eaph,1130000,d3c34a232a62e4c5798e1414dba87e9ce9f70848
1EeVrg5Xf5NqPTjyM1XUBgPzRP1dv7quLM,1130000,95b11d29fac55cb4741d1334076a19567f93043b
1AJrKdAnAUNyp5ZJe2MwAHBomL7PRaxjLf,1130000,66195fe4a1dba6a584417044720e01ed0c4e0577
3GsuZfAyiAgVJxwoDcSTWRNeH8msbz4Gte,1130000,a69927388cf67ebf952ae535d1c658772ddd536c
32vH23p3DkF2dnQ9j9pZpftktrcxqGNqd4,1130000,0d7a2246e28472f390f45fdb6d104cc847d9763d
3LDYRU9YBQ8CFTF9jR72G8fnaF1GmxtbBx,1130000,cb3833b6638bd5ee317d44a023763754bce1ddfc
34t3pKyu1G2fhjJgzB6odM3n2Kf2joLpt8,1130000,22fe8871efc29007052a450609ffdf71204267be
17r8toWWztawQFXopp31t2qg6py7bNbhoh,1130000,4b1bb9c6b59a32e04e4fa782c31f5a23f3928e2f
1781d8ZH3o6HCJ27eHseyuHgtu1JDtKAKw,1130000,43242fba43c620d594aa4fe2d24c2a3c2d66093f
3JgTDb6vBLurgDoJnksNztnicNfiLkEJ8x,1130000,ba5ed62d61f2e7855c47cc92210c694d18d80e91
15eqgdZQBPikD87itdyfv57qKTLwhsz9QK,1130000,330888507b9419e19287351ee1ea369895ed5895
1DPFa1teTrR452Prfk1m5Gvxno5DWgg5zw,1130000,87d6d2853e09ce5ebb531c64984621c0b642e7bd
3BMEXgkqsmAvwaPYvC8CqrPhPKnzQhk5Go,1130000,69f37623ac791b425c183accc38083c092207915
3BMEXv4W39zANPnZ6zZBwHmtJADmCaXTG5,1130000,69f376fc0931688e53aaf8ba9166dbadbc809f52
3AwoyCvHBTWqxHomeS1umthApc3zjn88tC,1130000,658564885e3077c1bb6b55a526395cac53d16312
3A1Gc4TJTozP71peNF5SSSaVXwaput1QzF,1130000,5b34bfb9ff48e7151d75cbf0d884dbee79a11436
3MFX4vYaoGvs7ziFHLMyHHAK9nXAxRUBse,1130000,d690077dafcb64eb90f66afd4ba6dbcdc9721a01
3BMEXb989r9SXcP965U5eATmHroYQcuhJK,1130000,69f375c858b67cc07ba5fd99cbcec25d72be65b3
1Gwzb31TwrqmMk6omKnxQzHu7g7TbQ31ki,1130000,aef06b73d5f27d8e4490636c0dfe4921d5425702
12qkTBaawgAhHcbbt6uiLQGcaQgKEYFJwG,1130000,14305d05c03e4fab496c48bf4c535dd69f0b41ca
1NDR9NUSyg2ScdCDpKghrjgxow9K3EYRHp,1130000,e8b3c9a40b91f28fa2d1bbcff35dbcf4b8369c5d
322fVo3VF3JbapxNoHNeY2zVprN1yx7rkP,1130000,03b74493aa95de52f8eb37ae802f2a08ceeb3d99
1XAZT2gGSH8bWMu8FvXnXa6Zq3xG3ojRJ,1130000,05b4756cbba0a62304d3599313ef6a44f154a6b9
33x8YYqc51cypr5i3ra7psysTgytUSyc4W,1130000,18cc048b87ce3c7f66fa7d08c63eba91d720b4ff
1KAPAWskHy1ci4TEHX7VTGSkGzsmwZRLZe,1130000,c7388266fce59a51e0472c17ef2b34e510a3f3c6
12BHMbuAXFWVGwcUGzVADM9WeE3Qf8vDUD,1130000,0ce9f0232cb2c07935d6d00f529a3399463b919d
1E9CUv4skxZf9quUFi4My7yvfzzxTME22o,1130000,90268c071bb587973c9c75ce6e8a5d5599e05494
1KsWLgpk3qbBoecZCN3XobU8Wmr27w5SKs,1130000,ceff8db3301faff2fde2c1f2097c36c09bc271a0
1EehhpjHKPrY1Pm5q8sCgbpwHD2UkAR7dq,1130000,95bb00ee113585eabb1fc680867c92fb90b6d45a
1NeLETqymcxuP3Eu15SBjg1kRsYiRiczGC,1130000,ed6a1611cb9cf2aa0c820f724494ed8a7914e712
1LNVTqfQHHMEsDk5x2FARG2zJ9PeRoPMbm,1130000,d47ae27472b2017fbba0ea5a26eb185d388e05b9
373u5z2DE8A9w8Xsvn5mRSQ2sbBAqbreGN,1130000,3acba81c027fb8ba257489c7910140ee35e173c6
13xA8AohZXivkqwUZY4n69iAcHA6PRPpQq,1130000,205ebed6f311a7a2385b41cff297594a31468f60
3DQ8vRn49QXHZ1yPh3FtUtpgxQe9D8Ed4H,1130000,8070479a12a64395eb427aac9a46246d6b073f7b
1EheLbVsEWkXra3XAcKHhxN2oExmsjqg7s,1130000,964971149e87784907beaab98fc2271fef3df638
36SADXmfn66wwCojvJABCLaV2a4NJK4aR6,1130000,34094fe257bdd00cc5f43b84ff091ffa0a23ccc3
14y1QYJZvnftZXJmv7ugHxn7LGoHfhUsqD,1130000,2b80028f9d41c6fef9f02d23938bbe83ec9a6d53
17A7R4b7i16FdSoJDgNobhha1H7t1AAsJu,1130000,4389da6c3be9592f75d6e5b35e9e7f994aa76f54
19oCtQmKzrWVHdhMbAMakXngdaYrNQizej,1130000,607e1010ef141198086f7a05706667dcee1f2ed5
3HxJx9AVqegoFz8oNEJVK8DnUMMrkr1Xze,1130000,b2667741e1a8a3663414368395f8c09054f11619
3BMEX9iuDndiJXGirSEyAXe9UkYxXP4Ldv,1130000,69f3742afeafae86ed53cfd2cdea532e0c1ce4b1
334a6bTPguLP4bkcHvb9XzJmvHFSDq6XEF,1130000,0f0bb7c80149ff743dc1039cea84871cc86da1db
1Pp79a5pimGQ2xP6npTT3xWpnYhxrUtUjp,1130000,fa3b73082b5ab77ee0ceada36e2c0640d590c5c3
34UYu9hkH2ZHshTTKm4A7p6cTBev49KDhE,1130000,1e8cd3c9ca83712f134abbfa830e4795276982f9
3LZd7xa6gbW3J67NHX447eGmEq5L2H1LNT,1130000,cf0471699b64ac2096bd394183464013903c2ac9
1HHkAAbxNTbf39xi3eeC3YhfQJ1S4ifxph,1130000,b2acb1c68987541ee4c38c942e3364e9a37ca7ff
3MbkMZQ4ajKYGERShPy4VdAfC6DiHSHkqS,1130000,da63709504468cc3bc2af851b0e25a12e56b9e9b
37TtUAgJgQdGUMPkezT7SyZBV1syNtnfzh,1130000,3f551fd0c1cff5a8f61d2c3909052dc39bdeece1
18LDni1sHXmtX6cvxELWJyn3RQeG7gh1j,1130000,0162f4c87ee64681ef63e4a8f793d5b3790c695b
3KFi3w6hhMzJYEkHhWVykxjyK4bXERZGzQ,1130000,c0a8f21e6af91220f52f19c25505b89733dc5714
146WivzMc1ZZ3byZ5v648vo41azpqcRQYb,1130000,21f344c4a814073d4c70c2da951e800c7f518b48
3LfvuMKmgpsVWKDqYHEfaao4McgMPQCZ5c,1130000,d035c8712b820aa9c239d0302ba9bc154c48993c
34pzKAsm5sYWv9fSPxxXXeBRH34LW9dTm8,1130000,226a5c76ff25b000df2905444a9b262f06e8b3d1
14x8e4mVuEibc1ep1YScAsRtKi9jD8MMwR,1130000,2b55a1cb4bbe034d02861c24c779dd98ca9676f0
18sDLusfCB1r3VjmLVWD3btgqWvW5wXqpe,1130000,5647fb74883fcba9f5bb7e75219fe260c965d86a
19qTd7jw1FJjTxe5FBhTZS7hxPd9Q8h1Uh,1130000,60eb3229354dfbfb2b23ac27ce9ba6c8fde83148
32zfG3qbAF5fjWdJezUiiY751dfKyRSMH4,1130000,0e4e5d299f8ee3ca4761af02130468181560fede
1Ez2vVJUjXAcjDWVTs5Lkynma2GjG8S1jV,1130000,9962f31832280349e0a028e660345f4102f918f6
1KoQzyv1m5wNMPLXjzUkrTJkciFiMZx32i,1130000,ce396ea95f2e5cfedc0b69e42da3fce01d985455
12EE3AFzapAX1QE6zzQVeEmYiTa7HC64hh,1130000,0d786a8d92e3d68c4b516ad29627cf071e2b1683
3KgzYFb3AAWdYb5nAwpcLYhjrdUSQTbALA,1130000,c5711bc82d0fbc0f6b573e6682a90e4ff8a6d8f4
3LhRZeSuY4Sqheykfzsx6H31CuCGZFfPWC,1130000,d07e1f91f5e38c89eae2180a08124851744f5a6d
1MRbUaBofTRNh4BKic7GxscbB33CaKYs28,1130000,e0094700f60b0503d1cfb032f2ab98d9f3257deb
1QAWvFhhgFPRM1PeJ5LRr4gbD5ZRF2NCpP,1130000,fe179c7194be4d2382f5cdb94f8963978d1c6c6d
1NQJEcmyhSU9bHwkx7MpndrKa27exrFYnb,1130000,eac2986f08b0b8134c7eda1d127c51d90e0bb79d
1A6qofxcr2bpoyTrunTVybBtwgQyF1WNLW,1130000,63d3f3b3c7b39047bb3abec880d96f6351860d8c
1GGUXZStES61EEBbBx95t5ajDuqc7imXgA,1130000,a7771abe9fcb4a68a0d0ad6e3e99d2abf52778df
39MjkUkKvJXC9WySLxh8uKygAg1BdeqDmW,1130000,541b9a1dbb17bb5b8767ca383299972fad0ef24e
3JHqUvNMH9e987njfPRnEvwVHR96zvCYep,1130000,b617dad77a88e5299981f901cfe3730132b76f2b
13eJVtC9YBdgBxzmvGXu3Trqq3Hzw5wVwD,1130000,1cfe3facb053a4d4259933c377b7863ac156646f
3Fd2LQyn4VwuK84QDq4nfYo7G3S2AwSibH,1130000,98d070d055007f98380185399c6839595b213355
1GKDR6ZVmk7CFwfLAxiDJfobbkXyV5b3wv,1130000,a7fbbceb0758b61d5310c14a3e87dfd0716fab8d
39hFkxkfCWyr8rqWohS3H4svVXFzh5GnT6,1130000,57cc8e1311c4f6ec2d6b6c7938ea55f30c8803ad
1NdL9EURywwxM3nmCXEQokNqCxbhWUV7bg,1130000,ed39984fc6a73894aafe579b9dabeb7470b6e135
1GB9VBX3Neh7Jz3ijmzNr9TPHU56NxSS8e,1130000,a6752149f656e88e4c417018f7afa0479c50c0cf
19YL1Yk3eAPRGjcizAPcTiSYTTL9zWmNND,1130000,5dadc4f50367cb38f6e870042af689585007071e
1NzWSWdq2jwd7EVnQceyam8eo3vx32CTkL,1130000,f13aed2a3795b8eb4332a599d06f6e0895c2a216
3KDSu4NKRjhDycqfaLaZUyxCwEXyjXDkhu,1130000,c03b76fa4097876f527b7cf3d6c3cce2adf03904
1Gxo8KMt43rSA66YBTTvL2SydiD5UYLAZw,1130000,af1744d1a4b65ae9c3eaea05ca422d7cb88d62c3
1GsLJVAFkbmQdLQLPqxxCTnBRZsjukioP3,1130000,ae0ecc01ff59a4cede20e699a64551b583eb7bb6
1MDEgo7HZZn9KmB4GoJL38idoE4zSUWHSs,1130000,ddb2ee8b6ab7707adce71fdd7ab7ad562fb854cc
13zd3tLFTYF2iCXnEbeW6b48J3xCwm1FR7,1130000,20d60ddff67ae0149612c56a438d818b90ebeabd
1LGqHmtbCL38qjR7R9Q3AcF62iuwtDjrzi,1130000,d368f06a0825e0a2250403abe4194f71af785308
1CPmb2cex64i5dt2nJW9zHTf8eWzzTkgf2,1130000,7cf7c0fdced19db08e93bde484ed7bcc623cc6d8
1DzPvvPHJRLJZ7EvSK5GEwQsdCqppDGN19,1130000,8e7c5c2563f1c60ee05dabc76e19199a6cc2feac
1GsAHAz37Hss9rS6Z4mnYnya33Bo6AWpnQ,1130000,ae066e303668ce68e475c56104f8f86144d01b45
3E2pcEDFHNwpja8GP5J1c9HmseNG55yUQ2,1130000,876061f8f1af78b9857d2cb9b9efb919fc2e2c6d
1MdDa2GXwyPL5mNPQzpmkD8kPdafNGZV7b,1130000,e23bfb8f83b383fc429ea20f1554b5cae33ad2a1
1MnfpXWaSxtjfwiXscLVyY276ingjELjTb,1130000,e405a38683ecb7be6b410001b0d32694cf4d5a9e
32y3EXgiBJPWo35sGfY2YJ9mBhECybHDee,1130000,0dffdff2735f9f00ffafeb117adffe2aa91fe0ed
1JEjC4sotoo7cnZ2xPtK32ibRoHfHfNtwY,1130000,bd12c3d3192a1dd06a90f2cd115fcf6f0f78668f
186ZLKTJWvtsr33m7jusoygu668PYe7HsQ,1130000,4dd5f35981614ffcf244ae3a6032e5f8f114196c
1P5FSiem44nhbp9JmTcHsZ4VvkdfEpMu4y,1130000,f2207ce384f01dad8d2bb911e99a597db30b8e73
1FTaGm7u84rHye7AbSHWaTDRPW7DbM7BKJ,1130000,9e98598e2d57e7475925786b56081f8181f908b2
3BMEXm6KCdd5SU2osZzjzbwTNQg9XoX82b,1130000,69f3766a2ec7e90ae90b59057745feedcbdab471
37w8HAf4L4o5RWHFdwWPahVcNgY9YvARnf,1130000,447be22f81e24a864fe22192247b59c8b2cb6b47
1Ht9jEGoHAtHZjCrgnTiEBKPpdtaFeUUk2,1130000,b92e832e87fe5e95728cbabd20f9eb2d1d2fad3d
1KV3BuHWBaCqFdob7NRDTXiSCn57ooTitM,1130000,cabfbcc9a63cdcb2f2d2bdcaa4db4bdf6ce03804
164B149w7dHVt5hGtEqa5WxjvnpTetEL6e,1130000,377239a483742c09cbb6e68883209611540c9155
3G2Cz8mJNTYgXTiZF7ydrvZtieGLpdVzCz,1130000,9d32e5f4c8c504cbc90cb4ab3398def0b80304d2
3EDmiuHCHNWvNuiQB9J2ZeU6YBipvMFSkb,1130000,89728cd0b1dca608d377d97b7dbf2b515eff6940
3L2REjL2Ai86caDXRyAbY7maRMDpH9Un22,1130000,c91da0e9c7fb224cabace148d3069a74b697e73b
1HQwty1iPVG3u9LxCYogdy5sMeQZdcEbS,1130000,031aa51881f3f62cfcb003386987c7294a7ca142
3EYUMv9gfjsFSB6yCLu18i3psVNGbKcrft,1130000,8cfbf5de5b2333c3181e9e3f9d08d2311faafde2
34EicwLvcEc3uc4SYqJww8UNYDX5feLiSF,1130000,1bef1e39ac78dc59827f45e84368901322864269
bc1q2rfpkmynmjuxz6n2crmxnnqpgncxa7zez5x64n,1130000,2063bfd77f14251f45e21b2c99f231780f20d9602543531dbbc0
1G2fjPpsoKMgseN8reQuDhcbAMtaRmkFze,1130000,a4daa237dd2c96c11d0fd186d8533a448efd9190
1HWxFhnMtBdxFW2CaPiUCupmRY6HdtzyBL,1130000,b52c32e030d83c054191ea6d0b2b64c1cc472b75
1GcCGrAP2aqwxn5twUJfuJCyujAFuLC7rQ,1130000,ab31db187208212deff760947f44f0622a68beb4
1GcE24TF2411sPqM4eaBt7mg7X1vFC1ZBh,1130000,ab3350016f06a04f87e41b2984c0718bab3760e1
3BMEXdtWr2evwAZ2fQgitzQMHDR8Whzgz9,1130000,69f375f509a22ee2f2da5805b97e45d227cd60aa
1MEi7qF5sUArvLaMtSYi9Hw1nFZnYYhRSq,1130000,ddfa3f1fe9df132896d6b68c2990e40f30762ef2
3CsS5yuQXJTAzKrYDs1ghfZQQoRt8b9gyo,1130000,7aa1b698bcad6636d913d6f21c47a6b9e75267a6
37kKZj8mLH2jBZNDQXwAAbuLHd2jy2HMo7,1130000,4270ba87a940f8176c3c988701a90533f0e00053
19ro9qmhdoW7ou4818jF5CZM4Qjje3RDw6,1130000,612bea1d05ca4a8f971a3bd388ba70a79aab586d
38McrxnPyJ77Dy2MKZNiuubT4LpLvdF9be,1130000,491db9eab8bd8b55a53f0ec8531bf9e2a14ec469
19PaXqkSRLwmbScZdDWcwuhruNTajmigi7,1130000,5c0625f7acb498cf6fef6349519b7c08620fa001
1LxEtBKcjLvJxZF7AkhqBwGtWRPTCjq4im,1130000,dadcdb30fa4ce12a345aba35c0db5de7fe9cf9b4
1qvMfntZfsrjchgakpGXRMkbhxiriQmuE,1130000,0940817cd8b59569021bf7ea1ba18f7ce6f289d1
3KVCRNCvA69L5cigJSwkDQkzDDzMoPqtpm,1130000,c33608f3fd54f33d24bc108b44741953e17fb804
3B891FAwvuQsvCqVy41XE14Nyi3ZvVVM2y,1130000,6779712b6b661b17e6b61a6f41a87d38b9caf5d3
1PD3vKiVJfqVHvfRmKfoxuvM6wHsw55eTT,1130000,f39a321c0f881a8e4020c521fe20febadfc901d6
1DhRaxpVjsvMxCKDqmLdLR4nMbmQEGReWR,1130000,8b46abbdfb26162962b677f32d372b8149e48451
18mfcpgvUG9wxLTnvoy6W2tiGLEY46MUDr,1130000,553b6b4f0638cca93e7b8d40df77cb77653ea305
1J23JR6YR53mhDX7fWooja5vS7dQJRdsPT,1130000,baac7975a810a2596a6f0b63674fd3990aed495e
1L9stWcFPfnFQRXjrqP7Va29BQar7CX8dx,1130000,d218326444eed81e9364684e88ebb6dc33ae0b77
378nsUWNRnXDr2wQT9AcXiAbvUK8aqZTKd,1130000,3bb88c4394142a1873da8fadac16ef981e0f7d73
1JSuoKFUhw7jSwLbGhJSLUBzbt86ruwuh4,1130000,bf609c82265897ba02d583fba918df1fe58353a3
18Jccv6EJtrkFDiLmb6cHnV3KrFMRC4tnC,1130000,501daf6e09f1c2dae1ab3ddb7cab861dbcbfb61f
1GP5qUtBvvtYvLBFzxv6Hb4haTtn3yzqMM,1130000,a8b7131f9a093ea9c671337651562f66c63f81e9
34uX4JXK8uNgUnELz9ksHuiHVcEpNTADeu,1130000,2345b04498f82d26655638f6a5593b9bdd91854f
1BZQ9hmezfbuhhc5PtzqMH4YMXZcV4qgW7,1130000,73d1e4af926514cefeeab407f62f5ed700ce95e7
3BMEXULkCZUZb52QVLYSbaa3hZYZRJtMaf,1130000,69f37559c4ad956ce80185de3e61fc1de2db1556
3CRtqNzUJYY4GnpnScPPp1bxdD1jbZ6Ksm,1130000,75cd3a007b3b78dea36bd9d2228b356b68adda96
1BnfH9Ta2koqjneHFBVmqaeVzkmPPk6D3Y,1130000,7653ede674ca09d4f80f7ee24ede156427a8d81c
1pE7ZjbLFbcCfuj1Yew8VnAwZR94haTDx,1130000,08ee7f1ce63772c98f2e40497a9cd6fe43b55da1
12dDHZCQ4LYCqfk35ctKGME9BZJiTC7Tm6,1130000,11d15b13d1e576aaefdbe7ea2f7f91b806ec70ec
34QwX7WRuf8haSpixL4aoUEmmLnJb8YTxP,1130000,1dde0bb3704f8ec6c5ce97ec92738cf5d1ad4bd7
3My3BCLwvRDiDGhn3izzPLy6HQ7GfkYvYk,1130000,de6a377a36e6537f1b99efe551b079893f7e2517
1BDT4uQtNMYcqzJWAa1ooDKiJTB7LzpfUE,1130000,700c025f759e2aea0b3e6c75d5051a41b915447f
1ER18aX8pbhdNSHfzdc4uYVN74ynQc6UKg,1130000,9323ba32b7d51765a5bab1fda3028bc42caa5ae7
1ApEiqSPTeUg6tW7ig7pne9uizVRcy3X4h,1130000,6ba822df3a1a03bfd1ba2aed94007c93167937cb
34zTbv1e41q2uDa7qikWj9fbWsXdhx5wuW,1130000,2434e261140d1405b7d7e91dec1c843f1f00c2e5
1BgUGKbAD24nRJFFiPBbNfiYaxNieiLM2L,1130000,75283d437b8781bc0b8e554fbfe94569a9032713
1EK112PEsBMECHtRvwP7aJKDnwxCMSmheH,1130000,92011f72be8101242e90b202f1e6dd27498e650f
3LXnFMZFFxYLa5YPxqkCWhujiprkNiiVom,1130000,ceab3af945a9f1ee7dcdc7cc8f65ee810179bc9a
12CDKWCMg1M7CYTPe9mS9PZLD8vjENV5Q1,1130000,0d16fc19a9dba860bc8804543197bd19688a73c1
3JJmMuSXF9T9w93aFEsGqS5N48di5qfLLa,1130000,b644d4af88bdc3939dfaed9bc901e8619d694c48
12ChUAnztUPtHAsgEJ4y9ed1JM44SmYmVn,1130000,0d2e7b92a3193bc3de1cd57bf4847283888b057b
14iEsAv8E8t3vfcHPRuY6JboDnyn8bbrwB,1130000,28b50176b75af6c51d1db8210ab6a97b90705a8a
31tM27zbSyh8ZjYBXX7GpMmTSFdZ1aYj7L,1130000,02248429603db56692ab346b125c4dcccbad2d76
3BMEXf8VLbKuuM2shxiYPirMvhfX586oBC,1130000,69f3760937d84d80fe2af125bd5574468e4792bd
15jQqu2P3WUSxeUTVLv3N11ZhJWksfcnC7,1130000,33e5e06fde48a54da20722d56033e84237158c02
1MdRtceMxN3b2Unqz8owJCtVHwpE6FS8hs,1130000,e2464470dec926b180a502000f6703cfbfcb4c1c
1FtKtsXWHw7FHPAYvxBpKax1vctdUcYbnx,1130000,a346bf499499c6fa26366cfcdc0591f85f6af4ee
1G7tLzcmoiv3b8ih4CfDXtGzbvuJjyzL6t,1130000,a5d73e310c9af751b6cdc942af6b792a30e2d3a2
3KAjQwkKWgLWeUtV8afQxo7srDAzCYYHhx,1130000,bfb800cce6c56c4d2b0167336c015b03b1ba4a0a
1Q4Auy2kRfPHSXuiYVSJv61aZ5zNa2cZXF,1130000,fce46a81ac9883b7c2a0722092f10b90948b39f1
3AYRaX7nsnhL7ureUvnxxZsM49fKKFp4PU,1130000,61192268148a73d32459c9736f4c2b9505fc95bc
38D8UjvXtcUucrbZct7NyFN5SxvA3xWEDq,1130000,4782b49b7678ba200403621d13e0666cd8da04e9
3DSrdTYn3fRpoMGvmv2pRfKxrMSLwY9tRA,1130000,80f3ed5e6762d95e9cf3d6c5d9ab28bfdb0ee525
3DBQ8H24E6cjnSCVXH1a3b7s85f7PZg8To,1130000,7e07906898ee675dd2a8612a6ee3aefe210888e0
3JXmqu2SoC24L8XN3CDBQaubxsRJs7m9yR,1130000,b8baa4250c09e4d005f5113db0db2a2bb9a957d2
3FV3nW5zbw88FkGgAwXLjR2kQ3PTTCmqjJ,1130000,974e52be00964d13976044dd7dd23cc11aeddc03
3ATbLbaixUHnwQVfHmvuXQn7kZFc7XFmf8,1130000,602f33a83c2fec39c4f31ef73b2d82cf3bb75485
3BMEX5W5YRHkfTVS3FgJSnx4gc2bQuGCJi,1130000,69f373e659a4440e43d9871f3a351b55fd616758
1JyFmjBbXdk1ZFbxekH1d1tVnofAGRiHod,1130000,c51dc3350803a3d8eb3973e77ca54fc54e03a13c
3BMEXCYVpZeY29AmocBkjSeQUUkM58G6wT,1130000,69f37458dd753290ade34cf02cf2a58052502fd6
1KbPBtfWV6zTPFC9x5aqui7jpUppHZkS16,1130000,cbf2eda057f9e246361ccdc360cdecd79f1156ac
1LRKxqrSArRWzifsa6hZ7wYEAgsJM6HUVo,1130000,d50433cb53ef287c1b5a5543acec737d8d192ab6
1EnzSGoYfjfrEzw4BYXqcQuzta1XK5Vy7e,1130000,974c4c64382bd1784f87252d622a2ded924d08c4
12JYxHLg4rnbkdhGLAGMEtroGcTN9HDYHa,1130000,0e49dec9c60cd5626894459c67259ef81a90f04a
1LvPaYhQ3ayE5pg39qpZMuNug9Fy2UbqS5,1130000,da834889fdb0e86ad5810a935bc2b2e897b04369
12z45UeB7BLV2BNNV12QHZfrhjo8QJZ6To,1130000,15c26780bc83192913d4b731b4eed4cc5bf51c69
1Hz5SexzaqgrByGt4ufsxW2ssNDiAKE4CX,1130000,ba4d6e3d6ab40db62cbeeba68821f537f84f113b
3BMEX4vKD2tTvTxWrt5pxxhukUv5DmPgbP,1130000,69f373dce212b6ced8158958476c09f5b414d9ca
13v57FTnToz7fCUSyKsa2JnzLXNWzqHwmY,1130000,1ff9b9fd06a26dbe6d1b62d832d93404dfc4788f
13yDa2pZe5z8R16w1igyoUfHNZKnZFDW67,1130000,209209b5598762d90420163b7bac475ec1411f0d
39srhRaVjuwGv2EiqPVWHwoBXF7bi5fiJb,1130000,59cde15591d4e42f1b445739b12edd8fb7a350d4
14j3xKDMc2mBQema9xKQ2g5JRfqoPWt1vK,1130000,28dc50388992d40e4673a8f98ce30bff74498239
3E93vKApqo2RS3qiBY5mpCj96saDxwuKHt,1130000,888dfd996b86e0196819a7e8eb8d98f8a78ca1ec
16LS4DqJuavc7Gox3wftM5BYATJ88qkAmi,1130000,3a85728f96969618c061fda53dc35c17a166790a
3F4UXTnRUrNuiV5hyEaxbMWJVenuXTvqRt,1130000,92a8939fea86c6aef33fc3d4a2a02ea5d3c563c3
38e69XspoaPXKdCfeDZMk4fLHR2AoM9L7C,1130000,4c3b2898cb83ac9b063df17b33d3c021f22768ab
36K77fqWz6oK28N1qinTxCE2veJoyX1Q8j,1130000,32b3cfcacfae608248cb6ab94d1ad5cc21d54dd2
32zBXm9H5LcMxhHA6CsKxBJWSXApeizKr3,1130000,0e373782163852e140c416054a762146e76e4e70
14MJmU9odRuVqXDEcXsMzNR6QvTejiwpcX,1130000,24bf870894f049bd683065ecfebd7cfcac84bcd8
33e6XU7kStTwBEuNhzWEFoqbZUL3ffhx66,1130000,1562d869a34d0751bb0e3bbc7f9de55df2865561
3ET4JXpqAfanDTsHx7Sk7yenVm5mzxSz1c,1130000,8bf5cc3688c1ccf7390c83b3abacd286395ba986
1xfmxxnDYBH8uCHYr6cy5tUtX4mhxVLrr,1130000,0a873ef02baaef553630bf7ab1472a9711ffd206
3K6ykPsjM8ymCDUaif4PpMNVDroLtjhPdB,1130000,bf024e4ad7d246905e4e965a0c707116bf546049
18TLwHKjoCNZvf24tsczzbz93VTwWnCJpb,1130000,51c4564e5bf23fc38be190fed8c2626840d40955
13mczJ3V3mZMMXcp9M1L1C8V4qaeTtwzLs,1130000,1e6098528ccfac1496b7f943bab28666881759c4
12U2kfqeRFyYJ8bmhG2rWxKeuDaicAFmFB,1130000,1014d1ecd3b2ad542a98f569c312c3681130eb14
1MvNMKrVioM6aSQfo5hMpDA4YHnaxpCf6t,1130000,e57a6253f3dafadccc3b5c361bab376d1a6fdaed
39BeQQfnYu24TtS8YNY3ymTvVsW4qPMSyM,1130000,5232fad0d2853d3e4f179b2f9a6cc45a67d4585d
3JRkAHnNDVAu83duYY24E9zsywtrYVRJzR,1130000,b796bd98d947ae364b970ab46e4cfa8fdee833a7
3FCmVYKb4NDNQjyKnS7QavnKaBVvLbGLPr,1130000,943a114ce732db2c058bb82d822e69449ccfff46
3BMEXUTMnFpEKLC6EYFD6gHkBn77fjReed,1130000,69f3755b9f628bcb1339bac139d5d606620be0d1
1HVD838JCz64X7JTZfYarWNphNzVUeshUp,1130000,b4d7c72089bdb17d106814353923f6ab7ec41ca9
31tUwvT4rgfAXrqFZV69LkeQDum3UCQw65,1130000,022b22465b39a46231d64b077d20c9a6b1b67f4c
1PTgsXq3igKBvGc7r3aw7r2U5hDZZQZJV2,1130000,f65edd75d0bca091282d5250d7471a8013f7ab40
12aGPz6NR7fTm6yNk28vFAKvr9C1kyDEnV,1130000,1142b466ae5672983dc7ec731361fbf7b0be0464
3JEP953JfCKCCHLmow7U7isB9GtTHujnqA,1130000,b5709e18904b9dd6000b3c8577d6c655b86eec91
1HssfvFfkY2UhMEUDcUpfYbVzNvDaev47i,1130000,b9211bd0ab7f1371ab1d86b7d2cf63b5cb242f54
1G5tc8h8ZdKkT4zbddgmAQjK94LBXcwhfK,1130000,a576a0ffb5e72e835334c20578dfdefd5ea3ba65
13pPsSMG8nPdhNZBqTVZ6pP3Mhr9Ujd5Dn,1130000,1ee6e4717207cf7a7609d84e5d61c1847822cff9
3HYVEP2FHNdTf6mVvPzypSd2SeiNuWxDCr,1130000,ade5106666091e8569ff5781d0825d48eef95ee9
1GXPXDU5QwSHatc3stAg72wtxkv8NuREsi,1130000,aa492a474c91e7bf34575e2449b4fb75bbca5608
32U8jSk1nXy3yEr59E5EtmLMDmsA4xdzQE,1130000,088866df3851d57fbb4722401167a9c90d8da694
1CqC7C6hgEWr1d5nDJxafxR9MtpEhzWMJr,1130000,81c69f0924cd59679aa9235377e589c6c3610962
18be3mN2YMFpNdcm15pM4BWyn5B3UBrYjF,1130000,5355f2f34c6baab99c4d0c1f26413fbcc40a8feb
3FM4FyyYHiWBeeMMSaMfA16qCzGTczkurq,1130000,95cb641aad2243a418cb022f839cb01cd518bb6c
1GC8qh2Ft2Wyhic9uxx91sU12dC7oxp9Xy,1130000,a6a501a3ea7ca1201abe3c0b2817c58e459759fd
1CYBYESzQHWqUKRzKUZWhcnG4FCYAGCjR1,1130000,7e8f13551c8ec1e6b4c3d3ec9bed2bc93e1c1120
1Bh5UmT3EieGEcbS8G1SwbyHdDfENAAPf7,1130000,7545a28d13eb2a3a170cfeee6209f5116da2f98e
3BMEX94DbynwF3jBnFDj8hedYQEKSq26UE,1130000,69f37420260f96f8f066685262e0a69ea7177723
3N3PtFxsFq6729BKNMoVsaSQDscoJybK9e,1130000,df3d2aace460652a9fd9a73b1028607ffbb971b9
1JqP32pQZkr9DFxhjiE2fxXhaee34issR1,1130000,c3a07f973509d90debcdf7b11fd3895f15d05a1c
15GF4XcofusokYALfi6p14s54SGqmxByND,1130000,2ec27adde07334c3add7343af8208f1754157b36
35vnuRyG8eod5cgcd8xfMbwJD1MmoEBuyL,1130000,2e7b756fbdd8817068153a2d4e813f8594e44dd6
bc1qav4ntr522qkdmfv8deaagmdv6mvg8nzrge9qv6,1130000,2063f5950784a967f5a41eca75f59809dc71e71030a7f5d235ad
15izYiwbEgo1hPC43RV4Eq6zo8Wk3ip28n,1130000,33d198686ec0b9cac71cfbb9ffb701613a8e5d0e
1B45NDCNoGcGQRRHL3gouXELdtwZAULSBa,1130000,6e462667cc89209ad042bded4c2a97f258d1b883
1Q9oGydVcT7mygJ9FSoqtyZNVBBiQbp1y4,1130000,fdf4d97a7e3d8b0bbd66abe107746804bae1967d
3BMEXdkhD4gwvE6V3edUimfupK6Pzd2MLk,1130000,69f375f2d83a2c4ea9df4e1c409090764beec3ed
1NJqFts1C67vEgJJqbprTYrhcvQoKvdkdT,1130000,e9b9fedca931983db08bee418946cd149e9260cd
1AH4vKxZ1fLu5UU5wvvc15FPDcp9ZV6Bfb,1130000,65c30f28d5eb48d7b5eb609cc6cef932c1354083
1JJ5gkd8ZsSftFSbnPiT7fqHNvco96pWjj,1130000,bdb51eeefad5bfadd359ad277ec574089b7d9863
147trxTx9braxj6k3mhfaK93z3LUwJYr4J,1130000,22362a2e3b227f6a6fb2a462f8bc651d011c183d
1MWj1ktnARTWrrCfgFZNKgm3Z4xLfFguA3,1130000,e101a6381aa1474504d3cdd2f90ca6db82ad4d57
1J5bTfvUtE422eMzqGc6WsATzsssHSowKX,1130000,bb58915b7c91352a0c9e520440445c74c088f73a
3BMEXf1GyTBjy7APymVeXnP3U4g6mmMv8g,1130000,69f376073217539d32fc691e80a5c95cf365da17
124REuxkBjkRtD6wS2EdNVa4W5DhT8Du35,1130000,0b9d9baca610a7ed7a3d23b6458afacd4c2be037
3Q2bzYPy9BgfNy6G2vbCMzQwvrCqSstT4B,1130000,f5071c1e1336655118b32637a52579c2f7bb2539
32tKyfakemJfCpUVPS2L88ieymrxj4hRqK,1130000,0d1bc59e195105546f40d939cecaf346c262ee2c
1AQ9Ka6YLDmZLGMxcmnkVdxwddmpfPTRhC,1130000,6719a4fee0d1a2312e59fbb9fafb436a38d7c0a0
3JGDVob8DyhrnVP5h5Mr5T5LBwj6PxqDuK,1130000,b5c9667ad9b7b34e1246b1aa95b95f16939236e5
3KQkR5CAWZ9pbLTQTHKfAk6GkXwejCoxVy,1130000,c25ea9c749bc4e0af3bb2654c6d0c4b9458aced1
1DcAcQUuqTX8V4wyqzH2XBNNvBW5AxixuW,1130000,8a481727b47ee60d85524dd1e1ffd0fe5fc31efc
1Dvt2TWAzTYjvP3bV7vP34zHuLYLjbYVsf,1130000,8dd2262533cc2bf031a5e72d502d439c8b1a6351
1KfuB7HjPdNiw4sFyCWsE8QNQpSoYjjCbQ,1130000,cccd9fa1403118880c291a17f55ef1a1947b8ba3
1AmeYW5sPJWX9HsBVq5qB327xMdPvdgyrE,1130000,6b2ac617a16c4b16f7c102a637576d927b64792e
16z8B3THppWBaFHu7nFpqdFVarLpNsw94n,1130000,41a6539ab129f458a7e6ebb506db8767a4952fe7
1GUXAcJf4NaVv1tShTmwR7hddFxixHEyAr,1130000,a9be4c7b432a26a848bfb727b510284c62696830
3BYerV41uQMvYKh1jv9X2sg97JGbDC3Mhc,1130000,6c1c57806fc7b94371253a796031eaa56af0c7bb
1FE2k2fAZ2zxuLJLkj1yiHczUsCbm365C1,1130000,9c089f5d53e3df9c4b422e5f7b9a84b2cd9503a0
1ExnNmA7JkLUdCW2PX8Y63CRggB2p6WAnv,1130000,992663f0cd0f5e35c3803a7fdeaa17a1345ecb54
1Dk5Cbg29wrAbZvXBbVsKy8LdhX72o6Txu,1130000,8bc6e6d6bcd13e55fe41e619a35ad02bff2516f6
1L5KH4Jf3ddmr623YN1FrZFnJRvuznburr,1130000,d13b4f7ba2a762fae17a5d7f962afc6a813cf1f9
1A3LzKkYAvbEe72Voty6Arg2wYCDfsPQDC,1130000,632aa63ee6daaa28710efc20995d53aa259d42b4
3GNLwe5HCqQxDaX8YBsJAiViw995HduojY,1130000,a101dc12cc08629b0672c0cc28caab2c065dba72
1AFzw7e4dmKMfqc2234ED2gGgPUnjDqwJP,1130000,658f50c8756caaccb2a9934e4c640d1f812fcd95
1Pag9ojQAJUE5iU1zGssqcKJV1R4sh4j1m,1130000,f7b12d2089bac7cc37345a9079c08c742d4b2cfb
3EL2JuDr9WhEGoP5WVqUpCU2eGqASUwxGd,1130000,8aa138c5ccbf77b74aad5fbd4093a66e47ddf6a5
18S7HeLyzfbQjua6r2zLJiNysS7qvg2FCS,1130000,518887125b2cee31e4624978b23f9b95aa4ec475
383aphbMXWsSet7D7YuhoCYLkG5axKVsSU,1130000,45b4896f5d0970832c0b12e085549fd2df45b279
1AY3iZkGWmcMzrwpsm8VcKSa68Fp8KT7GY,1130000,68984b6ad13213e045133db6930685e9b56d6372
39R15cnBBx7639JPrTC9e1kbDz2s1qNFYv,1130000,54b9a58f63f7a5045dcc17e5411f460111a1ad21
3BnHz9NuhxwDRBRWgWeRNuxsq28UsMAoHE,1130000,6eb0bee0307f5b8f07c334ad97c1c458e8b250c7
bc1q39uud4jtwchkwarp29ksm95xc5pkr24pg6su8n,1130000,2063c05713258ac67a0dfb5bc57c17d0916b7aefbbb08f0f53e8
3BMEXiT8vw3HgrToq8yhogV7YZfRHdE6sz,1130000,69f3763f3be80e4e39fc0afecf326fd7ef9c9612
157YzssUKt4sv3SmwWkghBnoCAU8Wa8aYt,1130000,2d1db59aacd03cad32d7137bc0ff5c31d94a1f71
3JD8pUWdC28rCpAyYMg7WDpRc7XYFSH5EK,1130000,b5343f52dbb6871032c8b6c0a8bbd7d331b9f2fd
3NBhFTXScoJtXkwSKtzcLS9vYnB6EbsLWB,1130000,e0cefd8a2584bb81c555fe874a1d20b544e3f653
1ASPo8DBxYK4Lss5v4YTTCcdRjYEyPDwFE,1130000,67868f42c3470ec90d356562cd7b46ce99281870
1KRJ8pqC42WjVFkkLgo8nsQGKZBCqe73ME,1130000,ca0a8cfa25170173bfb7ce8df66fa3b6297565f1
16RQpfiLJXJJWxw2vffUJMA7XtwDZr63uQ,1130000,3b767f5b0d0723a46393c7904502685d0d6999a5
1C82Kmm28CfXeqS1cmG583wX9YEMi2aksK,1130000,79fd6678d9e85ea196e869531aa0a371192b9dba
1HvXzh8q7BNFHHq11YSVeVyUaNMapbCUhW,1130000,b9a1ee7bf5e88f11ac8f069d42bd180fc9d38fa4
1FbXGv1zpeRncYy3RnQWrPhEpavBXumQpS,1130000,a0192cea90aba80091f21bdf09c11c67729295ed
3NeBtAAYucUiyTtMJi4PuXBDzVL2pTcN65,1130000,e5d1b4f2bbe2d7efbbbea5b10f6006f589607cc2
1CEyujkUmkHkwBYUVYgeDBxP12iW9VEeXP,1130000,7b4e4becd3e7eed75600ae57f1d96bff0fe78ab3
1QK7oLmWQwDftkJ75twryb2BZ2Gj3zGXte,1130000,ffb80e4b9ff4bdc252b186deab9c3ba61a5090fa
38qhedSgbHLtznNngTVVx5fdkASsMGN4FQ,1130000,4e6d5e944815b10fdbf39249579825b8fd3f22d1
14EfGVEnSDXAkiToRiUepoFZVDLg8gxaQ5,1130000,237dba823e06edf42c154d4ea4d4ba3bf87de360
1PTKeP7e1gPoZip27Xv2doZEtJfYNSGXgL,1130000,f64d25599b2b86d9b8dc9c86a51fa2c7235a1614
35j6cF31kgxDNwqXdGmYNzBLBKgQQTwbzc,1130000,2c453ed615784cabae6c28fb32a0e6fc69a9e12f
19cMZbchvWcRzLUVNeuZeVJvPpfx8M859t,1130000,5e70baaf554db258b880e45bbb2a728b6b0d9340
3JL61QUx8tnTfWLkpbqsTpkboSEr1ojge3,1130000,b684cfe7f502b931308588d4ad72a19dae1be711
35UBCS1dang7mp5ohFciwFAKSJUvtM6T3D,1130000,2972d64dbd71e83396b7eb972109444e79929d3f
1GdLwhbysVJ3UCEBUyYLNDF6cLxPEghSHR,1130000,ab698250dab24fd17d82138b2c1e841c675e74e6
36RzGqEGVDMu8NnodHNzCp6Pixmom9CXFQ,1130000,34010310f0af34c8d7a002faebf1039f4055b496
1DmuEZzaHUqzFe2YvK9qZMks4NBnyyVZiE,1130000,8c1f6a17d192f9a890635cf9a7683fda67d4369e
3BMEXPEhKpEWAhjDhig8aXdSfHeMzNpFYN,1130000,69f37506c294c19ac84185b8be237e8ce57fb260
3DUD8KLfVWQ5ksHQA3xyER16XgtyEdDeLf,1130000,81357424af54cc07a302afdefaacbc7d5b8acecf
15oKo2FV6avXfsRZZnxcHAFY9SznSUcBHo,1130000,34a3534c1ef3339021d3fadfa4401026d648da9f
1PRRoUaiFRiGHLeNVn6LjYGEqY2isy4VDd,1130000,f5f17412b8f33a51078789f0a70242f28b84c293
1PXdMC5mSB5Y1EMuMgPMvZ19hcEohEotMM,1130000,f71d9685ebaeb0bb32da58b98f1d93ad5a44e262
1MMsWk1ykcqj3Fu8J6ggC8PF644qfp1KoR,1130000,df5500388b90dc6e058cf519b588b43e490e12d6
1AqUtP5F9Boz3YtB6TabmMxdgj9ivNGTeY,1130000,6be4604ce8117772e09c50e7efc8f0b54341f87d
3CpPGiX6826ctE6Qd2ssq8mR3pdXttFHNK,1130000,7a0e1d987168dface8049a88e5d114ae6ea8ce00
1FLDXXAbR1m5Yyn1Ga5vbJ9jpyH2Q8bXUg,1130000,9d341edf9632cc55f8b1faa63b01629ded082acd
1BfMTWUBgQNEYhu7r7EX4JfmbtMjUtaU4L,1130000,74f2241c7713f6b935e506f352ea8b8a7331e972
3BMEXowyM1ZWMGNoWoCLestc1dgN7LES1j,1130000,69f37698a17f450992d9fea19ec3c088d45e12d3
1PGAJeuYrx9mvdRJX2FKLTV5CxnA4X2eYc,1130000,f430c60890f4713c747545c51dbd8d21a4f48299
1PiAwJQ4At1zyx5B27pQ5QhFGEqKibSb9D,1130000,f91c1db26a85ac940a2fbc6e40fc6e92574a8abb
3BMEXRKa8vC74qhHPapqhHHvUwrd93anAP,1130000,69f37528a6ed1d7650f5906fac4f12acc1528cce
1K2EC9Snq8WxjQjCGPPBib5vgbyuDGmWny,1130000,c5adb13cdd054d33ddc36669be7e1a6a184ecb98
3BFjU6MGRoPFtuJiFQKEYRHGuw5DXtmZgS,1130000,68e91f39e3d0f40204b672aef991663b616d3aa1
3Fw6t9jLxfHebuL5mim98yhRSc5ZkJNt3S,1130000,9c3bb94aa39498653ba56c82ed778eb9811f7f4c
169BcvEnGeoahCu2iE9E5zXJGz5QPhJXyB,1130000,3864d236039566a79a55f955ca739b2b0e805acf
1Cf9uKD8F9rvevPVKD4ZopZvXCGhkJe8QN,1130000,7fe09f040a6a399ab31512c82a03d5e7bccf2fca
3M4RVFcwobV2r4LgUJYoKBAsrz6bXU6aSc,1130000,d476cb97c5d4d8120ae86475e77a2108d36c81d1
1DDd6y8rzgEu3V4ZSDHNdQzw7CZxHMEMBK,1130000,8604a35c29cb89b4b5ca9044839b2e82f229d829
1epaVkj2mjykYc8QAiimbqT64t1X2vRVs,1130000,07271b3615c1f950d4f8120a5031881f0641f090
1EP42aRCGLLwrM7zAhW1EsLU1W4CFujGFZ,1130000,92c55034e37a8d345871b0a5814110bd847a99a8
1AjAFCpiHTiZRXh5oMDbUABTVT2j3ps9JV,1130000,6ab251d7b76df7ddf25ec6a319823d27821207f9
1B2z9pyq4s4Gjm9mpDAP5aYNtQbDsfvCC5,1130000,6e1161cdeb9b708b2999b169fe486b198c9c4ba1
1PXN7ZDT9Uo8iGDmCs5G6RhbuETUUobCvG,1130000,f710ded00dc4b1c0dc30c5f314616b2d6e370d7c
1CJ3oMeV3GR8HR3zQTUMDeen2rxZmTjXia,1130000,7be2caaa44608c6ccd747d5de42c8bb97edc4254
1P4HHxaANkfwjEewMvjasdXjdos9R83rg5,1130000,f1f19d85db67974fc14fdec31ed242720b21f034
1JZW57jRFpo2HBGCqjBwUZCsnTqtY8NJeZ,1130000,c09fb760e4d08c712b23a6d8c909a05667ba8dad
12FRm8QgeEsSqSz3AcsEfwazVuRGQC1Hs3,1130000,0db29e58d4054e9353a313793235d974d654a87e
3Gwz56j3vLWGwbYsdU3BBwGTDumqRm3eXf,1130000,a75e946e216cdccf3704cb27526cca5f5b1be975
12PHnpAVdtx9a9qEqGs1sxSorZaSEGcusG,1130000,0f2f4adcc1afa7cf015dad6a030b21c92299ac15
1F9FwiTaurHSkTYE1g8s9TmLxQPgFAAiB,1130000,02acb7730be76b2ae23e166e7126f738013aff91
3KMCBH6ttHhK6Y6sMumcexry56oKLy1xuo,1130000,c1b28128264aaa031cbd731bd168ff241cf4dadb
35yjqLznVyCVVowQHMdLKFTC7PuLWreZKb,1130000,2f0a24bf4d9d6eb09b3cf528e9e494e92dc3899d
1JmoNsBMY3nidJDF1MHPbeWTeD38vEM854,1130000,c2f32779b1e5ef9031389261d8c2c5fe52c36338
1ML8VcQB7UcURLCnwMUE8UZQdxFoLovENs,1130000,df00ac8cf944d5be56a47fdc4d4b9630fe032156
3CnHzvm4zcookbDZqf7w9EafJhas55TdFs,1130000,79a8e1f593869de5ea79c9bf9b6ac243896539b6
3BMEXwVtR3vvt6ym5WsUwvdeHiyrSPBshy,1130000,69f377136a87f364876e332abdd0f3d51879001f
187QTRPL57HHsJZX2a1HB41rMPWn9jVnxi,1130000,4dfef4b8b09fc64f987320ba0dc31aa0cc7ea657
3BMEXAvF6vMBoha6PjgSAtngmmo3rxnspt,1130000,69f3743e70081625139877017875193bbc182282
1FoM5e12mJE8NcdF6rMxCSg1YPxRnRvQis,1130000,a255a8395f1e32f2880801dffd8014a9769535fb
19T3aDdee2QxgpzcC8sCxM7YUaV3ShhwQH,1130000,5cadf8083cc27996ca9a822feea56914483369a2
1KWoJjDhYqYTwTQui1HyYbBLCm1wKGZjaa,1130000,cb14fb23aa77ebe67cb0fa53c6cbc95d2f138836
1Jk8mr7GKjFkLQjGsw4Gka36KutJbZCbSs,1130000,c2a28370a2ae7b509e45bb90eacbde6a2494d318
39JqWb4usp3mLFy3jjiWjQq3sgxLE8F8FL,1130000,538f29aa38fc663259f039a49c42e52dccaf382f
1719Fwo5XDs5eLic47bFSisnnw1K71et1U,1130000,41d7a5d9ee1f8010450b42a5187490da57b4a590
3QYeEG5MVG82sS4rGWvjtfyKgeV2tSXUYv,1130000,fab574a545cabb95fb57a21f5457091a46eff506
1NT5KAavEZB8bs4kLzFTFSvGjZiYPnLZhn,1130000,eb490e938caca265d2b41e365270b576165c7028
1MfhUZdLnTFRSeBkmctj3Kg8dXF7Abt2C7,1130000,e2b41bf6a6ab38afdec380d56a2e941342808123
1B7UDpA1TisZ4skynRFMRtDw2ZpTa4odeY,1130000,6eea79fad02bf6ec3a6566f6da1edf65c1f77608
3DcAfTWrZVG8eM6otgTrZrafJU4Ws6GCov,1130000,82b6b9ad1bffcc84308ca6b40850ae5fdd804667
1CQztFznFRZK7LEyVafJ5FckG6URKAP6bb,1130000,7d334509b00aa22226db7e2d689dbfbd9bc60f72
3BMEXCkXnp6h2vXnu5rmYgEzxFZEyyA8ZA,1130000,69f3745c3d3de3b4af68109547a561657584a8f9
1NbYLZs9WiL3TwtFr4rfTMB7hoCHsjshu2,1130000,ece2f179f80361389e0801a54bec18f56ab8c2cf
1299qLYb7LSbkCyZMXQUrL1b1PCkiHHubJ,1130000,0c82d3c512cc67a7977908ef2ff4b12993a0987c
37AEZJVhhoMsoQ4RpiAdA6XmHQfypj885J,1130000,3bfe67f170e1f3e82740c4bc0fa14ea99fb028bf
32akj5pbGMgHeT6XAGfTaNSp4YXXA1vaMA,1130000,09c8f196f1c8355752d03e53e89162b5c2dca042
1CVrTCm8oMGdp2xxSWJ1xWuxrwsGhq1WS1,1130000,7e1e4f9160c5d4af78d17849f04ed990a8c8f8a8
3AWqZu8BfoNKWNro24ekpVguD9hKoZUf4A,1130000,60cc53e68c29cb3f130691d0ed1bcacac245f279
1L1nys7CVocMxnPqCPCtcd8DJ932sZmunp,1130000,d090c5bc772ac3575e9f9ad4b6946c2e28081fa3
12uJzEL5XkwSa8M7DEyeCztyQyHXosbC38,1130000,14dcc5360085ac9163cb9149d9f895226863219d
3LTfLjKN6Rff8RP3xNmnPCvzJyiTySgnLc,1130000,cde3ccf279ac060236838ffbd316b5a2d0538833
17WmZ5gb8jp94MVEGrnm14wMHZTD6jwvWS,1130000,47720237bc1cb4b607cfc5c64fdb3ed19c656c0e
1ELHjDVqwqtkkyopWHU5QPyn3uk4VvTV5w,1130000,923f808e50569e6b78dd429cd9b14fd7464d2dfd
176TDfkXEJJavqdfEEnEdhv31zUZPdpyxn,1130000,42d8b8757f16925fcc07439403b1e57c8ca27bd3
3877ME9dzJUG4KzuHNif9YptwhSWi8THvF,1130000,465f444f344705a0c95304515b82292466efac64
1LadGbeoWSCFCVgg2ijMhKCqbEW8X7P8aY,1130000,d6c66474713f1ff8608a1dda728c1cbbe133d11f
18HFgGwDN7JcPUiACdueRDwfAqYCx8E2rt,1130000,4fdbc9a98d6f04231dbfabef844a21b62b290559
14EaDWWESQFfD32TTEzmfGxXK1rXw8HgyF,1130000,2379830bb0c19497d4d845cccdeccf97e29242f1
174FHDmghnN5XCBZwxbtgkka5YQPEPPNL,1130000,0125349fc4ac850df309cba5bcb8bef3c3eb5e89
3Ff65chiJLf48S7tTENEYHBAr8m3bPPDHN,1130000,9934660e6d64628f10be02c854e672b58d2925d9
1M2AVdbHgXEMN2pkgrc5wBBzgV2desrE8Z,1130000,db9adb4541413341f5a0bcad8c573462065745fd
16idz6rtPLbStLKAe2Ubsu2dccjcKKBpPe,1130000,3eb88e74125098f7915702decd69889b3f6c15ed
3MC1RGfarpdrgzQoUayeJqzkPA3MqaY67g,1130000,d5e6080eed4edd3b8176f3f7b488edf9f528ed10
1E3AaST43pyJ38tYf4N66ZxdDfv6PRULN1,1130000,8f0276111104163eacbdef55c66c59409bbceb0d
1EDj4kh1oagMk84eYrme3Sds95hTLbZYix,1130000,9101bd96e1b06576bc8da9c6e2a8a0d12824a22b
1KEK3cFuoSY9RgNumLACiniFc6JeEZEPvb,1130000,c7f6bc1b13f473ecaa20a7b3bcd5e4414d45d319
3GEHV1oMaC5RCcoqsJxzAPcNTABF8GjNnk,1130000,9f7ba4fd535e2e97b2536626a10d4cf3d737fca8
1PshSgiAP3evgrf28vCcgubT9UQxFJvop6,1130000,fae95347cb7548b361185e2549da0e3c39b98d72
1CftddwxS66woxLFFaCsT7ib3WktCXuQxC,1130000,80044a45466d3252ead5446eb723c5997b43fc1c
1AFSoPcsFSNYbvYMxyk34sooN2wTmWTjdc,1130000,65747dfc3daafcac45ca82cc1dc9662519b670ac
157PTfPvDjpavwsLUFs343Bidv3YcwbKsd,1130000,2d15bf4fbbdb573335991c6a8ca7a010c2e359bf
1EUS3k6EqddDvUn3wktYFaWBsKw1wtvE3,1130000,028c4e740dcd5e23fe8552f052c03ecd8e619b7c
1CjDsBVnSoWBqntgzFKPJJcvw3XNDiMxJg,1130000,80a597e4da5bc2ac282395213d90dc82cc0f5140
1BrVbc73hQtkEeWPKbE3gcmorxtQQUNxQ2,1130000,770d82e0a2f81b0a81b713eba3844da10111d535
17EpYNj82CoHYFUnN7B1wY9Q7ibvEU4qK2,1130000,446dd8ee3b1d9432c7872c352097fb589ba807be
1JctSid7nPoWEqFiBM6AmBW5scuGatfs41,1130000,c143a3c8acd87e2d92308ae7d2b255bfe78470ad
1JVRSG45jCEvfCn4iuBLb44CC9KP4gL5xK,1130000,bfda2ed87277e13e1e921c063b51100fc0d0b270
18hiCDdAFUhphY6DcqXSsq3dpqopjoZBfa,1130000,547be7cdbcc3e3577de7d1b7ee22f4bc61b5eb5d
16dkh6rmFHHbCnoVa73F2vUoQNRMXrZYEF,1130000,3dcc1345d7374afea904379c8aa941b2b144d69a
14GMfroNuLpKvMafRkURE3CniByXtnCUkj,1130000,23cfdf074f71b72096a78abe006a7172f0becec2
1P5sRdKeLkMwaq2xgPrJXuH8NZmyRbQN6c,1130000,f23e85febfc11a9f568165a94c3fee8a97297c5c
16KDDPLjAZVhTyqv8s1qeAqoxRDKYAXpyL,1130000,3a4a4fc3a021c82da075080e6c798960d2c961b1
13mgLGvyEqW4VuSmQXwgtXkBisDTftHQV7,1130000,1e636308eee29cdaa2cff0fa6db76981f1883142
13wwbNUuPSHTwh1UZoBJv3uWBy6mLDDmfh,1130000,205448fcaaf738c9f3d6a6707656f9f4dc2a9e3c
16LvjudeT9yzLGwLTFdNmuJ8Nr6v2Jct6L,1130000,3a9d6453e3e3347bd6e30cefdc3b763478e69dc6
37aoSQquQVrRZksVeYKvaVVF6Ud3cUP5R8,1130000,40a3d6427f76d7dab236b0fdf8616cbfe6e9fe2e
1J79Xp6kfh12NcRFjV1XzyQi82EU2Pckj1,1130000,bba3c1702489ebbda0b855e43b18ccccfc5f4bb6
3EYRkgEzUiau3BnZWYWayvHsMDBkPZFA2A,1130000,8cf9c8a21cca35934d57dddf21edf9b70f95dcb4
1Hb9vKjd78tuZv8gYYGqgTTC4P464xTRDT,1130000,b5f799cac06e52ceac0b12b7678bc821cb6392bd
1A6c5yVTuwjuGtJ1jAZqyktUo1VEj1FpHo,1130000,63c87ffe9f952fadbf46ede99a01718969ddfa71
1dWrw6QzoiYvuCa5RoBU5YENwQdyK6tUH,1130000,06e7e6b8a2ded16013354808e3498549200ab64a
12GYic19SDehUmYYjRNs3YLpUh9g81YWmM,1130000,0de8d76b466ceba64a43d4c14dbe512c8368b64d
3ERKWJfKW1i8udzEEUf62c2bXjh1snik17,1130000,8ba1a8169b448b2e0c15cdb4cf51413e0833d971
1K4Yw5MvWqF2S8ETZf9o9PmuScEd2bfjDQ,1130000,c61e2af25de2c64c363e4bffd25a8b93699ed71b
3Mry3fnDXAqmjkXsNyJv1xmhwu6v9DbVgK,1130000,dd44460902bbe806b07f9ac6e6ef9e74c5ec5a39
1L2cppJEmvoutB4moiwkvtMnLvKCrZuGB5,1130000,d0b8b5e74c11ad250b765b68c21178f363e58a07
1A9EuvTF56YRTn8rv2vy6rbYESZG6mujE1,1130000,644812c1c932ae3fb0680f8bc173de2238bd7612
1CzdW8Y8qTkEd4cUNg74p44cGGDF3gn2WY,1130000,838f9060f3b1bb9a3ec72234a993fe1f1ecb1e0a
1LeSo1TfKoZySP2eNzoMP6J9eug7J8GSNz,1130000,d77f4fc4653d5c8a350f157eddf9df107e74e178
1PbSoB7DzBUSQvNwwRZtUMtBsVueo6zdse,1130000,f7d67185f87f438f1ae6bdcaea323bcf17d54980
bc1qxj53kew6yj9fe5f44ztpnfwcde4qxany7ec8f2,1130000,20641a24b4015ad2ab56776f08ab9d63654dc8faf741b2451b72
17h5Bo8eZnCNP5AjKkGWU7wc67YAytfim1,1130000,4964e33842fd9dafd1a7590afe5c4e1b8aef978a
3ACW3aSnoDuZ5mJPcHHyXFpsEk48hzynLb,1130000,5d548b2a75cc4d18b87cff07bb53524e89cc2248
31rbDt3Lkjtx1dB3wZux1aH1onZ5ggqZ7f,1130000,01cf8a49ecd1f7216bf53a83db27cc39c9c4ca50
3BMEXDsniezmsy1LKwc1zmECAPfaWzrThy,1130000,69f3746e895778d52daf25acd8fe40101fc27f2c
33sYha1QrZRehn6th5ZbA1r8vX6785wUtX,1130000,17ee1a19e69664bda672103b2a0dba8ac932858d
1AGbr3AButjXv76LYe5jwSsMs9NCCUzQoH,1130000,65ac7581ebe70fb99de3fc00e0f024104d11f984
3JtfYUhStyuqqep6zfpHGMv1craynUE34d,1130000,bcae1dfc6c2477dfb429a80001ace1d199327a6f
1BDrSwriAeVPu4RALhAr3dnabo4jtjnFqt,1130000,701f86a4172cf9c88594c8b3a7a5af8fde2eb484
3BMEXZSmNBp1KqTHrwqDwkqbxqJba8Pfp7,1130000,69f375acc4a8fc9e5d1259191b0318d07bcf3ef3
16dF9UH1X24inEVo61M2Qhmick73RusQ2Z,1130000,3db3697ce85c54dbc78fbcc8b31818a1da33547c
3PsMtbuNRjsPYbPAShYpooAdC2xEse6kJ8,1130000,f3479815c6e838bc75cb79ea0fd249fd63c46424
1961RBZsawFatRbqtYcWZoQdy5DgazuyWM,1130000,58b36f22612162a32eb2ea94c8771014daa23fd2
1PcrMeWJ6Kp19zQmRvUpn9VkRoua6tRNMT,1130000,f81a86b50cfee4c515ca2379d831c9082982f53a
3BMEXs7653XG2pcB9VefiCYtTfv6jb1Q97,1130000,69f376cbf95941c9f1e4e66876771ea9d3242735
1EAA4wGRd67U8m1vvWEuZu5m1t6QEXA8Sx,1130000,9054f2c46e4fc648c97fe16e9362ea4098655bed
13aPJBDLd2NmkgSrt5S3ZqG5JkeAgw5orn,1130000,1c409716753f54d04d04ac9e317be9b027f495ea
33PmUqhbGSJNbe2MgAzhSdbwfvR4thzNcn,1130000,12ad1fa91ddcc5183e362bea6900a8353bba5e3a
1LYPZzQMFGSLUAv1Y9gCCy4GnELE3b6BZu,1130000,d65a1fca6f25581b160aa801d7b7837582217d39
1PsgVcpfYGteUGSGyLGGSK6HZyLgvd9Qug,1130000,fae888638706db065cbfcc54389a101a7ac2b64b
12kTvrL9g9N8oRENwoejZu9keNAJcbq1mL,1130000,13307daaa0560e7f61baa7d947e891a34e656097
34537Eth3czr3bPhYuGCUqj34FmT5R1H3t,1130000,1a1a643503615ca29a25d148652dc20e9dd2d669
149MVrpFwsDcuheLjK6rx1XnqHJdAYyxGY,1130000,227cd0c810a7d18a5ad5a8b818c2bad2c1031c68
1B3cREXvaKpNjRiKECpj8ogtC7DKHxPqqX,1130000,6e2fa7b25bd82f737eb8d9ff3a94d72f9d9d30cc
3CDkqoi2UPrzDuJ7BUSY6et9y8hPWo1JTb,1130000,738190272f9fd48e542f4068c31b55ba44c5deb6
3BMEXQDWdhPDcuTuv6ruhTznqxBGFgU41f,1130000,69f37516b0be666ca22ba8ff1c390c6ccd18fc1d
13X7PJ45EjrsxKkMuFUQQUgTZh5PFnZ8GS,1130000,1ba20f5136219eb090560fc29988d6ab8cc4c4f0
1CEW9CzWyqcn7zEaQ1GLVeXMusNMRuAmXQ,1130000,7b371e02280d04011ec8112233a8577a09518e1d
bc1qmexcpwpwvrc2xjrqskkm4vuhat6e4mgyzt82hqz7z748zxstj2as4m5hnj,1130000,7687911e1468f12e03fe86b7303cdd5cf1a06c95c6313ce53c654152817b51c0235c6dd82063d50c61
1BBdhLXPFWmrT7C9bgMWXHBjRigTZBJ5nV,1130000,6fb40c9dc1c4e9eab701cbb76c64d89d7690c4d5
19bMdmFouaN2mYTKTWc3HspN2tU24S5pNN,1130000,5e405f8c807aff0de65b9f570271b1a58d0b3de0
19UMydNpH9pi34sD9KKzK6VEXYuTTL57LD,1130000,5cedbf5571694e3b80daee698a9cedb89e260bef
34iUrtyBa7rCWAiQwbRokKXXeWWaRMB4W9,1130000,212f477f8f485d7d8e22f4a0920ec6fc566c0057
1ERf6RkPjCnaQkXBU6twsfd5kwniQ2cLXm,1130000,93436acc26db89746f6415a513de216e08be29a9
1KSWtB6n77SPXrt3mpTa4X5HKrkhoqwMvv,1130000,ca459b8f05bad83c71516412631712c8415d5b83
1LkYvQ9vZm3oTzaKXMV5bva1Trk6puM2BZ,1130000,d8a6ec1b01e8140d4bd5969d3c11e1647fdce60b
37QYVTrUf7RKtiNSKjjbj9sgwJeUek6Xhx,1130000,3eb3332beae50ad0e260a5109ff7b556a1098376
1Dnq5FSHkEup8XvgB7RyUG2i8L9oSeCv58,1130000,8c4c5b72c0e807087b0cd3b6738c369c489c5c1f
3Ehei5t5MiQwsMDzE4f7c4Y4CNqqwCcLym,1130000,8eb8578834d0a48a6f2583ff1afe4f2347e7a689
1KbpdRrFFKu1RAG37FuWMTj1DCBroEJyMt,1130000,cc082a2b680bf42acb8b4c4851bf7122070b014e
3FqXTGn6jSMYgK97TsAPYSvhMhHZYbG94r,1130000,9b2dbd2963862c806b29cf8674cb02be5ef3aa36
38MPaSCPm46rcxStpnbBkdyMGRceXCpcvN,1130000,4912a2f2bdd49fd4ec73d56d3959d86b43299359
1JW7JGEpvcy3nnGaNBk3ohaPfkh3E6WgxD,1130000,bffb754d9eb8f2ab807a848a7f0c05d583581cc6
1JK4RKCJwNgb6NFoQXbZUzWPMJeGx7V8vs,1130000,bde47ad6f356d1748a9387a5a3ca97c8449bd14d
13ZF11isSUf1M7pgHMkuzSkB7ckboXrF3R,1130000,1c093fc7569bf01d41ce7adebea14133b2be4adb
132zx522yxfnc7SYzi7NBLSeP1j4E8Wydk,1130000,16510a935b92e2b5806c05e2c4b5ed4825c6560d
19S7ir4cVjTpjX8ZE9oABmmugPnzJ7AWME,1130000,5c810420c0ed8b57348625811fc068e8e6738d0a
3BMEX3gxV9o7x9oFa1nvfuZSmQuDnRRk8f,1130000,69f373c8e02142af361a41e9b0c0879eba093580
17p6fkumB8mBeq95eNDynvoSBXXqfSFto9,1130000,4ab90958411bf550a8afb9a7c3ea39eeda1334e4
1L89UMzCMoNirtvCM2mC6WRZrnPhn8n9F4,1130000,d1c45f9d073dd7ee6882d27b9ba7ceb7d0a4251a
14UTjkZ5ob8efZDxsTm5HyKuxtFGftJJLF,1130000,2619ed6473c341ad35555f88204cb19b96ac819d
1MNMN145kjvdYCSFZq1ZK7GUsdbyddvBpP,1130000,df6c3f8fa37fea27e2ac469aabb4883bb328d592
1FGxw74RDt6sbRJ31Xyg3r5NvknncvUkJ1,1130000,9c96b0d6edf90999568c2208925b3140c275090a
15N3B9naKiwpEpA4QWqZfhQww4rcQBjSuY,1130000,2fdb0dcfd5557b4e0cc02213c14b17bf6ba54291
18eRMRyQrwCaJiCSvWMquvBp5wTFCu5L7w,1130000,53dc996c41c546d11e3b2fa83e6ecaef02dd1111
1GNXhuykd9pwRgyLFgvuUQAvqoiLP7K2qY,1130000,a89c40e7a40fb8735076ee52f6434d6965d8cafe
1D8BrYMF1JATC5s7VCYWHddZ31QZ9p6Ls1,1130000,84fd7b5234a09cb9f883cc6a5226960d65b63857
1KQUCEXFNBsayp3ScjvLQn11if5Srdp76g,1130000,c9e2880793051af387375fc15a342efc2564613f
1MzjSy49hw8btudRU56x4ew47WDj2KWqTc,1130000,e64da8b7908816afab71a551d4d2e49cfe8ab76d
1EEux4SydHWoXWfwSLx1DDEAP85G6kz7s5,1130000,913b3e1748a72b26e13560de8b3b03cd0bf11eae
1Ma975ZCirG34pB9CxCozseTxgXwHQtfPS,1130000,e1a70209db8b956798e0b048eb304207feb5770d
198sXNKzkF31wXhsKhVy5DmbuQTnN9hd86,1130000,593e17cc858cfca7a9bdf238a1e8e4530454a973
18zerxFqg2MP7P5a9fWzYJq3bKGdSRUk7Y,1130000,57b031fe976c511edcaaf595d6a7a42ff6149215
3CWxhAFvo586kLg1LKFjLuEP4FTihcrYgK,1130000,76c286f0cd8ddb7fe16eb5f537c05f9073dcc6f8
1L5ic4jfrAzGF31sMoghd6vv3JK1i8AnDM,1130000,d14ec891db919876fcbb7a11c919b3a2dbd22f48
17vLrWxi9UHkXXK4QpugTe7RX75CiJsRDa,1130000,4be75fad6a5ea933f43727763ad3fb26c8e5c8cb
1D9AqaE14mUSVmXDRbtTbnAhc3LgWD44TP,1130000,852d0c8b41606ad7cd9dba35e5dc56e1bd05adf9
1H9Gny9M4jxz8YDTLNVgwmix6qsfavBgyF,1130000,b11285effa4fc1dc3b68f4a33f2d059231903989
13Dne5FZPqpS8Rw1zWgzcDsEeJ7SFceM41,1130000,185b573e068e6e3a7d93e7ea0e993ecfc852635c
3MnSDiMReHGmMdMAvbZyzkLQSwAuCp1KGW,1130000,dc68e075846ea319e45827b0cf4c900739e7f0c8
1HapJ76jiWdkoLHMegjc7cxv8J7sBHFqru,1130000,b5e738161f07984648764f93b57321081a260775
1BdHdVZevVmfoeMs6tmxum6ZnTvBVgSt9p,1130000,748e1d2230dbcc72ed0bf1e231d4f942fb7ebe79
18sqPkqGjB5DoPK94pT2CNUfQf1JT5KFcc,1130000,56661310474ca0b65ce82b16ed71843f8716e748
35PYtSgLbXk6bmty4MsiFeqkem3YELuMEH,1130000,2892dcf3a5006694fe609b0e420d109a7d9e4eb5
35KKWHrUo12N84qDtGVPcDwyx4FcvsxapG,1130000,27c6075059fca404e5e0366fa98e0423903fb16f
1JVYHBrcFB7dnso9svaA567kGkju4dJi2e,1130000,bfdfe54e183a1b2929f04a9330927f531810a282
3BJaj9pLTW1dQ4cVyuARNmzwrhuu1LhCSL,1130000,697312e3afaeea8477ba531769958bf2cfc3626d
3Nr6V6TAApPTRZ7P4sViUHRVJDtYNv3Xm1,1130000,e81231507a839d02d0b66285cf81c3d6154b36d0
1F8RX9ZXCixvrxZCLr3xw9gedZaVVpmFJu,1130000,9af9240af443a72ae8ed27f47ac05fcfd3ec8e49
3LmqLSmUhgBknHxWzV4zfSAkxvrcptz4Eq,1130000,d153a1a0cea6c249431d57d1eaae5f97276f5eed
3BMEXSbkLro2E7YWoBaQvaQPEUdqFkq9un,1130000,69f3753d73310393ef74c0ca9cbf4ea54066a979
1MCyWdWcW11UWQ4FB1Brohg5DT5PtgbfNR,1130000,dda6439ead5e2f5c70fdf5f07fa21265a76ff18f
14h9bmM31yKuF13X2HpPrVbhGWJhCrXcDp,1130000,288031b928956640dcbb2418a1453921533b4af2
38N5oGip3JoPEtxGig1kNUu2xh4ja6r61N,1130000,4934362a6779060368920d17b4458105e700aeb5
3P6fz1GSRspKsiS3YTLKjKxt8btJqcFYqN,1130000,ead3faad24757a36d9dfe295b5017a7cbd0f3ced
3Mp8WQqemRTV5axLic9HbMjELmXMB1oBNo,1130000,dcbaec63d04a9a419082fdbbac17c805d8a190d1
18QTUAojbyM86jRhXLFpXYUwnJy4bBt5Lm,1130000,51388ad6ee2819ca8b1670c86794fb3dd82d81e5
16PMqQZGT5hz8fdQMf428V58FJtYzc3x8D,1130000,3b132c02c13902d2ce9c0a8af767d6a79429eda9
345ruNo2YiWWsmyeYvvp8hY3L3bKr5dxJX,1130000,1a424a0064204f3c17e12541b66a67c8673a2c30
1N34CZZTF97WLVFpySPGiVL5nRhKHwGQTs,1130000,e6be24e09ea7478ef1f2be90a41bb9048f9cd12c
1C1z5pnhURuYDVLHWTuadzduEWgYNxbw45,1130000,78d908c4d147d49d611be7946a117b1ce20f4cdf
32nc4LvvFYJ33yeN12Ba9JavppA1ycXutr,1130000,0c06b31b3223d4c0498bf7fcf18316b92f57dad2
1EsXaf1r9Ko5xFTywZku32q6RBdiaxhNx7,1130000,9827f5dcb6200f2ab55f95b0c654eb0e699dd7a9
16gdMBes5hfuMjx1TjYHx6THjEg68pKF3Z,1130000,3e573175f7f7b8103061a835ac45d62be7baf7e8
18M8GboxTVGGUpdkMa2jCJg7wcgqErNjFG,1130000,5097447e407071ebcd5fbe9d6e572614a18c4780
33QPX2yngUT8XpyJg46d69pJzTXu4H5hu9,1130000,12cb34e01a4769e8c70957ff9f783c7044aeacc7
1KVH9BjebnauQ4eNk3tFNJQ3MULmE1WvwN,1130000,cacb628d4a6b5932411e7f227eb5401f6864e1c8
1CometBVpZgXiCTtRQqcKjdyZDK1piBxKz,1130000,8181cadcdab778b85d13cb4c2dd8c873f80ef790
3FCAkWHUgUZoVe7HqNENMpEL67vBouKbnf,1130000,941d1101a5e27ca8fa58188c6f8f22b4f0c8b0c7
3F5DAXeoibKiR7ftuBFop97soronwCDLBc,1130000,92cc2b833cd3b306aaff12dee1f8ce931b227c59
3LV9ygQ1cGBzfxMkEWAVjWW326yb7Dnfaz,1130000,ce2c1f1e19eb88ba167973e5065a58d4fe3690fb
17NwBBAMhmghm8mbowiMM2TAQL6pr7NE6g,1130000,45f6b6993837ad8672b4e49b2ec4ff8258028fc8
17zuYBHJEDPqvcdSGX7V1pV1TK6TiPwcFL,1130000,4cc452165a5c883d2011960cce607fac30e74c6a
15TCWX7q7rKPqjr72vK2PzXfKq4je43MuB,1130000,30d4ece28a9502c8bbbe7151da4a120956817cfa
3BMEXXqmKX2CiRz7qFggXTvdz2bTLaNthz,1130000,69f37592b12b97271b63a202113af694337a20ce
31vybjch6QvTN9GDTsxjsSJEoNTUCikkJm,1130000,02a3e21cf83b7dc4dcb9f3ffe2c7436f81d930d5
3BMEXcYTRRR4cFUjwpk1VCsXGuvWj3QL4F,1130000,69f375df26a54683c27890f319cd5b89f82ecf3f
1EY1D8guD2R9Q9sAu11ShKKTih9dFiBZDe,1130000,9476b46208006c19a6ee7987a4f7e7e16b24a0e4
1N4zGrkCbzFc93wRsPW4D8DVVnGWMKBj66,1130000,e71bb2e31f4385e607cfe835d262328eb040378e
1LniDnXCyPmRap19jBc2RKtuX7HKL95pRV,1130000,d90f846ab16e5574439701490e3b9c64aed92d3b
1PHzcqzqp7wLcSvrpptt23Pyx8PVHmvw6q,1130000,f489850cd7c7b8fd1164f92367386d146944ef80
12vNahWkPw5YAKZD96s2qzyTvrKxK3N2pb,1130000,15102fca16517f8db9b9f2b922d1d2d053c2cd90
1LVSvJARTEM6ZrMiQ1Ff8wp9BkoxfsLszt,1130000,d5cbac3e4f0469b5f843dc89e98304822960893c
3FvfFYW6YirX1NhYYRGMWM8fzt1wU6E5xq,1130000,9c2653f66a10cb19a2fe3c9ea839be208cc8b893
bc1qwgpxc6xucktuh4sf675nnfwwhkftt24fh6sh62,1130000,20641866f867945c06a3aaa42b1df2b75450ac464bbf9a4322c0
3DRC8ErDz6TP42tuwz25T7zsUShrokCKx6,1130000,80a35eb38c454ff593f4880ed6110e5ab792a2a9
1GesbWG5sCg56h5ZhiXHrvYi7rDxTxTSsB,1130000,abb383081d2c5cef6270436b739514da513f40b2
164NmkN4yQSAfs9TQ5Dgw9kQRYAja4cZvd,1130000,377c0cfdb86d959c7ee4276c968b4e5a7a95ae43
1Af51jV2de88YXBFZerL8qqTNLnnGJZPKy,1130000,69ec49c5e3f9e2a9916f51c4c8af7527d180ba95
3BMEXwqJMzt8twXYv6jbA22Sq3BMgXVXdY,1130000,69f37718dbf733b5d3147519db35104aabed377c
123Lyid52Qc2wXQwirQEgGiGR6UkDGoF3t,1130000,0b69a268b2e49e287223b118a2c0d54ea562a7d2
1D1tnmbCAwEnxVGPRjRcsTrmubsfCstPJf,1130000,83ccbda3f598124b2c77602055a90635d523dd75
3BMEXqnfhHhj3zLLFMpk4ojF4QZxuj5z3B,1130000,69f376b68bfd8ab842982fa7f65d8596e8b47151
1LvkCqZZREpB6ZThHMCR8246wRDRTzD4P,1130000,03c4c46add17808a954b293e93b4c1958ba537b5
38oWPJFnBP9JXuN4SFKiQPoeoSemmrLqvi,1130000,4e03227155e95689b9650612be84dab4c2d9fa6d
17aek7ihUcDV6k6UnTdHhy4T73wpssfh8H,1130000,482dfcef43121a3cf7cc3c1cd8083af1e2eae812
1FvvocS6kHFK1AQKuCptAGo2bkP32WMrL7,1130000,a3c4b84f668365aed8c1169fd7adafc34656a5af
1B1a9jBiA2PYmnqkfNn1j9nG1o9hL3MYpt,1130000,6dccee32755a6494795fa7a24aa6560a6cab0091
12trWPhziXWo2pxTnwNP722KsXb6o9Swmx,1130000,14c6aa7e3c7ed370c647c36a96b739c0983bf188
343rzTLi9k1Ymyta2d6x7KxFK3K5jFWzaP,1130000,19e187bd79a1546031b7b4f4cc6606d09be64d10
3BMEXf3nxAnCKoZHD6U7Jz3b74bYxFynKX,1130000,69f37607e6bf9958d5e6e6aba2508605c59f023d
12Ysqnhy4mLJFwXjvgq3tc46jd4VokX9EP,1130000,10ff75eeaf34dbfc29ac21868bea68eacab820da
3BMEXtWrgndQuzw31EYim7ucQ6RDXuPKp9,1130000,69f376e2e6a6a4b605dab3721864d363208977e9
17FqSNb37UXbyCssTXHbxryefFfNEYejk1,1130000,449f02ffd1f51bbc4e35d3a55f55c19ff3868a69
1CNEG2DuYeKSyUyPK6rvgZbgnNfsgM9NPd,1130000,7cad2fd62aa85c176e240b93cfd368500ee3e3a5
3M6HQ3SFiq1jP7QteQ7b7ASp8ot8i1Fsm4,1130000,d4d0dfc8e4a1bc92eb9cc7a25c92f4a7c56f2ce2
1HuSHD87qo1CMirLZebXQnKFfBZXS5xQyh,1130000,b96cbeaa7a2bb46a6ba58c34eeda9b0931a11884
1LYyq449PDkoahBynqLqi73VfYHnPKViNu,1130000,d676b905d3d386fc0907efc1a8f46d2fe3f7ec82
1CJr6qFMzQqEj6CmQ5nucnNpy7UBqzXrZF,1130000,7c097129f38966f6040bca69bd2a520921405141
3PAwD6FPwajxuovVk8e2dDJp4QvkWerHcY,1130000,eba25a4e5cb771b7ac4cc905b7c1118ace6156ba
1DB67Pipd6Fp114pCHk8NWWWyupv2zaZ8W,1130000,8589ef4f68433b90fa1fec47d88dade44808ab0d
1LysQCdxMt15KYEJmenSoeVJBk6QuTcqKu,1130000,db2bc16c8ac4928ab13b69f16cbacfcd68083bda
1GRF5i28q99iWri6rbkeeaFedDcFJtdCq4,1130000,a91f9fcb8799551039ecdd23b4f11ace2d3d3cec
1Da7Jszvuui65NjG2tFq1Fr8GRrRCnKWpQ,1130000,89e480843a93bd78439bb1378cf1a0d7f90e16ee
3NbhS9fwGdpWCb7yHjajqAYHvxer7D5cX8,1130000,e559209a89764e2eac091c0ad9bf725cddd24f57
17BuMSP7q1SgFfRzGnKGKEtPU8X585aRFK,1130000,43e09daa564e1f04df534e5e630bf109a40c7412
1HDc1dTjZxtFFFwdPvzZjcvpxudsnTLC9a,1130000,b1e43acae080d6733989fb132e9e84d3b3388816
13UHHY2sREEu7LguAA5NypJ6N9rAPcwxAc,1130000,1b19139ecbdc7b9f9468e204608b06a1d654941c
35tGW2P3qfW3GTsBC8JCkbX9YsF2wzJU4L,1130000,2e013f483385ff5730f8377dd55f87ef69a7cb20
3GNPHCMwHV6ZLQn4cXdHuEXEbxCJ4fPikF,1130000,a103cf866b4b77c08caee84916b077f222d693ff
1JdtUqVCnTTKcnfFDsh3TsrGqfxYwcZJKg,1130000,c174161333e4c2baf6de173f64a64fce2fe2bb9c
3BMEXyMy1tcmRKAtvfLzhWZF4US93Hqy4g,1130000,69f37731b8571eb141e9e1caafa27711cfa1f086
3PVXQcSSR2VBysKR62LNXycoj1E2kJqgYs,1130000,ef26633cf4c21b83d219ac8b8849e1c0846b3722
36XxY4BJjYXFWMqN81sppZ6zMSA9YKDptB,1130000,35220ead3d82d0e3555d8a32efa8589dc29a615b
3FpRXP5BpqmmRQxyL6B7uurQUP3onk75u5,1130000,9af85f9ff8b25c8c2ca080a15053509e645f5073
1CkFUndpmUEeJqcGSJzixnCmtFTV5Sp3JL,1130000,80d75b441f88e65dc25da51cec8161ce88718bbb
3BMEXdmQTWMUc6Rm6pZudWPTRm3RiDMTeN,1130000,69f375f30b468f3fa42f369d9581872da4dd5bdd
1DCkoyUL1vvbbNpn6jJcN15PVZDjhEKjYb,1130000,85daa7d8028cbd941178f99d31cb3d6d4109ad79
17eSECseAYnkAAy4qdMD3DFDhR8KGRDWbC,1130000,48e5344c070522fcc78755cfe195e2c1d8df7e59
1HLw6EogLEUsaBRt3JgiGi822mxBnwes24,1130000,b347117116df7eb233a46e34e80bc02f2e04eb8c
18puDabojTeHuA2SzmsX1joNDJPuDbQMz7,1130000,55d804e710c20bb2e2a8101a491dfb2315fec62c
17QJFrmWTPNmECQtyprSJSA6Vry2uag7Bx,1130000,4638b9ff4f59a6891da46c72efa91b6afca7de99
1HbvZFxuVhtpqupSmfLEx7ReXfBzEJo2ZY,1130000,b61cdc973abbaf3e6c45699836d87c4e6f3692b8
1FPiBtDQtRtMeiUMea6CzaRZeM74cRTpRj,1130000,9ddd4b3928fcd4371e16344205b3971e4a6b5acc
38azA1VVnT6HqjGz1UfMfCzRRqVhuKLDBL,1130000,4ba4e8b44786e8afc2b6aeaed77dfaeb905d3276
3BMEXwSf9Wrxi4pqUnUpRaGVJxregdib5i,1130000,69f3771282c650275e1d10b963cbde4640a1b412
3BMEX6Fp1jM5iePDHsZQRq5XKr5eWEPgLZ,1130000,69f373f29cb15328980f8e3bf0a1507a5c6d4e8f
3QKGhDebaTnHBE7x2PTw8PeEmtXzGCSe3T,1130000,f82e124b3b76431353b7c6f315b9439911eebb99
1BTHDPk2dz7SUCrt4nwc6iVvWhtpkJJErA,1130000,72a99b798d87619cd8c8fb257a742d465eea3e4e
14LRbpy6JNeXRRRZEu7jFR8GiDJsyxiE4o,1130000,2494d0e94fd6f52ccc6dca202babb7086627e65f
3E2jibBJgzHmAySdS7291iNqF3P7Hn38uc,1130000,875c4cebbc1525cebbbb906fe6efb9fb98e1c094
1E2pMtwPj9KjqinL6u4HyY3SatExY1Djwm,1130000,8ef195e408677515c1f1d250e7dea3002b5ae3dd
3E6GemgiefdDPba24KUsS3exhhjfYChMeU,1130000,88075ef2c6e464854146fea66e1001a927ac4d82
3NLEhGzjBMMaWU3yHmijaySLgqKvg3aiNC,1130000,e26c913202455ba5584611a605cc1a6f5ba1529d
3BMEXHMVLWudZdwTrTpC4nWVVtQhnbgbpC,1130000,69f374a7172872e1bef332ffa2fda256fdf20306
17UWmmhLVCxgQiSRdDvuyLAddSbVkkooPF,1130000,4704d687a82699102fc9a948d8c06aadaae6743e
3KBJpwHh2GDpTVTSyLVKJvnwpyn1gH3uQ5,1130000,bfd3e53bb761f249365a96c1ddd250a23873a6c1
1Ba266WvAekKK91P3Gadvpo3ee8nh8oTWp,1130000,73efe485b81f989446ff3fe6bb20af7fe78785a6
18VuF8ZJL46UFFvss76JXoS4nLiBcoqPwu,1130000,52402361037589e4def15f05c799bc391e76b51a
3BMEXdB5H2aRhgFhmy2H1wzQht35PBXURT,1130000,69f375e96b0eb3cbe5e858a107419042ea9eb6d3
1M742Mw26xZuRRQbxJLMCE8rEAY2wyUjQ6,1130000,dc878909d9ae40e21f5b4a148669e1f554ac1893
3PtmeLCsnY87NGyYHvzt9kcGQLSM4omeMq,1130000,f38bd6bea414fb77381ea7f294a5ea5a66367f4a
1N4H5NWscvQnwrds841GYdJSviypgvfqA5,1130000,e6f94ef2054aaaad67a26b8e2cf31a9ea4f9209c
1Hayi2A4MsnTWKaXr9hcbPcTz1NyA6iULF,1130000,b5ef137b465f376d922095870eb25ada2f6e53f7
1EMT7ww6gLffTeBAq4YMq9uLVYtGvvBrHE,1130000,9277c213fbcf6c695580b26a468176b0b8e799c8
181hPU5sXWouN1AjiPZ7jgidrFDeWh9PVQ,1130000,4cea981abcef5f27c2511b7c79d4acdb24d4de97
1DBePv8W5oTFEufuoMmg24W4QycqmwjEeg,1130000,85a4e287c03aca07c115092957ab837a4dc9af0e
36qMeyc4gW6ZszYhBnn2z2SK7tGkcEAFXr,1130000,386c6d7f78ff9652742bc48dafd352c0fb5f5936
36H3az8Z9o5wNJRQtGU8VrACgTVJAtF2qp,1130000,325008ab7cd678a30d714b2ebf996cd802b796e9
15PhtTebhYH3goYumxKvm85wHmAQWm1WnR,1130000,302bc90548ac6f2fd6cc533867de7c3d44b186a9
12MbvBLGZc1zq9Ux1qjU88dTrr8cwbFegj,1130000,0edd97972817f3cebb6cfb779e920b007615586b
12o41EMdzt9PoSoACqaxs3PwZQoLXqPuc1,1130000,13adc4825c4bb366b1723f55dd7ea57d1b69789f
19Qysv7CzUXQbHLSufAoo2ysuqe9mpdd9R,1130000,5c4a0d79726adb0e53e5c4870d9bc988b9a3e4d8
14eEPm7G7QKVzfD4U1SyS6Rom4ZWrRT2vc,1130000,27f2f286be26b6bb6941ab29eeb79e42eb0eb1a9
1JTU8PbcTSPkdvZEghEDDYw5NCmCiQ73Jd,1130000,bf7b9920555daba0443c72fc1f414a65744f2a87
35tWvtWFB9CFxxHdQ5iZyJFGVgRp3CnceG,1130000,2e0d4aaa5ca22ead890fb48417665d1ba148d915
36D2bzLmjcDM518i3QgimwSB6fqre1pjDJ,1130000,318d8cb98c05a9fa8ac2e06d5e66bb9b70b38886
14czotitbCEcc8bguapH5qirtWy2NqoEtb,1130000,27b7312d9531648751b93ecd1db541533e57e631
3DdC5TQAcPE47z4jpfoNd8gaS6iMskwXqo,1130000,82e85247a8655716ef4615f6a751788bea2e6019
3BMEXhHoTbjaEZ48BYG6C7M1eSNcTWdHxk,1130000,69f3762c5aa06d314b58a391fa759f2c73eca928
3E6MpReydyt1aXmeuQx3stqBXX2UtD2su6,1130000,880baf02b80b78e65f3c8920d7efa868537fb0ca
3BMEXJZruFjcnWE88PXE8hn9QXKHiyYMGJ,1130000,69f374bad25d6503581f18c41bc21f9d54710033
15dwDdKR96Ru3ZdVA4Ab694z7RM9tcSUxy,1130000,32dcbc855da7f304f5550345ae1ccfdbadc32740
188qbBsz6NWzaiLfFao6gFxnWuAfvszfjN,1130000,4e445a46b81141d467ebb18e41f274633ebe3ce6
1FZwG94i1a1kT14oLoyXrDbFYgFrxv6qFf,1130000,9fcc5dd7520e955e2099ec5be58e31aec0b248c3
1Pq3gVJLvm3kWQG54GgbSmfVywVXo3YRXG,1130000,fa68f8a3d5dff333efd3e22d351a1ad35561b565
1PwqZx7VCXyCfxAx4daJjKaFkxPViBxNtz,1130000,fbb1c59445cbd65f9c80b6c315530fb56c7eef52
39AugMJqPYJmvqCs5B5vqqaEr6DpXGJ733,1130000,520f5089a89cb7d3dd4be64b970b701fe8afb045
17XVtKy1TRf2YMjxAP6QQqD7es58twtNpe,1130000,479558727a999fb2ee477d997716b3d1c2a21d18
3AJYZNADXC6tdF4V5G67sTmPQhtSBRpCMX,1130000,5e79233b756ce0dbab7aaba4d152582d4bcf0eff
16wAApWRbsyqhYkoVbimBuJgP95v4tnrDV,1130000,4116beb823c867efee3278432ba75077d9b65f29
1LjLFpiKi1DBVG4GYLg567EekdE28F2R6d,1130000,d86bef1c017530bd59911eb66682d1a8cc0b6daa
38yLE5HSmiewjnDNChfcM3V2LHAsJvRh2H,1130000,4fded057294f95ae9c70041ac9c2f736e38a4328
34tVraYHwta4bwxdeyrjmR9ye9Meo6qwZG,1130000,231444e34614cefa33c1908e0710c1d27b34f380
18AT4fH3R6r6ugiUigzzhGka4CFsH6225c,1130000,4e92616a12fb173e410613f9e1d36f74f1610644
13tAP4pFCCK4NGqXo3AEsgSzLQZ3GBRfCV,1130000,1f9d4bc7ecb6724ea46d87992fac2b56002a8129
bc1qh8nn75cawc3ktghhcp68gh4m52gd87qp9sge9c,1130000,20640001ffae32a90f56c594f15725dcc78e63dd50164bdd5fc9
3Pg1cVc2PBpbZ4fmtJdKG5aEFd7KXAjsXC,1130000,f122176cb0c2b711653b01e4cc6dae8d6e70ba48
3BMEX7UBTd2N2Lcm9wivM8uUVnt67cL5ij,1130000,69f3740657c0de1b3821ff6c3c7054412e63b621
32ApXj25CfoLgF4Bn1dLceT2pNCLqQ5GFP,1130000,054222dcb6738247945405f56fb0288dcc433e9a
bc1qzk9tcdrnh698dcxjwcfquk9spcwd7v5d5zpr4g,1130000,20641d86fec56bdfbfcbf2313cee4b4dd46565ba7e3a39df760d
1NpgHj5FiepLQnp2gTNRPd8o3nMum2d7jH,1130000,ef5efce9c8c2165bcb407946aabf618986c6cb5e
3BMEXBQNAvVmM3ioJAdvVnTa48kABgFLfm,1130000,69f37446529673ecacca6f6a5b394d496258ab41
3DVZXJvoqHKKnzTK3vSxnVh7mz7BXB3Cym,1130000,8176e54e757a2acd36a8bf19566d9b2df7a7bdab
1Bb1UZrWcFNrgSMSCNowx2T1yD14uswK2H,1130000,741fcc1ae35f5f793d4b7092dad161ab69b1de92
1HgDGdTY3JfskCgp84qvHCCfDcrJyZ9Y77,1130000,b6ec7a21cb8f5de6fe45677428f481220d73faf4
1DZrBE6rYu1W5Cvn94YiPspuyi5uUV1Bqn,1130000,89d7ded8eb70405c29832b40b938cf00e5e098e0
16Ex9DoENHC8exT3bZ5MKaiq4FSbFuARSi,1130000,397c110133f2e98a7fbcd3cda0f3ab04015ed6f6
1EbRtQ6p2k4zVGHAi43Wy3Zkjko9SXUJQz,1130000,951c8d445f3ca6db6658434c7c05822c30290a54
13pCPXuHSzxyA6M4idjDGC5M8iavYfu4KJ,1130000,1edd4ef3ee328e1da803d542dc75f39619bf6f22
1EctYmeHPYkYmUUHdYN8MaQDshDCVY44eq,1130000,95633947a3e1122b6ad08a8d3c43b30b259f2222
1Coin5NAhBhmNSoZ2G6Pt5CR5RbzBvWZqv,1130000,817f64452beee38f68bf82791bf9428b1ce65bec
1MPVbRRDnp4wbB7CmvgTwjWfWpJEFQbsqf,1130000,dfa38913c3685c72bc5d7d0e76ae5d2c279e7c16
1BZLPuatfdCXSuXKAR6EjpuSuTJxGPp8UG,1130000,73cec239f9eca43d25a16505fd31e3421a051ace
1EnbQ9vuD8bW9wNuwhFTAfVSXpBwXn4GGx,1130000,97391187f52747277f682b743ef948e4e35254f1
1qB2NrdQMoWbfydazvVwogvFkX4xyJ86j,1130000,091c556444fb8ce86dfc760d7d1bbd9b7d3d6bad
39tj4xnMDMg5SRoMhDER7SiVnDos1xTv1j,1130000,59f7ed9783a915dbf00766e31ecbc8c270594165
38uqB3P6X6qUknRrLGt2gThHZR79XRy8a7,1130000,4f355076e9af9c79618ddbc2ca6c597e5c1d4598
16CDSSoQYKoNSa3N8jDQLvnyV9rD6zeWct,1130000,38f7967a6fb7a03ffd32856e09256b68c78178f9
16o5uCrXcmnMhPkaFt71VysEsG4T5oyMVB,1130000,3f8fda817b0f747eb61a9c674cf9d9d07a9de363
1P99ZK487knJ336Ec6k39ezsSZ5ep7U7s1,1130000,f2dd3cf0016b89b9912e7202c9361d05c239ed42
3KdcsbVWj4PxTWvMF3Vdicpxw6MKVAvWE7,1130000,c4cdc63c4484e02c531b1410670e179f85e9b5f2
3Ac9FdKAimGYjuzC8Mu7wwTEzY9R1vHALv,1130000,61cd2b926850cc45332b4c71c34616e385404f8d
1BzVwiy1raEEgPah1syExPk82XbUxps47c,1130000,789120e45fdeb7ddb7c876760a3535c50f4a8410
37LkhN9Z4HWdwAnAC79LEsdRuRJJwCtRFf,1130000,3dfbb9743e8d275017f8050a79749203fb0582b8
16AZQuVu6f43wNeMiu8xZR2fJFDJJ1wfUv,1130000,38a76dcb2fbccf503e433b7ff23b2d8405145791
1PhWhHZtB8me2qu76JttKCnt7WDYWEsGze,1130000,f8fc31895407accee215c46c18f0a56c7a9d6c33
3BSRkMascyXth4k67mgiR7e6QueJkGZVJr,1130000,6aeee7edc60d5d68f30587dfc3ea71fabfdd46b9
1BZeyvhLqzq7qoT4pqqgwBVfdRqcPuuK7d,1130000,73de46220d211f15714ff65a1aab9d69ad539a28
1GWRwYerm4CC8wrpyBto1B6h8Asm636ebd,1130000,aa1ac4d57c5751df8d4901b5e79a013626965167
1CdMKfgBhr3u6fLtnbAczq4VcGwDR9hN4a,1130000,7f895272dcaf246e9eeab4662ccfa50cfdbf89c8
1Uijy9pryYxuvSeKQw1dGZpknr7soaeGG,1130000,053e130fb64dd3b4e506bb9bbf42b80c5fb02fde
38AGFXgSjCUmLU2XCe8d7wfX7Yw2K6P3p1,1130000,46f7f20eaf39a97e5fd70cdd733f1f2dc567d59c
1GQejiw7c5hzHkBac7tJQZmCDUUmUDtz2m,1130000,a902f46e47e39164ab1c4fbba02e72a524fb643f
13jbqj9Vkimc3QWfvhzzHcNpkb1Pf5pTj3,1130000,1dfece162f12884427e971b2d13cce10398dfe15
1AMDWEmQcVuBvG3RSKryBa9jBx8L35c7gR,1130000,668be3a14fdabdde1e21ea1aca1a9f79c8236299
18TkDozn4bfF1ZpCxF1UgDjYkBcs5qgRGt,1130000,51d7c642baa2a97918251df071557deafcb9bbb7
19ZdG2Q399eLFrdfEXpRde2DWkQ9GYKv1d,1130000,5dec95a6264367caef2444cbec22d10858b93554
1Hea94piGu8He7WjKDztYoFK2A4pUf94kj,1130000,b69d10f4404b70d10b14f446b2e0bde2c3423962
1DjjtuCVb3HaB9vwutMxAGrraLCVSLUYVG,1130000,8bb6c95e8b356ad6068010d311b8ad29410b60d2
1GhbgiW8mc5rhL1S57MZmfuJF3JF9kuRaa,1130000,ac377a858c2fd95e1d3b57845d1e58eddfbbbd7a
1GncDgmph3HXGDyLdd4ea58h9dFQPcmK7R,1130000,ad2a010f91449d48254f693f0317072cbe1b6079
1EpqYW2oo9Vx3wQkbr2FknxRwn3tRiZNca,1129999,97a5b507536802fe35dc59fc005755f22f8521a6
1BB1S5kvsdgTyYdD3AimfaM7SwZidsjvsS,1129999,6f95c74836ead7aa5ff11e9e307ecf327d8b488f
324nnrkcUtLWiHaPbiGS7mZ8QrJNVPSrcB,1129999,041e304e88c7d8a47965ecfb9ed23eee375014eb
1MzjVwwhXAQZNVGDVLxuPNPQyT7Cjpngnq,1129999,e64db3b3266a3e38821b9afc3c3c7f1df2bb8866
381UizLdzzZLe5Ja35KfDGnViMS29dtVyV,1129999,454e9d3b410904b75a1398a936cdb5f7ae7fa3c7
16tgKip1XM5bufdrUc15UWjtzMpPG9xAcp,1129999,409eaafffc0ab54ca80d168629ea8d5f91bd0ffc
131pmPcQ3GSoEn7wKz9Rx5DqzNTmEdkpRG,1129999,16181fc2db9a6c5231d078d8e010d571932fd33b
1GCaeBhXvA9HCJgPQwWLts5PEXsLwBzV6v,1129999,a6ba8b65ca80dcd5c4c5fe269997defb5b8d13be
3FLVRXVsYQ1MSi529xUzojjLLVU6Mmfmmo,1129999,95affb3b422c8cff309ea6021d6a562892e4513c
32BdZi9NRCtHZDrCnWNQDo7CVfS6Wvgxxz,1129998,056965fbbaefbe4ba9dda9b9beccef79d9561526
1GCXAeYvZe7rcWyZXdQhVSbAPeLE9VrVnS,1129998,a6b7a4d83d059734812f6333d72c98e618536354
13UgRi8jGfVF5Xgpqy7v1up4sWp8QYXhjN,1129996,1b2c64cadd2251eac10d8a101a4a7b769eb3c405
1J15fLV1RYbgHukF9tRvsiPiRQNyytpDLV,1129996,ba7e07732a31ac557f2af813972bedc405cc6cbe
1EuZG3KHjUK3yAgDD2WbXQVboNjZPJH4Sm,1129995,988a31a48dd269f95ed25ed46276898e7b2ade4f
1FsAP1KpsbGrm3PiKiv2a5tM4osRRQp1Pr,1129995,a30e637b15c70215dbaf7c9a5299e70282e24c12
1DmXdjpHQSfbbkyUYLbjSi1aogpZ7GzrzE,1129995,8c0d621a3db7fe5699d8621cfaed36469b698e06
1P8stkrkQ6PjVjpbJhv6Gxp7mbGki2CGzJ,1129995,f2d02969a23168b7c776c17d0d9200a187ae1838
3LppgSfrpEgM6qu4osqsqJuQkRCCg6v1tB,1129994,d1e4551253fa522ee93ea71cb3bb8ced425ce907
35KT7UeNuqWG3RTE6ZvPGgSYWLKrRovshU,1129993,27cc60d7644bb20eb79608042950883c2b74d1b0
18rbaFLD643kZZgGMcE3Mmm5NkYF6g83av,1129992,562a1f75b004e264d7dc994d1f1180ca7335b796
17TxJGeY9th9US6aFKZBisck8UQQBasRnZ,1129991,46e9bade05b53f698ea3bfa5c0e0717b0b5257a4
1zBEvRFsaSbyzVQBLahztLSa4qnTtDTC4,1129990,0ad041fc6d07a686d8bb51ea171311da3661ece2
1PBqveHZKr5Q4NMNufnnu8Pok8knJB93Uy,1129990,f35fc46d35ede54fd3645514acde782bc16223f8
15wxa6o8VGjmpSTwo2xcA5uCSFxYdhyFeT,1129990,36455a67ca3a75204bd20fdf470a64dfcfb3a7a0
3BMEXY6EABvtSoaESzPJ8NqMTjXNS3J34f,1129989,69f37596bf4a14f01179d670e2dc0e84b930947e
3BMEX6CBC6EKdgk5o8YmCjh4oUcQv5LNTw,1129988,69f373f197c988060e83d39dda97db70549018a5
3HmM31we8FQ9nqUBrumCzWJaowKsniCoXQ,1129988,b053a144bd6c10b241f6d3f18de2e684fe0bf713
1BUmxPaftLtQomYdeFWcoJN3wpUmKdmGJS,1129987,72f203ed5a55ba8180382f516d95c18e20a278ba
15WjDd5s67Fsf6x7cetx4mwPLcwW97nchh,1129987,317fceb9e3c000aa7bd936616a9be000d30dd96f
18C1QVeEjAXJK7AkTCh2xf2SroTH8C5PrN,1129985,4eddcb50929809cc1f6977814356ffa36c34c824
3M1WqcdAvGJDzz1nE9ieRMXHaWxc7WbN5Q,1129985,d3ea03a5cc6b7c41e5106de324f99e54c219cfd3
1MSgE2FHtruvHN2nDHghMUN95Nk8TWcR9U,1129984,e03da85e7018cccd4a269bc104c0c60794a552cf
1ZkteAc9v24uP5j7cCZqcJ82CHYnmbkXC,1129983,0631f2d7abac8d953d73611470ebbf7ab3e38be6
35CRYBPgBeRZi96Kthza5cwnScV4DWqtCN,1129983,2678270e956844d81883eba35e4f53ef1a3a6051
1NyMEW83UCHWxzQSrPMWboman7rdr3YFwG,1129982,f102d3267c92e2b487c15943eedbf6da8cf92051
1Mu9UxAHXWKkvaFSSvVN7KeHtgCAab3f7a,1129981,e53f39dd604deb90fa71307fc4463ee666ab0f1e
17BVVDnfCgRNBq7VnxCDvEoXPQQwP4Lstd,1129980,43ccb19687ef7da6b97a8c1cf498486c9785715f
1MTqiycQWGCLGx2LDQNmKa4885x9WDqwt7,1129980,e07600d1abecef8fe2eb6999949b82e314c26d61
16kXzfGDgyXqhvkMN3Z4YDHT9a7wxZCjCg,1129979,3f14634bc46d899b3cf29b06f46255334c61e58f
15wfUhjMS3BPdPrLovf29jrCgrFUfPySDN,1129978,363715a6bd23b69676644585b051923913482eb9
3BMEXA6pTD5SudUBS1uLxhdeuMWsLu4oTw,1129977,69f3743123eb61fe16e9c05f60562c69d3723eff
1NxNzeZ81skNoAUxCDjJwK8tvt8cYhd7iw,1129977,f0d3e10379e732ac9c9e38c4a76759035f1839bc
3AF9DcGQ7ocPy5RYbZqa1WVocwz67gCrDd,1129976,5dd467ed05c84890f44f6693516cf624cba3642a
1JR9fLfXWwAbPq56oHLzvuk2AHwcYMkK6k,1129976,bf0b59ec3aa2130020270159b6f1e1695c4d9d5a
3BMEXfDH6F9TkvUsDiKDftyB4yvkze2Gav,1129975,69f3760a8f950d111a8cd214bf38d5c9954112e1
163MeoSMJCwq3yzMoUf74r293qjNQsPm7r,1129974,374ab3360186dc7b4d06f3902a56bc549564d128
1GefHTb9hq6NeGgYtWK7dkMo2GJvM4n5ty,1129974,aba93c2a5bc60c0f119cb4e320bfa7302b7c0025
1ATvcDWGoPpDRz8RirwjSyJPB5EsT4Jt8G,1129972,67d0b2318f53342245ffc51e243db9bcbae53c77
1FEa97fSKb4Gc9jUQvBmXY9bSKwbXDAmN5,1129971,9c22d51061f9fcdc1d015f7020b4f6ce5e819885
18aDu8dXek5DadNCsKLvysLq8ZkeoFLcfk,1129970,53115fe6f75969b6e6b19f0190714070be487942
16gK8AxPJL5vRALbCvknhpPE3CcVVRtWx3,1129970,3e47faf4366ca795fc4764fc30d1fa1a63e47551
16upLxaswTR9dg4m6HmfBGwMEbHkb1WFuc,1129970,40d5c7a13fdc75541a087ff40d031c2f1132e26b
152PfZTmn8nwQ8yoNGfNq3j1E23px61jpN,1129970,2c23d6b782197eb509c962a3089e2637b3185969
35veV4cojHFw9fAbAXattTN9dyLFhPCYoZ,1129969,2e746e11a8cace219462c00c0a46f56c4f67de9f
32chkQqKPr1ZZsdiimmzugQ5EgCLqpfmAN,1129969,0a274a5c33ecf9df3c39e40fd441789c11a1c6d2
1Mjnw3jJdELpDiRMUgNd8VpFS8vDhviyKW,1129969,e37a53fabd0452fadbb6060306d5eac33b879931
3BMEXMSdmMLAYZax4GY9C4UCBqL2JXZp5D,1129969,69f374e9952cebc9c1f89ca91cf916b37c5429a5
1JzjuGeKNdcbJfSSfA7K32zSnbWJW8aikx,1129968,c565a9073348408370166a5267f14504914d25fc
37Vw1KTtDcvjtrthuggxtqyctPJE69C1Q2,1129968,3fb812f5c30037925d1ed545d03e001016185a99
1HTCFxZCmp7gYx13UFY8UZ62nGNVV1g1Ch,1129968,b47639a451c719ee0882d10a25e5b21e3a4ceabe
12Zi7R5nrMytqrtiNyv31Yj3zpgm6kyw4S,1129967,1127c104070fa0c322ae020c2c40217ee44e2d67
3Ch1wQ37gBvmcFq1RjAVG3fJTrQQo6wYm9,1129966,78a9655ac2b8d4e741cf672462e4c8612888462d
39fPwqvzsXuenrz3cjrq7DJUnePtF2sc33,1129966,57728ec82db15465e4c1a7436ca213aa9b93129e
184bHifDseKnEDtGhsqHCcDW2AohejiqLz,1129966,4d76c031ad860a4b4caed7526e6d1a8a408a18c6
1LfZU8P3zKaNQTZNjgAPi8RdcxQwiiUUPq,1129965,d7b54c9322f820d0c36a2ea501964fbce843dcf3
3Jraije77SZvEBoutmWfdwJsFBXZSLcUjn,1129965,bc4942512da0f296d37960b6fe3458c63dfc4659
1JCJeNGNupSMq4Kykjo1wQz8Xjbobap7yD,1129964,bc9d714d30db5a9ad718bfaf2d923d9fa1bac635
1L6x3VddTSRRJQXT8srYanLjAXXh6Dt4kH,1129964,d18a6ad2bd6ead17d578cae20645bb5c92c1eb8b
3DYzJ8kKWeEQPCm2Ai99DR8oatFdwrWtVP,1129964,821cd2abe8882952bbdce1de932bdfa2419c459d
1HuiC2yDzB3mxasv551JyPgkWjWucA38p1,1129963,b97a06c46df4457aa74982adf4439a13daa636d3
3CZm3r898FUBqnt5pHYni6eVNG2MSiBWig,1129962,774a0e3e892ae6ad5d286650cafafe3889e7ec72
bc1q7pp45f9w6jrgtg646atxqtj2rqdavu7haufnht,1129961,2063c82b6fd6e2b9c7bf16cf2ada5bd21903b13f07ae672684ab
1E9Laa4LeQ68gb9YGg7X4yjYLPNkX9MCwo,1129961,902d4e729b164d6123fe9a43149b6cb54b75ef09
36jeRAfY1rqtkkWV5EwX91doLDhTfMkZGE,1129961,3757ec914c7ef161172124a24a6df7f04d3eb678
36KimvCNzNoaBNiH39hZwZBwqpmJRBLh3n,1129961,32d19425137dda414890d19d473aa924de89792f
31rcF6Shv6BnqxXBm9doBsxV5vHZiqot4F,1129960,01d064758aae1b86f7c53fb8cdf4090f0f5f33f9
18hLGxwrzKogPY6pF2KoCFizNsrXNd5WtU,1129960,54699befc9e0863fcbfafdfd9cbe72ab1e48ef9f
13eNxL3yTwutU3CWKftutds4g7t22yP5oX,1129960,1d01f7e7b3d9d223be466004ae1537d5a52d0103
1AvVndAC2oJRFAkfUDifogoGeyCMVSdnS7,1129960,6cd73537b5d4e04b4185e20426d2891e844530b0
3BNdWzu5e3qQ1n54UxjnCPMndP3KLXmsRq,1129960,6a371126022eedb3e90fded55f0333c157165d5a
1NjJyzDu7RE42Gyfu6SdZ77zB7ebWWCVjJ,1129959,ee5b1f7730cb57f15af4492bd73206fde49060de
17db4PjEAFnn3we58JExPLZy8Xaw2eGK2C,1129958,48bc28f02c744e790a60881de5fd0cd9560064d1
3DzeQzPqX9yKUV1JKyPd4WETfEiwbF3rR2,1129958,86f70a9ce9017351f2007c58ec52b6cd8eb83696
3LosdHazpGH3WgK57vmLeKFNVaZcLpDfmH,1129958,d1b6600c9167f59b38b3996460f44e5f37b2f079
3GdE8BbsdctsbadknLfy759GShYDk1toxz,1129958,a3d26853e42ebefb961e47380158cf94a44772a0
3AmVq1W9V7x6oEsu4YgMHVgjBEQxmbypXB,1129957,639216e7af6cd90bff50a9867d1567bc8e3eb384
1FREhU5HmgS7oA9GZSBSTDg1eW3GjZaFKh,1129957,9e272da68ef82a2461e8a0e11d757d9e1b03e144
3Kkd2mdSxwRfteQGqd9Kscy1VWSqJzrod8,1129956,c620d17163bd9d08f1745d395e029d6553b7ac74
12HP5J6KGxWfK3njF1ufd1LnNoeh8N1o3N,1129955,0e11352917c7217552ab330e8fcd1c6e326fd577
17P63CNqiCe5AVxaaGb3zbE17LrFAFGx8q,1129955,45fe1c7b82be26ff1518f949fb4e3bad0720c7d7
1NWjzCZHZGsfqYTvCihqKuAVcz5Hk1SU1d,1129954,ebfa966116153f0438807955259aa7d64db724ca
37HeLV52VkdWkq3Eh1ZnmyvN5DjRNyZ8Ny,1129954,3d652adf9cb58182bbe1f293048c976ddc3c351e
1PnDV7KetYS8FLrMNzHEmekd8LDj9XZjqG,1129954,f9dfe83c958e5dcc4ed7884fe6957c1c30014d11
31xLF3oKk9EmKqnofFL5fHqL9dsRBAdFGj,1129953,02e5880a33a5c7638b240ca715fb29b13580cee6
15oQYyM5LoDUNcr8xkivyqw9quafpusVjk,1129952,34a74c05533d93ee27fb430895a37d9cfdc4daac
3LbUHtL5skAkY5CPXycQomsLB6co1jG6Yi,1129951,cf5de7ad7b1d926ef1420e0b2c7655326068d2b9
1NcV8yoeaMnsiNzrcxwM7P14aKWJyHxMNs,1129951,ed10b02d095c3d6f2aaa51f47b59c9c4d301d094
1NaP21cfZwgNzUmxLPEVxnWtFNHZyiNpXd,1129950,ecaabf56d1ac0a1dae607eb8bfbca70f32418503
15T7vHKWHM9XTBV8CCfHQHkGYmemVkGgpA,1129950,30d117f1e81c7615f9a2f216601226053afa924d
3Cdfz33UAc2fif2goyEqsf59LMvCW8B2PT,1129950,78077da7a288ed2b517a475924ae1fb613c4c8bd
1LzyS9J28BrB7Lm7P7rLUZz1XNQUBdx9tJ,1129949,db6135414303159de2d0487b22ca4178f455796b
3BZ4Y1DBCktq24TfsS4w6hsadiqHcKNks5,1129948,6c301c2a76da634fa8abb440f5368222b5ec66c6
12379o3cVUjNJQJFF9JgaqpR2Bcix9m8xi,1129947,0b5e17c30ccb8b1524af95846dacb78743f9cd62
1NxD4SZCQp1b1zg6cfZc7WaCu71tPHyUJP,1129947,f0cb96023f1a8608d88bc5fb78a073f3a544423c
3FevyKpbj7W77fAaHRdprpXpjf6WELPffA,1129946,992ccb984dc8dcd918a3468a4a97e344ec44ff6c
17rMYwcEZKPN6sH13CjoYwredE4JqmV1wh,1129946,4b264aad1aa6b14086d8c40c71df29da671685e1
1PRX2ME8Hut2CzTr4QV3FjXy2nMb9sfqdB,1129946,f5f5cffe72e5f184de82ab22d9884549bc32b0ab
17dkrfxiGEggF6yKxwnNBWiCsLcvV7iZ3c,1129945,48c456bc80ed6bcf7535acb386b38ef01bc80e6d
3GSwoP91SpN2GvyjvaxkmrUr5DH448Sxqe,1129944,a1e09f0677072d4331c66ecd91b86a6c7d4f090a
1DPazhTsTXxwxRaLD2paKWDcrb5U55DbpS,1129944,87e709b94db79f2c8fef44a43e70e4376ac742b8
1XNq8y1kmVfHawbqVQ4eupSHyAZBRf2ut,1129944,05beb39adbd9bc07e6337225608884ad00437747
1EnqWvwasTMJnpmYuqyKuxzL3QYwJTdizG,1129944,9744da450a2e9b6f1fa8d4cd463a4975afd84071
1Jz8RxSPZh3jZxhxCQnfeBHiN7Yp1tG9Wm,1129943,c5480cf5cc946f601855f4eda57af23c31754c3e
12Hofg6TLRvgzAKdj3yWE4x9ALx9svxtxE,1129943,0e25bc951854362af9025da941f605cd3d3bea1f
1BsvBvV5PBNihRwpKrosKG5Hph2Se2GRQS,1129943,7752748e32dc230ef61acc031cf7738efb9df164
3Jwm3DyCydA4CkVctniYHn2ZhDH7rZYMKR,1129942,bd43f3d928a062a24ba2698a8f6c0ce3ca5a5731
115bmeCyfBfUSwVkniYQpLwkGDto1uvV1R,1129942,00deb0284fcd5850381caccb296d1459739e1bf0
3FKTApuQABhWHHh8Tk1kaexT8SPC6vZ9Uq,1129941,957daf302a2fb8692e872a3841dd0d08fd79c180
1AtTyDRmbNi3of6EiveY6PpTT1nJYAyYpD,1129941,6c74dbded98d00a2c654f3eb32c1c8590db9bb38
1FEeowBorPKPZrggGeYru4oPckt5XGEGwY,1129941,9c26bae2576420691f9fb2efd0986f18e8027ce9
3BMEXRGUqbJ27XLBxhjU7B96oj3JScmsT9,1129940,69f37527c9083c1ad9d559b4f7efd8de73cc0864
38QRuamiEL77h6eAWSsNUJ2pQab3aG2iwt,1129940,49a5d45a27444711f5247b6c841ca31b5581a147
1LwcE1MQ4sP1JY9NEDK5uwYgStDEiyu2Br,1129940,dabe416b69e540bc8c60080d2c8c10e536e046ec
1HsWfBYtjp4SJD5BiuPEUM4FbzQSAVuh5D,1129940,b90f9171900b079e3d65e49e0289bdd69409ac93
1HJTRxYRKM1gtZvdrH74YNBESAj4huR8WR,1129940,b2cf25948269dda6d223e274395cc68bb42f9c0b
353UkFtWaPCeh3FfFCY8fUSnQuLZVqgdCc,1129940,24c71646312ac5e892b775e40c223f0af7a0ec9e
1JieBTEPyw8CxTkRNJdvLjSuUH6zfUL4ge,1129940,c25a3aaf2589e75bae1eaf64d16162af132935ba
1G5CAinRCgtMcSeRYEriAWaDbL4NAswdZ2,1129939,a554df7282ba232292aa327435728b209dc1f483
1PUkPzyYG6ynb3jnYTw9aesaawfQaKszQb,1129939,f692394c6a04961839cab61b21799f59f6300375
1834Vhih4dWGjEpGqDMscS6mNyJoxKjSmo,1129937,4d2ca138e96ec4c75e524115c6762a346ee6e5ec
3PbHxJuTwe4TEbJXKPJNEQRRck22UXVHnf,1129937,f03da72be0da292acf5f0e09befc14b72d6396f8
3MGnCPeihNZ4UNof5D1KsPNLqZTDjpQ7za,1129937,d6cd12f5f68953d661018593738f7bf2b0362368
3EsgvGcCFQpVLeEUTcnbhPzgVG3dhfkAhx,1129937,909e58af6176b8c0b219f8704a74425151e38836
3A1mma7M3j8LZyNpLqwPWQxqTXUFixZEpz,1129935,5b4d18037ae78a2f84f1c3a851357a1eb9c2efe0
1MXSEu4JVpS84Pu5WtQDZu6zV2WgjbABnv,1129934,e124104154291dcad975b43b91be43b3feac984b
bc1qw3d7tzsw989xrhznzxeu7n86dz4pukmxttzh4p,1129933,20641753b31f92c5d1e7cb9258d95ade2ec1b6ff2343591cf06a
3BMEXftvy5tp8No9hTr1SaxVkKdHQ6qbqW,1129932,69f37615add5025b039b0b0031d7adf23af73915
1MULUxSBE6qDchXj4nuNm8vzofMDcwEzeP,1129932,e08e0267b649b73e2702c21586f83d50642e558e
13DkWBAskWokfNWrtBun3uMYTCTYmowEpj,1129931,18598ebf23c968d62fe7b97a8ede019187ff66d3
1AQ7E6smfqR1kYiTwh3FYngJGAkTgyiW9p,1129931,6717e572b907621b3d54a3d84ac9fa110d63f580
17d5QoewzGMw5qL9dCDsZnom3LarGrdP9Y,1129930,48a36934b75cc54147bdf85a77ca9d1cf5f10797
13tq98DzQb1bj2JpbJQYRwYU9FB6MM17dq,1129930,1fbda6a384b9adc46984f4a67f2a576e17c255dc
1QB836wqYX2Sb5ZVRufcU8d8zfZRCTvw6g,1129930,fe34ed1c235732d0825d3f978e4fddc54bccf28e
3NrvoLznxkfWr7HKuDHNgSwNrucJfp9xRE,1129930,e83a861074e088121f357e3e3b7fdfb4764c4e1d
1PvBsV34Z5C1r6KCoNQ8He877nD7bRPGJu,1129930,fb61e32ae66ef57392c2d3d0e6c531e40dfc9762
1AAGqNCbpu4EnD1egCLyyo7ooPss3w1DzG,1129929,647a17da46883342f75d68e54aaf0f1008c5f1e4
1McrV7Big4HtHhQYggxop8U66y78LChY7V,1129929,e22a61caba667c9bccf33acb0b389eb6c6d0a92d
16ZMec14wCMxWFN4jc1Q3kTkRFgHRYq7aK,1129929,3cf72d122f7d976c947bfa7e5721e258a5a5bba2
36Gijr8Wp77Mo9udCGF9RZ8M8C3TPdinsD,1129929,32404d0f16ea3f336a1558bf4b9751acf369a933
1CyGrgF8aHk5PnZra3LSJJKAztsRDK4Yn3,1129928,834de9efd579ab2e3eced66d1677884c08fc7856
1LZXaTLiom4tYW7UZC8YhBBAa3stY3jTno,1129927,d69139928e3fd2dffbd8264401057c10f28c9402
37iGnxPe4h5ULj88E7JR6hA8FjEaqJ5Vdt,1129927,420d95340d4ebfa939a0bc3c322630de6840f66b
3HjQmJ3DrBnfwhGeRZ7dXTHWDPoWr1nL78,1129927,aff5e928d90f496b88ce2630d7c3e9982752f2d0
1GUndhWdpT4HHjUv4RfMjYg2ZaeL2eQtmu,1129927,a9cb35c34f9508b235ee1291313f786d1335e108
361jgi742SAuoMHfbg9fvM46p2AzAwaREQ,1129926,2f6ad9e68b4d777ff96a6ae3dca57d412e67a12c
3FoJzaAkssKs3BtfYSmzdbLFi5PAShmMtc,1129924,9ac2816ff96690c0eca5239ee290bf8108d02897
16N4RbpUDgyZ1An3NgTcoPwMgcRnFgipDA,1129923,3ad438f250b79326a7f797c665c143934bcc4a03
3BMEXugQqaaRiY73KmTeT4i1r34ufzM6qP,1129922,69f376f5d79f9e2e4f68084a109b74333bc82fa4
3NcQSh1oyCnDJnKKZbqNvcdnGoXLPoCuiT,1129922,e57b5c36da609dc71e86478b2900b5037f87c51c
129UbvJuizuKyUx3sVGGNjtrWQDjLsW2XN,1129921,0c927e985a3c3a33e34bc75dc64927e24c3d9d04
3PBZgZBt28btemu2d5xotn3YvG3mtnNF3V,1129921,ebc0cca07e15ea1e8bccb127db2910a54f609e73
32s2Bv55d5SEbq2RzKm3Q1xshHFv5dv1mr,1129921,0cdc81b34f5e772766f3fe4037c84832888828bd
1Csd5M8cRnK7hx1VJfofjCcNLcDNZZoV62,1129920,823c4ba9fdc2a8e42d949599b66636a1b443f7c6
1EB8CYp5LPteSuQeQBQVjreMKVqvesGged,1129920,9083cde819065e9f7fc060b3feef638f921a72e5
3NHH8D9Rcjda7jjui3fuYSWTmKXH2ykEBd,1129919,e1dd58ffd9e5f0a7d845ce68cfa1f6443e8c8481
1MWsi9LkcrFcjT8w5oUnH2MaYswmmQw7dP,1129919,e108e89b7fab7a546cab80f509eebf213725d6e3
1aRjQ7bmCmUZAicbs4jQTVkicRanHLqvp,1129918,06525f0365c147ccdec4d3fafa1cfc350995830d
32sFiKTNSLGunBJCvvbJ6rXSmTXoh4dCuh,1129918,0ce7cbcb3be78196c7ebf5875c806704ad386797
3BMEX98peZG9dmgNR1MJqgK7JHquXWyPd6,1129918,69f37421708bcd361ba73f02b90ad630e76c6f4e
12TZ5cbBxtpKMDw8PTAkpBquhPjYVtbwqB,1129918,0ffdb82d9ba3a563d7b6bdcce3c3c49dacdc7da5
1E9iiLu6sij4fqtmWgSsecX7VbDEBm7aMr,1129918,903fc871b519dbfcd62e5c0a53e82552dcf37196
1PvPsWrshrToQCzt3MAp3CG4LFihtwDdfQ,1129917,fb6be7a8f12d2a8be27752ebd9ecd7b2c25596dc
1CfAjRSnCCBrFPNEeCs2z2Ui1GRSdQCCRk,1129917,7fe15043f3b93c98e99420ce9520deca3516d8d6
1FU8tKvm7f8bj3CiaHTvecGnzRQAM5UqTt,1129916,9eb392eeb477c29acb06d66067456f378b84e9cf
1GQxChQy1VfxYifEvgGWpvF25s87YLTPE,1129915,02ea3bbc62993f7ea0136ba891d6e28d9c843836
16pNsuEp9abx4m5YSoqjcuMw12mGhmsG4G,1129915,3fce710e1f0f1a0c03528c7337520b57399fa57a
16oth82LMPGMr8UdHu9d7BAXMcNgx3R4WG,1129914,3fb6e9cb164e4e348ac8be1c9355c50b87ace678
1EdmQ417anCKmWFZpAz9AaWuWNR5M3fKW4,1129914,958dabc24bced6e190f9a7183b0f816ee9101ff8
3BMEXMLpCJNcs3uWsVS6KAKxnANsrzYgUx,1129914,69f374e7f3690f7e910ce99630d790d958fef17b
16mQKNzWeJwgock9tnUu1Fpk2KnSqj9tJn,1129913,3f3e652b36c09050967a339124e4744ee9f1877c
3CqxMNsDQr5kZkj9EHfypvb9Gzu99YHpLp,1129912,7a5a254a6e7cfe8a789ad25fa98496f9da8c263e
3BMEXWrMF9po3CgxmrRpsGrXwATv3zsw2g,1129912,69f3758297fb2f0ec27fe5460b6e87d05de0ef54
3ABVZvoAgDLS2Jn3RVQ8s77a2TAvUhtHms,1129912,5d23baced1db99fd7129cc27c2ca7a636633bed5
3KBjKU9RXQnLK5dSrk9zG9g9WvzZeZBL3d,1129911,bfe8571c68d5de25b0ebb3ed8590f3bc0f86d40e
3KxiL8hsL9y4RPXNWsNPXi71SXwPdxEjr7,1129910,c86a3bbe0306d22ff138b950f6b5638a8975a5db
15rp2DwZGLACvQRky9PsZmykCAYS6phVEH,1129910,354c22f10ae027b60a7a0760337192e8ed8a347f
1MGDyZUmEKKCW9Pa65MDgqMmwDkBLM2MeF,1129910,de4396133462b3c57bd79d8b0c065b38863a7253
1NKck5nLTrgtdPWR78w2o6qNSMyUybrCsg,1129909,e9dff721c4de208f6092f81d5434ac6b09b80255
1Q9JbmbV7EikxNmC17mjrXHbfqF4Y9SiTi,1129909,fddce979b473669dfe7f966984fb76667b996c54
3Pd7CuHaFj243zLbDmwULRWHmTSptUDQdg,1129909,f095833b54eb2a2147c8f1fa3f71efbe7312e512
1BxZZhFfSmEEFmUYkRWFoznE3aZsB6g2f6,1129908,7833518b8c7844adbbf94fddf72158705087500a
1EzuBiyYkj9TNY4zNYS8KFfUBihgy6vYqd,1129906,998ce821bc270e649b7fcb026fd9574845a08429
1HZ6qfdo5j9ic5C2YyHL3pL3UYczGuWphD,1129906,b59432913bdd6bac422d3d8f84b80697dd2b235b
1MEiByY55Sgh2TsVKCqYxVGHnB49uFyptk,1129906,ddfa4e63a6b26dd26e349d66520d595d0f229ae6
1J3QYHezHjhx7LfvTG8gbGJuMfRoeMGYzg,1129905,baee9eb6d85d38c4fc5caf969c5c9aef09d73ac7
37PGGH4YsiZVtyiPxaMXgJMDwVoHPDyu8W,1129905,3e753ceeef07be69cfaa7524e6357a0404fa3c0e
1N941ADdDMF7xdNRUgX8Tb2XejyfujSocV,1129905,e7e079c872a611430385b6355f5e6a60c9d8db25
188SEMgKmD233suWqswNMmomtYB3yRJcGz,1129903,4e30da786d411112642dc67161728c821ddecefc
1M8roxfaaoefhjoQDCSKmH8hYaU7ZDgJ7a,1129901,dcdf01a4207b96c33025e497680942ad3bb35de2
bc1q5qkq77cyyycmce857cta3hc9gdvhk52uxjmczn,1129901,2063c4d8262febdf8fb042e822b576de8f3497f26dcd97c9079a
1GnjCecxmowpaCypdG6RisRQMuQ2HHRJC5,1129900,ad2fd520394f0189434b9c3a27f53d79e4407312
1LtpFyGEexBD3vmECi1voTH3FWp5ikQvc3,1129900,da370d92d6596bd0dbd6f6bb80934fb8eb56e5bf
13bw1hTBv2zQJHnwa227vSaJue3BWa1WVF,1129900,1c8b7b324ae1d417c563634dff49ced4b3ef22e8
1E6RgTqpgxu21sK26c9VC6U9aEbPHKqfqM,1129900,8fa05130e8b6dc8ac7e17ef9d42c0668ae823f1d
1GRnvcrSdeHovA5qkM1T535tmpPeDiXWas,1129900,a93a34a4dbdccc2e873453afdc0a599df5b5142a
16haSPoQF3gqEQuYDUxbxTgxBPDYSbtDof,1129900,3e852e0bfbf39087d356e0364e65419da6b433a2
3KpVnnTgVuAHPq9AD5yg21XhaQ97Vb7kFw,1129900,c6dc6ff8d9f1ae711efdb1fd9c413cf29b5ead2d
1EkvceNdHcu2GvCj6RNSypTH9TQhCjhkMg,1129900,96e846d775921dcb58070a5304065e935e116362
1Avva8MbTMFbJcgsFpz7KvV8hH3nJr8bvb,1129900,6cebe5a01dacd9ef28e55b6bf494f3a12533f6c6
1EPZ3dkHmfbwUcVVVFcN8ocMKhDBdvKYKd,1129900,92dd89587c0c77a2cc76582b5c7d666d7defcd6e
1AGjLBHNgi9sgUD8jk5XErTNinRbCU9EFu,1129900,65b2b5130cc8923cec4d068c2009b0942580631e
17fFP58NzR7xfT2Q42knbUtd5b4hXSesCr,1129900,490c90c5d3c181e166fc52c909fad2914528bbeb
13GQPAHY2PZmJMP2TFkCQjbfAUS1vwfp2c,1129900,18da0265ac024d4f136a6fc3fad50ef4acfd4ded
3M2AJ3zo1aSw5eL1t2RSMDnu8X4GaasMEi,1129899,d40947e1ee6b5acd108be08df88217f3eef8ebd7
1PJ7robhsKBmqze1C4v5tTw9kRgFjw1J53,1129898,f48f905dc7c3725daf6533d0f42a63f1f6459a23
19EsKR51up3x7hy2Nis2qLaVrGU7vPMzAb,1129898,5a606aad500092668f4a9e0e437ca8e9205a7a83
19tsSGHGDmVJ8Z9xwaxqK3eWBFzQJtgrYU,1129898,61905262d8b25a0ac7ede49054830a3264c10d18
1MdPszFa27c3L5AK4E1XA7WFDLZGsrLpoN,1129898,e24496bba34cab5f9237593fa38c52cfefe3ad06
1MQh1SvZZ8RzQujo6kBFB52df9rQUpeegH,1129897,dfdd7ac3a77ad981bf20ff2cf6335d01ef7c5a16
1GzC6D98s1zxKnaMpcerYwdmH5kXGDGyxK,1129896,af5ada989428cd024fcc10ae4efe95c5965a8bae
1GeLfr8dN3ZmgG6x4pYD7am8i8umxFoL6F,1129896,ab99b26483e80d54a3f154b8ce42110091f0e574
1EbTwyKJykn3oHn6Yh8RZdc7FEjLDQi46D,1129895,951e45d396876da01e8e959315b4360536ef8c24
1JZ1B4UEkGrTtuA8NxsmkepuaKZg7GBeAr,1129894,c0879808ed7c4883eac8a9eee5e0db3c472299b9
3BMEXRDwXtgGkavEChwUgbD5fJjq5f8vQ6,1129894,69f3752712bb73de369d69cd0a351be5fba381a4
1PGLHuZabuofpK9cWzoFF86eAGdccLmFiS,1129893,f4391c42a96d567d1322649b0f807d5dc0b1bf65
33kTi2CM35ihVC7T1qvny4XDXSdyue7Vox,1129893,169705deff41b86caccb5f7c005046bf2ca34a11
1CMh8TPuM4Gun7Bn35KqCZdRcLUaoWeBSW,1129893,7c9333522580fad0ce96cbb5316c94deb91fc7f4
18GtUktcsPXw8DjMoyF9AjpUfn9vWDKHJg,1129893,4fca1790e42bd4028dbcff1b991dce3a1cc6a72a
1LZyLci7ErJ1nGn9wDUnEjoJDhCE2qzkf3,1129892,d6a6babbfdc7c043288634bf72f31e422f490982
bc1qnwmpa554umz5tw399c2gmfwy9acy8nvkukhqj3,1129891,206409bf5088febf1ca3bf89a767245342d254a788e9544cab94
1K8K9XvfoEC8GPYgaypybLvdsU5nt9EmVu,1129890,c6d453051db028deee2350e363a78372d952de77
1FWfGZ34CVLdC8R3K21Cphba9BinAqiBDM,1129890,9f2dc4bc9322273d65bcfd4c81dd25d016351bf0
3B3uM8gD91JKc1jVnMunX8g1Pta2XcCXVB,1129890,66ac60ba827a7977a90771ab93c5c0cdd4270266
1DxQ58cX6B8SJkwYCJ6oajZMg7GWo1VHJ6,1129889,8e1ba56d0f00d08cefc0aaf90ff1be8f43bc5329
384jy1EXwfdqL7TZKgAprmcDAxraiZHfYu,1129889,45ec95ccc08c271eeaf7e6ba23c779e5751c0b57
3A6veXY3cmJ87Zf4rxFhkVQidy1uPpTTfC,1129885,5c4695c5b99b4fc0c34a4935ef13d6ff14138662
155odrubiocKYnpPREvSFLAoTxyu3Cn4gY,1129885,2cc918aaef565927b431a1bec2ab0b25263c295a
3C5yzpiojmURwy87rTk3brwWWxX6NjHwCR,1129885,7209378fef2df144093fa0510dec3ce67ecf6ba0
3PDVRdK5qWwGD5FRNC3B3rnbTWJRUG7ySX,1129885,ec1e13cd6e35817ac2a4c6b6b54aaa3e9e647461
1HWRC5Qsa8ycsH7N2WWRjXbJPapd8EehTM,1129884,b51244df6e6b4058469586ab38c062941f8a7385
1DiC6qX4JB6bpm6hyc2wnmCUmvHjoNqUsx,1129884,8b6bd486867a4f21bb52dc9c8be8dd5058c9c04a
34YkNurbkT8SVeCUWWEzxjmyEvHsxA9cim,1129882,1f5812b24af0668e4a830991d2e897df66ba8807
18CXcVSafDVvweEBieEoVYot95mznegDA7,1129882,4ef70274dd7cba28018d7d4e058b4b69558ed7c3
149GmqjycnfmqF9Eat5NtSxmFrSvqsPomj,1129882,2278df2c9db6d9d06ecb02f6c9609ce3ad9b8179
3ECVjnTLGDzi76iVQH79exobifhKxL4fKJ,1129882,8934ca69486cdb605d5f900dcc8e7ac6943a66a4
3LyPNe7ukr8doozsJiQq4ghndsQ31auZ2o,1129882,d382f367612d34e7c9c90da096381c56321e4c91
3Lyf6QptRkpJA9Fn3NEUNMVQwGhL7q2K9Y,1129881,d39012c6db760012aa30af82a521b3dc2165a23d
3Pt66Pn6RaK7n86S1jJxJahrJPmgsSrmHj,1129880,f36ad2d885c170812ee65f05fae2c8c2db9dc2f9
1GzjxuVpNVMjBQj5vYA1YRcLJcRy6nfvKq,1129880,af757605737d9f00b44e3965a76a0cd9b18261f3
1BwVKbDV9hiE3PCn6JRUpQ5jSrs1wzb9Wf,1129880,77ff5c4d092c8fe125e8dad41348a8bc4dd72faa
bc1qcc9gqd9vev3v84qhptu9ay7jvwy9x92ftr7c89,1129880,2063f86abfa5176b3a2531e0deca01008f900b050517430bb984
1QGMPrkcoJo9naNLu9KDjFHFpwZbi8u7NM,1129879,ff32281658b4d08078d479bf7bee7dc6760d9172
1MbhhR1qBsKNXau6NnFiRYk8LmgU76JDRy,1129878,e1f2a15e8dd7634e31d0a4ea0a56c47e31c95656
1YAdgsYFuMqAYFR4UEhPcPtdBN6yNEJEm,1129878,05e4ef873119471c09a6858bf99d768d6f5d8e1b
15V2s9VBuEMMuVAqgjAeyYen4oELDZEHGs,1129878,312db4e05207f71d67aaf4adc9f2d83484871ae6
3Fbc3gNbKnTpiq6VAWsBLxjBR8wYV35e55,1129877,988bbfeab9722adf7f60160ab52ba54185ff48fe
13fqefdxY8vutPBL5aJG7J2cBRWYCofmkD,1129877,1d48ab299691572d2d825bb4885df644b912be76
1DQjaeGgiKmuknbRGsXe8Wk2yXUpaX7LLW,1129877,881e9edce0bcb95940643680516333116a869478
1BmphtaWCd1DF2pW4n3xVRJixmFpnYxVsL,1129875,762b61dcbef5f651c031dfac87a8a8ce9ef0689d
1K15RpX8m2zafD9GSSeyGsBKZoYUmiuPDw,1129874,c575f5d968a68f163d250324411321aca2b19f58
1ggU17LRvoMGnWrVkMPkV4xYSGy6C79cA,1129874,07812aac4d58d709c146b2467453e65f8fc89355
18avYkBr3AZ91unE9k5fj5CdKTg46BGYoy,1129873,53334e683923a6fe0c443659ebd287279effcb64
1Eqyc1pxZaYLnyRj6B37pF7jvp6jTdgcBg,1129873,97dcda0b9619e5587014d253357509a6483e0766
1GSViXcyQkXnzDmxSWNDbH8kRfDkon73cA,1129873,a95c41b7c0a425dcb99c53a27aeab61bfbebed36
1HB3QzbLsp22m7ZGdTNgu61SR72usUi1yC,1129872,b1682fde95d46e7fd915219349a612e2ec01c4ae
1AUrk3PaqCFSFwQe2xvtqmjagL2zbCrFRD,1129872,67fde2b87e1182737fd5ec6d8db0d5c9b1782952
33N7ikkwSnmXX1eGUVACH7hji2rhUzyYaD,1129871,125d2fead20da6e98dc7e48c55a7a51c9da1c9c5
3HuD8L9wenu1fpa4o87o4eze4qYE1L3tjA,1129870,b1d05b2733051465f3b1b2224f920e04f3df8a6c
3Jspho9p2V5jj6ofFkmVvAULGuFHdvnBjk,1129870,bc85591d50fd5d43b83a4d49d327261c125652a9
1E7SMnBx43JFMurMUZnQThorzUkxJx6rGT,1129870,8fd14c8949143fe06c53288f8eb525994290553f
18UUB4VZhCiuatoP2DHDdEfvMWRuceJ2U2,1129869,51facb721fd76faf357b8de57b49a9001f96325e
17WFKGvVp2Wd1wx6XKbEwSkjgMm7ARWggK,1129869,4758c46885abba9e4a819d7a9297c35ac56a3c29
32D6z3UeXumwXM9KdCwVdHg2MHArbt8yLX,1129869,05b0b3f8aff872945439bd0e9a586ddc2850250a
3MuS7pfzzLZVxGt4fBGR7K4rxVau7XCzMr,1129868,ddbbb42849fd6fab4b4e9dc22139873dcc6ab6d8
32roUjUCYoW37eQWkFhie1STttx2tm9AjY,1129868,0cd1e5968e79db22e46adcb4621c5a369e9fb388
12m9naAWXGsPgPKvV2V7kRty3kGEfp2BGR,1129868,1351c315e2952a247f8c303db31d1b54600b220c
1Pv8m3xtrwuPL3bCGsMHQuS3LgUVpdCCxw,1129867,fb5f4a5fc3d18f9d52820ebff8ce213d02b1dc56
3JBjzeVRrk3R44sG4cz9ytcMJ9MUMwvMHQ,1129866,b4f0c742d0b8c43a205c121a80f33bdd6dc4bff1
1LmwXUrJCN4DXjWNPDgBDVQ7VpWrrD95FX,1129865,d8ea3533dcda41f175ff2ed25e4c755250139e11
38kC6jQRdmNiXGvqAtpbc5LRfxeziSC7C8,1129864,4d629f619f470fe532658e22a65280bff076a904
19LcX34DJpyphFRnAc12KAtmj54pU8DGeY,1129864,5b768ef04e4440202e8a450fd4a40a0bd04ab7a2
3BMEXDaG68WqMQDFTGvJ3FVVdCipVQt9xr,1129864,69f374699f31e633fdcaaf726f210f67a2e1c5a9
1hppZVtvEu7xghp9yBiaWGwE2Skvmrtk7,1129863,07b88e7d74ffb61a640d6ec7a421d956e74f2d50
1J7Bir5hKchRhKc7w6jtEpdHkWPKy96BUw,1129863,bba5957d2cbbbd9adb6fc6f8eee836e430c3cbc1
3HvbNv2e4icCfrUXMpU9yFWFxEzPuQFLgZ,1129862,b21358baf61107a82dd8a4164814e98fc3ad8f1a
195efHgFfoQhk5uMEXnSKQNJuXAzBBipk2,1129861,58a21b72277d573360e6f5e497694ab14ff5948a
3Mp5FwCsgfNznRS1r4Te3Le5f9yNTtmsMU,1129861,dcb835f5423ef4b172e8ac2b3193b60077cffccd
1ECZ4nnmWTn6WEQSurGxaLTuvoWPvgwYSU,1129861,90c8fa4191e37788f0284c1f438434649ad5ea74
3NKpxJdx6QTY1Ewk7tBNRWttf2iHtve7kh,1129861,e258bfd03eb423feb64854fe981a32bddf7c3dbb
1H9yp8FF8gkxhYs1Pbj7tQx74gMLXeQ4FG,1129860,b134c3d1d24070efafceaa9a2e2a024066eb91eb
165KxUYWFTHutHMpsp8MbWRdHYw1PHVkEm,1129860,37aa1de83c1c34ba31f0f984dd5e9dc7bba8dbb8
1F49jposQY6rumRJ1C7mrRAMjQiok6gnx4,1129858,9a2a4da2c92d914e018c6281127a2aa9da1edace
3BM6Sxb2HfLwTaamsjbpLo2A7Z5S5t46QT,1129857,69ecb723710a507f7e052881b3082d5ced70c5dd
3Nn5RDuPkmKWF4FQqwQTRvc5mPsX1CniAC,1129857,e74fa36835d3fbd6206ce04563663ac15982cf33
112oGZisrrjJBSWfZUbEXCcNZgYLm4veXd,1129855,005709f0fe0f66cbdf0f870652b056fa15e74872
3H4aVkZA3iyajFTZNZ2PdBcnLacduNrq21,1129855,a89dcfe9232c7105cdc49041450955f6680b0d33
3924NmLQxnpsjxmbMd7TAhJByeaiwT5u1x,1129855,5062d4a67de92757485e7518e3a7710527ace554
19MsichfHbvW8vbzeCjbU4qFp7z6gd5Bmo,1129855,5bb3a98fcfbfeb7d0cff7b138eeee8d9a587d030
1Q75LVEzf6HJdF9GZdpARiXRq7j4eL1Tiw,1129854,fd71021f7664d189e3ee1c921269e0e67411843d
1CELUyYYEBuKGEPZDDrvtoH6VGM9aGixML,1129854,7b2f0ddcdca8abf246e353145ddc7d4bf5368d94
33SYW6AtBFk11TTnbpvGfZEMB1G2APuoFJ,1129851,133389a601673bf560cbf4786e139339f4ddd4fb
13WuqRRWQnMWWWHUvkpa3bs5mougNzoMm3,1129850,1b986b34606c41896a95784d5fd321d6f85b0e54
3Cd74mk7wxLHUJDLudsAbU2Caw5zEvLqiS,1129850,77ec0311e6f8e1eb55d2d568c429af8716fec8dc
1NUQtvpkZPRNsyqLLRR2eYabawNErRHN3S,1129849,eb89d1b8ed8f93ed8e879eede0f96181cc2da231
3Fxfg3E9ddUQwfEuduTqTvqPDGPKZCWPqN,1129847,9c87832fc01b57f1c518977ddd77c53c418b313c
1DJSXBbp77i8aS4FGAdreJLW3jAnfpAkyG,1129847,86ede254ce5f37119ef111fc0cfe05da65b5f2ae
39Sv6rT8jZuQiFKCD1HgNDJGjBP2uWe2o4,1129847,551652986600b425067e5dbc0dd51749c1b43772
3LMpfbe7iaaD2PxbzsoYiQ8eJecRw84Uo3,1129847,ccc916d43e254c342298e6fa1a904389f52b9d30
155E7k5kW2kvXRsnQ4segQj4yxpvvNeLyC,1129846,2cad1daa597c7bbdedc0537c4fa771b0ff39d6ac
1HyXkDpkcrwFBfDE8G4XWAyJh8Qa4hUEVJ,1129846,ba32f8a02861a7335b542cd881a1eb64fdec8fae
3BMEXVXr4hhZxCFoobjRaFvZxxFobUUsPX,1129845,69f3756d24ad22e12427606d01a1488c565ac36c
1ZSZ2cxkqhEmMrBg7ueiTVWy7quVkwjcy,1129845,0622a403e4e7fa0ae8bdd75f954bb8cc5fa576f1
1DN9dwythro1E1fywT9tJCZh6VyzACRhpZ,1129845,87a17455e174551a923efa0b6d97cf3d52b970e4
1GC7pVQaMQkdrb5h7pbVBsiB75cx3w3Cd7,1129844,a6a427851bb954ca7d3c152e8d0188d13ba9b6c2
1gzU537aYuoM6EPUDaZBfD2X2uAi9Uwkw,1129844,0790317cba6fbdd1e0958338dc236ba3340edae9
3BMEXDWqUuB1ep1fKMnHBW2bi1Fg1uffTW,1129844,69f37468a967b26d1bcad2c515edf8fb4a15709a
13iworwcFgGVzcBkv8PDAtV4eNRzk663UN,1129844,1ddf0eaffef67c2fa9cc5c639f657a60987c4e34
1JCj6msqo3xYJvqFfP4GyQWyqYtijkaf6E,1129843,bcb1db599bc5d3e4dda56f2090d25aa89e732372
36nuC9isgBqYX9U4EebbPRjQSxb492m2Wh,1129843,37f5818a0245e3be5f6eba092a19f6608c3e59cb
3LozXF7bJX9spfdzjbkr6fum1CRN683Rwi,1129842,d1bc21abee196e740f7baf78cb5c5c09ce528a91
357fMhcKiRjAJfBbBZqTZ9reuYRxjDsTMZ,1129842,25919bca00d82a6c1ea570c110e5aa62b19d3932
1DhBjAHzm8X3rF8ZiAfRhhjdLgmRpPsYqj,1129842,8b3b1a2c8f7b9cf10706f0fad2096cdf588b6500
3Ku7r4XNVdMAE2io7QESxGF3seYgwkmggC,1129841,c7bc331ebfa9bb000ca211295dcea3503d0b219d
3B7w6fYc8Y9UJh8LKipdmiEaChrTuiHsQ5,1129841,676f80c382cda29b92b7e8db0249e0c315db306c
16MvQAcuRmz52UrW5QkfrY6a1xuovCt5NN,1129840,3acd8613b61e5f8f769ef6b5f7b2f8224a0a79f4
19J9xwovw9YsQ4aBmUopb4mZg7C829JbjM,1129839,5aff8f94e5b77725e8d7224c170b9184e5159c51
39v5R6peb1EvuHsHopkvfxyFCp7tzB7mPr,1129839,5a39543d107be17590577018b2b5eba674d34568
3BMEX7Gdf9YuTMaeV4DTP8yjQVdsBTXM5V,1129838,69f374031ad472cb4edbf822a5524c691842d6d8
3BMEXPs7ywmNXS98yLBCH6QWTtZPMtWYog,1129838,69f37510f922821c9219b198066606776b10a2f9
3C7EAnN1VHNcnYs6BEBfSbizjb85t31f7i,1129838,72457684022391f22ed026ec00f21a1bb683177a
18TNCxaQo6nPQov1Ze6PKfwDfRGoTzd2BK,1129838,51c565c3b02ef2762ca7a29a22443fcfdfad955a
13NmpDdJd6xAt9WD6tESyWEDuDzyg9bBru,1129838,1a0e654bf5b15ed25c678e2b5eef51ab51145486
39ysVnXfE1QWySuRFEzq4XpUeGEaaZBVML,1129837,5af10b112fad4867f88377f29d5278a202d7524b
1GWrh7vcoCzsSnRREQACYYZ61hoKfqvMqN,1129836,aa2f6e21b969bd6bd27f95accf292f44b24054dd
396aiSLxKYKfFU2MNFKNLARAMEnudp8m1L,1129834,513dd204db8223bb7d706885264352ad23b53eaf
1MkkdXqRkv5S68WTSyr9JMgQMjwknmW3Tx,1129834,e3a8d288f011158f319fd1145fe8fe0bbcf64be3
1GrQ8AGCdhV2JJfiXAauq9g3mch5ZDSwQ7,1129834,ade19244cf2b4703f59a2df6a569499fa96e4b00
3BMEXwAnj7RuXG3zw57GW5rb79FrvUzHLZ,1129832,69f3770e0fb16218c34ec485a724ade0128deb24
1HWNAtEhW7BgZ2orjiapdqrqvZ8VnX8MXw,1129830,b50fbf626150c2c7d8ef38ff546f47965c7f28b6
181pvfrmAAacLUEamuhNPST4WJ4MxeRqbs,1129830,4cf0e2f4e1daeaba8f8301cb7246cc5ff680d874
36k3fYSfZkZMipPoDm29ksVYf7in5rTghK,1129829,376b549693bf86ec3a5331731651f40e41c2d2f4
1gZVCSi2V8y6rNSTzYNYtMMhJbYNC7Q4u,1129829,077b5730f461dbfd66bf53ac1c1f0899309581a8
1D35tdJ7bve7ZjH82Z8tFS4C91Q25vRu77,1129828,84066c6288595548cb174501b002d9b9fd74273c
bc1q5tjxexq3zwg678p36enxt6fhahqekmtgufn626cmqg6989kkqsfs9tmp7m,1129828,768787cf993f34ae7e00b3c8ca2c7a62477b5ab941cff122ba87fcd2382b35148052c0e76a43879c1f
3BMEX5iXedify2aYtQ8z8uoeqCQZ2wnfqR,1129827,69f373e9d74c12eff67616310639504e1c09840f
3CPMTmw3ti6QxGPe2dDjX5T6sD1vWmMDW7,1129827,755234ca2a6f86104916eb2460356a2149c0f958
3BVBGndmtUghmV6FKFiV7W5aNFbReEDvNY,1129826,6b74120aa9d4f42663e4448b8704072a9e0e7aba
1JPGEZ9vrT3CfH2c32rdZgv68DHjEXFL2o,1129825,beb00184cf219bb75d416392790799118c66f3d2
19phDvp8HQ22v2njiGx1HGoh9whaXuQHfc,1129825,60c62202c2856dfbca32e886fd444dcb4c8009ab
1CwNSUQFoXiPiSFm3rgtxqpyuzn3t1zUGC,1129825,82f1bdf93b7eae03ca4618abe7e25923e5a05004
1h6tDKUfwteju1D1c8kXjaP1imZBLk227,1129824,07958ca0db487ed10af9e4dcbb0e003c1e3522d0
3BMEXMuEaDLBEHammsJttN3qeygQa5fH1V,1129824,69f374f10a80b09da36cb5d1159ded31a3574918
3LewKp7My1R1aLqk7ELpaZF628eiJZBELA,1129824,d005b8158ec9174a8ac407dd1d6dbc17417a1462
3FjQQtZQRnYZPQR6Q6MeMX17TvdsZvSX3k,1129824,9a055d93e73d662380bbe854b3a0bba47cc0e982
1CnMhtMbo9PWUdMPqiDiZLTt4yHtBnXQ9H,1129824,813d62b020073eebdf62ab78ed00f4e9aba6f9d8
1HcqqFrS6tp5R9XNMCQJH3e4r3LphP6nkF,1129823,b6495587e68033def211994573f673c00e8012fc
1Et8ckqvuvcGcUu4rjAaphJBHkUJGQumAk,1129822,984535085d913c0c39f3b6261f033554922a6ac9
16aX3sGmG4895NEdA8LZS9Ny1k41Y5VfBZ,1129821,3d2f708d4f37281180c5b41444cc9f74f69b198c
3K4JxmKawDPq7i3UPZvo12RPoHLNDXZ3oy,1129821,be8118ac1288c9c3bf5f7132489a0208bf52ef83
1BHd4dVGy55W4EeGwBzLtJiJKNuB5jJELA,1129821,70d604495b6ac2a0a0d7f13e28057cf2849780f6
3H61qE7TytcVb6jDzSgZrtwBQNFtB6M7tF,1129820,a8e3609a5b790ea2a85fcef243cb35b4079afb50
1H97fxvr3ZtcetEkB5Lk6b8EGeUatGCFAd,1129820,b10ae8d9a906567b8259090e8ee59d2ca1c652d4
1HkAUmJE22VZHhcrGHjYEeBeH19PzTBvue,1129819,b7abcfb1b46b8713d09f112e017fd5dec21497c9
1JekGws9YFj9ifpLVK3oKi9yQZz482LTCa,1129818,c19da72b3138123bba767bae03615f7e04125c45
32ts2KXQCFUo9Bp4h8tXz2F1QWAZNghz6P,1129817,0d35b00932ff3106e6b919fa57f39fb5572cfb60
3LUHmagZCLTCLA3XRJABhY2e5RChL2oyw3,1129816,ce0235a3a62d3af629897b0171ac6eb881951b50
1BkNiX1j41x6r947DVZzhpHa68V29Xz1Y1,1129815,75e5458aa64b8ca5dfef7c30b725ca77ee3bd185
1AqkskLbNE1D7KbEsMZrVjxZ9ye8sWHG5s,1129814,6bf1b922aa8527b9e41518aaa28efb6a6b4329da
1FFXM5FaLyzC7JUet5SNBUrwsbMi9KbuDv,1129814,9c50ea842c4bf1f31102bde0ba58e18f032eeb09
1Am72wRSV88Rj5PgfCL1UmjdtEm6KgwNfr,1129814,6b1078877a7da266f6caf6a228ce428c8ea0aae1
1LP5mAtM9TvDsN9hmVKSYkWJ8C2gt4DG2k,1129814,d497840b82916e8510443b8b88c9871a1712b547
1D7d4HHgavkWr6mF4mXCCeXpKa11YaJctf,1129814,84e21a8adf2f87e4fa60a530a1443526aa08b582
3GaDi8SCV82kVjcwHeeYehBs6goraJGzmS,1129812,a340d03db8c20b68f960685b0272d6a63f68dff4
1NBBd7CXENBVF2yd3BBBxTVkz4kvCdvqCJ,1129812,e847ab170f980dad7a6bfa6848af5decd961d8c4
19DQTkt1L6dzL88Qh7bsbZ9Dcbtb9PwpTy,1129812,5a199513e9a1bfeddaa2d9e777ff238920d73cbf
3H8czSuH13eRghmACfUCgRAPbzkQMMn6bW,1129810,a9618efaaff840168cb39fa00b8667a67dd88f30
1H5KsCg77bdFP47LNzcWu6o9dTdAFJTM6e,1129810,b0536caf1861ae2d727ba2d04777233a7fefb553
1QG7LNBZfShmNgNn8GYiwQMRtc8c8E4UBU,1129809,ff266b724e4233df2ae61f675e8cfe076a52c049
1EToUGm43MEJXfPh9FKMXaLKMKH2y2faC,1129809,028bc7afd9adb94baa43d51994a67e57b24ed516
1JZiCC9onoCAzu8JV2WTRgZqUU2HrNMb9C,1129809,c0a9d5d3b00418e624ca9f6321e0d2d9c5695674
1PMNHMB9NcUDPHz44nsUFSkdbZniCWJEHG,1129808,f52cda07baba304b55e1a4de75f6104d9ca1987c
1BPfVNHdztqhK2MHkVZb1tV9Ba49V2KWuu,1129808,71fa89bedb9f5f8a408a3f9f657bac237eb04c27
3GEUEHNcy6L7SXwYAq42WqfYVBhUPfZnco,1129806,9f849d63fb03f30ef10ae399a5bfc985554af6aa
1ESYQ4Euqupz5BFBkj4RwYQRhewXNJKy8P,1129806,936e3e59e74a09da0bcfd781cae6a96ca0ac696f
1G3D4xQg96von8oAgQjv6L3xgSCkXnv35q,1129805,a4f4caee874b14efa52d0b2b493fe1e6dfdc6018
3CMozqw6J241a3ZxoiKeDdn5GhftHHuttJ,1129803,75078670366d3a20579c872d25791a079e1245cf
3Buvuj3fx2QFNaZaJQW5wn6WkeCb3wCyBM,1129801,70227ad2be4e705ecedf3f2440d37f8a72eb5478
15zwpeUGn3r1AGkpQKZuC8ePa5FhsM7PUY,1129800,36d5f9c2ae977401ea2aaeee4533fef07e00fb95
1FGntEHvEozsYpibyxUQE1t3C1ykq5uTJp,1129800,9c8e4d43eabda0ede89ed3ebc3e53082a7b20391
1DL7EML4LtCVYLGTUPHZzGxm6cE7572cFk,1129800,873e9d05fa03089cfbae531628069450a6fd06e3
15PdBAPQSCd74EjrHW3G6uDrFXcw1JJeh4,1129800,3027da11cbb4f45b2d1e015ad55387eb62caa388
3JwxK9hvYtxkrE329g4LBmjCbdMjMzG77F,1129800,bd4d5d3500a02f06a1e3af4416200cd8432abc40
36xPwVj2uBHownuxYAZUazd4Euu2ndYVAp,1129800,39c13f297ff0e36100c5b483e6528b3ee885d479
3LkvgK99FNgyVEvnKpUbUDhPuS7LgVN1MM,1129800,d127acd62d9e69840de39fd81065b07e2a747b4d
1Ji4oomzsFJPwGoHhR8AcoP59JRphwq4i,1129800,035959e978fd4e6dc5effc1d102e2958cec10dd9
1QAw4KEAyEm3SasTZxa8bDMqwYEjHYV7HS,1129800,fe2bc2e568fd8f3258afc94cba1e117a77506704
16dHdZ2Bidrf3prXfEhrn6m1YRRYKLD1Ui,1129800,3db57c5996b529f754e8718222d696bfc8331d8d
1HYQhqKPdtuaaMntB3LkGdDPpS7m8SkrcL,1129800,b572b1c908d4465905075b1ffea21a2f7200765f
3MsirrwZKJZ2G1srFAocwqWd3N6v8mTEDw,1129799,dd68d8edcf8ddf3690b45a6968b71ade668c16f9
13QfsUZLQf1aQE1QEvJEyLtioDhaundDmc,1129798,1a6a44153249d218ae5dbf87f82a953015227a45
15HcrDcc1dukpdbtNNXseHbaCUs4HLYMg1,1129797,2f05155a4b18e7ed13514525bd504c302a0495d3
1E9HdVZd2iL48tEWEKr4hhQgdsMC6nsQp6,1129796,902ad81f1151853fa457cb0116c74c5c8490b817
1FwVPsFhkGdTSdcxAwFqZPLSyCeteqxcD8,1129795,a3dfecdc31b2d77bd4b47dfda20c531162b1a2b7
34FVepPJrxtLVuz6iFdB1cwFqQCQDCybyV,1129795,1c14b59057fd77fd96983adce96ffe438e4c2353
123yBXKeu3Q8EqRAm4hDCxaArAmVCPJdcD,1129794,0b87db08ad443ffc2f6c19be23a305861ecd4502
37uk1xiH3ic8pQLmnLNfUtP8nqWB4JwFsv,1129794,4438e2512775ed37d150100f337226cd71263abd
13PTT4h5nTxBicBL87CJxZfMKyAFymuD9Z,1129793,1a2f7b46f8c6e769a59c15578174c3596d9f7a9f
3NWSjXuxUmYLz65nc8zLAY5rtz8QyEALoa,1129792,e45ac6c022ffe65ca0a3d4eb72f1a0b091c5aa13
3BT83ZN9HKmfHz8VYTgPvHEqmmMRc1yD5D,1129791,6b108b3bfc877f0fa84345188a1255d8137d4eeb
16Azr9maU3gJeL69r2sXajc7DvWSX5LkRx,1129790,38bca9432c8ee1fac01c5cf26c96bd36692d5b31
1JKEXxmrzmb988JDj4D3XkVJoZkEspz1R7,1129789,bdecec505bbd2baba808becf70c9223e30317ed7
bc1qn5chehpj73vs6eymfcdqnma6fg3uetw4de3fjc,1129788,2064084c34791286802ec3a8c1f4cefa61e391133ca56a8961e9
3L6D34mPwf9jBTA5EWtDapmuPyYiVRDZ7D,1129786,c9d51b80c4ae2237c465cddf5c43a35e47cf5cb3
3FBphvSeKcV75AMnE85Jgb7Csr4AHty6Qc,1129785,940c5586e7290e4f42cd5c937e59fb5567448b63
3BMEXhET6wk1YfopWhke6fZbfRbteFeuNu,1129784,69f3762b6a191b27e67845e05615f570433d1ca9
1Dtgv48j9Jdy5W8wcrm3WzocBdo2wWhqMt,1129783,8d680ae738a5fc375ffddc08c847cf365058cd52
3EgVA5t3ANrT2RLX1WA85iQ4bWpLtimE8z,1129783,8e7ff3dc702669f9b32bcb556f13b76b6baab9ac
3Gt3ZTHN6egwsSENPqwuW3q476YEaCUSgp,1129780,a69fd40cc65677559c9e56295f3f7dc8b9f66623
1A2ayyY2uYchuGPjsfnQTVZGMuLw8QvRac,1129780,6305ea3f71eb6bc1b3b33fbd4999b0da021da2c7
1JYEePmyjzUw1gphDMRskcu1cYNa4FhidL,1129780,c0626c5465e9412fb2c30a0f5b1df72e84c26348
1CptcTA2w5XXW2EhNTvefF1TdAv7U85MmP,1129780,81b80446cd77c4311e2d6e9f6142fec160358f53
16M5nHcfHtisbkKt4FmwNpRxXe89rs8gb8,1129779,3aa4f0601ac20ab983e094eebc974dfd9075611e
1121Ur2wz8KAyKNzM9ecV5VyfN1ea2akPZ,1129779,0030d114c9535a9ee1adeb13552404d31e8acff8
1BTb5tJKE2QpYAWoHJvDF7jmT7HKg1uSsg,1129779,72b88660c2e1c873e39db9d33f49e42e3f6a6bd9
3AcSCJcB2wUEYpwzQmMD9cZHyVZz8E5xYW,1129778,61db5032654c8f73eb3580b438ebdd3e2b3c0555
1EUG8HuVQcSmpRLrUYohoB3ZPDiuZfGWKA,1129778,93c17e12685f5770f26272a9f99cf0d84319d34c
15vfuoaD8AJ3KoYf911URSJjtz7LXHMzcC,1129777,360707a5c03c779c357a875d1a7862874f809568
17saaktj6wgoXtLXN7BhHbPJWMccdagJ6C,1129776,4b6195ecd2a815af770ef1552fb40916d998e5db
3PTnipWrNXRMTp6Ak31HmgMBMFwN4igt2Q,1129775,eed256d2ce5bdaa6e0a75c132327c70c122299f2
32gvyrsPpnzzWPYZgKoV1xv1pVvXgwYWgK,1129774,0af3ffee697333b62d8f5893bf679e8ce8b9e25c
3AKrmVFqV3roeeYVXRx8wpj1N6Hz9d34iZ,1129774,5eb8c0f287c950755bef1af117e57c2dd1f011bf
39bpxosTaj7XLafqu6e7FpCsCc7f4n1Ri3,1129773,56c5c6d7700afbde26e890d99ca07bac00a7fb7e
1Gt4Li2GUVbciCQJnPDrFRPtC6AYR4Vpn7,1129772,ae31e382e9fe79e81c4dc8722f9916587deb05f6
3MbaDEYxpdMrWtCgiFxRJ7ErVqVaCnRn5r,1129772,da5af8edcc28e88a38184bad8352b4d4e6ba42b2
3AXwEqDfjfyvqZsqE6eKkVoNAh4cBsAS7q,1129771,61017a5288d3fb8668e3417fa6fef6f86b83464a
36npH7JdQn3sLmrGvx9bRqNpZV6LhUCp6k,1129771,37f167514aa2a7ad8a8628f1d2132e738c7b93e1
14SkiDd3isKgbfrHhNPxBAiRf1BWG91fuY,1129769,25c743a32118e8164cac7903d3a40fca960c0700
17imk3FURZYWvSp46zkbXCC5SFsRxWmuFw,1129769,49b7286d3ced09f22e590f8bff12385339ea3ca3
3ELGimoZ7taoS1Ef2SzkahDocdmZeSB1nV,1129768,8aad40802cbd4ae8f70d47dfa892c023a94e5e67
1NakKRaifkeaf8FLGaHUk6qRAdGNd2Lsvy,1129767,ecbc8727f232f289e3678fe87bafa6b384772d33
33h7oSLsMhWjwQnKqoz5D8DzU9aqaDVfdC,1129766,15f52868685a06906609ce6ee32d6e7e67c374ea
19ZM7ASWwmE2bxEsKePBNy89iANwpGs3yt,1129766,5ddf19d4cf0f0af6c0882ea5d3d959af8db6d8e6
1GqipucV59DezavsRVusW7s97D7sdisrJ4,1129766,adc0c47a9ffbfa9b34cad1635be9bee1d673d6e9
1QEc8Pd41D2gjr1k4khe3tCWAu5EocAKRM,1129765,fedd9f98614088d8c87576181590dfa47be1ff75
3K54aoBACgMF5zG2YrJ88v3wnR9PbrokQW,1129763,bea582721ef2cb97974e52a5987fa73022a396a9
1FAdq2NNKT4nDZHi2tYfq6kP8hHBKPTJZZ,1129762,9b643f413f7db89ca2a7110e49a9de3bb7608347
1JYKqioy7Lph17gkiuAbb4pjDNS2jsraHu,1129761,c066c28ed6a5fef54c60beccb8a7313195afd697
1KvUzZwqvK12uQJ3cEbTtZWzYVJ7LD3uW,1129761,039421e294a9af9854b7614b4725c4a67992541a
1BcS6zdyPtvAt9iit6MDKVp9h8JWAjogBZ,1129760,7464c58f085f178ca40ea8d50cd3363c99924c4b
3BMEXRQSAhQKARr56FDoN6XmsTsCud6mrw,1129760,69f3752a03f539a3a8b494d11750abc70cda9b25
1HZsXGhknYfFYyWKeh5RUuTVynGexDd1Ky,1129759,b5b97f33c4e0eeeb3bb63554e7170cc5fae8f44d
35u8ULyZncH3Qi1uUU7Cn2J817ouEnDdM2,1129759,2e2af5ff0dce1ba4b15e4f7ee7c53d0a476a5f44
17ySWXRDn1QMoGPqEYJQw5xYd8NAyqhdRH,1129759,4c7d57aa128b7f4154fe14cd609537c40595a40f
3HwFJvySYPhBBfKmn6juCS33HJgeK5EcDb,1129758,b2330293f79004e73e422cc689f40f1cf1d61305
19bgxDsVhZ1zgZGzoG9YZ5nhibDUis4RES,1129758,5e507fd2875b8ac76b08f0cb91649c6bd28ef5f2
3BMEXBis9Csk9r9zqEeLJTM71qboXUChwK,1129758,69f3744b8275b22218ec003c7eab534191fc9165
356tq2RVW4B7ztFCYMWuA8E4uJetZGDFBe,1129757,256c700d765d5b3139fd6e4b107f501722212c07
1BfaGH8uTwfZam42vvtF5tQDqs9fkxDBry,1129756,74fcd4cf4fb4fd04ed2501c3d4507074ba74a5e1
12SXefdZTHgQLUQheMqJJpA3CZkG1KF8by,1129755,0fcc1c136ac158ffc7ad6fb90451dc62e6b56881
37vNWLChUFuqE6eTxcYVTyEkPYrwTzTiLZ,1129753,445757f9e23c3ec482526167ebdffd10edd00da2
1KaC1B3Lxzo8vGcyQ7Q1S5RJH9ooc2zN1k,1129752,cbb92cf91bd6bb0ace352b4577af8bed2d510b75
1MCJyEn2VENUqMZgeQnEtbmETP5yLFmeMx,1129752,dd86176ea93e31169cb27d1f4ef052bcb26b3e90
1J8dLAf33o9AGmVFy58p3webAmNBfzr9Lw,1129752,bbeb608fd332e3cf1a06d3492eca654bc21888c3
1K5Q7Tv16t8YjykzDYFdoYtdXXaXuTSUwb,1129752,c647386d83d41122e43af291ea5988f66f128416
3LVamxcYBK4VGJeGso8ZxJkdYZfCyjU5xJ,1129752,ce40d262a12e437ce4c6e4742cf6edc6e61df2a2
14qcV9MDWNqQEY9UTBShfnsD4Mij4sNZbd,1129752,2a19f711107913c80b921b2fe924e8db1cbb4202
1AUa7n6RDWzBejiTXVrc9r3Dw2DtQckUBj,1129752,67f001f0b28c347e38e0a449069c3021eb6a37c5
1C7qLLEuuVh6FMgwiuQCe45h7CSZEr6bjU,1129751,79f439db6495a25d05ffe9febffb5979a47456a0
14vq63TbpeEKwwoEXkFZQdLWeKPRYXhXC1,1129751,2b169074acdaf131dd000f1f0e8429377dec3948
3JitRwtBxwrZWVQh1WD6kHpWtQF2VQ24ET,1129751,bad4b72256f8a78688a3297bed745d295444b261
15qdTwmPgk9qW4ynUM9kYE9184WiAcB9wX,1129751,3512e88b89e10abfdf25031d4b132da6ee845c67
35R1iMEAs3jvsaNpcHbYvXc6xDsM1tkfWo,1129750,28d9ac181e4c3a16c3abf979128ed0d9281fe391
16nRD3LJDjdLGskQvytL5UnySJhtTUE3gy,1129750,3f6f8dff5ea35ce0d79918bb50ab73657e87a0a7
1Cj7ttN7PpdDUnaCJQD4ZDBtNtZ7KYayJB,1129749,80a09bfc7deb37f889f288a5881e2ccadb0c1b5d
172LQ2QgNMd5YJJATKJ1ni5LBtFR54HKgx,1129748,42115cc8dc53d9b23e10e8fca23a74c17135f0d0
3LZRMR3gK8Lut4EpdPLrreXGkzm8H31HhT,1129748,cefa9e9da2861ff29abf590cc1c0b567ec952ee8
1MhNq1Uzgznhyiq9gwKWo785TUGLNfmcL7,1129748,e30560013280f40ab6290a87af92eac81abe9ac4
1LV9x9hqJntwtmd4dbFiURDajtWjYWBaBa,1129747,d5bd8235546ed496256017614aec107b304a411f
12HDjR6Q1BxcMPyr84yRQ8jf7KNEX7RXxC,1129745,0e0968a24b399ba01b5885b3e3866a6075b7b611
3L3df9WgYcLi1smu7bqAYBGLK4J9R1XNuo,1129745,c95869bd2ae888265b3f857318e270eb52b213cb
33WgTyeHstWGgmryQxfeyWRMmAUBK9aSex,1129744,13fbd964e2ade2628de4a0a407f6633f8a531981
18dntbYm5BEgptxJ5y6xwgksKP6CdX7a9n,1129744,53be296beffc17ea177006a69221347f1d543be0
1GfiYKG9jjXGLF6TUFDTGNNDDQ7i8ME9XJ,1129743,abdc5e7bc80039f4d5e75591a7bab212a51b0dd9
1MFnbYc5wkeo29bXWSbqWDyRDuk9Mw3Nf,1129743,03d4a97dd71a58de7b553e032f88ada213dacf02
1ngU7dGZ3stjjEHBUG3eFhdAEMGnQaV6V,1129742,08a3aa0119abd7ec95149742ba1e7e3143685e67
1PgmpZ6XC9nYS7QC2CwudntaCJ89xCW6zo,1129742,f8d8674c61d9b10c2a1c2332ddaf92d58dc5a1cd
1QoeVa4MZ1QQ9stiV3dCCM6YM1RYpFkJa,1129742,0480816eaaa4d330aafd270b913469cc9517643c
1Naz8SLzpLHANgTZKMPgJKuXyyMoCXpjro,1129740,ecc80e72b8d513424812b32d4c4c458a662c04d3
1ERz5PmdVnNdGpcMoE8RCkoxva1qP53GWn,1129740,935343400355b90d75c8d556c6aa7b5ad42294ee
36cYQag6PKSHxNYwBPQaP9q4uhLG62P4D3,1129740,35fffed10b5b82d68f709de85033099c1f821d0c
37448sjWhiABoffCxopsY4pHG4PsLBhvvQ,1129739,3ad3360bb0b0e779b048e2f212e3ffc6d38e8ca4
18pRSUU1ESf3qACKQ95UR5H2Hmv9RmUtCa,1129736,55c0d4dd9c8d1b3b6c8523a72a8bb7a961d002ca
1Ja616ddwS1MgYovCvpTwdg83GV4DpW4Dz,1129736,c0bc0a4ddc0c072f4ef86d6c12c51f1dfb308b20
3LtUHVRYbP2QAoo2faCfhU43yAXpk4sfWq,1129736,d294f87cff756ff9a1cc9dbffc46f80598efe814
1E4NqW9SRvysUsw1w497DzWUxqzR2SurGc,1129736,8f3d1c6e4e775412a20e3bbfe992a54f7c47db7a
1DRLriznxPxKgXJa2xSFKwg1vuKdstjB4r,1129735,883c118ba8cae80a2e963c7821ed1545938ac366
1N1FC2b7SakW6tFREnYpPLUxfFrmy1mc12,1129735,e6667c9daebd2a3a54d4492c689ea51348a99b81
1HUAA5DruqbEat7esf2BmzukzxECL9mfRn,1129734,b4a4e30c7edb737f7e2ba93342900620727a3b06
1Ewdeiuy1YRsAPaXophpLFNndiYbCRwxpL,1129734,98eeb0fb0fc6364b90384e762781a41422491cd0
1JmdmjejnPgu4FjBDLeWZaMhT3euascxdV,1129734,c2eb22c254c6b2ab2b8f6644a8fcba991765e3f1
14jLtgHYvpMer5tckp96JPTX1DVjWEpUHU,1129734,28ea73b035f0d01638a00bc83a906fd9fe5514d0
13urFRVortFPDdC4w1MkMDsYAn6D9G3z85,1129733,1feefe06e5c5adabbc844878147f67577a6b178e
12HNsvCbvk7rdChnuyQECaiRpPPvG6CERz,1129733,0e110b3dacbf92ee1eca62bc031855830d259283
1DSNm9uzhFvApXVAuMmqxzWG4FNqwZBg25,1129733,886e12e76d89d253e619c0ffea65056e5449053b
15nGPrGiMJ76bdZGWQ8hMAgPAqbCcgCXrv,1129732,347012573daa5ac9e45a1a403527ed79048bae93
3EaX8vVQpxzxrQEbwbtc5JFojTrJ8FWdwW,1129731,8d5f1c0f13fec6b878721101b5a4b5bde53ef188
1EpXo1Bfqt5KFDdwRLASkyqAvbtNxVJ9XS,1129731,9796e3e5ecd0dbdbd89717b639714887092b0361
1FRKk4vm3UVVsC8qVNS4NGWScSE9JyuwE9,1129730,9e2b63b94708f6c5af736bc9bfc76a9412f0cb91
1drunmbPynAFe32iZ61CpjjbnfM4nkf58,1129730,06f8a334df60c50bad1856fdc1fb0b9c4181a94f
1K2rLz3P2od2n9HqGVk5vjAHLAvJAXZdMF,1129730,c5cbdeee07566bc6835fae8f38d1a44b3304d63f
1A4UYP4eZP7zwTsAuvhHbPES7KoArsRruY,1129730,63615ebb20fa1e01dc350490f27a3050063fef66
33t2FMPsfffMXzVwGgR6C3nraftmj2gzRE,1129729,1805190ca23b01a298c8352ab56eec18d8f183f8
1Cjots2vnFzpma87KjjRagV78f79UDM4ki,1129728,80c1ffd2c32ed32e459a924d074f1e9076956954
bc1qv6s5qnkazwh7nyzmvn53gpsdtkg2shv3kr798q3jdprjqtjmtv9szc5csk,1129728,768793182f4549ccca44f3da4dc7274d3a92cec138c9e08ad6710d744fcb542165bbf56705d2790384
1GCG4yBCFkox9opo6CCBcheYUHRVkThFwj,1129727,a6ab0a7359cfa8099a13e6e8e7bce9ccf87e272f
3BMEX4EsvAwEWQ5qbN8vhqR7RJ28vbnCV6,1129727,69f373d1d3662aa5a85e6a18f3fab9545f22a854
14NxfQG38mhtGhhhyhPBDAZ3wbrPtzgBZ8,1129726,250f93b0f43fa0ba8aa21deadbe63663bccd7646
3QTFi6Pp2aiiCZdegJzZmNbvCsDEPrWSgC,1129725,f9b093b58bad3b8bbaa510b8b77dac8e81ea5d1b
1C5j69N8HpfqmPJdwDRVKhYwxftBBKyQqA,1129725,798e2e6c5571cb89a67bc118e5645c34344e30cf
1HMC8BKqEQopsGzWmk6yNcnJr6Dtu2JpLL,1129725,b3539e0f662a024577db38aaf5c7f23b5a8268e1
1DHjhaoGgjQdei8R2Wr775keDR2zify845,1129725,86cbcf07a2444fc8e5a7905d935c3e37e1674aee
1Ki8csifH9JoxLSRFi5aK87QW3g5T3kBUb,1129725,cd39ad9c4625f8d3e904eab7661e9ec3cd3ac35a
3KRJurgpnQu4jLESCuT2VwaqAUw5bSEpTD,1129724,c279ca2b97454a15a6487a0c2fe1c0953e197f09
1BuodWSxPWB9D5PF9xaWwE7Nfrtmvoe9c2,1129724,77adcfe90ecd9f9e94ef8a0f37270b3f671c4363
1KJYFJi69FUqTXsL2DmGKzt7r14on19AZj,1129724,c8c36b3947d23cec4abb4a5a8ed0ae1430cf2646
17Ycb9DFctmpCeh31SN7BBNs2Bt8jGuPHV,1129724,47cb5b803894a796851ea1eeb246cba9d2265e08
1N7DNgmF8ncjiB1J946CBCQCCWNMJtbngN,1129722,e78777681e888695c5b59dfec4e81446d00a5608
161nnxxfLivP7cghQyonWGZmKE5oVfz7on,1129722,36fedac51e6d842252c66562e811f51cfae30c14
1D7R6N76huqFpAB5N6dBiAF5BdpH2HyzZk,1129722,84d81dd747d09775c54e6617d4fa561b0b917dea
1NCX9iicCDwLpsqepPUXZToRHoxgsgJaa8,1129722,e88862a0fa5ceb86c6c0e9247110f2276103f74f
3GrE6FNDMK5AXwupsCaDwGciGdZnwvXvBc,1129721,a647c984ce8194cca69ef9a8eb2803cdb50a99e6
13R4NNhKYPK9YTv5aKjfYkPUAwKySWhzQF,1129719,1a7d0bea8fad89733298b3153a77e6af30351956
1AMtiWRA7sXMXe63vLn8FjamGWes33UDNc,1129719,66ac9f0fac647cf60e3b9d8b6ce555326b53651d
3FeyMRaoQCV5wpsEjGReUYbsr3A5ouAR41,1129718,992ec86a38a284a022f565498f930fef1ec2f1a7
1Ac99vN1vkXCtiZum5L8XXftQkd6vGpV9P,1129718,695e7f45f019269058afaed03602685b1bea2c87
19bQRNAZcJSpGpdXZ4p7cPYJshEcjhhtSJ,1129718,5e42b2f67644115858e0187820d455ed019509c6
1EpcX8YgHWeQXpz2ciEPo9qhgVu7tZjGey,1129716,979ad5e7a3601f5ba0de3972559856517bd5f312
36HfYkYdPGQnnMHZWYCNS6FpzjNJ4EMp4T,1129715,326e0d913f15cb4f4dc5483c16fb7c44953c0278
16dZCpyQFZexib3p5omHxcZahcuBFrnYyS,1129714,3dc27c6bb2aa5d200a5e65f86535b5f5ae0a19af
15HLLqWBaEXNa9Z5MZsXXzFKQfBEKjvkWp,1129714,2ef74dee34e7b8f69d24b74f724b5491dd2d4f21
1HbvqUYJoStLefce8jRnYUYdMjhEb6UW8y,1129713,b61d18573f152fe720e38481d4311f4cf81539ab
13Zq65a45wYRsnYqmmMizDeJbPoYjkSUfx,1129713,1c25b42dbc42411abcf7fe6d5655065dec0c9fac
39z9aKsdFRVz6Hcaq6MnCHxoUcAA5LXMiB,1129712,5afe76f6f581f4ef837ff21dfe3f9f0a03085041
3CDD3NLLuJRpX6WPc5VNZu4PorwQaGsv9r,1129711,7367046ad8376c9b89a4b417865cfc2f82f6ad95
1A8dn4PcPUJsEffiTz128LBFWSBmzvSURB,1129710,642abe5ab1498227f6cec012dc425c3138f29274
1Lv9dRtaWSPvdt4Vk6JonJP8NQVQLtJnND,1129709,da77a3632d405cb678e7319d5a577d06cbcbd271
1M37hwgStHCE3Em7KQvWPdsPErG3XxqXce,1129708,dbc8f2066e15842a0f5b1175c20927ddb0dbd439
3EtnDLPtAgkHNFNjopo67diyNHcBKmAdiV,1129708,90d32e89a929ba856a49c276903365468127e399
1J3wQXKgo3NVHYCZiy78sGxcAgxn2KZ4Rb,1129708,bb0862befca35ff1c3d53be2f741eff3323bce02
17hoyDJHMqKE96HHbC9LDe2cjF6NZY1zkx,1129708,498899df6b5fd0ce94e1ace5b5f0ec96b643127b
1CXc6LgS4c6h1UuU1mtn2HS3f6W9jBCfm6,1129707,7e7327e5bc5e1e8bb97d676c2a353390485b99b4
186xD5otGyvSS6WrLk6hvctRQr9CnqMwLY,1129707,4de90bbf1e94ec7215b9b510d58a9c1917b4a59c
1AxL8dFHbZ6qvQx7T1jwNUKbLBb4GfMRTd,1129707,6d2ffae77bc0453a4669a5fe6cf69a49036f7b52
1T6T8RJNSEcEqBvAFeUgiB8A8tNDJDRw3,1129705,04ef5d661932744980b88d7829e92371c9fb0f72
1Q5LEwcaMAD2gbukzicFxUQaoQdreDZvvN,1129705,fd1c9e308b9dae501e304392e0887a1b41c97cd0
15GfzpPyVV7BBJe59zPgETg1UrwfwMwEYu,1129704,2ed74ba54f18d65421d763639236d1f7f1f60789
3MdJa335gSpdX7LCcfQHe6qLJWcdGNVkXF,1129702,daaebf5fe8c18bc6973a65913dc68050b23badf8
3NicFiPo4h6D4n8YiuKkzayoRARfjx5acF,1129701,e6a7b7111364e1ae7c214f87e78ce3581c4c8aeb
1KNGixk5GSeTftXD5NdDq9yQmWjzcusHVD,1129701,c9781fe5711994fb1bac7938fc39d2c59c7c2ce2
1Q9Q5Fm7cgA1A22ZRAkvgxAN1DFeNNGGe8,1129700,fde17b3c26e352bdec289994befee1d2bbe6fbef
1DbitSoRVTZGejEq928CCkJrwwMwAnPxkP,1129700,8a329e1ac7cc425614d3a27fd22d6dbe36a650e5
1K5sE8PgShZMNeXNw364usGATY6iomFH2D,1129700,c65ddad366861d81f21a268a1462a2a2d803d30b
18g9LAWa6DREPW1wvKh91b9emquq4cCRbr,1129700,54300e8f5af1c8fe22c21d94604c59d70e3d6232
1G53shaBT4NpR1vBYq2o9G5DStdYd4KHuv,1129700,a54df3268357a3b2f5726ea32dc39fe03125f63f
388SpPEB1V9v8LwECx76SddxjAue543pVc,1129700,469fef1d7a679b51af7ca7b1766d6aed28a44c0e
3NiP2qWvsHW5huYUQgd2N1nWMsKoyjauBd,1129700,e69cad8bfee13ffcafd2fc9c9ad0385dbac83934
15J5JWnK8YEEAWZhysLEkFMXn5VKo2Rb5v,1129700,2f1b2a634f9c2c25166d02a73526b6691e916526
16Bwdgjt6StGcZKMcFA7dYyTq7XhxuPMiF,1129700,38ea64b95d7a5dd07a3c231e30d6fec536c7b6b8
176ko4a2U4TxFGAMwk1aZj66kFqi4mucAw,1129700,42e7645cacf7ea258fca4789dbc7f55b4981e3b5
3JcVLMQcEzpsja8XR6dyW8t5iC1XnaL5Nw,1129700,b99ef08cb5c949372f32a49bec342a722e9ac852
38AutxvakVgufwzGVYQGuEmnJ327bAaBUJ,1129699,47175ed02088eb41e111f3ac3a24d503ef3152d1
17TWnaay2ypYmV5sYdAhVWzUki1m2K2eCm,1129698,46d46f05bb487a936d5141b52cf37447981f65d2
35HZGEjHr61w8qGXXyRDBdjScPSgNoZRkS,1129697,2770ae554f23915f33ec9d90f37fddf609ce3f96
1DDSiECHNhwHJyN5AXAef65eMQLvrW1VCN,1129697,85fbf6980b839d80d05ba3be054f1656bc4a09a1
151U1BUTRN2ZpAQ5CRittmBUwPbNTCjZkE,1129696,2bf70b50a001fa79748140d11236dee28e5361d9
14bexBVDoTHP9xCcZwbdJvBxVrdcUWvqzD,1129696,2776334588e69dde989bfc7cf4df1c86a968b70c
1ApXgwBKrRyXu4FXKiR15jU9VEV43KJVQF,1129695,6bb64cbc00af71ed854b6d2c9758c7630614f028
17ci7UEELEdkEySxexDVDvtKrhoFshgQhg,1129695,4891a1ad6cbc7f8e1d8399c9d0801efc8c2b0cc5
16MVNu2v9nGXZJAt6vViTdkjRS8o9fgcL2,1129694,3ab8a2f39508d7699b3f8e2b6608c5357fa71662
3FMS36wNqRmTiqjFZD9trz4F9Z7i775GEF,1129694,95dd92016973d6d6483fc14bca22b26ce18b3184
19FBbouKc2ieRZiNxB7dcxf7q7fVt3fLU1,1129694,5a6fada4b13cb8b9512b9796c8a930020bb63fa1
16sE6pyZv81jZVHHVLU6JCRx4YqsKJqU8i,1129694,40585cdbc74fc1ae5c3c0218d92ce021f3c376a9
37THQhVV8yDuDF9YTEWUyT77V9aKfd9B2p,1129693,3f37db9a8f2d1d5a721d7f8cc8881c81ac49fb7a
1uAujdi98tnLLWBH87vc7HNc5f816m2dj,1129691,09dde6dd832f622ba6f6994fd4bf5713eef3eeae
1RhSsr1bjQ3gwWLjxefnc6irgcj175cia,1129690,04abbeee91f100a4ccc3c7eb93c065dd1ff219b7
34gTb74CWwaMf11A2sHzr5UgG6ifgpBvFX,1129690,20cd62a4f87dd1ee5fa46254edc8288007bc1b0c
1Lpx6bGZkevBmGFwRK6bzE9e5kqjHEWo3t,1129690,d97beea7e1b1c0d44dcfa62bb565439cfc1da86e
1DLZ4W8hXo99v1wzUk8BuLQHf1Y1z8uNN7,1129689,87542ce31b48928b60331c110574ec9b4ee29599
3NAqPVDiSDqe9u1zufuXcFTQqonhai7kmU,1129688,e0a55e3890126dd9efc91929060408f7df8351b9
19S2xRFhBcuNhVuM2LdVYBqbD6NYiuVGYn,1129688,5c7d09a4e06e686eba0a5656465e1de0d1384c61
1EnYFJhFc8gFh6EUY9w5MZNYXrYwQHcKow,1129688,97366fd56dbd2b20891efeb20d20a546347215ad
bc1qu5cderk6t9xjy6669wda2m32g4ca6xqzes9yme,1129687,2064140828f888d7662b3ad992202897af373eb78943bd2cb102
1Pvaku3ff9UtnMozJPivnxJGi4Hc32Lwd3,1129687,fb74fdf4e24de8cf645764cbd93b3f2c865b9096
114TphZfjX3FVeh3Rpt766eKCAMc6WauiK,1129687,00a7a35a80c5101c1ccbcd8da93cbb9616feeafd
14jrUENWKcUt3RootdPZtzPnb98yUBVjGp,1129686,2903248e750af8f794d207a3ab03f235c4ab62d4
1Ek4qnnfH38sZgoVfPvcW4b7R9B9DoLD6f,1129686,96beba5f40fd501fd72353701b46069a26636e1a
1GFpnjQPCkWxziUR9CctM6MHZMvtXSGtEi,1129684,a7579a1e509f7987a61552b468a5ba68d156a75f
3Gmwa1jov9TzicgQ9yAaoarCu6TypjkFEv,1129684,a5785501918f300e7eb7b1a1a84c0cfae784bcbb
1zU9vLPrwwRTYkHovzPAqigqYaSYWa8Rn,1129683,0ade606cd493ee16a794c20727d1de608d226fc3
1KVfWJCSmE4gYELrwCgAgWoB3owzNmLWBH,1129683,cade0db153bec7c98e5bde0300dd4407766bb7df
16mtESDkYdDnB2cC3AH5Q9ykMatNX17Qmj,1129683,3f55b27f28221dfa55fe96cc3492ae865dd79321
19oRLSUTPeRk4vENYcmeBQquwiqabkMqA6,1129683,60887458cb201f4e84e3100236c7a8591eb46d99
1KBo7AWDXWXAKM2CBqvC7wQ9YNK4uzEkzw,1129683,c77ce94b43dfa09a4a65b0ab17f37f039243ce5a
1GPSMo1JucSUq1zvmu8BPPqXydtyQBtn6H,1129682,a8c834c4d849b4966ed489d189e93016b5646a59
3D1FVL53e74AwyMUo388PRKZEJSR6xk6AU,1129680,7c1c31d4d271c91a04436a05ed1602af9ff2b6ac
1913qXvdCTwCDLuBTmYzLWcUZa7piKSj1n,1129680,57c35fd1bc925aff4c745efd48f9c7a1410ef8e9
1Laad6Q2xz7ekEw5J2kgp2bHgYsRWxNpAV,1129679,d6c42ee0323f3f9f51ecf8949aa431a76601dee0
3HXTiDRiRoMxVTp5Jm4MLi9sJ6GHYiXrMv,1129678,adb361129e07348f205e6506c33dda006400ce9a
15m6eGMUdJ5QtMnd9uK16b951bsJVpyDZB,1129676,343783fc7d3d2b1247bfb302685ef981618ba769
1MZjQxRgTX4cfWRDH6dhvm9RK7yCwZ2TML,1129675,e1933b271b05bd571d330c04e9e0bf4cb6b7a857
36hRPH7UAUsweRwnE59UMd5jfPbRptaxUg,1129675,36ec368fb11c308eb073a830dec4676065c7d03d
323EFvsn4MW16LKMZz8DNvE9kzQNZspTn9,1129674,03d29d870149946dc8b7168e273744fedbdc8794
1HGMhRntJXcPN3xq22nYzbuBihKk8Bcp3k,1129672,b269876acdb198b93d54585fb5b4dd129239b67f
18QT7cGSbRF2oKnzWjDQbRx8PVTgDVfCjF,1129672,51383f156182e139d7fcc5eadaee2f5f1cc05beb
17igvSPFrx5oHXp7dTrrVBFPsJVbbCebF6,1129669,49b3224027e065f9674259a17f6b58f6c7129b3d
3QeEJ97HGxEcPGGHCmcmCQrEEyQJR57yNP,1129668,fbc3f91aef9a1cc5eb298e02aed286d2713c6eb7
1Ka3u8oWtLhedMCbs52LaNZ64xH7JGpVLS,1129666,cbb26923cf84b1e139c5264bc7ce0edc2513a64a
1GFRnyAPtA2ZNJnwyUJmPMXnk3fnzZ38ox,1129665,a74467f004659efe1c29ad6a69ba6f1b90334dd1
3QNuwnQ93C1T8J2dLHqo26yS2Rot4EwYa3,1129664,f8de6a3e22e43ba658421f802ba7fb0aa417d625
1GZbZjLaaSQqKeVBQyZRHL2GjnPM3Ts5uX,1129663,aab40ce4d2e6d043eb7325a5417cbdd1d80fee65
3Gt6LtB2yp7M9eAUw3wr46pVWHMU4HX6mQ,1129662,a6a226d3cea5b188f546e2414f5063679d0773e2
1JhdPf8LNoirTiQvAJGSQ2E3CoJgavDTqu,1129662,c22927780d9b2ec1ec90e0c8aaa4e44b90c3fc80
1ExTpgUEUTddCtc2NRvxM6qNeH22gYjSLn,1129661,9916e72d0136b42c426daa3d9d737a870f48fc42
3GXshxR3fWwT5JqeLnDhDLMRyycw9DaRcx,1129661,a2cf48abe012c3ec3e26ea1f90d19ee6c5276eed
1NiKUGRyBXbufe2VidtURdhvdgrcQadGvx,1129661,ee2b1d2c6e6f5b5cf0e82444c17c59e86ae7c2f6
1JTKG9om2cEJhtbpgvWSYMDkT9pxCENv2s,1129661,bf743271898cfc7cf8385586403c4f2b2d660b26
1EiFaLZjqgaGeMTn3aiUMFkzCQdy31FdmY,1129661,9666db2541bb22efe7845a507a55865c97992699
3FXPsLnNcb58PAzhnVs4YWdnxGpwfAQwTK,1129660,97bfeb81b1bbf1a934862b3b9b8222f62482fb82
1AtTiw4JWjFp1e1NeRDBtY1tM5ioNturRv,1129660,6c74a73f9146495ac5cc9da93f983ddcedea713b
1HjJFMY6wPzHNNgGbvDTbDfCwjAEmEv6QG,1129660,b781e162901a47e6f978a940aaf2c9f2924716f4
3AS3kBhxx9ihXn3GboAgrB6UEYdPyGhqxv,1129659,5fe469be6bcf2fe702131ee39d54bdf7e6d276a1
1sYwSHuxsmPBUkDHBW2mCVh5jCrn37Bct,1129659,098f758458c46bd077f0082a1839272ccc636132
15qbp3LszTicmg9SNGP599vTaaLRykiXwk,1129659,35118731391de66ac5a19ae9bb803868bfca3fc4
394MmpmVgXfXnkmTpdR4xCsGviuh6SwGf1,1129659,50d22f73272450a70475e9f46920ded033ed0073
3JPrSF1zDf2JeppaS1XKq3ZQHccU4ZeLp1,1129659,b73b2596a066a709ee048119617cacfe3376205e
1Q9uNmgizArZfJn43J9p6kudm2uUobVtap,1129658,fdf9f103c020dd43c6039c2b31afe846042fbe58
1BvcKueZZMbSaXFHLf8sKWAmZbZJH2GFCV,1129658,77d4cadf33df0662153a470d303ddeb3d7be6312
38eZdaZkGy3uKHCRTHqtvdsYvX4g5WwKfK,1129658,4c5219c77bcec2bf592701bd02aefc61a89f2d54
35WFnGpiWSctnzvYzj6rSP7Tywbh1TkCpU,1129658,29d77ec17f115a80ac26d65e8dd41ed2afa0153d
1JnFmMhZMY7VLdig6pHmMtHUZcjYoZWuJ3,1129657,c3092e7e783ab12bb0d66264acd5ae07397c8848
1JWNBcGKiQAQsirvYU3SCg6PsXJZV8viHc,1129657,c007e24138ca287bc1dd4582e6d8ac1f8979e09e
1BJJEkhYq4a4SgdXhfbuoo9jv1w7XXbAzt,1129657,70f6b7d009cbaaa745948e5e59febab3c7836f6d
3Hs7892R398XmSQiq5iNtXDJkFo1VyvF3v,1129657,b16a834912659d54a3d1d6db59d79e1bc408b33a
3JEi9kK9MEEHQgVw9aQtSFdyvzZnrRSGFV,1129656,b5807cda7f0a7541a9a8b2342c056294f1b478d4
3BMEXrys8oa9fXxB8J2HkMs7EriumdP6jh,1129656,69f376c9f2e379ce5da818db912b36df32adb59f
3JuzB4HGDs1fbfSXkrekVoGhtdZabGeHMZ,1129656,bcee15cf79f75ba646f9b70c30dcbead9479e4fe
1PiPq9W8CxQjfPvNpdLThxqDYqMTn1nQiE,1129655,f926e119839a8e9fd2289724eb2ce2fe5c5f0c64
1a9v9nHQYvsarJNt6bRXSnS5GhybUb3e9,1129655,06452b768d2abb14a1e9de6bb10f19fbf6d5901c
1PnZXMSdWjdpFr1b3qG5nRRtVNoNW1sYnz,1129655,f9f0a2769b8176c19f247291e1df855985ef7562
3CKk4szJvJbjKF2uPBWTj9gVx3iXQTdtPj,1129653,74a3698ac7ce82e45753c3fb53ac68aa612abb42
1EcLJRtg9cA8wZJJnu5xPdUfbeDX4SReU1,1129652,95484e1b088dce149878b517bfba289d1e701633
3EaJ5Vu2YjsTFUHspBBY6mHXjsFk26SrDa,1129651,8d54355e69674c17c99e01d67497e65aad355c27
1Daf4J2738dqEMt8CcVe45K1LTZHd8K8mU,1129650,89ff011ce6a83729f05e9357d628afa1179178f9
bc1q4z44fn3jz8k22gwm26qqeq47pr6v2wpepcfdes,1129650,2063c36866bfaea92ff01ecd4630e794bb4a2a5070bc4414bd44
1MAqvoVngqVd99ayWfeh8qoZeoTY24sZPs,1129650,dd3f1a1fcc5f0f5d51d1c214fc3da9c470737e45
18rg434U6LbRbCZS8iBgnJ3fo1WqgJLQ4B,1129650,562ddca30bdb7febc39b67deded6c4f32a1d5d33
3CPtNFAtALsS1FSo1PZuVBmqHCTMbNLNKT,1129650,756c010d725ce7055cd77d00ab8818a206aa85e8
1GBQpMpgjRAFTHZ5Decu1WkPAQKqT66eB2,1129650,a681ed6b28ebecbdfee1178a195bfb12fdd656e4
3BMEXNWAVo3kFux5aW5Sr7zixffmnyAkKi,1129649,69f374fad5b7c3ff7ba51787b4d5e08a2ef43e6f
3BMEXbA58mS2mj3XTmPc3QRUqNvCQVKnaS,1129649,69f375c89cc183e329d6e489eab26987c6dd05c8
142Jr9CaHHGQy5gvoxo5Ld8dhYotS18RLf,1129647,2127b10380c0d1cdb3de6b4d9ef07b527bcf3c5f
3CE1qKZGpuXLhUJ8Zmbp4C8M1Ze7yykJWa,1129647,738e13d5da0ae01236e6e544f5cf98f9e02e1d33
1AsCxTBZMW6VnLP1FBy6mXkGcC9g17fLdq,1129647,6c37e91a619455ab1922d2256e2369741d4ed90b
12AZTLi2nvTJZGnEa1tcFY7gTsGzSuQuQm,1129647,0cc6f5f61f99d8bc0c895924d46e0f2ed50da03e
12km1oSb66mrcNNm8krU6QTmgUBAEffMVN,1129647,133ec0c599f301cb2e030a59825b7fc1963ba6fe
3HSf4MpviU9VSspqcr9tM2GX4U6VZy95oH,1129646,accac58aeb7cb7eb26ab82e7b051c4ac9d910dbb
3PiQYtQitrcQ8ZPkF7BM99VepwpHXNDqeE,1129646,f1961229ac8326427e548cd07ba2e7e23895ab2f
36boNcaQoJWJsBQae4DeSuy1tw6dav9YDQ,1129646,35dc128d88748c6323151fcffc93c5b785f66db6
1DE2MCJTjHD77sc59Zc57Hk9piLfvNfzGb,1129646,86180ad561441dfe8b2378784d2754c15b523ca0
1GBCXKLEQYUGSWsFeivkWX2wJR6Y8WvtVo,1129646,a677aa3f8fce0f6d6b88d0000ef253bc7a596a59
3CVsVEbVkikGYYgt7yJsiisJHbDKzGT8gg,1129646,768dc406c054fcf141d45cac1f7b6514b0c725e0
37z6nQCXL6zR13bZ9HLkZfHKrb65SSsYMg,1129645,450be1f51c1a3c70d3589e1704e84c8e9756863d
3GsuLAeCjXK6nGVE8K6HHaALt7ysKVr8Wi,1129645,a698f582ba7ef4974e03cb031ad1df6f5915ce9e
13H63T3HBv7CUjuvpPfqi9jBpDjQKGJxYE,1129645,18fb1db1ab2697caabc46e18e1ed4afa291c936c
1GtQj1Q5BWbVyF83RkKgW1PvdhqJ23fMJH,1129644,ae42e7a242c816641ac61567bbe48d3959718463
bc1qr3wj6c62pynnmypk2e999dqut6vjtewv4msd3p,1129644,20640ef46286a0cfe8ae133a1b925fd93f52e120077c8c673b34
1EysP9547kWc4qs8HAGAJRkRgKR2AEBqUM,1129644,995afc4f1dfc7fef938c63972289f7806f72bf72
3NL7dXgGMUUwEGNLQVMzc7kMqfKAzTFSFY,1129643,e266ab810207a8bb9420b30d6c9f4287ff045ed8
1APdLJtKAjhjN2Gs21cMNz56dbxTATb6Rm,1129642,67009cc5cc9a1f2db0c20a2813e8574f4576fe84
1GXmFo7eUWr7FPfe7q5UAa5X5smR6wwrNE,1129641,aa5b4ed2573edce2731409f33457e4b8d02bf6cd
1CaWkYpDt55vaXGiJTTt6J4EZ1bRMyULp4,1129641,7efff1f29de16dab44e878484d21ab9910b77713
15Ftrk5xSCsqA9fehTeZXKsjTzFB41TA2e,1129640,2eb19d7c0e2c474df9fcec041ec84238abb5e3ea
1iM7gRZkqJbivWEpy8mtmkmTrKGCBRihz,1129640,07d1d881bc2e4efe72ee4d4699fd33fb39922980
17MS8XKtfjrZvqnZUiyNwrc1tvmbsHyESk,1129640,45ae0d18c6b2508a790a85c20631ad5db9e9ea66
1F9QKp7XxRBuoyD9cAKRLi37KwTFwFzbDV,1129638,9b288f110c4ee98d1bd0771806730f1c6c622ad3
14c5on4RxnLLZHggpVE1L3yBMCAaLKUJeT,1129637,278af2c23dfd20bd3faaa2c6b6945ec54d78a385
1LGZFSLgaLFcBNnTL1VVkAMK9Lu8Q4FnKn,1129636,d35b8ca27f5a45735bbdccdace014024a6f0fc4f
31w53tgWdUqoW6SJE5b41BQ2CDFosx9cBS,1129635,02a86ef9954eee75741384e921186442071bbba6
1AsWjLJhzjFv53Ax9eyTMcdjBSaBMNjD3Z,1129635,6c46bf55435700c3c707193a90b5d4f73e5a64ee
1FrYJ74Hr8kmdp4aCe4mKMqDuE7FTKWmrh,1129635,a2f0444b16ad9ef0d0b42855d44809832a84f04f
1FT2Y2EFr4XoDvX19bU7igtdd5ZTBWkYqf,1129635,9e7ddb71d9a5ac99e728c5ffac5d47210cfa135d
1FESSG1usjtr5EPkJkE5CJYVac6xy3hdtM,1129635,9c1c66a55cbcce5bde16269b3e76021f8559dc56
1BPN1xLQFp7GSoFCaPhua1TMiahKK6y4fo,1129635,71ebf3e08fc9498b55247b6e6cdd96bedc64c95d
1FpbQiHEYgXBWk1tvKcZN5EHNzEDbie2cs,1129633,a29208c25d61f5824d24bb7fe3d4708fbfa5025a
17e8wXP7TKPV49xrK4s3M17Qp9rFf2JZ7A,1129633,48d6c5f86df126eb190389f0aaaa6254604b3bc3
19Pe8vURQ8wvCd2Q3wxWGSH7oGL7n9pSy,1129633,01963a130e59c594f394e958125381d51b1dfc3d
3BMEXLqg8mPoTSX4NzM4Fe4gy7tgXHNPbj,1129630,69f374dfc7d90cfd5fd77cab88f84fcade0968f8
141LCRtVFWg8fVuaE9pDyaAatZHMosCde5,1129629,20f866f97f3580d36886a3f4849807f13da66435
1CyiL2UTULpLoWL1H23txWVUdo42q8h5hP,1129625,83632d272c889746069264ec08e3d00a1d7116d8
18e3pMnA36tv1WimUeHuGURrGqJQcxof3M,1129625,53ca9f479c6fd1d6e54090280f4279b740b213ca
1A8XkNk6QTksq6QmVpM2YpgVy4st1v7WBj,1129623,6425b5f688c2219a5ed9f3226755a55cd66cdd43
1tT8w3sEdypBi7Vod3xFLAXZ3b21pcwa1,1129623,09bb082bb5fd7b82e39767a99c868e0b4a9b57a6
16HGbC9sUug5DqifzZgRsQ4XiHjjZMrH5o,1129623,39ec4c3ba947e221fd1f9c1c07239378870e60f3
1DMp667nFtSiU95XUCjQzoKUXnaeNYsThY,1129622,879122afed964fbfb77ee3de8f9556daefdfe96d
3P9cge84otaktxPZAQ94MDao4WMco3pHyQ,1129622,eb62790fe284b0f01fefc1b352dc87a9d9e13ee6
16eEx67hs61DavjaxMx3tKP6pDxBcQVEKE,1129622,3de3aa0996fabba5c038f787dc4c945b5860ec7c
1BMFuab8xq3jP6zWrWJbDzoVYuPoLUv8U8,1129622,7186053a7a15088f478733df5c198353763ac83a
1Hfef79GQHVgpzrRBH3ppzPApCKLqFFk3L,1129621,b6d140e9cf1b1d0cbedafc2db1228b538792883b
12kP9zvwbggH5eKESZJe6ZJz8P3eL86TXs,1129621,132c819ed674647d4af870ae8e3e1621e7ca967f
1L5S9zdExaqrfJVgQkEyd6XUYehuSbpuYS,1129621,d1410d582612598270b4aa589232db2142627d06
16gspzHxMgts6ACzguZWjvRt7e2gSetEmR,1129621,3e6347ad1e6303f58e0100797e822052c0a30d9e
12bTrxgssGbpvhK1PL4xZX8cjWJPVVmv1G,1129620,117cb0f4e3e8aff8ec2cbf82587f434a65b2acd8
33uVNdoPMT7ifPQmA7Hu2eFypPugheoCZN,1129618,184c283744e1e29ec69aa15a59b6708513889303
15JvguxbUWqR1tSiVRTCjYjpgP6ZedLPKS,1129618,2f44641f3cafc8212adb8583695caea6007c96c6
1KuVEKov3GdzRF7F45CjwYedGjcYWHJysB,1129617,cf5f758860bcba3ebcf14662981df47ba64e1a83
1PvLzXidSRV77hziGrjXaQvSSmA2iwJEm4,1129616,fb69806954e0fc452a5ef4179559fa810c69b6df
1AJxTAgSqPWxcM4PBgTdbmj68svSjf3MEi,1129616,661e7ddfcdcb85bb30c49ba76a6a1a619f64af19
1mNHt43pTLDPpV1bof9RBpACt17H1SRzz,1129615,0864133f274d14be9a9064745f0c8c33c144c2ac
1NUCdH1dmXFaB8Rf5Xi6ss8VU1ttev8zCU,1129615,eb7f93ad59d9b5ee6d96f16c9cb3b98f69f06b38
1DmPqUKXmXuB2FWfJ5BTtqNsTMEGPC3v3E,1129614,8c06dfbf49c7f9b29877b7ceade28b1224915fb3
3AUecCmpA8keo1RwfoMfh2M5nUNHZPUNX9,1129614,606258bd609f99c70b0583f3d4c37c15ff49f5c8
1Dfmcvp9PYpozqgd3tMFPyNJpRFbHZoubM,1129614,8af68ff8ced207209d5f4e0f4a60547a2c4551bf
1HWmPMmPUQ7XqYAQrr1y1dZra6zL3M2xiK,1129614,b5232066bef4c547114751d3ae3e6100e63c7f34
3D6i6QUQZYov8USJu1cg4NY6GETrcNfq5t,1129613,7d247ba595f43f337d922f357cf1b1c98d5cb8d5
32ZvXJaRkQhbg2fRWYRURRDnYQuvpfDA2M,1129611,09a0b4ae435d207b2ba13bc7c4cde8c6ef542adb
3FicMH4fgSRm4zWP2fe7Y748JsQwSZyrxm,1129610,99deea28e827e8d4bd2d0acf8c8d62dcad64dccd
1Mcr6AWsNL3A3w7wiKVeUxS6suqvzazmsw,1129609,e22a0d42d96ee9593f9a30d3f38c1ac654201a65
1AWwGjqYAqwRbxygRXibmsrCBx5rdReHuS,1129609,68627f96916cd10b2569f7a1d5daa71fe7f3cc06
3CMcAZwyY2x7QqGBbeahcoYZSKyLmiRJS9,1129609,74fda5e413e9e686e9b08bda95f572cee3841968
1QL3TGorXqMDCPb2WhS7yQGY4zAHtFL7DC,1129608,ffe4d80c890f782c0dd3374e7d41c5a6c20174ef
1JNGhZCGFysPD5TDQyBjch6DNE6P3j6Pa2,1129607,be7ffa83e725124d96c7a8ec5bb47a8e57519302
3KoMpn9NBBi7Sza7AtZybmNWVnPTyyn8mJ,1129607,c6a55f40197ad60278b80f1a7e03aaf67be766c7
3Bw8tUDKA7QA5YLjEH4F8b95XkmMcdtg9m,1129606,705ce50f231e2745168916c8ce6c87891ca00784
13nr6AiHJtLw9Pxq3KWThnEXS1EorxuSsW,1129606,1e9bf2862f9396d920f5b10dcf2d0a05912acade
3CscYT2ohAnEEWV9YZ9kwDjLkpgYSoapvK,1129605,7aaa71189100e5f527434c84d7e893fe8e4e78ce
17UpSSQ7nUWfNv7iz7SFcTktRKtUBYBQqz,1129605,471395dd3e74055d6154c93b4dd770420e113565
3MPnFGMkEAfBvMeqKE94pagCAXpEJarax1,1129604,d82006f4539e67310dd63f8c909e6c52dad69116
14kR5hxZb7T7qQU8pLAGap9WUEw8TSFTe1,1129604,291e5d9a152103c9d07233d0d92aeb1460768d57
15QphNFPDNr9fayryjUDvsxxmT3c9yKpua,1129603,3061e285692b376659b1e4e6a2299332f6e7fe4e
1G1nELBwnJxUd6jcvzuL9xnuNCDPeqCTSv,1129603,a4afa489c91a2e449c48126b2f5b31946cd47586
1JuArhuvjKSW6SjPNbvpJBwQ3d5zHL5FkA,1129602,c457ff1d180d98cb5c3491752d8c036a2e8f8359
14brLuwAZmyEv7g8AF6g5edAVGrgUtcMme,1129602,277fb5b45265833aa8cb941d83670e947aff1eaa
1Na5s6F5EXXqj7rQU8riushLq5g6fqboHx,1129602,ec9c6d9b3e7febe4232e1d7c75492b942f134300
142JAxNnCsLjhTj54ULRhYQWRmvkRuwF6V,1129601,212720a1f09f322891a4d468264d005349aab21d
19T6xHAJxKZUtn7hXSz6Evf2kX5ARFUx3b,1129600,5cb0ca6887f6ec60bff7a32daef58ccf6a0c294d
3CAq7VSoVWEBx6AMzJVH5dHh6oMtHRt8p3,1129600,72f3e14712aa032b5729d417d50214b348223af5
1uYHXzp2Lg7ZLUacL8Pkv285BMJouNs3e,1129600,09efbed7c00fb0f4c838b5a0e34d6e07f91520f7
1K2CrLo6SwWgWXS8eppf2f6AhLR4R8YQoy,1129600,c5ac92925dc3510ba148bea438604cbcfab62974
1EGqVSecrnU2StLwxJEHJaKUrKerzPYPpm,1129600,91985a338feb030b389b7877524b6fe9a55624b5
18Rwx5HMfLxEuZkQHDzF63PNAgyC6UH4ft,1129600,5180bbaf3d967017ecf82b9de418775340ce64d2
3A1MVXmH2zSnT2hHgMwSmCAfskZ4ugvi6g,1129600,5b38d429141107066d67d1760c785ec5fecad229
1BQmWb8Qf6edNtRFeAszPYeCiyEvMQS1ay,1129600,722ffaeb8efdad78dd3989da32f0a1fe305204ea
1BMN97XHwt3aHRd1qu46MpTibbrR3XhMMh,1129600,718b394790d982a83f25628c1b10ece3e829fc27
13SfNo49R51E1Bn3PHA731FDJfdzi9SkMi,1129600,1acaaf6197a4c3cb3a27c216775e3eb801bec550
1NghHeBjhpd3iaQwcW6GGG6YAocmZy1ob5,1129600,eddc7e69368b08361149beacaeb1fcfc0e35f95a
1LSA9bGyTktNiQCFrkNQ9SwjPyp9RSZaEc,1129600,d52c6ce72cb2837087278b0736dda9ffbf50a44a
12ngGG5b3JRkMdSFWKUyRkvzVeqQ64FU1D,1129600,139b9e87513f4d8bd3aa2d3fa8ddfb644bd9e2e5
16JgLWLioUuPiUWpCS2c6oZ9s6nHWKFKjr,1129600,3a30895c5c8d03cc4f7fc82d0d6bf5c8d8e87824
12kvjW3iuHQ6HQ4kmJCkjJZCfn8JKDqZzL,1129599,1346ddb234607c6ee660bfd27a7b48d33175b30e
1FeQiUD7xh99cAaya1VDefgFY92djWvdhF,1129599,a0a4f2a515ab644b9d44486af06f1cfed30a8b59
1HEqGLdPqdqkTFrNz2bkgNsq9bnDwfqYPb,1129598,b21fb58cf3a4ad57798cc1383e8a116b41a47058
1PHHYkNdkRFFv3bo6QKb2hFZzL1SkwEhR7,1129596,f4673c55e4c29449261c05e9edd24b3df51e8286
1NWKJXz6bVndjovaavcWd7tdY8PoBKb74e,1129596,ebe5fb7b863d909b4a475fe2e0d808995caa92b9
37qspBYMEXMoRttnykCaz4TrJ3TYswuuxj,1129595,437dba8ed97cfe4a19eb6500e6edc88609a90d5b
3BMEXotCp6fyDsRK7EJS71d7YCaKsDYJ5F,1129595,69f37697930c50a8048780fd5612a7c96dd17af6
18Pv59FQTq5j3d4igHpfiU8YM1wAW8EFwG,1129595,511e555befaaa218514ba5dab6e8cae5905e975b
1NmXvcbsG4PaesC5v2FVLSu6Ndttg3wLVK,1129593,eec6c215ef826c881a9839bd9507f155db0fd914
3GMXuP4nggC8CeyNhXUzL4YKzBiBm5E8w4,1129593,a0da97f17d3d2ea3b49439291ae1ce7e23266bb9
1Hje51cKbBXVYSJqRAAwnk9rRNaNhHfwX5,1129593,b7926d3c43a453bd88c9174daf2d9f32b51b461c
1G88Pjaj6cmLmxYEywwA5K74HDY8PsBTkc,1129592,a5e2f80ff71cf8bbd15e2f2b22696fdd57aaefbf
3DPSD2RkY2nv46PRKZm2Wwz6wYD5QkN7Q8,1129592,804e4b22751043b0894ba13d96aa287f9f16a308
1AdJcfJHVvnsD5ML6FUXJ7VrtxKqLF1MMQ,1129592,6996cf909e608bac3ca4c55f34817febae0eff0e
3BMEXbdPdpv18L9nKdcZjbZWhygKfW4yXU,1129592,69f375d045ae5b34f102077ccd67313f6c663dec
1PP3RHn2B9sX9z7qwQHaHctqazPyuDG6LF,1129591,f57defffe545a3a65daf588659bf0bdeff093b5d
1LGndRyVuBPcHTk6wc9eaBajeYvwYjgZsy,1129591,d366b7be7207b6f33042e4eb5e571087490a4297
1Dt2TGXUhBG5yfwRZEmQU1PHZuqyaEnjJt,1129590,8d47efaf526dde0e200deac2948f767facd1b59e
1PiCYdm4novMj6DqnzTDupmrvHG8wuFgvC,1129590,f91d7594a728c38701b1506dd3734cb0d3e1d2e0
3PgTabeavLn49XSVvRPZ5uoXkPxM4EM7cc,1129589,f137c496b0062106bb38190c76078cd213974350
15qGLuPpq5ERoXy4c7zWEt8XHUPySeJyfV,1129588,350146f1c7e0b650ad937c96e230ab427a192bac
33ZveUadBzXsx8ppsQUggJ5LcBE8VRV5Xz,1129588,1498ef4ed72ddf72b7da89a8ca9b9f1465892e66
1AjxWAN4thxeb4CiYuAT6DuqnJKLGfuyCn,1129586,6ad8ef101a6a0d71308bbcec7cc71941cd01b1fa
1DAqCnCNhKeDZt44hGVBo33siErFmpABaE,1129586,857d7db08881f50abbf7b6a89036e6eff444f235
3CZHT91UDoZRNUtJ8nbG4twzGKcdgdf6v8,1129585,773304839f93f460be695dc0b1bb4bc7d70dcba0
1PhNdnFkZKe4VUaCu8aD5nUmtfNEF2EFdW,1129584,f8f577096559c5214be10ac679cfd2ab4834a155
1Kj2NopKrEFsYTucdmRVJMWrvAT4oj9NMV,1129584,cd64e214086da121d42b8d4f17c31820d7942ca6
39eUA7C5xfps4wXCckNfYhsuaRrJSUPVpc,1129584,5745a8454a91055dedaeaf8e465a1185fdc535c4
3Gp8sLdcrvbFgPeYCx7jrrgJkWfSSieMkJ,1129584,a5e2987e28d1034ef4f66fce8079f7ac2272dd92
1CzQwWUFhVR1kGvre3ipvtj893aR4kc46x,1129584,838513cf09c5b75351b56c9165694b622fa44faf
1CubfMWfhzct1HxyGoT2HG4FT61e4Eaz4u,1129583,829bf2892acd51c8a1b560a2622b762ba13b3fd7
1M5eZ2WDAFd6MicoKfohCp9VNEkcdFzp2D,1129583,dc4386c87a0080ced9d2ca0031ac82ac7cd64b11
15UHTo1SLxYDNg1f3BNr9bpQd78tost92n,1129583,310979d140512c25a342a6daedb4f26c003b5cfd
1PFWVX7iQjijrg3oNapWUzkbDR9qrFvr4K,1129583,f411358ac5214744d2ef9f89abc27c29a010a57c
19h9jFDztsEG8WA7SiaCD9TGZ5TQUnrcgF,1129582,5f58ee49e4b45389ae9c0e4c25714fa7b13689f1
1A8yenAP79JUScgZkEr6fq7eXfMov8rWfv,1129581,643b557e35523bb94b332415ed70bb4ba549e02c
16yKR7LaX9VxtXM12s4kVXgmjs7Goui2D1,1129581,417f4ba020e47ccc9f3a80587a76d9f8c2cc93c1
17LaPXnjDrf7yo7pJEV5nV252cZHjnWKMW,1129579,4584877db201068857099136e32cb1a5c44cc285
18ypQM85HpLieXAU2GF2j7vhupdSUTQJQF,1129579,5787be760b5b993d5585f36f7845ceba5fcf59eb
3NgDay5mhs2CLUmAtXjT3yRXVFG71S4WPN,1129578,e633f5fa1ffe4e994c7e1a53eb53fdde39f8cacb
1HfvHuCL27BJKFX7HaC9dgvbtxx7ivc6sn,1129577,b6de4df316090a47a3019e65d79de53fdd961250
1D4mHo1mdPQFAsWocLTP8KTjFsqrStPKY1,1129575,8457ba744b773caf33c76c19cd3b9ed85d6ae1db
1AqruWSnjdgu5hLmM5Wekgb4eQfnJNpUZr,1129574,6bf6c1cf5abc1cd92654ee42b3b579363cd3e637
1PpsodRcrTJaNYfGbMipnvfwNKuP7KZDG7,1129574,fa60b9f787659f1fb7aa3b4ff9cc2014e7b67cf1
12BUdG9htdRGS3j2ei9RWKnd7hAyWL8WkU,1129574,0cf358832ea98c07d9307970f649014a30a64cf8
34kRnC57hSpHVuQgBWuSUKR3N2iguusiki,1129573,218d8a0a708c8aa091f46690501d764e704be3c6
32EKzFWEd7GYwjsX88g8ttDommfezbVcYe,1129573,05ebf94bd30c22d02a365cbb0d2b5b43ed82639d
15YmNfB9TQwgK3RQH6RDGoYqUhCxNJ7mrD,1129572,31e27063347f0633fea6c9b7ad4fa855138ec5ea
1LW6bduEcv4XkhextpKHJmuvi9zNMH9vh1,1129571,d5eb2004a7a15bbc9a65146d4a33424748b5045a
12vZbvDM718FGHrx9XcZXboAdMztjUyQtt,1129571,151962f58386bf14c8798e0b269955b0f2cf2dcc
1PzpVo5eRXjLSqv3pSHhN96h5EWmpgqi7v,1129570,fc4220073ca3610af1096ee1e7b23b728a0c0178
15nB9zKL8b1j4gbbe7sPPhRQTWhDxjKhRU,1129570,346bb2c7851535ff8c038094a25b6157a8424ccf
3BnrRTJNodVn5crFTrAf7xoXkRNAGv8826,1129569,6ecbd27671aff36c323b464641b402869b33aefb
3BMEXqwWNu5FxWhQfWrWH1jNMTWGy3JtUj,1129569,69f376b90678339f7f95cbbe1a135d4227055cd4
1JLLUUxh4LFTDQ9cW8V4QaWVxitCvFEWzW,1129568,be224c2b0c9cd836870dfa63daffd44a4da23ad5
12JdzGTyVDXghi2S3R8DUJbP1exvCPm6Wo,1129568,0e4e12977c26385a41dab971437634091c4eace3
3DutBnBdJKYeC6yVoBhd6ce8fzYB34UfQa,1129568,86107547e6d05bbc4dce9ef39f143e19acbdf3bf
1Mf2DvzSpVQQ1U7APQB62snv6nphNsrpLM,1129567,e29357d494b6b8312067bc5662987d17d73570a7
1C6xtoFFEaN52CaQUAfonaJ223w8swZ28x,1129566,79ca1edffd49db3762af112046c3b541f56cc3ce
3NBif4vByGAJpimv5gprzQF2UY6SF7fWd3,1129565,e0d02a3a710bbea3b03674e711bf740e8905a989
16n9Bm6e1a7gWXqju6cFNVzwq5UAMtkNxP,1129565,3f622e1cf542f32d76a30b15690fa5f64605c13f
1ArHp93r5DP71TkBr6SqiYPvZQs2QyQujm,1129565,6c0b8c7ac2f19a0e5b6a6dec4aa5443c3763e695
3J5tEq6Zx7cUg5LzLR6UfagNTr49xdpWZ5,1129565,b3d52a2f1bb87126d561ae36e1ccfa850730f46a
18AXQusByqkzR5z6vKjRypDNUPxa5CYxYc,1129565,4e9602d27dee4e2845af4c23d1c3869a1f120901
3PLZP35ED5kT4HTc92T27KQBjaVTWmDHJH,1129565,ed744a7447ba3d553c3923b54dd18b396bdab666
14GevZJR4iWJ8rJVwPaH7A7JEjwN9SXQuH,1129563,23de460ce00d4764c9133dfc8be18ba390f0e061
1CZ9fW3sxAnLT9jCHWpWHgBStjTLAt2ocS,1129563,7ebded347044b54316cb1c386bfa0afe4b6a30ca
3HoS7oSGRzwGBwyzqLSk2jJ5iF4Fdc8KPX,1129563,b0b8b45be1e16333ec7615ec48fed252391f055f
1G7TKF6VjDvT4fodQzhR9VNKphUCSR9HKv,1129562,a5c2594a9cfe66ee57ac4728a5220bd9ce6d685a
1FAokQq8vYt4WPNBBHdVV5xB4stzkopQ6q,1129562,9b6c873d68de64e75123b7a857ce6cb2f2d6150f
1M3jGYXiQts33rwbhtLM6FThXg6EJU3GHM,1129562,dbe6a19298014b92e89622831c0e6fa7b77fc075
19Rt1RdjhczQ5bj7qStzUjbMLQVjrVrhi2,1129561,5c7591706f1bf86d9e7222dc897d340f7e79ebc4
17UmHhGi4HA9ucnirqeQrarFgTAEvepoXM,1129561,4710f48e09ec60837b6d08959868f046768bb231
1MpHegMJVsULF5h85Ztuhdbgc7LAToRLde,1129561,e453f6dbade6590cd4e6e276d23cc448753e54a0
1QGyGeNxNYg57fm9wBHwvSxFrYyuYehQdC,1129560,ff501aa3b63b32b1382a555c527c512a7dd0a815
14K7JxPPi3PbwTD28qKqH64BDqDeFqwU2s,1129560,245521b235502cf96b822cfec42bafb0c4a08d74
142DtSQrzS13qpxkpDbAjySfuMdzTsQgKY,1129560,21238cfc5ba4769eb540f856957cfe6e51601eea
3Gfwv937d4xWaam3AqR3wbSu3hTiJcrD2z,1129560,a456203dce1d482712d8a2297f56a08944e9f48b
15huCFMvmaxDZF8mdC88FKGy8PH4DybEBD,1129559,339cb5fd91e72054560df6c59a62fc2655436a9c
3BMEX9LRGsab2GmeZL1ej4cN13aJmpgPjs,1129559,69f37424b0f72f95aeedd5e54adfdfee88d6e3a6
3LPPEZDgo8YJryEewLKycvbsaLgqoQvu2h,1129558,cd14b115e4d88d4f54824261bbfb56e2c98a6946
1F8HByRgpAyPKSy9nWu13ShsocKqYXR2HW,1129557,9af22fcf6442526464fb56f43643b62ecbb8da4d
16gzQAc3C34MobmwrrqXuMke8u5AvPsUev,1129555,3e68c41b396c9651a131036df36a4e297e056849
1PhPxDa9dAtWBoQdD7wponNLpUzop7iNj3,1129554,f8f690a9c0b2a1d050a2293dd777835c920aebcd
1BSBsa3ATy9PtyxM8jC6D18eENfLQhQijs,1129554,7274bb76a45275d9de636b9e72fcc6bc8633f1b9
12kEQLvs8SDxQs62rXbyAs2zqSPiE8uPvo,1129554,13253330d9508564874879b97fbe1a69f6fd34b8
1CMmgqzTKnWuXLd4ZLeuZMFtuxXe6bFz13,1129554,7c970173675c3ff790e65ae3c7dd5267eb64fed5
36akHsdizy9GDT8jUQF4tKjJ1WoQJmGfaq,1129553,35a91581bcffad25067fb21513a1127fcc82b4bd
1EnvrHs4NeD9q6beBv3exYtj9E83VqX2Dz,1129553,97494e17edff06e68cd39ed0c4330d61c87d87c9
bc1qdsrvc8p2792mr7axhcf4wcccrpukmh37p3hp6p,1129553,2063fa8c2178d04fe6382fd163826c4065f5f9ebd5c8cf3e91e9
16RUREKz6kjiiWNFz96s5wknfCC2zBd18i,1129553,3b797fcafb0da18734d31be479154712a1ee7ad4
19Uk7mViqw215Gx83hxnXA1rV2ZRSQgnK7,1129552,5d003aae94d6f408f30d91150bdcecd1bb84cbcd
1LQRHGryeJVWtSAi1CM2k3yEq2Duah9rRp,1129552,d4d839b4ff6ab566ffafd8690bc365317dac853f
16khPovJEhR8vs3PRZ8NqdHUz83wvdtkSN,1129552,3f1c3bdedbca26f66ed21bb0287cc8d5ce979a33
1kEdKVUCVwSsNctwrdga17tz5xDt2oaKj,1129552,082d42cbf246df92cf859cb355029e0ba6155363
1NivV17KkdvoqiicwpkK5AYfMWZSpgWdmo,1129551,ee485750e8bda2a986221bb86b6e113a305294a6
3Ly1naUufazxm8iapm4V1WwCpSqexqoUud,1129550,d370ee3e1edd2ca4efef6558881e6f069e7bcfe0
16HowWAQ7CeyhNdDksFDLzt7XsqSb7cYKY,1129549,3a0677b48adea6d8a6ab65a1eb30a88c70f79613
15AjuyNoM7cQPszhb4FGRvUjinmzR9RaDX,1129548,2db811ab34ea2792ea06f14fbfdd35c10fe79ad2
bc1qtdmsrejc2v3h3ek2g4ee2qpzmvtz7jss4uveug,1129548,20641348f7a258608ff4c817dc61d00953c6b8cd8d7376bd970c
19o3o58DLn48hWq2NtxEWGQRyDGRYx6oGn,1129548,6076791d2acc0ecc9c77187f4b40651aa69330d0
33E4JJhpgSg6YAwPeNmWXNJ8y161WnsCjk,1129547,10d700da008f082c30f5299aa7a72099fab232df
1BkDjk59grtv3BijJn834r9ZaYSurrpWk6,1129547,75ddc6c5f5b549dcd7aeb0e6b09a703ef8027f32
3EA48wQ3H4pENFQSQVF3uQzc9zAHoRKLFv,1129546,88be9699ab9bbc69dbf9fa81cf30c2215eaee610
1BUH3GJ7rSHg8Ld82TxozjH4cPamEoZGwD,1129546,72d9e0a4bbda1fd491a6daef7580166b45e169b8
1LG3ZPauVCLawXaPQkcFUrbvVRPdCoYTCb,1129546,d342c3d6b4817b7a18f22d396b73bebded6c8c07
32SZ5Ez7ps4mvfgF4xRheWZmW3mtDxrwFD,1129546,083be398352d8c93bd00d5e354c19f9c1b1b545b
1AfbEDGfo5JRm1LCkB82EECXMEv868fBmv,1129545,6a0582b15543a793925b9ac6a94d5553a059c264
1PP6fMPwMHzsuvm8QProwbzZomDNtWdJNp,1129545,f580a4e7e965b41f0c62ea3fb0517686a4449dd6
1GC2hHRxKv9NfnnyjiPnhMCEYQUTdruxya,1129544,a69fe07a53213f5e939f93a281610c48d18e42ae
1iGD7YtSuEKfB9m72vJAzNRFbLc4A7atf,1129544,07cdc008f4265567db301c3d3c01378cd2d966db
1Gh8B8e7GGgNcdfoLiV4yePVd8nuAiYcCf,1129544,ac2083acac39461f4c2718fbca8344395c680195
1DmpUwxbDznTjkCUgc2Wo1L5STZATvtK5i,1129543,8c1b72949c746110ae6f5bb851720c05f79d6ef4
3C4QJhw6Spm4zFCM41yWEVS2LmgXJ6en7c,1129543,71bcad3b497509bf5894d14170a09774ce9eeeca
32fmnchTtQoQbjgcnab63oCcHj2VZKa4VF,1129542,0abbe8bbcb4523f247d8f5df80ab7e56df3c25c5
37DST4FnFrGbyeg3efDLdeoQynXEn5Dq31,1129542,3c9994c456e2b256a573d1ac892985b6462868a1
1BjcpySopv1q2QjRenwmnvtcZvxL8tU7W6,1129542,75c0a29d1d8b18ddcfcf6dc4fdfb0387c12bc09d
1Xf1pHNLQmDvFj7hGLF9yKDWKDHrNcXHe,1129541,05cc361d97b21e0efd0a506bfba75ac08dd784da
3CsEMhgYsNBERs8Hk7VTo9Br3EEEoiyKYv,1129541,7a97ec241039bced0a562cde3c550ddabc735fb3
12fcY962s8VGnav2t9ZcRMkNRMLjf4W4iq,1129540,124598d703ae194e7a480b17df6b50f1cc0a28cc
3LU6EtGaJkCgjEoLuPpnrHbA9UrjLogfQT,1129540,cdf895dc2f976dd9625ba92587fe0f7aeafa6b4d
14NKTbdmuHL5yNxJ4g4h39SSiE6726SHvA,1129539,24f0855f7d6cc66c68b270ff820c75e7568bb25e
1EdnBXuP2ov2bpjX6vQBY2KwfUaRXGufTx,1129539,958e5354e325a85aa101294f9bcac5b7286d44ad
1JGxwPuEbBCipjXbKMUfpmDSai2NmMiNhF,1129539,bd7f1282e99161176cde6a11c67d0ad6cd8e98fb
1L5MXuhj17vB3vz6qJq88FnhVodee1dGPU,1129539,d13d31996bdae2327d081d0884b97df147d0a0de
1KvLyAMKTUFXn2t7KDabNUp47UpNwzd8o9,1129536,cf88fa912a2937ec5b8c6dcd101cf370f332b4e0
1Q54UNxVagoTomMM84x1pLq5h7MYG4hLGF,1129536,fd0f74875f10ed4beef8f882c9d451c1478272c2
1GRc4xK2SWGnQq6iauTfMeUJwcKbv9uyXy,1129536,a93124ad5fa127831cf09ff4a251f9b2659ed17c
1Q6YMVFjEBajTtYHdymGYDsDLRxg49Buqa,1129536,fd57252b4176220e3afb369b9f3f4e6d65f99257
182h7zuyZh6iYqYERBHLDqVTDJzhegHREg,1129535,4d1ac999110c123a6432c474155b5147e3ff21c2
13PvQwt7Z4XQFipSRaBso7QPtPBAeEmaiu,1129535,1a45fd52a15ad950535b4d697586313de7271f5e
1CMrL2PaGCgnbcSmJh4QNAdX7BGq4xewJw,1129535,7c9ae13a66cf4e760ebb94a6dfafac7f75f2b4c6
1HmY9kFuX3WAJxkfT2hbyrNfTJXtCJW3iL,1129534,b7ee517774abdcad76b106aa088ddfa6865c0cb8
3K4EcLvmRbYgKksX5vqK78bDccg5D1Aaxs,1129533,be7d76a43500005a85455a59f6cbf277f26afee9
1BjyQxifJL2DE98PpCRKcmawKPND9L4VEu,1129532,75d1d1ccb281f9b6c84abdf18985878651f526a2
1GBRcAQxHgdkgXyR4i7nz7n753QYkCtwrS,1129532,a682962db0aa4f4074a84896abd0858fd2e985c5
1PVnerLNPn7hoocCAzgdkhE1wARWCs6xLU,1129532,f6c485e60b56d17775737b0b3b0d7e4cb47310a8
1EVWQk2o44u5PDKDdbQKznrhRD3sUT6zH7,1129532,93fdd4f1058ecb2f4576097dfc4334b2f46802ca
1NPhXGkc5kVzV58PUxwisG7oxtZ8g9pqjN,1129531,eaa59e5db345451f9b80f1f7ee2d302cee93a276
12MBdD4mkV9fGAPCFdFetjnexadxyGX9jP,1129530,0ec9504fde1b2068182cc52bf1fd58139f0e4011
3ELG11LFHdKqaHbzUmGFHRBk82SvREbiBj,1129530,8aaca69cff28c6fda23cecadae42f7c8d62e2416
398xvezSikspdP6iGkWJd2zRLiXpURqPWS,1129530,51b1315d709f570a033cc06981ce3e5173ac6c47
3BMEXkcfgE6CghZiQebAy8fdoJ3z2EiViD,1129528,69f376626e50322402098637c974999076423014
12ToWjGBmcw5Yp43Fg7TofhoiSFwaRptYL,1129528,1009c47c5bd3ee73d469b6bf989fb3962102b975
177QKafnYGz7GzCYeEGaQBpSdwLz1rm1My,1129528,4306b7a28c6e5d6ebff6197cb90bb692de6e151f
19SstxRLP96VLrZBceP77za4q545hjDdZ2,1129527,5ca5e41707be01be7834491b6db4c46e13869896
3A5JUG6BaC9UXrXSndCNRDvChBvxHTcQHo,1129527,5bf7f854c187ecb2381927feb24769ccb7c0d32d
1PYQVpNfPMaCBX5bxu5RBn3TgR48DPitmR,1129525,f74346b74193a8c990bca758a686997b6b1467e1
14AXjXHQooAhkS3Qt8RoivedcjT4fxtXgr,1129525,22b5c696f1f378309fb4d84c098f7e831508b971
196hb5hnFvHqTH56VaHh6FqweW9YtKwJ2W,1129524,58d4f7871f8d6f086348c3f1e2fa302f9c384653
36MUz4jAwck9wXnSGETrickFZvDmt8TfA4,1129523,3326e6199c59996bd2aab33fdafdd62dd00a5eda
3Q5EH75toExtfSGXs114bCRpfk8uYsCwxB,1129523,f5863b3f3baa4511107cafb776b3ddc471f0f785
19WLaLsrpMbr54urjjqvHqR8mcsjecxk5c,1129520,5d4d68d156169ab5795df556081df0be91d2fe2f
1Jfew6tp7r5Nrx6UkArYkfkUcV9KFjm1Yv,1129520,c1c99c0ca001f60b3f2aec73de9eb3eafd2335f5
31mWqD57nLvdXneVWh2r6ukumGRiH5ZpWA,1129520,00d9cb883919ede075d098719ae74307d66ed4fc
1LF2GjrdzCGpmqSic4jyFMiB9P7uxxknXS,1129519,d311464e790e6b5e74db783602c12a5496ae4a6f
1MWCGMg4YDfU7Heq83Pj28LHrnxLpKzjst,1129517,e0e7fb5f27cea4c7775e3bfea62e68d0eae7a6f8
3A2pJbPr4nnvi93pRvhEjjaTQpax4t1GgF,1129517,5b7fa03205ea02896b71b2eedb146873895dc6b6
3GuWKh9jD55ds2umrgx5gGc8jVv1S6Nb4G,1129516,a6e695ae8deec8a367ad273c0f9e887369c1687c
3A9ccJSibN7JTpYo5A4Ngm6E4CLFBr2Rc9,1129515,5cc8c6773cc4d89af86bdf672a6e58b11c02e894
1JjE2ka6fKjrRqDtmaE3bQx8ZoVhqznnU4,1129514,c2767c5be2c7a830220579c3de2512c8088b076e
3G49A9n929C7r6i1cP5ecJQPiJ3DiLYssU,1129513,9d90890b9fa3cf3b8de8b6482401a27a8fb315aa
3DKxmLSTrq5rvKZozbUomMmW4U1AhcyK8u,1129513,7fa6232d6ea86cf8791be6021e906968dcc560d6
18up3CdSxEwAM9geAAxB1spDjHL9xsLKcz,1129512,56c5c69a6f18688ec6d383819d533fc62b650e4b
127vWgWchKKqeGVRAEm6oNBJGMWgKH9bk2,1129511,0c474a7910c5d9bb4bbc7dbc818e8465e3ff53e8
33QinXPEZ5vd67zMGncNxPzKEADqSyZ9bu,1129510,12db4a3590cb03446a1bb95e5522f9f18389f92f
39fAzNmVEMQcAjXpYvexU5Vh8qQ4uDF4yJ,1129510,5767be0903370b9831985cec2a36c4f31134f51f
168KjWW1L328xDoR1GnsoqX7yJoELjWnHs,1129509,383b2d97a0e02fb11f99b7bcc97f7baf6fa13984
147QviHU5LD1EQUgprRJ1oRDVNG1xAyt24,1129509,221ed878f499efc6ace32834d36f83a9dfa2b604
3R1Ws53243skN7xshW7R7iia1TwVut3ciL,1129508,ffca89cffd1d4b04a2afabe1454fb94be7161b8d
3C2TpeE4FtnuapNmyMrx1fhshRaA4uSd4V,1129508,715ec7a6b5fd359aade7375cea5e4f22b75c6f1e
175MxwcY3MM4p3YdyxovAnQQWCSTxEDavF,1129507,42a3eb3935fe624e168debbbfc15ea65df641411
1BLeeiiebhcRCQi49GoaDVpU7P3SDKw9Ha,1129505,7168970bf9b7477523983a8b78174b91296e6595
1F9isYLy4PjggnmprcqXwxdG7CfdXsUvWJ,1129505,9b380a882e993db42813e720df92050b66e918bc
1LNw2566j5MhyLSyXfG9gjNJARjYTucg6Y,1129504,d49037a93c0076e4f7dec2cceeda1b8718181132
3BMEXaRsH3RpUDasSEnWghMJuKJcSPUdWv,1129502,69f375bcc75ebd9ddb71f9b5d100ab0360dea1fe
12Q6utZq5HdJYQqw4r7kqFpPPs3XBRsnJF,1129502,0f56a0bdad79bb6180044d10e76d9aeb7528e565
12M1TvkeAcr76VUxNakH1DCb8yz4qLstVt,1129501,0ec0d522a32dc00f3da92c34486e7b061ab3fd2d
1KjQ8kk6iRc15rjVuhc4J2QSb2ex5M6ZE2,1129501,cd770ba858db1f61831ca94db95207500bfee139
1QApSPgF8kJcDxsC69RPp2TBzW9Wa1NJX4,1129500,fe263c59b3a55cc8f5dd96e779510941a1af3c3d
17wcbqWa17Jps8B5MJkzxG87qQX9u5qgTA,1129500,4c24ef3e6c95a20bbcbd30f8340c5bff1ee949c6
35CWp49Sis3hCkgb9tNf1XjmRPczymXgDC,1129500,267c8e09bf8775ed121380fde9b7061f17108243
114Spryr3BGHLk97DKSAYe2dq61B7AY3Ci,1129500,00a6ce40f2239d5f3e83311221bd313f2dd50131
3KJB1LToAw2Z9pgJd7EYw42VdHY4QSUxMC,1129500,c120475e7ea63ffa69ddae99d81e812c54a863a6
1A4pRhFf14LZgjKXn25bvf3HKaXeMoxocx,1129500,6371f80e5c93a6f045b737b3661e4d3ae7325865
3Q8o1rMdcUAhYLe4M2G3PH2toHieC5DvdJ,1129500,f632ce89de57dcdcd9315cfd597d5df101406e97
3JPkPs8YjPWdZv2BuBeGRAdbAhKu9naHVW,1129500,b7361aa4119a9d6d19253135293bcfd5e6bd9f70
1q2WERo2GZSL7kfYPAFJuCwpuZrx2wJZt,1129500,091538bd0e97f87986a4918720db58fedf650e85
bc1qfz8tfnj393udxdj6nhjydfvzqy9h5j33e5pakq,1129500,2063fe14d625eacb0d7d64c48ec8166118c0bf17a9b9315a4ea2
1FELPPdVyDuPzFye4vFhZArmAUU7zfZbqX,1129500,9c1759e355764c43fb7b0336d004ce3dcefb5dcf
3EYjnFQxCFmfWwKDKYaeGePmHaMR3w5X5Y,1129500,8d08d4fd57ede840b3333029ccabd2526d6ca8e4
3Qe9Et7nPjqrqAdbkRWnAjocySccJiBfAH,1129500,fbbfc09bfebb14d8807aa6a544e64f141d2fac51
1CEdsmBoKBz2q3gMjjgpntZU8LsFha2PKC,1129500,7b3d92afcbb8c2c917595cadafa4257f9821cf68
12M3rGRt4ruLPTh9cUH2e1K5Ue2dr2D8dz,1129500,0ec2d2d6d650b774f1a6bb2adb90dbf7c9f88df7
1MhnNc2tZCgYnx17Lo2fNJviRJ1SqTCCJb,1129500,e3190778e5b82f942b6029090fdc118a95d35f9f
3BMEXyScx369ruvQcYcGcPXCyTRxDDD32z,1129499,69f377330666a78455c94ddfc743d910ce4230b5
1MixPvVcC8UGSNQEveKfpiVhEPeFUiq7GN,1129498,e351cfcbc7ca18170d9f920c54e4d93457130491
16j7L2Kzs8PMjmrJSZiX4wVouxzh5LZ2sP,1129498,3ecf61b39487751649b3c2c00179a9dd085358ea
3D1kiuQ3ygJLCV3MhZmVViUb6cSXDNhThn,1129498,7c349916e45bfc6e47dba6b83477ebb79dc8c88b
32xnT2KTPG3pTJUagNMAkiMJ1Q8nc6r5J9,1129498,0df3888242c36fa6e68e4ef2c711e3adf8a213f5
1NWn3gTgTmpBGcTAB78phkFESmqmNQULUA,1129497,ebfc4e99ea02c491facbb0886336fd8e4298105b
1BugcxUo74ttECuJ4qpsJpRC1cf9wbHpo1,1129497,77a7f5fe4ae3dcfc16fcbd572b3d6b6526d736be
1JRdHqDvQCcCaCFsGGshEVRabwv9Q3AUCx,1129497,bf226a39617c5e8ca375d7015fe0cc52bf8d1873
3Fjx2x23hsbDVHUmfJbQQuMzbJ21Xm9Jfh,1129497,9a1fc313ac707c322e4cdc3785c106a6413f385a
16pFQECzAc6JrDaBqzX3YKuV4WzXLm9VPd,1129496,3fc83335947a68109ac722e160dc78ebe088a27a
37rrC8dvAdgcrhVkLgwWriLrtUJhxYgkbp,1129495,43acca858422f7c5dddc76633865e9b7e315bac0
18mVK4PMLgegnpqyZetDDgVKtmcnNuCbxh,1129494,5532d0e0da3eadc4f84d1406ff2c99e997529de7
1Mk7ZwvTaqzW7bKbU6BexwLokpFg2uCvUL,1129493,e389e27ff3baa9afa5fd901db6c17a4c56f8ee66
125ox7CHW91pVDrxZY8u8LAueJ8c1hwXxH,1129493,0be0fb4b21744f093e87a5657879ab668f314ac8
3ETCRD2w6BTHSojSfDm9sNHn6pErn6fbud,1129492,8bfc92650e88b90b5fefd84b201ad66f3ca70dcf
1MrAtPbVG1YbsYLru2XxzGuULPYd8QHqMW,1129492,e4af267651f2104ec3f49f6b2b563cb4cbad1e01
1Q4EKHTBHzUEjLmjTtMnUcd7XxeznU5r6L,1129492,fce741836020e5370ed255faeeb7470fbf91883d
14YRwtiydAmNSYJtMsAKh9XywQuwsV6a1f,1129492,26da18ac71b5f9429c4263587232f2716a6047f7
13LQaNhmDrAfb6fW3mXugjrCN7zRkTaXDG,1129492,199bd5a8e8c1e791d8d3324f91a55d18a0d65051
12HSBBNySMfzfcn95Qv11YMHz2R9to8gGm,1129492,0e13cbef556e2d07d6b6faa649b7a2b99845fc08
bc1qn8vpq33szmmgk52jhqjx54ephzqptnxkhgzegd,1129491,20640864b6b8b5ba1eb5aecbd54d8c77cb27dcda1ab8ae1118f3
19XS8c24BFdAMHQhTAm8B2Y6mMhpmvBZks,1129490,5d8276a8896317c35d9140cb38bb303977134924
39NYdtvGBf4JtVnBgFnSGv1VJ9eirNfig2,1129490,5442bdab13e82ce6e97de18d79396f02e68737a3
16Lphc7mP6qnU18wTu22sYdbEve1zgdZEE,1129490,3a9859a86d4203a9d05d92983553ee85ab62ca45
1MatyiMRSLYbxMJv1aQHQXRYZXKECwwEHs,1129489,e1cba19d36e30c2882e0c43024f3bf2a1e0391dc
12wG8S1MRLFrq2maJ9Z6u5cRWobBgQJ75A,1129489,153b374e807fe633d1c76105dfb11d4eac32f814
15SkhBLeB1mePtVVBsRnmQoHe9FrRdkexP,1129489,30bf600226b4e3f6a6d0ab60d680a6636800eed4
3DW9aH4Fhfk3rPwyz2V3Gg9yy2LieANL8P,1129489,819351f9674c34f5935d2b3575d813a39478bf5b
1Keh5rLku8cpcuFjenj9tpLBVv77s119iJ,1129488,cc931d65392c50f0ba9a70dceeeeeeb904925558
1KunVd4MG1AKCd5cDPxKeBFiitmYvroc9J,1129488,cf6ddec308427f63cd7da6526ebe23034a1a8d4a
1BtPZuJS5p5qix6KqhDsenQyuoB1W4izU4,1129488,77694f629bdc8fe129294d596ab49b6866278521
1K4zeT6bfg2sJ1AfNEFk6tPogYaQ6FjLf1,1129488,c633a1d7436819ddefb8d27ec3049c5a8f882905
38jTKnxLknt68y3HiySFtqVFZjE8ni6Xno,1129487,4d3eea7d33000eac73e3adfbeec6372c6f2d8430
1M8S5LCKMu1rNWSV46rhWE2RbAjLmnqdEQ,1129486,dcca5bd318401999fcd1d9fae58560d3165fe04b
1KGYNGk3XuJ6Lfs2aHrJ9LvYrujptjQHBU,1129485,c862afeae48c6890fdaf6713062a107231344e06
1NJSVFd6CRc7ui1FsiGnkAjxSLWJ2co5cu,1129484,e9a6fd06111fef56c4c8a38b557a9c609564722c
1JJ1UeSXp8Ku9FSs2bDzkJ38Dsxn9KBC6F,1129484,bdb19b8903ea277705df2bf89ea42acce8632ca7
19vduVRo5SFyVP5K3U6AEHopvGu39KxkFY,1129483,61e5dbe6bc4908320dc078c350c37e47f1e58111
19hSNL8eRob4PScn5ULmdFX9X61AoNZLdm,1129483,5f66d217f82d00435ec0d993c16652d254782765
bc1q7sh5t99hue3rctmsyz3hcn43davejeuqgdh5c9,1129483,2063c840bea09d4e6572814c13adf8e6c254133a2bbc2f04537d
3P5pQvzoem1RNXfzQ8TfubRVBELEEt9tUS,1129483,eaaa999d4afdcdb0134e9a6f92d92290d07bfcb0
379NekHtkaNtTVfUGN2RccT47ZbRHZprzy,1129483,3bd4bf1a283a0e554118da0aee4d120cfce161f2
3BMEXAmHNpRmJpdcfMXXAyByjDUUS5bTx7,1129483,69f3743becd618256a5716b390254bcfdab98c46
3BUmkLfyvcU89pqrS9Xbm6rNFw8JTuzhuu,1129482,6b606ecdd7d52193118c5d6d102b2b9389f85ca6
1HoHu89Wnnvy62S9uwWU9HWSob6rRbJYxo,1129480,b84340ca53b14772beb3bd7fa107cb55a673ca8d
15m7xPnxUsfRao6VFu7h4Wk4MfbcscRBw8,1129480,34389c7a1bd8b25891edea59b4634498791b4f5c
bc1q4nyqgkyzzuj3r4ddvfvra7h99h92dmzx8ppw95,1129480,2063c316796f2c4af8fbec285356c4e1e139a575bc0a9b27c72e
1CzkFPXqKqArgzatk7cT5NyeKwNWMdnZTy,1129479,839531f367613b614cae7bc8ccb27cdf1d632a23
17esnxYYGFpDgGS3WTUbnw2WRfXWHUZAzu,1129479,48fa8b6caad939fc758e622db2e2c12907210226
1LtCmkwKsSjTynYd366GQRo7MbUnAptyS2,1129479,da196e31d574f4f8f75f56c4de406f78bbe55591
3FtVqmgzb8EPkuh7nkjRddP2Jzn8Wgvcfo,1129478,9bbda41e6723b4afc485fa8901c0aaf9543dd024
37oiCKMo5gL8gZiZaWiz2noon7FeSBsHiy,1129478,4314de28e260eacb78419d88ba9146db4a693eae
36Uq4F8jgCGSzm35ftmN6gN3QJMEQ3Q2G2,1129478,348a90dcf9e07e804663d3fee89b62888383c000
3459CXCXqdVP4EYdd7YoaJ4fBkdPNK4q3x,1129478,1a1f79da7ecf31344c84cfab9066d2f9a65c3c15
3BMEXrXxt7byggdyoMsQKbAVKKCucbggK5,1129477,69f376c2afc020700371aa925c75641d676cfa30
34EsvGGndYnqWb6DLD2gS6bfLmLisG1fgZ,1129476,1bf6e15880415a5ecc164fa360d83a34c0066c5a
3MsE22YSZ6ZSvN88YrZc8H6nJGR6v6r6z5,1129475,dd50c574b005044f9950c33072138a2f11bce6c1
1GcRF7C3wdTd2755E5eRvmg7q67zoQr1Hz,1129475,ab3caec17bb8e836bc3a2c153626a3d00356bd60
3EdKWWjzkwH7mnQQJBF5PyB5G2Yiffw9cH,1129475,8de6a6b0ba7b17b21975e3ebc7e681a1e32d4115
155y5bwwfYr3q39EcELd6bu6pvkD7ZS5BG,1129475,2cd0facba0de364cf8c973be1afda74e0d7b63be
1EbTxMJ96FD6D58xvcky4UgcqZbcBTMhXX,1129474,951e47390852c511379df426b22fd632fd3edf9f
1GPhvMYvxpRKFcLUdhptPunvn99PmkKevf,1129473,a8d53235948ff9158c6e80297805642f03d40f64
1AqpjAtkwerEFEQ3y3n4XEjin6WKYTv1P3,1129473,6bf4f053cd9460abc3a293287ab072a870e13a1b
1AJg9vt5weyJRD4DgHtFe4guqWJX2UVhoH,1129472,6610e33181f0f1ee95cbf3d23c68cccdb12e156e
3L2jjDSKaGDk8exXrhgr3HuxD7mMed6YiB,1129471,c92d106d95bba1ca1e531b681f7635e4f911c4d4
15NBrtNzBviWDAFfK9KxCDEowPfFpgXSaw,1129471,2fe24dcb9f7832a8d72c339fbcb3188e2699f014
3QM2GHZVmaqSxQA5HrhDfPNS1kEJQkGcnL,1129471,f882dba18da1510dc9f81629973097174b5e1b12
32jpLoyT5XhJVEcPETJe8DdmuTSjHpgRak,1129470,0b7fb4b17380ee760813768f60bfef40c46fabb4
1Khgaz63Nh7bqNtXeJzwERi1sdGwAbgPAM,1129470,cd23f27f434e920083207d14904dc237ff77a4b6
1CJGCLKqwwmxMyXWHbVQdh1sdwd3gu8sys,1129468,7bed23b32fefcf3b3bb9ab275128205864ca4f56
14np1QtTfeQCh4B7s84HgBUMzgKZ7yi1vP,1129468,299255ce96b81d9e479a04273c85158d3d451bf4
13Kt9M2EQueahGvH8UKCDJJXrfH3NSQATx,1129468,19826e8027eaf105a69a9988bb0bba3a6f0bd73f
1GKNnVThUAv26GPi4quneNH7iRy3mukscJ,1129468,a8038f0750cb79344bee6203646f9f0128609615
3BMEXnkvJaVUyDNHrT62BWwT2GJEbvUAVc,1129465,69f3768544fdf5400b770febda343f23fc77cb79
3BMEXQG3ZBERdh9T9Pp5ELvYKjKoGf5161,1129465,69f375176691cececef4185e724ac321d14a8989
1FJZb3ZcMF7F8yaG4tvTtZzRbXJ8UYYWPD,1129463,9ce408d894b6a9d8c8b2b4f0c6ae2e6cc2d31c2d
177F1hNzhbHgPmyzrwNtkbf7g84kHTW6Y1,1129463,42fef27574ed48b417825fa28ecf664db3dbad0a
38jPuGachcWCPbhbB4iG7TjeoK71eUbUaD,1129462,4d3c0f09e368fd4f8779cf0c87378774cbe7ddd5
1Exs1H7w3xgTaDWXT4wrXfTunUfKhRaf9X,1129460,992a4146bc2dd934329a18344c97ace30c5b406d
1CW6LNcZz2tUskh1dPEQMPAXisckZKinqJ,1129460,7e29e62cd639478ae6d5b871713244c50fca1147
3Q6npvEQ7Jy3Ep78DNcWSFCPXBWBuseY2p,1129460,f5d1d14889cd21fb824cb00be5f06f1bd7894dbd
3Eb15B7LaahgV3KtNPvgsbodjZ1BCdu5dC,1129459,8d766dcb7cc74fb611ded0f52393e7959c177716
172m63cWVD1rQpZgSMLLH4tTGXkGmt9jR1,1129458,4225f8fdf1a7f5c548448d2cf64f83945e207564
12ivCBqF63fWsLuXXFZg2BYrL5wdTgNg2H,1129458,12e595594082a8713cce52d54a9939d268fffadc
3ERYRqP7jZt2YTRt4vSzAA6CnmDiR64gFx,1129458,8bac71b12ca1bf2a0b3fd59f25e3f7fad17319a4
1GNLWcM9MqEnoqA3yMFppPJjgfVUPcNqF7,1129457,a892e893d4f5e2b78d94a756672cf78f06593035
12GuAKn1ioFvkNkQDLZr282TQCJBX3n7iH,1129457,0df9e8250ad92c35bf2fb1eb096a73a380f9b229
1FDvp12zvG25PLA38qsZzoCNHDW5fs8Wiy,1129454,9c03abcf9d21bd9bfbaec9165220af26d6d4ecb8
14Fs5CoHC93Ljtj6AAiMHaU8NMTQN58jcN,1129454,23b7ffcc547e1af8738c58f83a268f28628c2254
15PjZjzHasXtJxmYVJHSqFKNVXYb7uDzv5,1129454,302d2f733d023e68df9380a9a97639dea696ed71
3L89hD6AM3TFzg69T3jv3inacEf7xTztLX,1129453,ca33263899cc687474b7b0292f67c35507fa702e
19RD63DdUzjd8jpY1WXQtkY5GdPuyThfHt,1129453,5c551436c8673b695d847d3df5fd2d109e115f35
31rX66sySfbEUZ4oTpfCjRn8bxgEMLiM8S,1129452,01cc16d62ac987515ca6e1b576fdc2d7b040f840
16onnTAdorsNfDauJaHMHk8FFq6xjPjEqV,1129450,3fb1fb3e4eda4209d0a825f55e7024c463515f62
15gpASx4iPuyt47woeJQjP3KQNGnptzkbJ,1129450,33681861a112aa5efc94480d5909e911ee25f4de
1DXPizozf327WfTvqJMzN5pTyob9V5QK2C,1129449,8960f51600bbecd831390dca01c3502eef67f5fd
3BMEX9L8ZXuR6JxeSFd6s8gZ7ZV8dYbBrm,1129449,69f374249c484de5487a8d3949b0d7a971a08500
1NpWh3EMy5MF9JUAsKcVZE9HAfnapy9DWA,1129449,ef56f9d41e52146bfcbde778f5561aad3e64fce4
154cSy6dJQ4weaRoBX8y8y1jsP4ehq4znH,1129448,2c8f575e0ba2b3ac768a0906c2d35f179df7494c
3CqbShEGoUaqdsgN4H3KqQmANpEoVkR8ic,1129448,7a48b1388010a878b77d7df111c5bfee86710ac1
1MGLbKL5qGdvUQeb9v6e5na3JYKLH4EQSf,1129447,de491c012a69e91953113182f2b4ae70a110c385
1HyqdTxBwHcdbeBfHda8UH8dohpHv8wDkB,1129445,ba41e64bf1b060e0e9ff122cadbe31e74beae46e
36qbwPt4b9VH1HTRJ9JoT7JhRQXqLdbLtE,1129443,387859c3871bca98fdaeea1ba4c59459fd2f174e
1HL17TU8ciHWMDyRohwhEAQ7UchLZhWwiA,1129443,b31a023c8edf3f67180bf68755c2093581b0a249
1Lr9nSEnG5g3LewwTo5m4KbRibRHgdRfkL,1129442,d9b61a9feca2e5fda9dc37ec12e16652d8a378eb
3CwKeoyTTExqx2s9tTQnwEuuoHYxWedKtd,1129442,7b5e019c79e423a212bdac52f04d8cd171d1b385
1BM5RuLa7s9vg2AMtZDev2dA19iiWwFQRg,1129441,717d464645353dd90a6778f6a1b87ef1dd1496af
1DhJuQxyeNiSLMkMK42qwJY8i3KeEnqswh,1129440,8b4117d63ccb7ecb92ddcec2ddc7f6d78b3c1dbf
1BdmgsuVPDrsMTA2H1y3AyVPivtyTCFVXS,1129438,74a58926b855ec9bae4c2d6b37dde12c43ce1d59
1LnANMYBeNsdfR1GEhkL9K8QGchvUg2yxe,1129437,d8f4eda70c59774ed31a1fd3ca0da46da7479081
1DKUTGieYrhDQBxwM1vyn6pLNhbwABod7U,1129437,871fe9cd06bc9065efbcc4e5ca782fa6cce7bae3
1NM3kjvPAQp237GWNqtyKPdQ9jNBiiMciW,1129436,ea25427de9a9b2c189f87132e4a86d804c8937b4
1MFPetxwQvHzYt5he2rkqHuogia4DtFzcR,1129436,de1b3fcd6fc77702e887aca33b7a7eb59a27af74
3Ngkrgc1SBvpUfR6AVU1i4n1DheZeeA6am,1129436,e64e108546cb5839f7aeda3c93cee57b7e3484ce
3N5aJgyfS7vtKvUG7NZQuEfBETg2xvgVt5,1129436,dfa6b2a4d9dbf607860a01de2a874a84d1ae3263
36iP7GQahvuXJQ19XhUCJcMfgW2MSWsPQo,1129436,371abaa7cd109d98fff2190c5500fa09f6cb4864
1G3euHb4PrKHRoTD8P13RvX6qqD7gixr9C,1129436,a50a5b7460f32c2ae1b3a86f8436dc3fcd78f46a
1GBDfNMQauQT2DRLfqRLz4p4s4Rtmj8bUi,1129435,a6789d9d20b29be62f8aa2e4a28e859d89bc537f
1Ft663e1tbwyZbScw7gk68PEBLh9vMHZQu,1129435,a33b38afab414ca4d067649b71f2b8667d5faa65
bc1q2af627mejem8dsuzt45g7ugu98pw5u36zhmv5p,1129435,2063bf6105042646c9059157f36d215d88df5f9e035cb4c0dd41
1ABsiVFrH8huWh6HH5fAEsfa9tMYN3dq1J,1129434,64c7a06d62a23aa25b5da76e240acb48b3dac74e
1JdSEDHxiftSyBmwj5vAPEFPiZ1zZVRx6n,1129433,c15e2c0b658ee67087ceb44912a07ec22897016d
1877egxtgAczaKUexAYPXUzXrD2UxSjydY,1129433,4df0ed5f94fddb24cbdf3e05ebae3489bb3c9d5d
3C6GYBC3JBFrkza6AqwkDoeQSGexAhDkGL,1129433,7217063fc502140b0b7bea3a29335c33f92c65a4
12kzu58QXHdbU6PtJL3CuJBFQzXM59Tk2W,1129432,134a57bff02fd5c7ed2ec06170cb3d2c04a47656
1M3ruY5451sVqfVTNcCQF19wXj9DecgrBj,1129432,dbed01c11a6c6b3c6b897a0829df5d438dd02603
16pNZogNSzrAGmzVfZJYRpRk3kJKUFXCsG,1129432,3fce2e61c5a5b35e153d8a92145d0b71fe56d68b
1EsgK1k2FjVRhKoRyFMDsqvUr1EsrhCCNZ,1129431,982f3f828fcb73897f734b1223010ab147943f0a
1GCa6vAbAuVSjo9EWsqwiwmxn7VEYzedQo,1129430,a6ba183164616a7f296825cec74298f71fb7815a
1GCmNbPmhzfqYgayv7EydUGNUrxqkA9RrE,1129430,a6c380a147f50e3ec99a78ce0b70a2ceeb52be0d
17xHenPjJyVJQ28mpsioVDSG4cj87vV2k5,1129430,4c45885297010ff7d18e2ce24851681128cfb815
33E7F7vwaesgWqFAiTHH46ivrL4pq3YzNe,1129430,10d976353b15a171d3727a6f69299ea00c88c953
13pQTQbrEg3uLDPiaRmPAHUDHYueiDmDnf,1129430,1ee7619a7455cc8855775c6cba412b4f6dfa7bac
1HvZdhALzb1eZS7GBYhQTmRDD9o5TnWX4X,1129430,b9a34c822efd02c5b145dc8fa7c2cce36d348700
1G5QD984Xo5sFXSkSjLuiTw7nfRSE44g4K,1129430,a55eecbd2094d57ffd62a8f23e45c4218ae1e899
141F4P3KRFGJgvaKJC9tkdFzeMBiJYoqYy,1129429,20f41cd3f1ff1ac704f021e2eadd012ec951e229
18bsjcv1XELg57PGHUQLvaoMyTTzne98sC,1129428,53615fddbb95de9d6fc69f628e00f9910fc0dd09
13VjCr9qRJEvHEZW6p9tXBJwJn5pW5CZr1,1129428,1b5f20fbfe01b8d72659ce8f3d64fa95fa10d375
13aNGmc1asvTMcYvbooybbuszMmGAypnm6,1129428,1c3fbc3499c3d48db1fb5c6c36058da2c50def51
32qSKzvAwDB6TAoKvY9tjjRYx6u3sWRtk9,1129427,0c8fd343add00fcd3673eeff3446f0d48c5e5ac2
1AsEzzyWmWzx9iaoVUzxSsw1NQJmvLiyXq,1129427,6c399de33bef42ccc3f3cdeaf2be78499fd43a8b
1H6N8vvhpDz6g8LVm52wRxsHjp99AmxFND,1129427,b085bc845c3d6b14c955cf10803ab884eaebab66
3DspgH4YZqjxhmjwngY4ecTHRvrTKhdo5U,1129425,85acb283ebb0a9d2d700f07e7ca3cbcbe76a3702
36GAene7cjEjy95avyHzyAsJTt7TTpMx4R,1129425,32258413ea5ba0306304b4d75fe9351fde8623f2
1HnLZb86RpiaBdtuG1498vLHswzHZtvhjr,1129425,b8150f6c41a62544178ce28282ef4999b0a4740f
1H25jasvL9Gqr46p8AeXa4iSXn4qv8Ka2J,1129425,afb661633e973d8415e8407bad48573a7012792a
35vWkm1qjJ9kFwvFLZSWLkswzVmnJhFGqz,1129425,2e6dfa5150b762a0ad48d16d332d551af37d8d01
191cRU8QMwHgpeZQRro3H98eDdpUCwvHo3,1129424,57de932fc32dcf1ed47df8e072f32cfba0e200eb
1Hj4emeN3G8eYRheE3dFCvcsjHtZginvW4,1129420,b77687e2e1c9487ac332183eb97ccd5806d5be83
3ACsiYSsAZkpdsuu7b8hotif9DwLfE9cSe,1129420,5d66a26425f2a2dc670941db7ed95658bcbbcfd8
1Er3DiEa5XxpU1qNUDf5G3XX3MRBeayRWV,1129418,97dfdea975638f5807992febe15f98b7cfbfaf22
3CpaFrsbS35cXgYBRECSQ1k7Wp8Q9T6AT6,1129417,7a17491ebf93cdb5387e1ae624a524dfb56203e7
1EwNqbTGuw96LkdtHb3cjSnnrpER3mT88Q,1129416,98e25390aeace776d52705357c89c022591c2563
33E2dRq1oGFJN8n2rCvAoDRKQKfwU3uAEy,1129416,10d59be99e93845cbc307dd42d8d92311af4fc86
1J14Z9yJMLLsBEnBfkG3DQMswKvLT7HvGC,1129416,ba7d1afa33237d9ba4bc63424cb8023c9b80f069
15EpyxDXk5BPzUFD6pVoyKB643PCsxjueU,1129416,2e7df6c498eb376f7e702dbf576f3ecc149e0a3f
1FxHJEc8Yctfmuz9wjS9YHCPHbNHUFqBUh,1129416,a4063e3837819077e6619b6aa743f53b8e7bc9ae
1HRQRqDqZE41Y415bvQeWn8jpCt6fzjWe5,1129416,b41f8d6cac00956e811eade319d1857a1536b1cb
12efbwkuc1pKXq2nFUB27xvwwAejgKUY3V,1129415,1217bd77434a16a816a18027f2c3e03bf8b4490d
39SuC9zuBjKL2RHeonGXpsFDBVBKdnu6wp,1129415,5515906f29b204dfcb27e845653cfa09baa98554
16M3TyTqemRdwk3zcinZmhcqugS87Fhas5,1129415,3aa30181925da7e921e2352ad4224d57ecdaf5d6
12keCWyeqfxwYFVRFaUh97sV4PvoaVLBwY,1129414,1339105e5fd9faa154ba886ebd79a1a03c1f22b2
3LTH6ECK8r3YZCAWncNkD1tBrvQFEPPbj4,1129413,cdd13a2878f26d4eea012e4d2b0231643186a4f2
1L1BVFUMLTWtvS99MCVroCn9KqvnK53re6,1129413,d07324e065c18f41d939b6f3ee8d2852d3f6a4cd
bc1qrth6x99afm3zj5ykzvvr3qx85f2pjwpav34qn7,1129412,2064105d11188d2750722b4ed2350238f3c6a5525c166fb88b3f
3569KRA5BQdSuACVzxJbxqUZimMbhjyW76,1129412,25481df299ee4bc7bad31f79878cc02219d88925
15gFA4z2hGfnrwsnZ26XYGPvkEkN9fiRvf,1129412,334c8af361641854b87d751a2a1998dabbfa554e
1PoGxTTBvPujsxhyhUwQjca9FJw8YcExpm,1129412,fa1338936bca9b74074d9155697e134de3da437d
1Bv4g3cGhUs7wXMC5Rh4h1MCqvfGp6h1wF,1129411,77ba5ebab5723f33594a7f52ff25b1fa7f7531f6
3LcTFAnwQJCeHfX4wz3bJAJNVWVn9jscVN,1129410,cf8d72755371f812ea99a01762ad5b042c472b41
1GLM3NxVEVqsknQLgGj86NKjJEJMdfbq4v,1129410,a83284f8e939bf717fd7aa0c2b52f36806975376
14prUgw2mLEUAYUNdqUtuKnQsE8NhjZnkY,1129410,29f53aacc213951b79832f9cf9c61d581839f970
37U9J8uAdT2Q18r4AuSPEBpixDPB2GPAjK,1129410,3f6180541dafd491c76ec1315ff2485da0a941a6
185Bd97RfjDV1dApHYkRYrVUFiA5Bj5b7U,1129410,4d93697c34f44a25c891bcb666837b56036c673d
33vyKLrbfhBLLmFhozVD8kAG2nbTGHnYTU,1129408,1893e61e0fec6fae45dec18d4ac474e09bcc8d93
1L6WKkbeAs3Zu7irxe1YCrRsrjcfmgeuhG,1129408,d174f2937a97be2f818ec5f94afbd3451bc49e45
1KW3uRubntjWg3ZRep3miZpgUBKB8GnuVq,1129408,caf0c048170fe59e1e4f854cc56c2795bf8570a1
1LqSZAoFoNpg4dmv4HUAxC1HVa9HqF4REd,1129405,d993b02060469bfd65343da4b00df8576885e695
3KNHUqXZYXAuHzE9ZMVt8YRAMFe3ho1zoh,1129404,c1e758d4251969c5712f1148f52f13b9d3f277b8
1LEoGT2dkbT4DDuFEg8ET4qE5Aa7hXHi9a,1129403,d3066b29be5d744971054d16b64ac02174c1ae31
1AT6MKM52Y2aLbFxVQwMVZazzvKYaF5Ljc,1129403,67a869cac6a8b7ad1a48cd2965e80156e0daf755
15vf4FoC4xswTSzt2fwKdnkm8JU4q6J6Ms,1129403,360651174449a4691e75a1d107b2165ff67a02f2
127jBDTrwA5dE438kqoEjYPuVGULqoaNnC,1129402,0c3dd4125f8aa560d380d37ca5b70a3519e55853
1D2cXyUAUnCxtqD8TyjZWqfSLLfGrqBAN3,1129402,83ef967229154a7fe35d371514d471ae747ccc2f
34hBWBia36XkJ62Mqh1XhgDsqTzfs5tqqt,1129402,20f05fd5fdd2f79371c92c76cae993564ca0ad8e
3FxrofW76FaHDs7mkRu3rr39hPvpXvPYCh,1129401,9c90cdf5e0f4163a332ae01d31fc3de00f40c548
1LQ7FenJzmegHG7auCnxtfDRWKssftLiek,1129400,d4c92d2a76c6b1157caca2048e1fcc98db10ec18
12bdYiuekQyku2ksUmTBV3qtRZuZCbahgu,1129400,1184c6bdd5e64623e76a9bf543f73f7ad5de1914
1EiF6GzKpomY3SjWTtUoxcqhy8RRxxav6,1129400,0297d5db9a5a8f48585a85199f20cc2b48b3696b
1GB4wRURt2DT9Fms1sYRAsVFHg43QjVRFz,1129400,a671557b1b4a5dc5a503808b7b61d0a495e32933
1vUr8UfnXeUebB9Afz2EZrDFEdBjgSM4Z,1129400,0a1d4aa12b43e5f5acecba3827067f013ace5bfe
1LmkwvRunXJ474Gs3eFro2uuT7grZ78Lv7,1129400,d8e160936d0a9f1b7c1b69d0b233e4f45b3d6886
3QeXGEHVL1YapzchT3gfNERj1pT3qxjFWL,1129400,fbd222ee88dd258efe2aca037a9f546d3002cadc
3BPrD4UQKkY5ncVwR4RoB8QmpDFNx2gRF6,1129400,6a72139dbdbe024ae2d128e20e786324d590f4f8
16i1Jk3bPijdiuvf7kHAkg8r2CV1zvAX2H,1129400,3e99f04ee79c40607a1fcca73f2dab647d24173f
1HbN2GZJDNNgqQay3skJxNBJUXK2JBGeE7,1129398,b601b412c1a0256ade891efd26dbc2fc3857ff66
1EiVF5ZfuNtWfGd7G4ZbPWF7NEq3MZmyEe,1129398,967243f5e94734295074acca8b2d14f25b2c35b3
1K3oLm9PA3LnUj4CR4c7KgYpy8TrD9K7k1,1129396,c5f9c780adcc0e99927c662a87a292530e89a5a5
1Av8FCpcpioh58h2mXdWN8ESnJ116tAv7W,1129395,6cc539cb7c0d5b1f18fb13e838b234ab58b4bc34
19k2VtBvQ1kUKvBw9WRCWLZp75WWBo3DHp,1129394,5fe424a07c45bef1e4fe2b9daed62e7db1711b8b
1G5w7NGFuQrCzjaB5VFVqCRyoGq9775YHf,1129392,a578b81b2786fff82d2ac514b27a3eb41128d73d
1DmFXjg8sQqxMNVdPNSmnLE5BHy4Lhdu8G,1129392,8bfff0d17a813c07463c9a849467b08386dad342
1PPp41xECzw9dMbb3oekGM33A6yFwE1sGZ,1129391,f5a332085cc451c9b7adba8be6cbba6ec7e4748e
16gdgHHXcpudqWnx6G7y9ncDTtQFhSkNHZ,1129391,3e5777d2b86d3ff2316a6ee706f1454bee552f72
1Hs8e5TdSKLJTar9rifjmcrpQ5TdDKwC3P,1129390,b8fd3003f12c8c4aaa535accb18721f413d9779f
3DRQbNY2s3KXykdYaRsDhdKSf2WrnBoFzu,1129390,80adc70bd4b5e77637e1cdc3150583d861573c1d
1P988dv5KV5pntdnGFR8ysRX9qarhh3vaf,1129389,f2dc0c53903f76708c553481c6c6cf86aece662c
17jcn3QKjxfeGSBEDi2oGX8ZRhB1ucYnv7,1129385,49e01702595be626c455df8d0c84ccedb1f5ef98
1Nj1iCgfmwm22HF87Gpgn2By1CkjqC3fjp,1129385,ee4cb4707ae389423496401ee53453ee62f40f97
1DEcX3GfM2t4mgVt34aCHvYWv4PpdginFd,1129385,863490d66d8b56ab41e52434808cbe107da7dca6
39BZiHoktZDaNFr9L9qY37R6FH73FUYMsq,1129385,522f1035ac212680db632b664a73960dfe357d87
1Bar5zbG9SuTEd6oEpbDpvxLjfXdHcYsTD,1129384,7417f5a6db5e7e59d4e99f79cfcaa704a8465545
3Mf6DWhHsHJqKTGg2G4HLMvm77Xv2tFPQa,1129382,db05445aae1e5530bb406c0a36430d16ef7c6d74
12UVLxFeCmzbcQeDB9rACwLwnZ22QyWS4d,1129382,102b046356ee045a9bb0c48536b2890fe759c261
3FbmULaPN7WKh66vwp8xMCkVA7Kxp2GgC7,1129382,98939e0d895eea7786c39ef00cee977af93c8923
1MV76YLmZcmmv3U782LCUy8XpQ5ScQVCZc,1129382,e0b3403a7b7e6512c230499031176a4e59cdc114
3L4jDu3PtJizB7mYDrVfbsDuuzkjsR9wkr,1129381,c98d7962074aeb72afa46a29b8a0b10628cf43e9
14sLhYvzpbGsog29cLDeFUbKDnigS42o8V,1129380,2a6d9e94fa35127abffe7b82210290099d9ebff7
1CKPu9fzgVKUzGT23gnDB8iFNgCCQYrhgn,1129380,7c23fc7548814a922e270406145bd07d692afc76
3CCpqU1TwJCtq7HgHkgQCRPfTj7FrH8sEv,1129380,73547b3525aa2830deb782dfa782caf12432c8cd
13jgSMcP1AcmY5WPvFsF27919ojjscSp1z,1129380,1e02a477671016e4d163ec40a5b5140dea5a8df5
1NeadXspfKqpBWfbwjePYrehnrtxpQFsAh,1129380,ed761ad72a83e4f68b2d05b58e6a6912ec28de3e
1EJ6McWriGnxpsppGuL8R2KyHHemvp71xc,1129379,91d52d4f32800c490545d7c4740dd11233207a63
1BBdAG7W2p8Q17Yqv4Hb6qgKuYfCXBLw7A,1129378,6fb39a1e395e38bc80aec9a4231ed13d835fea34
19Jkd6y5vtYvWAtQqfG1t7yZYJjSbeEHfn,1129378,5b1c7de7deb53a9c82fad34133665b80b77bdc2b
37LeF24SuSFcXgwaaqVqZnNysHqiyvX5Ew,1129377,3df65631af97b6d8ffdf757492c6825f4dac482c
1ENd2h8WJRbDzgp6qUse7vnGtakSe6Eb53,1129376,92b0722e99ea514d1d68df9648ff4306a8ac8af3
bc1q87yk6rt3yesdaq8zw835mqr7d86qa2anmtsyft,1129376,2063c8aa746a0c7deed056674859f2b5cbd5c8545a97fbec7ee4
1NudHU31hcPoM8zimCpGo7JXLhzxot3dj8,1129376,f04e8f4b7c487f5744a24b7bc8905e1540b6603e
39Rq4QkC8MaAxrRgEpTHRqJa8Cr5aDB7a6,1129376,54e1b29df5e3fd4d8a158d8ca4682c7788d2954f
1HmUhrzGpe9nwrSf5na9QYN6yCa8f1prYq,1129376,b7eb71011fb3f1c358f75e8b69d76f4d57cd4e36
1C4QohP9nz3cWuwGFsqsdj6kwQ86y2gbSU,1129375,794e80c543a68d1f336481eb9e2e2fce99ae11da
1KJR1TxYqrJARw4eea7WxmnkbSp2ZekGHu,1129375,c8bd6057bf405789b39039e1d358ca177225f4d4
17tFxSwHcBhrWnczf67xSJ4om7wBuFYmnu,1129375,4b827410d90ec048428ae961eef6d5d1082c61e9
17fxYAMd4XBCZs4KeFMYMBfgFqM5yeCL7i,1129374,492eebe26e92c30d8d11408cfc21e98d6c6ac93f
12P8RysCHRsdPn1qgqGmuz3L3J4qUywjn7,1129374,0f277ad2a70a556c398d8fc04f40e60153b1d4d6
1BFDg9jMfygtbRkVNsrwWtfCyM7mtHquu6,1129373,7061a97026228f570bf7e76bd2ac6f06712fefa1
33Sr5A63ziKswF3GsdbLU8NBb48Rg1ECRS,1129372,13423459c9a22eff3b982bbd577303b7e3e99d63
1LJPXMdofBg3viv82kisP7YHRu8LkA62H7,1129372,d3b4434774734df09c6237ad025407128b128d0b
1MAJLC9FMCzpMuea4vhkpsE7U5n2TJVjJj,1129372,dd24b9f7c7be434ce2897c353e5ac2a3aeb4d85f
1LvFLBvQU35KMbAYotGTsADJhLEytqrgBD,1129370,da7c660d7afda5d69586ecda71a8439b12e144bc
1PKYbNwtk7UVN56LaKUtmWQG3rkrtidCyU,1129369,f4d4a078836e68a80002af0dd0e4f3ed8a5d1ad1
3Ay6eqpAGQqYNECy2AWJde5jWpLvqYb3By,1129369,65c3bc398912a4fec65e2c7020abb739be6adcd7
397UggwDUuaRUk5iN38x2gBBuuwY3G3Dj4,1129368,516933dffc113ad8623c8e807d8d95ae8bd6dc55
1C3sFKnCy67awijywwfCovpgfDZdG52s4y,1129367,793428db519129cca2fdd240c4930cf0dde80ebb
35Td2i2gpoaGKvynCrE8RVVy8u59ieFXoy,1129367,2957fc23b741b1df604a69b07425821897265841
1683rRED92cbAtcFogbbVan5oPhnsk8iAo,1129365,382debe14155869078d130b7fbab564b3123e432
bc1qsxg7w9fcexfpxfq6j6k377dk66xvcwssj8chmz,1129365,20641227acbde6df93eb337ee5fd128949ef40ede600a6881122
3E9Hw36JSATxANhofJtuFDAMZwZpZkCqJM,1129365,8899b008f0ef19e59e8743bb58e62a48c97c91b0
15N4jsv727nmwz8nUjMk2Jy2bDJ7dVov16,1129362,2fdc5c16ab22fa47bd6e09c75fa3b973297c1d55
12RJ1yYuiEVo8VsRM5ZCF1UMt4vDX1braN,1129361,0f905054315637c8e8e16b4d093db20a8b1a5d95
1MpEB6cjkG8zmmEDbep6wDJXCKSeg5hE8f,1129361,e451102414cf9eecbf44bcb93b8c35dc9a616433
14seMZPj1XseTLzmu8i7g4Wpd4V2p37PR7,1129360,2a7c5b7ca72d3bf03cadaadddd355854e869d717
32WLhBdA2VNKNUGppEneMnT3TbspQRGkGi,1129360,08f337e43d8f92afd9185e45d14230ad8e453e84
1JdRrz8NB4NFazKid5sb6z57icTePEQJHu,1129360,c15dddd5b297694855eab060c9eef1b0f5d63f74
3JZtRcNgSSWeAr1BEEiijjabKNPAbzjfPz,1129360,b920f784d57a0dad62bce5c77d3797c3e22a7e28
3Au45RAZVKi91cFJrEtFJm9Jfyuq7eo3G1,1129360,64ffebbb30259742639da8621c3da4f2d1054ce2
1MoMxD9FGHAE76LxyDxcUeJYDYxWNoUXg5,1129359,e42723c179715aaa243271d9978a4c3657e1f211
13PDEN7zzWx9bZc8ukJEyTYfeHad7EDuD4,1129359,1a239cb6cdcabd3e3a0c97296e5299f449126d8a
1MEDTYb2zeXcujnfzDL112ipXkfm3wMv6s,1129358,dde252833075ad8709bc1fcb084ac4e4c4d624c6
1PFtngDVrcA9Cum4GDaC1Xc6FEzSRstYyX,1129357,f423d21cd38d0f95386018f56c89f9ab020d85f6
13FkF1C8USu93Bb6iD1YsZMQWZYcgkHt3c,1129357,18ba2bd186f216c2eaa6dbc82f5f20fd1d871284
1DcM2MXzSerQDYy8HfLvCCQYY42XuHhimN,1129357,8a50c860037246f57e9afe845a6c0dc7cfd355b3
1AjFTg1N6CNRLrQ1CYRrtsPcRuoNvw9NHY,1129356,6ab6ac45e765d4a81a756686e24c552c98da9544
1FYqCNVyJDGJjdTaxvi8a8epyzXhQsqsLf,1129355,9f96e34847ecc378c9b27e939e92315e2b104182
1HqyXcUqReUoNsBF5Z3S6CwtuqPpeG7hyi,1129355,b8c52a6d215893b4a6ca876ab1d41fb1d33ac597
1L4rXYJFW49xDHk4iQp8yKHgtW4iFNTJci,1129354,d124faff17e072e83602d4f68447e473f03628cb
197KW6iAh14c3ks8GoMt2SmywmqdiG6gtb,1129354,58f2f24c8517d68fb4bc398e688a6c11923f5be4
18cwLH5ufBP56DNH6ax9B2tKvfP7oHwEop,1129353,5394cb247ceed0e4fc357040a279fcd08d9167b8
1JJGKDZz3PeCukE7X19iH7CToqXg9phiS2,1129352,bdbdfe440a99f31f9927be64fd6fd3c0a48bb346
1KVsFEdBTzNiXU9gpqotN3XWUvXGeBf659,1129352,cae7da934d85a6fea53ceb33cf1b6c3d2cbb6e84
3BMEXYCwuqgmMFT7qq8jP1KwvT1yJT52zX,1129350,69f37598a1a2539361bf4eed2f79b050c6937fa2
3AN5M5YhgzTGb1T1MKu8N8zvWEXLknXyxG,1129350,5f24160fb8f3c060323895f148175cee24a37cfd
3BMEXJ5anMYEC2jBB7xWHUS6sjomzJjmmS,1129350,69f374b2e49bd94b97de81adee435e5f87cd6bc5
378idK4VTNCpzgg2BM3QrVo5Fbf5PFyMHy,1129349,3bb5014a1acb3624e0d499c816e568de155ffde2
35m5eVBmJZ4nmA4C3xxo8hKVs5f9xokkH4,1129348,2ca54660e50cc8629e262c044c5730ed40d8e7f1
3HjSUj2k51FCQ7Q8zf6JdJqZN2AtzfciU4,1129347,aff75781f281f6c760af2fa3129b8fae66c95f80
bc1qja9qxpqav5x7gjt44ea8gkfpgva26ems55er8a,1129347,20640417ef47ecdd0d2017faa2c4ac4b6e9fdbf79e88f0e95b68
15VLPAnBx9gtN2DqomqagRM9LVVUgVfK3g,1129347,313c545bc7a6da1a3da9c535b8235fcd6c740410
1CbudZ26snCcD7scjBVG39wZpam23SDL4u,1129346,7f4375b5ef9d18391d7e9ced78eadbebf560b980
1GJYszEBrwzft8uD936nBQr7CHSARAd2hV,1129345,a7db91c5bcd5b2a76d3dbfb12ca0b40e5aa8582c
1GksMw6MFHfkKu2p6P5vSYNMmXboQXei6b,1129344,acd5cff1b5d4dfb3eba6b4bc729c15b9244ac084
1HmdJ5QVP512Uu86oQrJntxseDaRu3EPHk,1129343,b7f29ca616a271cb57737eddbbc18f3ffef54696
1KZJFqGPAw7zHSiqCo5GwJ33dQ5z7ewveB,1129342,cb8dfaaf83ee1df409f9e6c538a3b81d8a157d0a
3BitMEXLeJTESEGNEQAk4RcYeSHTo7oj3a,1129342,6e0bc45d4cd401d3532cfaadb922d725821e1c6f
1Gvy3pnhC4aVf5xi9XKp3GWjxyFrkrPPjB,1129342,aebeb846264e851b01890ab661ae6cc4513498f7
13hhnM5ehqKg1Hdk32VS3DP441Ur1nr691,1129342,1da2eed8eb51db85281f1c01687e2e1bd65f70a5
13qdCTR3ZFJkwyoTmg9yL3JyysEsCQU1f7,1129341,1f226f1378a5af3409e4819911ed4c627f0e1c0b
137z8QQrUyd45GNZZRJP8L1TBiVDE1GHoz,1129341,17426f62978912f9dff283f1010418534d112bb1
18qMe5AtvZVuqhh79wAnhQooVqBbuNJXpg,1129340,55ee134b16508c6a60fab2f9add55f2947caa5b5
3BMEXWMD4LAsHHVuANemom6fTRwfBtG6Jr,1129340,69f3757a6c435dfcd5db4d9e2ef5d81b9760de13
14UzfXyMy5S3sDqispxE92NMTwhDVfsawZ,1129339,2633be7e9aafdfc3370cd99e87007ac0eff6708c
3MibuoJs9Z52VRupaYB3YiiS6rn6XMf7By,1129336,dbaf4d7d42e7b0eeb55ffa5c66fc697d4c52d8ec
1Ebo2Tf4rx2h8QNWMGAtC6DEcpsRWgcx2p,1129335,952e32a09bb779f69508e673176ed4bd24022ba6
1KEqDLKSZv4g58EvzHSiEiEhQRVzk2y5ze,1129334,c80feae0fe13ed0209694b23c393d846c39699c6
13djfgJktVwmyURHrCkkpo9tcGUCoj4TQ7,1129334,1ce2d7ba8e319cf3eb02403f9eb9c7e161e44ffb
bc1q7pw3xy5d7dfvptkasuymwm32pwy6f4frj2xpyu,1129334,2063c82c54603029c53c5d34e8813b6dda0ac4481fde66dfc2d0
3NjdVUgfYCULGD4Mk8S4X1NSUgax9qFVfB,1129333,e6d929f65df3d96537b7be2c2e85ecc2811f5953
1E1mkmt74nUcyv4CYP52DMdaobg5A7pTWa,1129331,8ebefe9abe9759d79b7b3af9c0484453aaa77e68
3K2QMdAPyXvDakfFALbVGviTZLoxevAzPE,1129331,be24c469fa37f5c5938f0895f0102e3d359d8205
3BAE7f6nGCRwsCCT5WPF2zshUy1fPEgqtB,1129330,67de8a424b7e18e0566c48944ee520c09b5742be
1QJZvZQoFsZ9f1UQj44MZRzr15cSbXLGJh,1129329,ff9d728d6eb812de93175f567683e37b6e62007f
3LT7bJyswEek8Ua7iRJSJ8eTiBTtNQtcGs,1129329,cdc94c54ab412a3d9c9bc8b831d5629f45ef0852
36a68cfCCusTHf11jbFReE9KrvTYiEBUPm,1129328,35893adeba56b00e35340181480879c60898dbed
1BniK6NRyhMMbwCBzuqut6mnqaZ9dEYK1g,1129327,7656762ac26734610500a4d56f5c7bd489e37b09
1LCEkCQxgNQba8z4JRcUmWzm3FD3EhPyT3,1129327,d28a70643a18241f3bbe4c1aebf66adbe58c85e0
1DvC8vuKutKQpD4WHAoy8ASWfwGfPTZMgb,1129326,8db0da122e549d6ba0a39923044835df4a4f080a
1GxCtDe8FRGkujUmkxoxHhX1CjaTmJM22Z,1129325,aefaaf23d580c3e42aa2a8e36bea4a9c61f7be3a
3C5sipPfyLdXrT6QmeqVKfAHw5GnKYzFFK,1129325,7203fa66e13cfc98246ca25b299d78d57a215b39
13sJ6fqvtLz4SBmhGZ5QMaSZsuY8Nt1jNU,1129324,1f735277f830d484f548c4e8295f3fe87348ce03
1KqpuW92DJYuRpwdttppCR6cGw3je56vR2,1129321,ceae383344956058269c66130b92aefc3259abc6
3Nbv91Jp6iwNCyiX2AW6b3MFrFXrp9FscH,1129320,e563bb82dd51c38d773bcb6851a59dfa68e9bcec
31wVEQWVAGvzwdGbokyeSffouYfBk81Cuf,1129320,02bc9e779492e4708ee9850e0d8df8aa1f7861b3
19DGp7PuzvUQ8SSb1CXoWvuZEdkSQbhL7M,1129320,5a13327c57b2d90337da6bb3e4f2053126582e2b
13BtSAP4GjsZzw8hGcQTDrENChPREKyMNt,1129320,17ff58920e4ccc8e6f1c6d046da4d9579fdff2dd
1B2EDYUzHu2J5Z5UxqAWUSJMwmAvGqADbV,1129319,6decb4c7cef0c19f6223554efea795a4cd087fcc
1ARop6giin9iSZawpK4Y8338mL9nSRbWKC,1129318,676a311d73831440056b35bffa544bf024e9e164
3Cvxh7QLkCMiRsL3e5KvvtSbb1zDBjsaoM,1129318,7b4c826db2c6f599e780bb0f0fcaef14380358c0
1DqGsVQhh87zh2xUu26PKzpKu6LYFn3EGi,1129317,8cc2b93e70ed317148330feddb28e23157099666
17TtHtXGmXsLEXgpgMkeCtYvXS7YaNswjw,1129315,46e662ab6bde400f2bd3010783869b9274b35170
1GPtqoZNg8Xd5dejbmqzpWwwZBF7hPaVRB,1129314,a8de501e1ba2c3236a1d176557b3d241b9fd5ca8
1GESySJ78X4RAacaJSSjWxZ9U3yf7T3Jgc,1129314,a714f9b7addfbe82103045f627de866f8a654449
3JKxacwW4EeZdvXhGKfYvg1bj8QdxNoLg3,1129314,b67e9cb331444128e4673a8facf8427283453d5f
1C4TGChXepgb78hdGT1LJg57ZwTuVw7p9L,1129314,79508dd31d31ba326476f0673649f1b171285ce8
16SjCjahJgPGM2wpnkyXwgWNDUn5T24T7a,1129313,3bb641b5ceaf200dd5c056bccee6caee3407674a
3AQ4vVhbPUrKdsgMtEBHRigwKA4G4E68Rd,1129313,5f849074fbc1b553068ed7307a890debc8d58971
19JQBQiy4eBYsUJ55kM35WFmsZ9MqjQ3wD,1129313,5b0b6d46fc8ee88fcf3e62214f2454718e469d8f
38uB78zoisVT7zvLzVSJ2tM6bTvbtvEVGf,1129312,4f15898ed8851c166f570b76d169141537f37960
1MNEZ2Y5toYnPx1tBMSc1H8jEv1FqWofTJ,1129311,df66904c46b66774aec76e9a092db1cadf630e45
3DzogWP3MRALYybdKgFSNoeHLFhgBhgq6Q,1129311,86fec7111f7489be7c8ae285e9ea20da9e9df9aa
1Q1PQDP57mkn4BXB8KtDjSYizcbKcdToUj,1129311,fc5d97802240d3886183f011992e6d4aef2f91b2
3BMEXm9dzcYsd6g4hZAzpdiPn46qmHwiT7,1129310,69f3766b1d5ff06adc4b60f1e80aa25a6df3c1d8
35uponBn9Bxj4rrCCa3aSdauGczz5bdgo1,1129310,2e4ca1861c0103a1ad1e23851b381146cbfec87a
1D4QxYdQYwSfEifwrsDdmWQ1oaU4htnYB6,1129308,8446c1933c465173d808fe18504021f79bda045d
1fsno2VFvVNtttLnTTcPSWyqCb2ZhoUZV,1129308,075a341a285a3576db62c6ea4fedf22e1948e8f9
145GqxQfFebGAcsicrK4ZDhEWkAqzgnUPR,1129308,21b7446406700b7b17a081a6bd8ae4618bbfd5d2
1HdHggiR39VUbQX8NiBDUPqnbWmhhZovR,1129308,0324f2618a86054d5f9c99dd759fda4857bcf7c4
3ETt663fxxTiixh1VGYc9fuvWBZfDnQqUy,1129308,8c1dafde2de3cc73a3a14c3156b7abb81ca919d7
181BxoFAdv7MPsfwxjkASRHyTwbKLrcVYi,1129308,4cd207f79ee1ccfef86afdc5f284f482627317cc
3BMEX4BWoFn9b9iM7SNVQLmw2thVFZFkRg,1129307,69f373d0e1ed12f68bfa0e53082618ae705f2ec3
1M9xijFPCM7aP1vF7cteLqQRpt44qx2U9H,1129307,dd145b0a7ecfa756ba6f9f19d2ff487a5ee8805d
1pF4XhJD46KfkfKmBWHxZtjsrXWtZJJZz,1129305,08ef49a0c59e4754ca7535e66bf347a97eab52ce
3262aAjFciCnwyEyAwKKdgv45Jj65RKEGv,1129305,045a1bcf455f6d4593dbb7317de215759123eab3
1JZmr3DnEfUjHtJXHRtoXRsTpX4Xzyyk8j,1129304,c0ace25cda472e786974c2fd7d5b5edfa843ae5e
3BMEXU3UMrM1dms7NNgdznHtDnimiq2LKK,1129303,69f37554ecd5b6e97d03f8735ae755cbbb5b3ee3
3BMEX66vDRZM9aoEaEY7gZwRzgzrWnnigE,1129302,69f373f01e5ba22c6645d6c8b3e0b8cb350f16f1
323Y7pzGYbW3XkcLGX8EARGBmaPGYfX39u,1129301,03e1863e0f3a9809fbde32ca10a13a9e404fc18f
3N8ns9WbTZoPb8uT1351kDEZ46dN7TrpVR,1129301,e0426e112402b147bb639c42d2b4a0e93ea01162
1F1QvqTYNDht8JWwDsBaUKzLzN9kHwFedv,1129301,99a5bc37cedd89584e440f147de7e2ecea9b6164
1L44oJthR7s1bzpx8252UM1bTuC2DuzzBp,1129300,d0fecefc7b8e3a0502ee774877a1be5a37fa88ab
17jvHL9XaHo7fhsdHLZsECabbSQUeZEmHV,1129300,49eeb3c9df5d48406b588c92cf836b218abb3905
18aZUS3w43DEZqSPUvrPV4PwDLUUnQjVsa,1129300,5321b6dbc07f1dd7adbaec4e5a8ac1132984a3d4
16ToXhzC8ykpKLLStx3tYbq7cL5NcsUK8J,1129300,3bea48e44b1eb0ef656f209c0629b62691e23f5b
3BMEXpoHoFWXu1LtHSr3nXzv5PNy618uxG,1129300,69f376a6757f2ebdf7ada671158e65e0e4c67514
3LcHk8ZNQmHHTEcJay8qNKKa7Rjn1iVyZ8,1129300,cf85842f5e1e63099b690d2b21d59eddf42b0614
168d3AHVfcv4mUPhtmkx3RaPfG7s53K8Hg,1129300,38499f7eacf4caf652afc715a86a7689401d8bfd
13gyBoiEG47nx8CuoL5FdZW9VS7m5Vas8W,1129300,1d7f604407291d41d7035123abd91f13d622d451
13vJy32sDRRN4VRVF7o61v2uWChaMRnRWZ,1129300,20054b7ee87b59c14910abfa8f86a01ec6e1f1a1
12p9oP2kP3sd5YiNAFYF4UiDov6jJjoq4w,1129300,13e30585750065135c160c55c191320bc18ff98d
33aiwWUndaRLoBtTSsGWGrpy2jLYdobDRa,1129300,14bf942c8c7be475631ee1a5a68905a2a39814b7
139nDLCKnaonGTpzpmVZMtKai5xGB51KLh,1129299,17995222b1b244f4d593464655e68ea69efc98bb
1CGUY24DCLdFD9Bb6HVNgFfJoHneisU8BG,1129299,7b969ba1e399b0a36570d5133f9ed1d9a332e125
17yBe1P9sJBGv2XRqrjrx6sXHVaWP1qwwi,1129297,4c70edc2e7cdb4f159e26fb1c12da149e9669388
1EgPChnycrmkg9Q26cWEm85Vr1xjfDPftS,1129295,960c640c4d0c2f90fda5c4c3b1c03f0259310bd9
38eMMnMjpkiSHy7N6XGBYnxDRk2Vsysio3,1129294,4c47db3363a493f3f2333b9c6472beff317bad43
1Jd2ZwuvqA2TFPePhyaQ8Z1ArnzxfStn5U,1129294,c14a6c00ea2cde74f09c9243c73e6b37618ac7ea
1Ask4wsopB1yNtFuH4x13yLhm5vBSJ87hb,1129294,6c51e1abf5697c4a248d4ae6d7cbeada79f7030b
1LnjSg4tde9WUysUwDitYksjZS3AxVgZov,1129293,d910899a48ab35a28f66b5effb8d5fb1818a3c51
17cUPwMQEu3UtHguW5uzrtmEcu1xLgowtT,1129292,48862e9440f93c51592797775bfa498fff1bf482
1LhJqBBKsXfwhA6KRbsAbM25adDMt6tHTE,1129289,d809e9a0b5cfc00618603f171232498db5b7b6b8
14EGuYH9R4u1QoQ25wzkfN3xSNsSMSr884,1129288,236b0ff8be2959f9d8b9fe05c3b7b8e5888e8382
1HJKxZDPmLN1iR48TKBrAPx1ehXAqcnhHF,1129288,b2c8e8bb580b975f0550a772a1ebee5160ecfcbb
3CLyej3aeX4o5MQfhTdbxvwJDCeeh4Jnyf,1129288,74df2ace529fdbd3c39f52a2dd04aaacdeed2c0c
31oXRQGrtAfRVYuFXVz7USpZDjfByhQGjR,1129287,013b1e7cca07bd4b1ec18726b375809e0efe2afa
12AMHk395dWKcWwRmdDaq5GXS3f5HJPFe4,1129286,0cbcce38f4196fd817851aa8b76aa16a68deb8d8
35iGLDKBHUGXoYm4iAcWK4UPT1JrstT9ot,1129286,2c1cf24518359e6ee6a7f218b4e4c0bf5e00dab0
3BMDAC6t6XaUddik8BGfsX7PQThwJ53vzx,1129285,69f2513f632fd35d9b36e658d4832b54981cdc48
15k8sqScFb7bktLWxiwmeMbMcRHZUzRUPY,1129284,3408f6e55b5bd167588e4bf2dee9cb3576b4f9ff
1HMN35N8Hg71BEYtsKijGQ5h4fUKtbcuJe,1129284,b35be43d59e80084b7f9468e68c54704d0113473
35v9yXZK2oZrAsSiL21AMYRrDJsCs73PHD,1129283,2e5ca1b3a87eb769d1d43fab7d260b0124e568fe
34NbydDE7ZDDtYhbDDh8a5CL7TmXwC9gGc,1129283,1d6ce6734797b68e1b80f06396df66083dd392ba
3BMEXZaE8XSBx5b79QWP656j1iavutaz36,1129283,69f375aedc3c1dd2372e2cf8f56f2505f3ba63de
15odd7YQUfD9yciQaFUeeYq4Eq1fsiErxq,1129280,34b2355a8c4d45596304f7093514032ddf2f04fe
32NW64db8qNwVfhDeAKwkPBHvFGnVKCYoM,1129280,0777bb9510e2a2c3befff7e9adf32c8f12678b8a
1GwNqQV2n1pa2xRioYw7AqFNGGDjVSzk2m,1129280,aed29345050bbcd0dbc6156214f2d4ba8478cf1a
12RaUNmEnhEgfr5r35AbxBr3VYcjag5ALF,1129279,0f9e0cc48a9ab0dcc014f07d359d11e52cf61093
12Bdb8zgM5f66tqkKBeoV5MqEQSximXLQw,1129279,0cfad3f8a8259f0344d0ca3e5934e8fea3be231b
1JsmNQV77FG3yANe5kQiWCFE7o5EfvRKXt,1129279,c413f94d05d5dd444804a27b080178c151429e2c
3C6yCPjwcxSRqnVjL6hX1tULJVJmiWYaGW,1129278,7238f6fa1814a76ef06f7fec77e5afebb65352cc
3MtgcnwRVqfR1hAyWfiwMRatoPbRURvoRJ,1129276,dd97642ebc115210d6e93ada9962064d479c7d0b
3PhRvxPCwv3WCae4e1618phdHj1F5ZmLGw,1129276,f166ceaf57362ee0bd8d07ac23afba306fe422ad
1KMj5FSKkERHcm8HukB61QsvWYXmMM5pzG,1129275,c95db44ef98e6cb891f29d43021317341c40f86b
1HNDW97jQpsNWvKdUZXGXXacqvzfR3Q2Ji,1129274,b3852f2977b02830b120a95e73d7ce178ea1d092
3BMEX2G2tNuGXVsS4AbQRw1QsSjnKpr6XG,1129273,69f373b19fee6e16f2d27a3f04296ff4e990f7c4
16FZXTfVw3ixekCdq3ErCgQsMnsFWC4wZs,1129272,39999a5ff29a758d36865e7f9885608efd18b58f
34pSghc5hhzNLoGAsuoZuTGXvae3CuUPdB,1129272,224ff57400c0e23898f46f1070eeee6fb5dfcf2d
1MuMGs28LGXFUoYHfy1cKywnabjnJpgC4V,1129272,e54911b385e54a59bf207513080f678fd90a8cca
1LKopmBzhfaHKHMtG1xVsbWFZ1Gw5ZxY67,1129272,d3f8f6a674cdb87dce76aa6754e578196872c926
3FbbAqhUD2wnJ15ECME3PepaswRyyHmLAW,1129272,988b049a36adf6122f5fa3f06b4a27e5d9f44db3
bc1qwn4agfnfr8pexr7uvp55y8dtav8xskztkgarzs,1129270,2064188db3e3a531b8f22fa6e83ef86bc04d8c1632d85570073e
3KNn1YMCLfbFB6MfQT3WAUNrjVzPbi9UG1,1129270,c1ff29801a4a9db01f55f3b37d05afffb746127a
15EoEttZNuCHZfkD88ait97ky1E1GVimex,1129270,2e7c826d610989dead8bd1516f73439a78a30a12
1BbTLzgQPmWstXJWngnRQdsHvJRqSbbhdK,1129269,7435645b0159702526098583d8a2f305b612526a
3EpjexEcbEmbZ3fxeB4pJcM8ZwGirdAEGA,1129268,900f61e30032deca40b11d99b5b4638234703edf
1N8ecRJ6Wt2VDF53CK97PguFZJenyDLdne,1129268,e7ccf2f18d84a2826a9ac137462351e7747f9421
13J7ZC7F1qYfo1hRpnc9sTLUzg3gkRTYuh,1129267,192ccb7694c2d872ea195acb63bf5a04649d283f
bc1q5r846xknw8j5nvnr3vp82k3xfcymek88stnjd7,1129267,2063c4dadb4f3071b8fe0d834762add8e6149667bcb13819df95
1EZ3b5gqYK5mbyLA1d5pG67f3nTmN6Edx4,1129266,94a91b21e8ff51d67159342c8f45ce2dbe799bc1
3KUiSgHco4LoM8qcKpMDqWmX55o3zv9uWx,1129265,c31eae3db6248b6631ba09125024b25ecbc0979e
1NHF6YTmtruAMz5kG2Vdtb7DmsYaVsZ6kd,1129265,e96d102fbb99d140af650521314ba6329bfb447a
1PN34ZqSraC79QukAd4NwQesAx8Vgus1Ha,1129264,f54d3928fc2eacb152edcaf2e762cc539f5a4865
32y8BevhBDeoNEcy3q4CrqAQomLynUv3wj,1129264,0e0401d80a4912e23af72e6e95a2fc09c0303926
3LD4fdmHJyd79bJeZ2zXYsUhTvePoruoAx,1129263,cb21085c4c9e614138a98bda66eadcfeb57367e5
1FBnnkCrL33WP2sFnSFnnQPFSPZ13pjGKe,1129263,9b9c24a0b1ffe0ff32a968ee7ad986fd32e0b0f4
16DnPgTuxpsM2tieE9SXvZf5pfYRs9qCYA,1129262,394382d07c8eb89b94b7ed663b2e387d4f9ff518
3HDPUPiTwL2NPX5DjAnGKntWJzRULFRCWT,1129261,aa485a9996bd949ff6781837b3ec35124697e055
3J8ciFKoX3mKLvbRnk417gSA5uw2U2Yo5P,1129261,b459737e473b0872ec98a56241ff4a49265beea1
3Bm7TC8s5L5bBSpeS6omd7jY5HtAyKieoH,1129260,6e77895dcd51d2f02b1be536abf1210bfe34add3
1PmHU3CQdQsRoHwbgpEykWkPYwmaGZ1jG8,1129259,f9b2d0989a77c6969e11a05e5467a3a96c1001f5
169SWtvpey3NNdYGGFJsLyqPRAavGYbj9c,1129258,3871417dde9566395df90b134c6b583f40717ab6
36sAxCiofqmtyyDDxa1MNh1THkgYScofvr,1129257,38c45342c37e08803515eb13e286dd47f91d524f
3PS2yWLnUjftSEkaUmcxhdEhgo75KudA6p,1129255,ee7d67bc5e9f85e3f0c3925359612317b6adba3c
3NvGbY5fZ7nFdqq25VwAXy4CaZaGP6TXti,1129255,e8dc4bf97402106a3688f1117986a65737ad9498
3K4yycnPvR2KpT8NeLrubxjssqV6o3jnT1,1129255,bea1aa09a927bc2efcdad34363c7e6f556f4b4f7
39QQhfHpes4QjrrJRu4yTChCnTzQdqyLXo,1129255,549cf2edafb372d2685a0b587a3d5f30addf8d3b
14aDRAMQSo6Js7QbZ5f8xxtNnjPf4JU78n,1129255,2730780b609e6cdab4900f89a85b0a417609d45f
3Lehku6eNYgmqmaZdPJ6eK9FkK9C2HEwoz,1129253,cffa64bd5f6e95767c2b4185cbb297d26f737496
1HbxRoyQeQPoygRZxm4CdrtqbhgEwd2dBU,1129253,b61e6c8b69416fe8f9a6f26447dddd46d28e9434
14GRovLeY8inq5eZjJ3FVisB5CWQcuXSnH,1129253,23d35385685b60c42c5be4c4637f1244789f7bb0
1PDwSLuZQFvTDGjWM2KG5tcCH1CCv4sJRW,1129252,f3c53351950d019112708421d4cdd0117e4cd59b
3MozKQjxgWq6RosUdievJ4VpUxg1Ym7j4D,1129252,dcb416453a375b58c4d38d9a7aa48c156ff43929
14nSGXaftiLRCeyxusFr91jnyZfaDnMBGb,1129252,298030245ec51062ac660ff91555d04b2f8b2c14
1GYMAsZqnJPro37kFE4ptbUSgFTnkvfheS,1129252,aa779e6a5d84b75ccc62a66730fa5efd531096f6
1JBc786cnukwMNeMM7EPsnLQVnN7D8mGj3,1129250,bc7b9a43150b5782fa7c0b2bb2e721e4838b809b
34Y4VR9znEQz4Sbxq1JbXuagPm6rJkPqb4,1129249,1f36c6be2e9b5a97286e6317768010e7e3b5dd04
12in2rVsMngc6AYGD3LtkNndYADAiHSVyr,1129249,12dec560480c57d8d0e2745a2b261a68c5b7ea2b
3BMEXkY58tpLYW3AsfWHkBHWFDGdbnmyAF,1129247,69f376612473babad34a520ec937056a1ac45020
3KZJcWhPkE1MLbz662J5tNrrwxaE7MA3ok,1129246,c3fcde278e1e400a91234f2286ec323fb8ac815f
3Nwh9KQD9i5AgF3X3x5R5cEiVn9gy2HTyF,1129246,e921344f77570c6bbf6d4b7486b6ba2cc202336b
3BMEX3hsx8SVBtQc4KjxsPE2TpqFojRekU,1129245,69f373c9224beab2c3dbc8ec7cc1c80e21ebfa08
1KbGtMFvJ7scSbrT9Q357Xbu1eAm6UrqeS,1129245,cbedaaceafcde46f48ed17fe8d47eb38dad6bf93
14puKuEXgdJeX5Gey4wSx2HpvNyX3nujBb,1129245,29f79b63efada33d7741748c7bc94683ba53284d
15TV57L3gWgbA6GPmmrTamKQQokhmusEV7,1129244,30e2c0210ef74a5cab167d0e1a5512c738e8afba
1CykrqGgvNirVXyqERKa15mFZGkgExSh1V,1129244,83654a0e2b9a3d912f57233636ed04fad06549dc
3QSUiNsgz2KKpwn6acgKuBTvcyWrFaQ13F,1129242,f98b045828ff36434411050b92095e13a7979a97
3B7XqdoiSAG7rSvf3uBk13Wr2tAxz9s8P3,1129241,675c1654e3ac0c4f02963509c984c4042791cea3
17T4FwG278t4ctZGCyqxgR3AYNdF9rDizJ,1129241,46be49f800066fb9fc6d9c814ffa0f51a0f6f92d
1PWWoQKHWAk4NxVzn8aau5bQFAJzGN1mNw,1129240,f6e7b4b9320d8532bada2d39365e0483ad92b15f
1KmWfW3NGrjCsd81ChJ9bGw7BSaMk4nCA1,1129240,cddd541a2b8a3ef46e663d2e5fcecabeac38d281
3LmXZsUZr6xD3rYtE9wtmscjpwgB6UY9T2,1129239,d144cc87e948545749e85f860b88a8f338e9d9db
3GW9prjr1wQm1ntpiEPejwN9pRY6BMd1TK,1129239,a27be84c534f787160de753e8a13dd92577784e3
1H3jJsBksBjSD1wpS1KrFiQ5b7xanBo6XX,1129237,b0062952f56b8ea8ef1f40d16caa5fb7afc0ba7d
13ZPYfQK1hg2fJ7QAS9abnWSHd4XqvJTua,1129236,1c1061f97985c35575be721f5338f749a077efb8
16GezjUdN5BZLqRTCGQeBUcjCChZ3JaXVg,1129236,39ce95d5f8301d72cd24d5efd15925c544f3557a
386wZ2dsjdbFxo2rT3FATwasPHTPULpCFu,1129235,465716cf9f38e694b7f282c91403454f0a9c741b
177YF3DMscTJEQs2tVNLGCrzpGEURgh7hM,1129235,430d547bb62d7bf1d3632bf9d16dac98a1969920
1JNU9RxS9o5dUbuNdXuVPt1qZDKEPecwtY,1129235,be8988878e6e082ea6a85978db4272f1fa93cfff
3BMEXTbaxwo4auCsp1XGmhaHvAcRyceiY9,1129232,69f3754daac24c6ad389ffe239ffdb56b5be783a
1MQQsDMYUoq98UDdLwffSh9gu2b4szbibZ,1129231,dfd0014211af6e62b33ca4fd9229f1dc98160621
1LMdtEjUnVpSyXtucvMcTYgT4pDrmczMWf,1129231,d4517f71fdbede7e4cd3ba87d1e7674bb2b67b54
3BMEXDBz71hH1trtSLXRhp6N2tLxBexmKj,1129228,69f3746360472ca2254d18a17171ef3b8458b3a3
17Zme1weSV3sbzYpsadFqjNTf5pyas4ZQ9,1129228,480353dc6ac78a189130228c6afcce0d65fd43ee
1C7H4JsSDeWNWucHw469rQxZU3G3jk9QDU,1129228,79d9487b46c4b3cf730a527f82d545e3ede6facf
17XjczydjCFvr2h3a4SBpWZ1Wg8dm8iUVm,1129226,47a0cfbf27657a248649b5a94ea22b3ad6e62774
3HgqRYhgGFD88PhafxWhJUJgcFDCxXAbqJ,1129225,af793f64f45c116d54404c87b3e76fb5bf49eb25
13VP7Yb2y1Ac7cL2Cmv3qCNTpgNzq8QV89,1129225,1b4e5b7c48bcf474505329a2e9a86517ce98b430
1JhrN6U9As7fMepFRu76pX1CYEeqmHA3VX,1129225,c233fbc8cccca63b0334d27e9da859fd747a468b
1KeWwWrQvNKJo8C6QEjA7zswybxsWyyYBA,1129224,cc8aa5b38fa4d3c2df5d72fad927d37c3fc45080
3A9W3e27E2qxE1TaCabRzs8hECrEkS4GXT,1129224,5cc34bef2c775b7a51db5c17f4a1a644c01bc98f
3Cgp6SQcGtYD6XkkkX65V2uz9iv3gRKunM,1129222,789f8249e89d41013eb180b3f4efb865a460bed3
bc1q3skkfsajrchnywvtj2ar26wa29g7k7h5fxzzk9,1129222,2063c18ca970b779fc5fb1aaf0236dd419f56bc61b144e0b241e
18Hv8KfBJGxwm2YTw8RNCLLjUfS75qUshY,1129221,4ffbe2280d378d2728c59c3ea3ae7d623d060175
1EUCimvg3SKL7opYHXHhQkJKRDkd3kqpSs,1129219,93bea654bd2b6007a26983cda8c518213b582e00
1ABdR8WnYExHNW28TEGKy7pUs3Luyn1UTV,1129219,64bbb0b392665b10030fa1a0bee00c9e86972803
17cm1dZmpuKFfnXSwwHgSL5wx2WYU1svqE,1129218,48940d420bb31ddd3c3d3cdc50a92e16c7c3e5e3
1FkbTA8AVoiqisvNNdPNn7WxuGsALw79GY,1129218,a1d067d331cf611496632606d4e8eff8f0f7345f
3DNgSe2ok5KAeuLgZ1zctfeJJKy8TfEhMr,1129218,8029c2949d09d1e394555da2fe58c00e1a96615d
1PJ47fAwyTEzsbVGTwwc91SNZSEn4uynZD,1129218,f48c704e3b8204a2d8afd9db121742ae9315412f
1CGR4FHophbdrPoKyaiS6HUjLkaRBtPRye,1129217,7b93b436e3a7d5e5dc449cece8264bd322202c53
14UYtqfFYBfBvBtV87ejtLJXbRTcSi2pqK,1129217,261e3b5df3edc3250246b31646ba717bb65e6206
1LTxRdg69RmxSgzd9txdSKpNXbuiNN6Nqo,1129217,d583789a40eadd9a35519126985c49cf28853ac2
37PXSXLJb9VZ3uYTJ1SywdLjMQvncv7Y1m,1129217,3e81e827ae3478cedb0c04667ba7f46b323c7d50
3DeFuBcVqhkFPbiaeS5QPLUmo4L4SkTgV6,1129215,831bedb5fda35231bdc2c3b80365fe64192d89bf
12FA6VVPH6mzTWdo3wuw2caQ9h3Wp4N3zC,1129215,0da58a85a6c70442ff6e439369b059fc0fb0a6f4
1K7EwfxmMbaLy8WnYARPEunjbUAmrdKCEF,1129213,c6a06609e9a43dbda337bb40a1331f079602ce6c
14o92KU6tBgFao8QR9ibmwF3E9pKBycUUB,1129213,29a23568ec891f06a51058d20c5198904e391d0c
1KjmVPqdJ56yUWE8bMjxdfPM15fLvCzQUw,1129212,cd88df5ca33b1ea003637cb7102b6b706aa5b707
1AyzG1MqkK8KdE4sw6XardQtgEcWiwQyo9,1129212,6d80391c9d3aa78b94d4bd50b465f8a229f5abf3
36mwhcbFnhifx6GHiwsU9yrPFHcxBjvwT7,1129211,37c72f013ae220c216fdf478be7d9f1ff5711672
1E7jKY2QhqgzVNhguGfXEYH2maGGw4pKTK,1129209,8fdf75225c8a5deeaa685f7c4507b60f1a253d91
3GSm2zd9vH5njgYQPYsxvve5tD4p4j9qej,1129209,a1d7a27fb5ff73f7da57716e2c460d368fefe2e8
19XmeE9fde7yAVe6r55nVPYmEhYQ1aTmSk,1129209,5d92c010b951ddb2affbc90823446e1acdbfc450
15VvpATnp9tnsLArytMjgRtRVJGYMLPk49,1129207,3159122ed1b29bf76ec0415676d5758fbb3474db
3LEharUvPMQmqKEoepcRrehESc6skNdkPL,1129206,cb70440f518a1c1795dba7c1f74708755239e338
3BMEX75VVdvqt2JpBvS4NybdVhfJP6SGYo,1129206,69f373fffb28b99622e2889ad6d507d4d6574be2
151NKVLtsMY2qxA6FXfFPNZkrQmcBdXVeK,1129204,2bf24c94fb6678a80e11eceb5b5c3f939f3fa9c6
3KjpBU864dQ9sc1k3MUMwFkCDGPxG1XkDH,1129204,c5f9b5aedef0ff10117a5b64ebd58cf61ed3686a
3Aept8dJU1v7yW7vguNhgTkzBX9HZWNPmV,1129204,624f154523e3030716328358fe570cd967ae9e6c
18fH9FA4d5Kzz8jZkK5zeUuhQWKp6tJDuj,1129203,5406296c9e8d943af89a168b539075ff6ea4bd08
1MYszrdPZ1487SUm3Qp3QSBpUeZtnBRkWQ,1129203,e169fb275e3d596702246ea741fd91105d93b1d6
1L6CUEvoMtiCi7yBaVqaigGoNfJbJ4rWA,1129203,039c3dfcd9fe0f9dee812051d76ec317a8787cec
1EKCbYDfVBYuVpYwNKnH3rWPak37CsvUKD,1129203,920acd4b0ce6ef33dd992e7bc3921ec7127d857c
1HkrPiVktGhTZsk7mLsYTzcPbzXTXarNb9,1129203,b7cd2103f7cf4465ece7aef268cf3b3a476384f4
1NEFM6PEF5FkbKPR3r7GqsSJzJiao9gTdC,1129202,e8dc0656812242637276b0dcfc6a58f6b59f82d5
19KwKfr38WfqLe2v881a7pdCCrz3S8YyJB,1129201,5b55d6d6c273c96717f8049baa8eab319a33d016
1L5LeANAZMm1NSuc5GXycUTfkgAU5W1A1C,1129201,d13c72f07d242ce6c2a7d3ed495a3330e350c62b
1PM15svFUJAMe4MZAxPY35LJDNRzCPQn8o,1129200,f51b281c68189e4ae8c8c79d093863c1fb8cbbbb
1NZW7A8EhEU7PTvUYRyYoQK1bqDzs9o6mL,1129200,ec803fb3b7851a2d9887aff191bf2153bc7103a9
1EoC9RUT4HUqm74cNK6HCtymEz76HexEW8,1129200,975612aee0d38f162bfa4000a3de024cdb22cd10
3Nbgb17XTdTbGXyAzA5nhzAokvsJpLBJCy,1129200,e5586b859f75fe74207ce5401b116fb71e5207d8
3EHWNxqH5JjUeNr1npYJgiv4NmAmgYDrtZ,1129200,8a2767d384f54f3130099897626aab55dd2bc74f
12CT5Y9fMHNAEbkmPrYyCb27RiyvJahYUE,1129200,0d22786a22fcf88f952e99db4a919a842daaa50a
19fyZMsWbvVSSW4WxaYKATT68duUF88WJH,1129200,5f20066658be5301d28e6f85f1ba2db96f7cca9d
1K2iEcQWGZ92pAgPZsywRYu5wM79BYKwXn,1129200,c5c519dd487e31500001dc82949522f4d0d37c1f
3Lw2nANJ9evEnsZ5vWA5FMneeAL6DDqx7c,1129200,d310ed6fb9246b1bb3cbd8fea872ce2a2629b6af
149jKz1aaDokYTKhRqsxT3PeTX7TWbZYZ5,1129200,228f09c03cfc858e7fbfb0d6ea91ee944e2934e3
3J9WQVWiANWjVrMnM8dQ5sbADcBFQHCn9s,1129200,b4849a5f5ac1c93b48d0cc1ac0a6dfe667eb1713
3BMEX9Zm2aLWwEUqeSqSB73HKz3aTSxHcG,1129199,69f374286e896f7decc5bc0a97cbfb2a0493c36b
1DuW6aoGNnBeZCexuZMo5md4fq63eVyH6D,1129197,8d8f6d80e25b3b82db2a713fd3b625c38765d96e
35HXiAe2BMwthCUBNdsJcD7MtaiDKg5uLk,1129196,276f6279141311f2137456e7c097a0ab5e62051a
1MQMrpwpuexyy5ibfxWjoT8p3cXRLp9r7r,1129196,dfcd7ebd8d9c6ff5870769666e8b5a3d0bb89d10
1wRX7uKmAAVVx2m6m5qchA57TCZMN34kc,1129194,0a4aedfb09cda540ecaeb6ec91d6838a76a94261
3GyX4NcFeiPQCeiShnWFdx4ttMevbk2yJc,1129193,a7a8dce14eaa19d608d651b06c4d8638220e9a67
3PREDS6ZureMFAMPTav3z3BRzkz5CExhUX,1129192,ee565f3d9a4ce47e79f514328b1a05eebf69d191
188DLrBV2dCEQa8L2o4ze6Nqjy15Rtk855,1129192,4e261850312f43c5db6c47c47e2a7d525162c1b4
152oFVFjhJqTZyJ1R13VudCCVJvz8NAmLR,1129192,2c3786c6939d48acc884ecdaabf0ed234cf010bb
12F9JmSg1syijPA9qbQvz2Lv7VMaPufxKX,1129192,0da4e20d04d62e3fce631c48d6245d7c7c5bfef1
14P42ePqtUKv7NwonVtu55GM9JfYaE2EnM,1129190,25140e73e71c5a7546109045d98ade9f37032f17
3AteWfJ48gzxwaVmQsTXHhAYrKJvTH8Gg8,1129190,64ec3ffcb062e015d741e0c5d8e4bc521e0a6296
18XGNhyY1sb5J4XBiQwa6JzK63uPPnDg3i,1129190,52823170203a78f2d0ab1178d6ef31bd798d2424
3PouZRt7WMcVFHrmkbW81A5HW4mPmJonJz,1129189,f2a05dd615380fac1eb6181ce8f7b2c6282c6f4d
15Jq6quW9ko7MGUJSne42Zb5SQw1M9iHWW,1129188,2f3fba1a635a90223bfc30c922d5739b25229880
3MBmzqqSr84j4zmwKkcF3jRVastYW4s8k8,1129188,d5dad3face8413ade46363d9a0fb4266b67eef36
1GxYKhTtYqT9E4AKvmiSJeFUHaxiPP2hAe,1129188,af0ae9480acbbd96477d6a1e5956938e04feed93
1Ht9r9BDtMWCD6GowuGai1KVugRYSfdtU1,1129187,b92e9ca630398bd130a6defed3b1dcc7dc23af3e
3Dj84RRwBTHtmD8YTjJ1gfehbqJEt2knYb,1129187,84077698731f5312c2ffdea6360538257a017f54
13xLWCYNyh1nJFVMz6rLTG5TT42wjzErbf,1129187,206768fcf91378430e19be838824e684799163dd
179qwzPHm7q6TEXnr73gCyWY7pV1QoZzMj,1129187,437cf1347d93208ddac3fa701444c9796d8ea35e
1MVvgTBPxwRJa5FcfJ1ikiP8CHV1E8T6dF,1129186,e0daf8fac83e3aeb00b6e315c360ea8638c41ce2
1F8D7MWou1qpMCg1nAPEsg9MjPRDZtsUYi,1129186,9aeec7ffb6f7425ce229310a2ffa39d756b33342
1NJ6dLF4wmVeD2oY2kAqXuXYfyFgMeG2xU,1129186,e99668d4fffbf25742a377409fd5034c262e85b9
1MALW57ySFWXCJkDRku464M1xdrvApAe4Y,1129184,dd2689c32bc7fd7d95dd97748f809618aa05d008
1EX7zJmuzFSRF7B1vcFf8tvux84f4mURhB,1129184,944bf286a0a7e2ef961c865e38ca958d8a27e51d
128vmv6aHrKcbgcX9GJZUuN7Acrz2qDu52,1129183,0c77ed16c0ff3c5554e9065ee3f0edbddbb2131d
3MxGC2HwUg24CYmzqQC1n3G1Snz91XWdqS,1129182,de44aa1c90c9432c1840e11e25094042586c35c8
3NG398kkUVXs9stS4RrqDw6RrcQjUd1aQA,1129181,e1a142256c0269cafb6e274c16f6fd5a72fe2db2
3KK57CH3frc61J5mdcDrii5Yt4a7fCc3D7,1129179,c14bc540fae4979a74565d943ad96d1710eefba4
1BDbimzU8ZtaXLBrzuKrtVSQTFqSvADajq,1129179,70133b7ead8466cc802b8276f6a3d718bfdba9a7
1MuMpmgXkWBhrFtzBwzaxdUZuLwEDChCvH,1129179,e5498743b8e32262bc0cc21829a03ad473a11cdb
1EMHFpoFaqJ9kWHhmmweKEG6eLkHBNsqZb,1129178,926f861eb86897bc472e6cbbfd9f226fa030d60d
1B8juM38aRQaUP6Mwkq4vTBxzuL6PH8h1k,1129178,6f27fb977ef754114b33c2927587679d431ea351
1NrSbXgcLaYwFBGNTuvmxecSdXt6bYk3aq,1129177,efb463b5a9f7d46ea821d12ab32dc777a5d4c9d0
1PvPNTGwYhqSwrhJLzUZju2zeD2rQwiSAA,1129177,fb6b7c954a9d2aadc5552760e1d526b1767b8bdf
33GPtVXhWHZE62xjsxBjpCtyUdnUuYzQXf,1129175,1148300bb1f69769bad94c87f1c40c0dc9fe4dbf
3KGeGpDuVsRZhsbAzWD9FNadtuKY6hKuZb,1129175,c0d6354620a867cd47decb94527fb2a08cd8b88b
17ypTLEFxcWS7UtWJgoD5199cUhw6mCXmi,1129175,4c8fa941ce974c8e1ff797fd7c664b1182b7b5e6
1KXnXVRwKcV13xUHmzJKMn1wpBMViZ9jmc,1129175,cb44bef30b2d1589f63f127163a6581d1bc2dbc3
1HvMu6aYrsvDRk3Hdz1NmKDyPjKHfxLM94,1129174,b99980e2ea6bbbca57402ff6c6818ab18a34579d
3BMEXyF8RAuxHwMsLvoZ5eXdjzzPduJsob,1129172,69f3772fcd85f2223a17e26ee0e0ede63fb2fae3
18UncABwZVtYn4ch5VnBVYgD2q4CJQVWB6,1129171,520a2e7bca79b5e4d6cf9683d5bc7846f1a5a5c7
3BMEXJsHtc8sUZ5c8q6E45BFTrVXCpMwvD,1129170,69f374bfb587d35d68023091bac8fca43f990f12
1JjLxbfqirKMoMdfv53C6B4fa9cZtUizJZ,1129170,c27c44f124a9ff231db00b6383b786540a1ab3cd
17uP9yY8vR62rZ18d2ccT7j8M3TBDjsT9K,1129169,4bb8e0e9417d60bdb6af31e18d1ae7bf8836aa0d
1DmyTtuvMnXQjBzmoCNz7UaiDRktBKvp1N,1129168,8c22f1fc22f0f40ae1d9fa85588e4ad8fc37a385
3QbRamj2aVq8J7jVTsjWd1oTrRCYKcNtrh,1129168,fb3c259a2b07eba98b4dcfa9c62d298b4e6ef28f
1AVu2K3CwUhbVGqvpz1g4ppp56pCsmdBV,1129168,01cbdd987d1eaef0a00171b31f137d4e55130e97
13fKQFY46kfje9My6STbCFSKCgttwzVfsC,1129168,1d2f6b1ba2f55c3e168f32ecafe6ccc3e78ae480
1QALcwtgzmWL36jQt5TB1LdcJe6cyNLtfH,1129167,fe0f03b23d3c75245966d7143befd1aeb371a714
1Naji6RMbbYevHtWPe4is83S3MocPPpcmi,1129167,ecbc04fbac3b3e135d95743b3350aaa26052f1d3
1DMKUDVeuHQDrwCpBByZpydpMXbqxLP2XC,1129166,87793ef87a70086a779dce24541f950dad73214c
18tksbHpGJkFK8xiCNZvvsizvahLRSysKc,1129165,5692b79e35bba866a4024f8da2a70124c727d606
1K56SvuNiyLxro2o75AEyM8kPNzTVGruwo,1129163,c638799505ee6a49243e2bb2fc0458f1d2207756
3GQCB9TuRH5qbWpPz5sNUgtHAb1Bb6jPv6,1129163,a15b5f8742767d859863adac9753550a4877a54a
1Ju66ybU5Xb2Wb56kkSBtxDKWSiiBAHV1h,1129163,c4540733b1495a815012413c18b7033f2ea14abc
1Q941rx6Toav9NNwii4aRm5bimbqbyc5VS,1129162,fdd0bcc5953945f01ae5936288de279193b4ce63
3PiCArbbmevX77tUYVGpr4jm7FKuxgTA91,1129161,f18bbc9d024e73cb364953cadc675c02f0ab8047
1ALJDwwePgMbqfWsqPUgwWRSSC2VHkw4fp,1129161,665f699d3c68c22e8b0438f7be3a84da01d9f34e
3EDWuLwN8cmcveDBFfQ66Dm13rB9EEPdzz,1129160,89662dd1adeadb75342cfe16b305945add1baf07
18cctzvPkDdG1bz3NdSTRjX6XFxYGm72FX,1129160,538567709694a9faa5a96a0a0bf3284128bb0f0b
1GwHTaRfLZw3HZwCqcNCoZ9U51pCcqpwBn,1129159,aece165a64bd2e8a59f4c7b88b49aec04907b3f0
14btUpUVdZMVtGs5gL1QUNWp7bDfKPvyc9,1129159,27817e3aadba5b33d64f8540650ceeb8cec601c6
15xhgtvxwrjV5DnZ3gP4aCSvFRK39MkSLA,1129159,366958756029b5a6222c1d99bc67faf504fd4e50
3Kh9bQd4EssMk82zkZKDGw4Ns1KDXtL6MY,1129159,c578aab10a5c4c35abba7a31e7243300151132b1
18WLZBTif6or73hPaf2nzmZeNTYcVouTtR,1129159,525544559f165b7521a23eced4b2a3bf6e7f1890
1phTzHTV3eiXTgFA9FR1NnVW42yjteAL6,1129158,09055435599dd9773c148c41328b1a4194f21bb8
1KZDYpbRVJmFtV2xQWvyAGDQ9ZzZTey9jW,1129157,cb8a0cc9d305ea1c023d1b1a8bf4a34b35377026
3PT16kdqGFJtVyzYgqzVPURdtAHQG5dY17,1129156,eeac41866e91fdd643fb28413115abff0d4cbd76
19tFUAoBpDiBr7s9x7MPpVQFWMaoUFJCxm,1129155,61724c46fad40404d61ed8d26b40eb4d66087e3a
3La3KLDK56kYjrVidhaJDwUZTPLGPcvGk1,1129154,cf18a411b4e6782f0b118d1d39756528d3e98d45
1DsP5GTnvTfN7F1H3APnP51Tc6wi74F88U,1129154,8d28bbcba7683510c7683c5e643f8c603ab9e949
13XTXv7NNHoXv6SnDVZf5jLPxKHJy5U1hc,1129154,1bb2e10b49f37382e88c62c6834af048b6b2b3d2
1JJQCrTagKZvaj2RBr7ZdonmdHUh3kDzdp,1129152,bdc49467012dd2f1ab1a9ab146b2cfeb375d0e98
19JA3zLhBtbm2KgBVPfNUJ8pudihYsnedb,1129151,5affa22a246c4e73bf5adf4b9da20e49e532b3da
1EvGS1MQZv5y1VtDV33SKbD7Rb9bPHGRh7,1129151,98ac8ffb6bf35af4821971a575095d457cffefd9
3QfVX9pDhK9DZUDYAetc5ZqAhcLxpwPS7C,1129151,fc01190132fea851cb21be061cc86f2d377aef40
3BNRe6YNfkWfHCzs9coZ1HcMugBnCXaFTX,1129150,6a2d26ebefa6092351a1f5b1c411fa679e41a6d6
15h7KJFvwV3GiaA8FP7zRwbXR8iH3YoDqn,1129150,337669db1c1a6544d949f7fbff1d2151cd59d03c
14U8MasubGvScYHEgbPno4wELhYJg99Ho5,1129150,2609bf750823fc67cd52ee01706bb090ee3c91e5
32PyYRNwTNzpcDUybTwuLwLPQL6UPjXwNz,1129150,07bf110779141e7755fc8e6835e42c61dd906c1e
1E8WEM1EMykPBW5JWvK1YN5zynB3HnAG3P,1129150,9004f26c735efd693d85b412e33b2bd95fae0bf1
3Qy1qzcMX4Zw2NKDgbTrDL5yQuxWnzraQt,1129149,ff517ba1a007832dc8e394a509894ae0b7437697
3LwEZCrSide3418WpqwAB7kyefA4ztnduU,1129148,d31ac212aaebcec1176ab6415bdca8c39597cd87
1MqJYZ9JKLtETHD7G36DNzSVQ3CTC4ezo8,1129147,e485207a5543c15c202889f38bdf6433dd85a0ba
18jP4mQzBtDv8fcUr3LtQEmJBH72a7yEQz,1129146,54ccc50ea7aae470d9393f0cb05f2fc245dc3b55
1CSSNLH2vyQed51naxeLsNXSwovBZYqitd,1129146,7d78f5695747a70858754eb6ab9d3ce500c37293
18Hd1wgjzzgP7aCre438tg6jaiKbZkU9Zq,1129146,4fed99c98a9a0dd19bef37d869a311c551d4a82e
1BaS2cJt6focpwJXyRouueCQ55Bp8MNweT,1129146,7403e06e16740c0043af0487e1f7adbbe9a1f58e
1CbrxXJDexCyaU1hvGMszANwdtxTNxhrxe,1129145,7f413a82ff140ae3518caeb654dd744066ccc100
1DvQMTX84q9KiomcnmphedoSjPzBgQahi3,1129145,8dbb0c9b170f9f02b1f7dff7ce0581a2d49a119e
3GGH1FC2YtGPspAiXq39oqXVe1QXXnjJt6,1129144,9fdc13a5e84ad0a0765ef2d0518ad0985ec6adba
3BMEXbFzhy5SVBCttZJZQEQc46Uqnd5SYY,1129143,69f375ca45f31884c3a0ebdd23aeba99951ea3f4
1CAPzdga5dNweksGm1fFk46YbsVxXLmREm,1129142,7a705248a3d694825c62204490185b6ec2f47612
3Kcn1UYjxrEqZxybLkDJFnAsRUfh3t394d,1129141,c4a4fc10e54fa289ac83d685e3e3edc0f26719d4
1PnNGYvCx2R5inZWcQ6j7611Dyppz3MmyR,1129141,f9e73d3f44293d9ad1d116ba0bc16b0919c63487
1N184ojWPuMarPAJD76xxVnizMr2QxrW5o,1129140,e6608a1f355e0b0f7890cc4f5c87123ef69b7db7
1HcUdvSQN3t2pxzNhs5w6wK9a6syXJqXPU,1129139,b637a41c1d8c13a895e3ec154bafbe41d2336c96
1LFQk3CjmP551xC2JEgwQZ7NmuwP9VGB8B,1129138,d324083ed4e8ca7c9a7dafb10904f988dbc2f872
36eBi7dLDqZobJei5R6q2gXJ7hVdRXcRdA,1129138,364f8cbb6a8a0a5c2c958e00d42ba63d5feff206
1EfMnbiHo4FXj2gUfrAATWXouMZ216oitV,1129138,95dacb0cfd18ed5bb5182ea313db53efa71f6e28
1B86KyZEFLfAMaqBtnYqwGDSSeMwaXJrU2,1129137,6f089dd01e92d478bc96fb3733b15ea142f42016
3H3EvRCb1vdFqje2cvYfb6TNErmz8SWJyy,1129137,a85d0e586e178e2ae403567c44cc853f1bcbc9c4
3DWasyt3NELFpAQyb5GaopJfojd7nGsHgk,1129137,81a871a776f9164c17fc782253a5cde12d271a18
1BVCKuo5nLPtg6nU7SGXszDSyfrEJtg9td,1129137,73065bf90ca044f9e104387a3f55c8ddde4879c2
3Gsf75dBz1Qmy6cKRBAiA2MtZJRcL3ZQaU,1129136,a68d15858473e37c86c66f9e0a2ad00e9a0f1514
381L1juUaNcRh1PBCKpxZLueVJSsBupLxZ,1129136,454757aaf78a2c0062912a074d232840d5aee994
1FT6BTkogeTdNA1JEiWduZQDaLDJcszTUu,1129133,9e80e67c2b53b47de72a16ad639b9197e8870e10
1KGRo1oxXsx98UBxRS4nty3E363bgDxJe5,1129132,c85d3331a492c4493773be1fcb796cc99c4151c9
13MaBkUHAVLDaJsKkwG7zzPF37siZpEYM6,1129132,19d445c450cdaa4c1e118557fc5df8ac776a460a
379mz1C5kACuY6edzCSXGxgTsfUKzda2GX,1129132,3be8391bac34e3e8b4ba359fc3300e5fc2db4871
1Pex5Mrbhw1h15Pj3ap1e7faw3GF8KVoo8,1129132,f88021dbe913feea60c8c6aa553c7c046501270e
1DhDhuei1jWUrKPed7kTuJCN2CucAuDsNL,1129132,8b3cc0f49bbc9cb5fd9c7d6869feae44282f59d3
3BMEXZHkGuwAQTSPGLezZP7JhhdyH6TGrB,1129132,69f375aa3d4ce57e28d5cf512be3c65499161041
1MGBUjaozKmHArkVXgtjiZfvNFkxA6sGhJ,1129131,de418078c79e7fd3afab86bb6cde28734d04992d
1Fq2gqcSUocMzg342u6FyPBW5nsNva67Ph,1129131,a2a722a088be7ad2032752c6494091c0a5a2aeb0
1LC7nW2UNXmZTwYyAJniDU3gdK2ge7XaPd,1129130,d284a0fe32b22054af09c63678f48ccf9fc1de36
19auDEZGg4E76SXvhH3YFttN2macJXwsrm,1129130,5e2a5105dde5aae77146dd2f79ce1dc5be911c67
1Fwj42DHzL3QkDPjD1AddNq1RuR2ZYRqq8,1129129,a3eb53834544e777b9b6db45f655042e5f5a0edb
1CNFQH5be33v3Rok8nbxTcCwHHDg7QuVZV,1129129,7cae23f438dc7c1ef8dae3d0ecad396a1e294737
3GeUXu5Lo4fdsCv5NobdFp7PSeFqeHuXHT,1129129,a40ed9f6a0a38691b85aa55a7dd3658bb34b1d63
3BMEX3ZSzzm9a8KwthjF5cfGPSqAikEPNW,1129127,69f373c6c530133089257bcb0d50301c319e0f13
3BMEXEoKKA7KgQ8iwRetXsPfJa2bCRWT92,1129125,69f3747d8b7bdb39b0cfbc31c01cae245efd73d1
13yYEjdMuzHuoHU9oujxkV8PKq61EsCGjW,1129125,20a19edfd8b18491ae1819d45da2a49bd69160ac
1MkqFxNXoQotvXhutr6yB7LwnBR59bBYTv,1129125,e3acaf86a104b82648bb38b9081030acb3c88d60
3773admPjXs1Zr6ya8CjgN4X19246qwboY,1129125,3b63feb6f41b000c04a472d7a4fa55ed8ec2668b
17XZHF6JM1WDNimpnPKaVcy6yhCtiTcYy9,1129123,47982df95708fdaae05d27974a6ed685f7eeda37
3BMEXCRnxjKRbceifhxbKtUjD8JTTkoe3A,1129123,69f37456fc37fff9d0d721cf27df2ece68b876fd
1Gy1i3GE1FZNr4R2dbqind6795aVwKpj4X,1129120,af21c571ad1d68f61964f3c4612c3cfac40b01aa
32zyYvwiPhf78RbtgGu7svgyydNxv9L6uJ,1129120,0e5da1ecc9285551be771ca2356264c9f608cd88
1KaDSX4ixgrKCyU92afWzj1d6tRrMj4xC7,1129119,cbba600dea1235c5789413607f08dbb45cc0be36
3AQQCuL3o9VNVaJwYbgJExpbzSPQk4YGcZ,1129119,5f94a92c003ce16b257eb1d758e696ad00260a68
1HqXh8VqdRCSPhfNEdtupNgM3bUYfNPtKg,1129118,b8af99581c7d81f35a83b00d8a87c1d815cd0d6e
3HuargwnzegQvKDHNS5cs1EHZsPRjqF58S,1129118,b1e27ee126d2bb0f18b5a4cb9474def46a3a7e5c
38gBFn9PZvV5udX7N7oaijrRshKZbakzJP,1129117,4ca04112942fc2f992376b49d3fa9bfe77017259
3BMEX5TVRpraaAQasUMGmwW4moZNMyYydJ,1129116,69f373e59fddb370524c7b0d40cb1787dba7a655
1GUvL5Nz7EncW6S9a3W3YvgeLFtiiaEvhU,1129115,a9d1a26a948717ce79aa4ef9231cfe6fbad522a6
1JJKeFpDK946KYFVn1QByZw26fkCr5fPiF,1129114,bdc0c581cf0aad9e67837d92d7d3511b8847848c
1BD2uX5vuSnHUa28rJD77iQGeoCypW5RKh,1129113,6ff7d70aa78468da3a7beef6b9186421c517bc01
3JmfHRC9Q7Lvif8tnWnHBDjX5D4ZeJWn6p,1129113,bb5afd17d5323355c3b35e1e0db6c3bd99132ab5
3PWa8tGC3MmeX7sFjh73aAj99CmVbwM3zF,1129113,ef5914df57ea3e45d17db9e71028835e32d135e2
372zdh8HXJSKV9gGWwUxFyArpozBFJtGPh,1129112,3a9fdef14661faadbd29fe60aa35498345773c8d
35K169ZvP4Jy2Ac5qTGe86p2cz7Ax19tPE,1129112,27b6a7cbcb852eb888ec4276b59a546cad809e97
1F8m1NmuRZRjSwBDp4PB3S5pHm3wB7GWva,1129112,9b09684f39af4b13f4b56f3533f522589b9e6e87
1FkuDNze251HKNkQSbm2EhGDxMcMYtTyvf,1129112,a1df3b9ffdabe5b2c51ab75b58a1c9ba766ae897
3BMEX8h62Sps6sDnN5WqK12DzT1DVaK4dE,1129111,69f3741a39539bc38a9a4bbb896ea94901cf2002
33uT47hkoeQueaL6BmkG8ENnCaJCdbaWuH,1129110,184a38967b79a4c7e4edc9b172b2c8b3f81599b3
1DQFErP879oumStBiWDUgPc4moZsY2HN9A,1129110,8806f665ea3f64eb97bc8fdd8479fbc76430a285
3BMEXuTzSEUXFewHLE997WpRwqHznqGCfb,1129109,69f376f25c13dc6c5a5de8c258c68345f1d25a70
1AoPoGmLRtm1XtVYnabrdqMuUZyPDj8CEM,1129108,6b7f4c03c89546f93ce8227ca46dae20e9ae66d2
3HzhnnkCQqNZuZsD4RuTbvhdvNVjtVBhLj,1129107,b2da5cd3d7af950c35b97660703056d2fd98aae0
1LrSU2tNdZhzuMfoGoorXUkob6GYRTLNAp,1129107,d9c407b016cc1c45b85b5d9e4591e03db8078921
1LkKkCFD5Np6wj48XYD2NG8Y5pGj14wG9q,1129107,d89bec6e1474bf7d49b77d10494856834b4f09d9
1C4tCzyeCzyFYAkQT42nysu5dTGuG7c6VY,1129106,7965607a4568cb43fa15422b943b771f8d7d234b
1DYvyHsZEDzmjDtNWpm4XecyzENv6jWtq3,1129105,89ab74e0a168ba279d1189c819e6bc722ee109ec
1Ket6Nsmat5Reepy62Cqogx1RW2x3whqJo,1129105,cc9c4e037756925a8c7661b002b47b0cd1fb6ee3
1KWHKgoXfJkMXWKSWjBGDLrDcnhG3v31L1,1129102,cafbf3baa635c763b267060b909cea7ad1d3ed9e
1HK1UJsxzcmwVaTrCt88BNC78smwvqEfz2,1129102,b2e9e4940143cc883751c942445f954d010f76b0
1La718Hsqh6ikdhLfbAjSUf7jvzMFwbMMj,1129100,d6ad208245ddef7e593510d570da826b83985ae0
3BvPNYqzpEPJDiXag5PEruxAB5A2Bk31f1,1129100,703891cde64adcbd71acbcf9e2f9b9d309fc7c73
1FnWZag4CR1hdpqJHjJGeywMGca4pnWLPD,1129100,a22d27f933c471fb8f27d74220c4d256e7b537fa
3HzpLFTmB8J19QY4KrMkM5CuH373LYRXH9,1129100,b2dfd2ee4ae1e4b274048fca1c94ae5d8d0b4719
3GqZpE1qvvy3K11XPfPEcBF1YnNSo4FuFZ,1129100,a627d5f4d06b3810a87182ba3b035bd7f1026dc7
1HoUfJqeZnd1VMJFMrTVLg2Uf2e7j6mbS2,1129100,b84c3c90d08ad362494f4181564a8abd99d0c097
1BTHsitsfNpLcjD2bCyh763a8HYG9FLptK,1129100,72aa28b356725a0d0c397e29887ab6ee7c050051
1anqBuKkbg9XWwUvsqb5bckcBWnkLnANA,1129100,0663fc00c61bb1cab1110448de4fba4d24e21709
15NDhME6LHDjzHHBpXzpq2dWcokYwk2TsD,1129100,2fe3d60d6b8ddd454bca81bfc106596b505456ad
1GQX4V9MT8HvNE55t2XZpeFx899vPNsNpg,1129100,a8fc8bf99dbbf2ad2abc016e82cbb9846a20a6e8
3AQZfdskJJ1pLqu5zdYfaFSL8tniLcvVbu,1129100,5f9c8ef3e1ab87df32a32b2007888edfee408b8b
1QHs9d7WrrrUHsdu3Daf3rVsNDFw3sEHNQ,1129099,ff7b6910df773439f60ea3569f4d07e2f37b6e27
1NHvHhXByANi28N7gzf2X8aJNYfpmCrZnP,1129098,e98dc783ac8656cc1314c68777cb13c451405e8e
1HYBKR6drpp7BoQ8BSdrBgYuLqLFLTtM6A,1129098,b567851d45e7a42ce0dc550df8bd6ba55e75079f
13Mb4StAJQU2qw9j2Fd3pCRT6n3tVL6Vvy,1129095,19d5008e7433514104bfc26cd77b19cfebe9b5e2
3QPKYsiE4mpjo82izxsXNPNH57DpoAGv9S,1129095,f8f21e973b2cfb124a6f5c104923b3afcd3286ed
bc1qq935vcexu4vdkzaahgsqhqqf66e85d56vszy2w,1129095,20640d6cecea38b93a92743c56b3ee4172f9c1010c0a22665288
1K5ypc2WbqLfGTtb4SXf1HPX1b4RmSuFro,1129095,c6635c0a712fbf98dba3656e1f028053bcf7516a
12kkmUTsTH3irfHYkByS3j1N1AThJhuWzm,1129093,133e8bfbe90deee8694f057401d5e0b1bdb14b9a
19TsaCym1DWSgBX1hDVDR3fcqGjrWMjhqn,1129093,5cd6097f1b7c1f036990d6f27e1b4d9d958f406e
37qmpjVTZ4xFxSpSvt91fA91h7jZjES17u,1129093,4378ba663fb5a9d041d41ed26bf6b1c9d419cb08
1NVKtEaUwA9jNM17X2ivPUkBJ7zBW1bj4w,1129092,ebb60d296a01f63152589b74d5917bda909fa4b1
1GmdKLaqN7q5ntiygJwKFYXJWHwG5tvu57,1129091,acfa8118c730e6e8be41f943511387de8d617cca
bc1qkuthdw9rfh3zyu28wz3dpcvramtvm2czp5yjwz,1129090,206406571e7ba15ff096a8164bc76d9d4b69da7ab52d8e157b9e
1LztWSRqPKT8hNRNEYc9vDFqFtiWL7DCvg,1129089,db5d18974ce8414bc8cdfa9642942e4e13a38726
1tRXMmKZmx3aUxBW2zqzSCCESbG4niWp9,1129088,09b9af670d653b66fa08e487aa9b79fa9cd0affd
1DRcAPMMkcitdW7i8A8KMecZnG3QE989ch,1129088,8848d81695d3401572da8ee061441bba0179c801
1PP5m8U6iFT7qcMYLLyvjFdLW4gfwPpDD6,1129088,f57fe47e487c0fff0295d766f487a2572f7941ee
17dpGCjKa3BSaiabYDD2SsX6gfWPiFGZYP,1129087,48c72e870308e043498a6a3114e8ccfcbe43819a
1PZMrg5GVzL2TYcx8fwCsdUxEBCV1vvd1K,1129086,f7717cf4417736811e240fba192eada8831b613a
3BsnqoQn465amzbzKf54vQizQSiMiVREjV,1129084,6fbae9ce4f14dce87ed75d074853c2cf84688e8c
1GYHhPT1zciZL9xV3QXAvQxnkq6275sj8P,1129083,aa74b80e19b9f53045a81b6c6e5aeb47b8a429ae
1AJD5bjfsnU5PTAeixSzDgrobfSAvxMWzZ,1129083,65fa4964725442cae1eab78c019c52bb021c96e9
1K2JyxKrg5uF8ZaeTHDJTqaQfjsNxnmEAA,1129081,c5b1b0cee50c0e24ac9901e5d9a013a4ca8d203d
1EWQESx9Xe6JnCbGMVgwytoEpb48zVhmVd,1129081,9429174f5a95e3825d54994eb98b1e0baa3473ab
1DBCG3LZYQfJYruyAu6kbMcJ6NJFJjTwJG,1129080,858f115d13370132c5736ed19a7b144d50b278db
1CryjWTsiEqdbceZGE3EDiZ7Z8UPRgaThr,1129078,821d1fbd8ea80c1710572b4c968394fa032d1e14
3DuFE9aadeYwejaXR5QTwECR5YZDGryUKY,1129078,85f19b2e77b01d5b18fa2cb5f59f52f372781846
1MwmX8X4byR2TqE3PQdmZMesy2SwN9KMX9,1129077,e5be23fe53e53d5f822a9e73867ecb6530e45b39
3FyrRPz6PNk9A1eUQjUdfSPKFy2jvhHiT7,1129077,9cc0e6672ee7ad8179decf1d63f866c56ff9c832
1F42EzeBCC9PnxJvATvHmgiK6BM6kq6m8k,1129077,9a240b8675609fc4aa28513a461c1f19fe7d53fd
14usVGnUBA3AedETpQYC2p1Q9eDeBu97XD,1129076,2ae826f455f8094985b34df0a76d15224927f154
18fit53gccBnPDhWmQnoZAr5LgR38sGqir,1129076,541ba5aa10b87eff23941e9e963825fc7c90bc4a
39jC9sMvs11KbB7WpR4y1kHhtLhGH2o6EM,1129076,582a60a792746ce3ec6df79142366818f3c279df
3BJrEbo7y2duKot7tKQgZYECPjfu5iwJjD,1129075,698004dbfbc7b15587e310799a3a2e5669ad7449
14EaxKki6PhRrr7oVXcBS7a3toHbT5jQrj,1129075,237a20cb46eec9baa757d36e026d657a00045aed
36iGezkjFiQVJtNbnMnDpXWkxRB9hT99gM,1129074,371557ad5f768d79559e64ebb21d51960c91c23c
33WCyHA7T9JZLYbYAsrHWnHhmJzRbuZvSg,1129074,13e4e5cf84a4c22231b2bbcb0552bb4c1fc6fc0f
16kUQsuDQqpATBjgzBi7VXSFfr3WCE5o1b,1129074,3f1165bbc0884dbbf79c4a3880f954afdbddee82
1bKgzi6XapioVAahgfSwa8dYpNPdQ5Xex,1129073,067dbe749e9163ffc785a0661bb8fcb25e9f27bd
1DQw9DCHqUguXKZF9LU1Z8fuD4JhzobFQP,1129072,88284588fc74bd5bf2cbecb9e559d1fb4d4bd975
1Jqv8oozt3MVwndcirw6QiHAz3J3BhY7A1,1129072,c3ba7582a068dcfd68b7f26435713385e1393198
17jE16YHXyfi9tajhLEkNgFUwPJb61Wg4Q,1129072,49cd140d2a619cf7f22582a8c1595ee4ccb7beb1
17eUukT5na9vctBK9cEdbVBEpNfHdUgiQa,1129071,48e7716478d6b921a3abc400b525f2c2a73bf78a
1Eb6AJGTetziDWwoUtVs3rFaiypSC3Vtqh,1129070,950c15e30ccf7d83d4ce9ce5ea1849bd5b02cda8
34UJbLfbTJYNGr8ZvxybtmWYU4GWwGBWBL,1129070,1e80e2645d3ebe43da5dc625df1ababee87e0918
137RYKX8BMDhETYwNfq3i7p1WMRe7mvuqV,1129066,17273b7743ed68484012ed68d5cc07e584858c15
3KETXdaHFvM5dpF9QKSYiq38oWMQVUe4eM,1129065,c06c68369e63eefc6f447406bc4f1757e6e28dbd
3K8hcc2fbJuByBoa6mZEVe2XLgZ4Jd7kxs,1129065,bf55ab648652a53ad5cf91e60301d7f624332356
1L7VHnQu2kkxmqb87PLK7KfSNJPnCn1gg9,1129065,d1a4801c53d2d2aed510ca9b95a42e4714d69bc8
1DkkX8926pJCEQrXEZaEw6p34SbD6AQ4Ps,1129063,8be7b95155874d918c80daabd3c3ab85debe4a47
1CoR1bN6rFM1E6cQ9ZUZ5RZ7kdmC4VP4q3,1129062,81708f824f8bd1a3f748dea4ef659f87cec6e822
3AYNtqA3X9Y7ZzbQturGoc6s7W4mYScLHA,1129061,6116e4c7484101b281151c333a7c4ef10a7e0bf3
158jCz5f1Tsz6KVCvh6DKHWwNnmk8vPXrF,1129061,2d56a5adbe17c4d85151c3e3f55dc35655cf9f22
13mc3AaXVNKwLRsh79Pm9W7fPPBerV9Gde,1129060,1e5fcd341d17e2c7849bda38e7910a39f79a11db
18awHvCERubSUpnvDJ8e3cV6HMjgjLKjwU,1129060,5333ed795e89327d28be0b5c034228fd09e48b41
16kubJibymVSvCwLtXBFTmEKkyGpDobqKK,1129060,3f266a9af888cd32200a9ae54d0b567ae82c9b27
1LQr163NcLrxTjpFRtwsqE6bfdxdcW5a13,1129060,d4ecdc84f7da13065574203c41effbd4481b4512
3BsX9DNF4eswr4xHnnA2nbkX4KK6ie8whL,1129059,6fadcecb73f3c2c7d613a2694ce5ae05b737e4cf
399zUCAxjL37eHx9ymW2jjC6RwKBjfTLSq,1129058,51e2e5bf7abf6a97b028c7bc87015e2b025f277d
13YfuEkyqbbiiTMN5vfCnVwpfn5pA64HP3,1129058,1bed9e7700226b0321c991fd4851fa51c0967187
1BL7bbGtDrgoRtWiNgqhWdWdEDbHjxLQdc,1129057,714eaae1a050c0c948f95c945f62bbfb2c5f170a
1PhijqvwANFMx5soQwaBoZfMi8vWaxqeme,1129056,f9063f567053829438efb7b3086f1ebe380d7509
1Q35uySfosxScwMEDYp4k9wrXdDuySacQm,1129055,fcafd38e6b9de552b1221077faad9a57d5a1bf75
36UmpR2CwWsCRssdwSeq1e8RpLma4W2qep,1129055,3487dcd09c5c0c431ea5f1fbcd103630673f31e5
1HZrADpFoBtL7SHa6XBbUMF49krCMazhfv,1129055,b5b85bf28258e48b1bf02535d15000a4bd424958
3QNXMTYx1k52wwQRHAUZE3q4A4pUBW56uw,1129055,f8cb8e6ad377fb1400f84d0dacdab75e2ca5ffad
37TfgVDxAg48MnRpqRYt788ABcKUshJSXa,1129055,3f4a7321e8c45e5c7b23b74924b6ac9f8bde65c6
34PihsdEoouwvxau3k79HcWWcCAGrUuvzd,1129055,1da2eec98a116894cbdccda597f8587d0cda6442
1DzE8MEHCYzvYHkDx1w9cYuWVWcNcjngW7,1129054,8e742d45db4bf0bb7d40dd2c581fa0007b5143d7
1M5daoX3e8WtXAfs4VT66Uy6YRsJAGE616,1129053,dc42b7a10a347ba21863a720249e2f1423627562
1MCfNcmZ6PWY5k2FJfRegyUK5qkzZTiJjS,1129053,dd971f884ae191d176d8a287d8bb428a21b4900e
3KzLKo2dQ5qWWNTdaXQ3VUMGSuEV3Foseo,1129053,c8b8b21b9dbce8e6eb049f573d95c52e71709cce
1NTkBeCcnPfZ9KJxviBp2ffbUhwUeYPYPZ,1129053,eb6981141b2a228935e0c62547bd6ea443a289a6
1JpUX6FLrCpgAdet4ZMk9PCLM6KNWf2iXo,1129051,c374a8fa221629bfe3cd3c28e698ab6864415beb
1PX9ArBWdLBkJxW53rfdSZ5bZGRBJCcjun,1129050,f70610de8e5a5edc0496daeb90b35bc513aa34a3
3BMEXfUG9PnPVVSgmrVTXLSunFaBHNcMSn,1129050,69f3760ec3183632300b12a24ee98a6b03d91c7c
1Kn9QuvwfZ6AaJEiVFDDCccMpAoAUC5YyN,1129050,cdfc012e335ac934422d8f3d8141d16bbe673825
1AnTFLAs4r9rk1W3nqtrx5bNAWVf6YBUBz,1129050,6b51c2a27b3aa10efa2f0f8404c3ba378dfe6580
1JTgtii1dHeUBCG4DFaCmHSRUSANAeeq3E,1129050,bf8640d51e9cff22d04f0bc6ee75a13bd58f6129
18EpGkhBG5UxC7uPT2fZ5K4KLvygsnBnsH,1129049,4f65bf935241b25a4a25941f159c45a86dac2594
1M6h9ai8KDspB8iAFGiGLRYETUnSxEBDwB,1129048,dc761bfb867e373f7263355ed42acf5eaf203fc5
3LERuErFySMWtKWgPEBpwPZ2hhbQuy8f7c,1129048,cb632ca1d99dc32c89ff88f68ea9603b15355753
35a67fU7TJ3qYDbWoRX1F28a9a4Gs61MvF,1129048,2a911729d2c2135721a78a4ec03e3e9722fabd4c
1D1Q5zZLu3cZUf19uefNK2c9JCy5u52NqV,1129048,83b4c7db5677443c8dad205c34c80e8eec9ffcff
37UbtvESMcD2HNo3FhKourZ5t6PXJ1T5DU,1129048,3f77b4a0e9c6c7d1938ebe670535b1967bb2fc76
1NrKWzD2MW8wfzFa1UV7JFxCUCDMNzeJ5w,1129048,efae7b1608e421a0282a9fa09cc7e6295e37102e
1GtKwQen3nuEZvSnTe9phDMDMnhVQsVmMV,1129047,ae3ee8d58e9e48b7bd2a577149e0a04b8cafeec2
3CPrg7wXJ7T1CeCSaMSAU9wtrmN48q8UAB,1129046,756a978468c05b62068c3d61aaeddd99e9d52b5a
35mXSvSyx5DjfP5yaCHbBSsKyS4ztzrP6L,1129045,2cbacfeb3ca8cb32c4a349e8555f697864f50cd1
1NR694uYo8A2UyMYkXhm3j2VqcpLb1rocN,1129045,eae8ea18c3825a2b1e9d1e12751c48a932a9694b
1FcNrvQNRYvKnwWFUiW6MwoQK5ohr2HCAH,1129045,a042916a792942e2a735019ff00ff287a3b0683d
3KWLCviP3SxFi5bFcKygmQPSgD6HcHYNSZ,1129044,c36cf330db00d03cabcdde3728bd91ce386902ee
1BMof34pzWxRHbhPCvWRrwPn2mw9ihBcGq,1129044,71a085fb1bc479d1c68dd59ec75f0c238edb7771
15dwUDZW4mQezKh4L3rkqPJgY9tqfvT8k2,1129043,32dcf2474d2e11b53b728160b9ccd2159fd0e817
12rkm74BvQaaEUhr1cwodCPYNHEpjTwkvB,1129043,1461098a974c440af1e8b4f8cae561e15733551e
16nnoWbhPqD1eLcRsfHqChF3M6FMCtBEoU,1129042,3f8194a8de8a3f0f4b17150527c692c25cfba122
1AEr6sbXkCze37EkQtUCvg38iHL2EL27aA,1129041,655786f7832cb1845bd75ee2671f11fee82b7af6
bc1qk43xkjz9u48h36phe7qcctum8wyv2usmszdrph,1129041,206404e65aa936df671737e2bce6b28c3b6c3fea9b3b5662abb5
3LXm2yvYqTpoGpE88r33qz1wZ1EDg4rRQK,1129041,ceaa37b025c899fc993c65ececbf8829ac59fd61
1LhgsztinbdmVfkiV7DGcZbtbGtsmLob7u,1129041,d81c51627049a14966f2f701032c24ae9f4e6b7a
1BTGmMCaLpyrS9Ny38N6qLJemzDTgBbqkf,1129041,72a93b8484508033a291eeea09f6837e1a55db2a
3Ckwh5HoajccNox4YPzGgzmGajCTxwdoF8,1129040,796783bbecb1a024819677f086dd1f9ed2e8ec38
14YTxAXehRpm53cx5LYsnSRj9iMyd9xpAr,1129040,26dbc512dcc2a1779161f8b327cf832ca5107bdc
1Ljo8DBR8tiB11571rw4syi6gXdQJhfZ1s,1129040,d8825ce876c6f6c23185b4b793cc94c38be2a147
1JZJ2fw1Wo89edDT8fjg92HBnVi3NjESnw,1129040,c095a9fe8292e1d3656cff6dcacdaf662862d34a
14oSbfu5oTUNWAGjMWyfrcL23JPF5NTu8p,1129040,29b0e1294369cf7d1e0e2a7cc532dcbc990e1c74
3QfMquuiLVwNnboxTDUx3zDspjCPRAVuGC,1129039,fbfab08aa4b2d23b42fda05d4836f48e0cc857ef
1Mk1NJzRtuaaKHEBx2GTWAQpZfSnQ9SSAn,1129037,e384b56fc30a9bd69a70036843fe398bf203d629
15VQFCj2E3Xg4hLu6mw52bbzh3aBLopjCR,1129037,313f8dcc74cc794d95d1ac59f6cb191b941bd34b
3BMEXdWe2oVnzrCD1YTtof6abNjaDtNFB2,1129036,69f375eee764469332f12945eeddde5acffcdd57
1CeWLSsJFfA4MxQrWsotX7eNWh7t3qSLb6,1129035,7fc1431689a4e15ace81d7d66607752f873f848c
14wuqCZzgaL5GMVVRUzLgSnTvs19nX8dez,1129035,2b4af0be81a7c03b5862dcaae2176f83a531c26d
3BMEXQTqK8HTzWmCFZVn1TuQxrHeGkBqBo,1129035,69f3751ab4c3e0061e7bd7562ed8ae00309e3749
15hsMht1SkLiDS7ubWkGJpBFpctcmzPZMQ,1129034,339b2d7066b2926a1fe2a422238df17da162e295
1K1PjEBZMhJKv15uoBbL9vbCh8LKkVQGhL,1129034,c5853c8d7fdc2e94c0f8386c4d1dc424b04d9ee1
13mnVXZP4YTeKST4ELeFBu8DY9jEv2DSKX,1129033,1e68874ff90b70de865ac621ddb133eeede72935
32jekyQ9ddCnkbkCUvCZ1gzxyXXwZZSsZn,1129032,0b77b4bd03b09742080b27c1cf51e39c90d5b380
3Av4vU3pLz4S9yTzqzKPi6R3Fazqh1tv1E,1129032,65310af0489ca2f5c22e521f47a2cb9d65d59f18
13Ltg8xkYbMYcfY2Jzwj7Yj4NQjC4imcrk,1129031,19b34a704a358f8484ff5a424cbc2f0a31e48a2c
1oE7hdUw9PCdZFzosyQTSDkJzt7UZyXWU,1129031,08be1520d0396d0dc435f876bfc92f7fc6ee886a
3BMEXe58e8nkz8RuqF6rS1tLjTihBnVa76,1129031,69f375f803b879baf785bb68966cb7dd66beb34c
35EsUn2xVb7aZya4YNzHG7sXJ6u8zuwPbN,1129030,26eea3a42b2dbda3b185df8be6bf43e8c934fb80
133fix87N1TBL5V3D3mkXo7N95PphwzUdY,1129030,167168769799b2ed6ea6db2b1330fd6027434289
3G9h8TARbv3cCn3RJCCQiwtecAhrmjqq7x,1129030,9e9d4d8c95609260e119f1955bbcf36eb9049970
14SHxhDyDkEWpnyf7sJDPuH7cKzomktfWk,1129030,25b0ef203af90b18c80abf5181dbc7875ebc4d52
14ETZ55GkJATdEqqebxF5JbvzXiCUuVn4p,1129028,2373f33ba047d84cc65632831d52e00a1dfc69ae
13EuVr8ysck1DmGcwYBR3M9P8w2cxAg3Ah,1129027,18917b4e60028255617137966e0b04d3125cbbd2
3NGr9dak46njsUZuShH95iEx9iVtVbxw2L,1129026,e1c87fc9058865114938f5ccce6ec33db1ce0242
3Ftf38LKEmEKVc7DSkicXYhmr7KTtTpQXh,1129026,9bc5513dcdb539438b11c52d9fcc839bb390d043
1GVL5AfdYBXUciNNpUz4TNYABo9arcUXkK,1129026,a9e5743d05b7d5c47c505a70194dc84f05336f40
1Dzpnvynhy4513rARzZZvmbA4bRDLVfYJU,1129024,8e911d28c24f58b5c91179e5f2b0e72f6cbc2fdf
bc1qqfcqwaxmhp73zad6wdsswhsa56vkxnhxqzsffk,1129022,20640e4f3323fd586bfb75abea5df613c5a71284ad26e6f3361c
1GdPf31ovEH2HjUFbCp9SYBwZrkMrDy3fG,1129022,ab6bc601e47e3adcfcf5dd753565503cf776bade
3BMEXeKCrrj5WSpDPLMpypDJr47f7s6Q3J,1129020,69f375fbf5d8a222f09892f0be0ff1875250d26c
14A9UnnBaoPEkYMo4DhekJ5vGV1FZRpgwa,1129020,22a332f350229eb24b8c4be10de6f0c8c8344f73
1M5V6KE8ixjM9v5rboe4as4Jxc9RBCgiVE,1129020,dc3ba1153d0f7100d11b83bf2121325153a0767a
13VzgoGVzk65nMLUFvmXtoSkobnjBCsWEu,1129020,1b6c0d6fabafd1e345b3233f0569eaf322e8a2ac
1PBtDYcWJLLxK9j4tSuWxwnudpG9UDM4Wq,1129019,f361ae1910fbdd0a566ea09027859a1aee2933d9
1DgFFKcCP64aTMoAFcdbSGg3kDYJ98HhXY,1129019,8b0d9fe836eb9b50958bb37c2da63d2f7d20c7dd
37KVeWA3JPsxTQqMro478nBvkSdFAPXDKB,1129019,3dbebef3e2741f73a2c214b462a77106c673b1ad
1KEGED4KyLP4gfgaioRaL8FuiMmZNpz8qL,1129018,c7f462111c227ebbda17a564ee5b4768fbe5f6b8
3ASq9mTrzHMAWj8pvD8AEg1ChBWrFmV1wx,1129018,600a510ad2fffcb045b9d53a8bdcde79043de230
378mq1SSSzHyYX1yzYDEjg1hTx3PrfhkYG,1129017,3bb7ad7a4189b4708821c44afaad4e4611471aed
38iUUw3BXJsUoV58STEJMK7JxRKGcDtr3r,1129016,4d0f775fda1c66db2dab9708164826df15ff522c
3FnQeRBvrjEWQ5ooPFdwkwtU4XZ9AB1hPe,1129016,9a96cee147153743f326900bd823b1c4b2ac985a
1LRCUruMgtG2DZjxCDT3qpKRUcHNHJq2B4,1129014,d4fdf4cf652f7be147de1e3ef4cc92df0455a362
3KX6Jc1CV54iLbhUNr3wtp8jTgTFA3cziW,1129014,c391c2d29a10d2b8db5a3d9e545522bd2703aeed
18HXy4DvEcWXtKLqDg8mEiw9dq17hTvaJx,1129013,4fe962a8b624dc9fc1d6a4b9e0057025d55c4e56
19z4DJZb3qNg9S2zejwiuyhp5S8JWVEewR,1129013,628b65be231fd47d302decc583f8cf0b00bb6500
3HspccK9WrMgHkVqjj9QoSKaR3KJey1HC6,1129011,b18d25cd966134782e46081f29dad31f5a3a0ac9
3JTTT1KJSqkvZKS6dSGxyqCef5S9B1soFi,1129011,b7e99f4add608f76433ddde7ca8460c037ea3cb3
1BwrgyUbmxm5CpKLjgthuwW4N3sB7hiSth,1129010,781132bf4c23a06e1a2f8aadb27d5d77b0569268
381ezctuaXYTt2Y9QpVdQ5EWAcFXiaGVda,1129010,45572fcd027f088ecd25d1a68273fe94c8de584b
3QSLwVHC4NRhbpDzQZTrEbQxJdAbN7ev7r,1129010,f98487109672c015fcd64646e7a02d3e06122115
3BMEXNPx172TQRqkcHmBRdGJWqqyf7cHba,1129009,69f374f91794ef8065800898a424966e58963296
1GRkUpnp97han22KuuddUx81eJhhpUWe27,1129009,a9382a35e6fe6d6daad5c06e9d959dd1601c306d
1NBgnSgfNKVJracgfACm3U9ConQM2QA8kg,1129008,e86002bb24908a3e455e6124c7da3f5ab8fcd88e
1GVcoA9jBrdkWryPGeqZuu36tLzuj6spKT,1129008,a9f36a1eff665dba47988512d907e4dea1abefc1
1P2SD6pbqb8DSrCVuT3miu6B3zrQWk4RPJ,1129007,f19839ef3f1d4650e4f330d0da98c01449ee8995
1Ph9MgWoZ3HSzn3CFvDmPNoKdRRm4vnrdH,1129006,f8ea61a577ba9f2193a7cf1f5a18a83e5319b056
33vhAMgq5MkeN3k5tEEbahrjjx9QjJnPu9,1129006,188669d773584afcd3849bf2df4f744b798d2825
3D2rcV3cogLd1fSdYAZrPK9gKxnBuMeLEu,1129005,7c69ee1c35cadafb6b89bcf6d99ca9ff555c2204
1L7iKi94XUDFVgZjDoXoaydRhmifxqgNU4,1129004,d1af614858c189a356d103ca1b94f0f4ff424e8e
3HbkYtU3yUVuFgnmJe9UdnLVpYTXXzktJH,1129004,ae8319851100e04095afc756defa44ae7aad4aa7
19aeRjyB1ozLXhNWtx9Zxf5VTdEtenqdsF,1129003,5e1df9a256a3bed1662b622a8aa5d3b17876ddbd
15sPEsvsZkAZpAXFxZwPXkjM6ZSs6PWoHE,1129003,3567dd9a79cd18f3950ebd89c2ce44ea666cc3b7
1PFN1RnGCjge9MNisQKRiKnxLGSYDf2u3i,1129003,f40a20744aaffb2d9479182fc5901ac44e1d1e1f
3BMEXW3RipNRwzvKaxVDM2vnVrVLLQcHRj,1129001,69f375756fea76c112f2dd83f56977b2c2e3a19b
3LdUXTQVc2RoZ9J2iz4zF3FmQYSzBHdYNw,1129001,cfbeeea62a79c440b9a81e728a8be4560f585011
1My8rVv5Jk2ypngrrCbTpghTrsYmHKc3vM,1129001,e6005d809348d2a57413b54d1d645f3041b31722
1HHRLa4FqrDJ3CDNNybgrj4WkbXA1ZpsZ,1129000,03145c9e38d757edb94bda5e09e492755d3d6fe7
31iuQao1DhcAHdM7mNoG6pVwmHtz7ZqjTQ,1129000,005b6465a36be0b24419198d65ea5396a69c26f4
1MGfazUMWWdysDhUq8Ne5Qz9sAeXSVbpcn,1129000,de58f711c1ce24f2ec1eeaf1907615558d0d68d4
17d34q1EYJH6jFhaVJ4SUQPttzcVTD4n5o,1129000,48a17434e46b95ba146a06dfb03844795e07d895
39ALkugbx7bGb8b2aPhKvuBrVCRC1H2ycb,1129000,51f3d54c01e8e731e4acf301bcf111ec061dd572
1JNH874msH3SW4B3k2thfHEK9E4PGvApxZ,1129000,be8054f774305c31e27226c86a32417ecd08a9ef
35i463pxVkYeoebdTSSWdbpUGRiLsJxwKF,1129000,2c12b9b561c510b151de2073adeecc939dff07df
364kMZo97HH7SgpmaJdjbRCYh2tmW6Z7Um,1129000,2ffca8866051bb557fbc3fe7654d3fda8730297a
1EM2jyQSGUfWFqKJELzcyFeykhqEMxdvtc,1129000,9263685c59088cc466a3267c437e4cbd2f4001f9
1Lcwcpkrw3q94hyoPtPNJ6EYuoyg5BBg3g,1129000,d7368a836f4e7bade46206f09f8c8943ff00b14e
1LHJzxW2Xm2y9HvFHz7hxeLwCUyjHsRdXU,1129000,d38011ff687aed631b2d365ac83bce16f956afd6
39hgFH7DRNKLgyyeQBZRFZRNVKx4W2mry8,1129000,57e0ff286ed5775199122360e11a68dc70430bf7
3Fo5kEHLfdNUQJpZd4htpih9NhQ1QGFcSD,1129000,9ab772846f8b78b16b7b313059753d6fba75a47e
1F9gLXKSFyJ8sAyzqsQYsMPzfjz18Dny5u,1129000,9b35ecda4eda43f70d05a214ef002aff31f4525c
39aWoPV9Tp4h1Ab5tnCAbkafCdVRUfuU67,1129000,56863314e1b75cfd7328bdd96090decadd16b462
15JkdBwPqeyh5V1UUx2Dj63PkB5QWVYVqD,1129000,2f3bfd6b3ec14db7a44cb6ad1e9f3c9787d49ca8
1CwqquaUZm9fnTRkMQ6So6MPiYdoPxVfBk,1129000,83089e298893bd6c8690890d169eab230405404a
3C2wDC7uFcX5Qoa51rmJzMmbLCh7RD2Nwg,1129000,7175a49509d68cec8a257933e1b7c7fd79add54b
1GYLx2GB8DnngnuzrpDKu1uDbM3mZH3JYP,1129000,aa776f11ed6803a6145cbaf4c5954d7492a228de
3NptJCE9TvgKviRP3M4zeb79vwBi5jPkBw,1129000,e7d79a4a26a8abf1188488a8a32b87514461262a
3KUR2L3eN1aa5wcZ34S5LLV3q59FL6uNTC,1129000,c31023a96dd7e894dc66a384c712e89e88b574f5
1PQgcVAU6E2zcAx5rb7DVraFhEq9hBkdF,1129000,043cebb30c3e653da5bd91a2811618d9f07e415a
3CpokabSdCrVfJrny916cvpP3NKM22rEaG,1129000,7a228d027101d66cbcad16587266ef6c34c47b52
1gvjr1TMjYbVR9DZ962kYrtBV7Mtb3vSY,1129000,078d14d1904b7753dadd30d932f1e8d7bc0c7efb
12KQKpAMqYAeweGwJGBunF6EvbcXGxV6Gg,1129000,0e731552ce1a298d05b1207e4d2ad11e3e67f064
1BfaPrKGQfEDVtXS3ydbxafxc1NXBAd3uk,1129000,74fcf0b568729e1d66fb81141d6acf445bf6df87
1BiSqq7PQmdqtut8Ahj4Z7hc5LFTREZnkE,1129000,7587e24d570f3c906945cca839bd82634505d45f
33JREq2PuLjMCN4TgFE8Bb9CuAPiP4y18s,1129000,11aa25a4bf2beb7c7edd7a31ca11e4cbcc315c32
1Et6aQtrT6QPN7NnaEUzVrGqTShfUJRBqo,1129000,984381001a8ecdedbcde112e8ab021e35fe7650c
1EWjASrWSNaBCtRaPEndJYZSyVVTfWpcsS,1129000,9438e4d427a86e021b6c77ec933357c2d05b1cf1
1E9XMmZa6S9VagA4S9er14WFNXqZNCC88P,1129000,90364df5849beaeff031f54633537770a87c983d
14rDvhrd1BteoPLid4k5RaWFhX67mt9J8Z,1129000,2a378cac9a03c55c8b92957b2a453e5209495def
1KYaPp8DFywoqBLUBoNRkPWJEXwA4xcJVP,1129000,cb6b08c567fbb30db630e8ec6c2fcf06260766f2
3Ec3c9xdUpehJvuUCjjk7dHvnxoNHw3hMt,1129000,8da8f5d26ff9677883ff34ac5b4128f5b07324bd
1NUdwsutPjDm7K3nq36Q84hoZ8hHzgsdmZ,1129000,eb94b6aa4f02eb80d832a655d76d3da36ba5618c
14q39pmRVEPnxSZt85f4WRvmybcbtM7VcY,1129000,29fe23d8ade868280a5394bbd605b2438e9fff4e
3BMEXTUBMAqhqCDZ8oss7MLUXFsS858vcp,1129000,69f3754b9714653a2089aed3ec38f1a3c4c791b9
3FNXSohJPJsVVaVag2AVe4zHwpvm3ZgNkv,1129000,961280503824eff5bfc146482c2c2815023bd81c
1EL9AqcbB8jfH3BthhV1rywytGwPvJ17Lj,1129000,92385badd82c35c89dcf6a06af67f98da3c0b175
1D43vjDccVMGS7PYUTVrf9vqiR7CipSwK4,1129000,843533385c01071f11d0c3770df885404faeddd7
37cBKKhJGh1Jq2Q1xephSq4gbXV5qFBZ2e,1129000,40e683fc104ed03cc813bc2762c9fa2252c71805
3JUszAS9uRMpBtQf37bfNDfVPQbjaWicrF,1129000,b82e8554273baec0388217df21ddb114e716619b
1Q2jJjC9nfCuTmtAySQtt6CoDZk5LkenNe,1129000,fc9e9fbc0edc4dc92c9a63cdbfee0095345a41f5
3DZyDTgeVVW4kEAku4TH9H37pv8Uiw5hw5,1129000,824c563d8b1f156168a0ef0da7252899ba1eb9ab
37vAPQiVz7YQ4NFgZCBtS5xSiEHYMyZXb7,1129000,444d3a186226a2edec7cbb0be8145907f3141d9e
1JCYDduaG5ecUX531ovLUryRTGLQA3nmwy,1129000,bca8c5f4da0fcfe4e0c31c89e714dd9736933358
1K1jm8q5xHLs3Zmr9q7exkZYUqbxR3EjQg,1129000,c595f58ad7476f979381009398e56d6267571895
32nWyJmQ3sETdSJH3SECvuMEM4f92nPumC,1129000,0c02740e6b02714cbd7cc2aa7ade65dffa9dbf0e
1M6yGbLQa4KAPAQrWuhL3bjXmkmkDUAyVY,1129000,dc8390fb651d73ab950f5d5fe1e8c781f6e67263
3KGrE3cTW17apn6vADEvQUGPNNEVa36yau,1129000,c0e02f72941fabbcb5277f9e6f4596ad667f0458
14JXR3wLSNedP5QpK4NgxJc3gKpZjRTAoZ,1129000,2438d66c10c36f53be3252e4c99cd7fbe9e40e6b
1JTniEnTVsMin5rwGENdaEkq6a9GgmovGE,1129000,bf8b1c67043fb67039195df36cf5a9ce991d6599
1Msw49v9Nfoe2Z6yXVAUB3FhAoMJG1Bodk,1129000,e5046fa33ddb67d2faa263665600fdf9f690af49
39yFh3GkB6J2zR3nffebz8zb9VfedtbuP8,1129000,5ad327673a626b068654199ec2f5f52ee930fdff
36EYc4tuhQ8MvFWKsJ3pRp9svzHmEf9Lcu,1129000,31d70271034e20d13cae97f69ea891ba57979a9c
1HJsCXMfAzdZM9usFD9G3j8vpXMh83vZyC,1129000,b2e2fcd5d54ba66c72cf68ac023424d18fb12a23
18fpi2GHHbXmY8rbNShBi46EAisYa4NEhK,1129000,542082d4cecec8915a6b6e39ab06bda8207135f2
1LX9YtPYeyysqQnjeG7CdEHwJ8ZyaS61ch,1129000,d61e01772cbc65b87fad90f10cf41d7e1a91c7dc
3DMeJ13MwNep2Hna1qE4ehXRRsaTXsjkGc,1129000,7ff78cdf710e1d23ff49ab4504db110c81edd09a
3PsBUgvpkekZRpQZd6dkkeAJJ6haCb2mu9,1129000,f33ee6ff43b31f71b67935d7646a1011e2bb968d
1JUHMhVJp6PgAtqy8WJLneBK6iXUQmaHLn,1129000,bfa305f7ee5ffaf120b7846b1e11e73d58d61309
3PBbD6A3DAr1NpiSAo8C3p6SKjyeQPmDXq,1129000,ebc212d3604476651d2ee548f83062d15557e028
1zkRF8Hoa2dNRuhrVZXRGqm6FYbNNwEDg,1129000,0aebf40ddedaaa703ea005c40f768f93f085fa78
3BMEX3FWrUX3ekK2vqJXcDVgG3AUNjrMH5,1129000,69f373c1bdefdcf6dce1138def9dbcfe412363eb
3NDTBxJKcGszD37TbGrwFpeeDb2fHXUFiW,1129000,e12415d46040e66c7def8393c82b9754c5cd13a1
bc1qprvtyv94vd9jjs5hq7yyqtes559vkhhxj56a5a,1129000,20640cf5c0cf372e0574b8c9bf0f249450fa7444ca92eb196072
12a2ujW3bAsPSFpfAv48zXrpJaBeZBNGGv,1129000,1137723c2e9db01759242cbc23db1dc9f3c29574
1BB7Sdc7CEhobk8pmcrevYEPUXpQ1oBB1E,1129000,6f9acb7e530732e45916f6c5a7acfcf82e349855
1ET5nMumQjRiR8ZyRamTcgNDAWSLGfgw2e,1129000,9388712bb4d4ea33508f6b4aa4fb474212a53ddc
15Wt5ug8n5SamV1NiCge9rp1FeVb5D5gyg,1129000,3187359639c360f4ffeb219310824d984877955d
155wZf9Qitq7c4fHucW4FWhsK8rCs3Ve5x,1129000,2ccfb6c45d719d23b246316399f628f89567e842
18A5GXWPamF6n9cBLHWZSaJqpcvUaYj3eG,1129000,4e802fc6fe44f41d5218a290f8efdbd3ac12306d
3Lpyo7u9kjgNcmEwJ9UTyVY9De2MDBbvx5,1129000,d1ebf0f3e1cd5cdf777036d46e3b46fb0fa6db8a
1F1mqr1bPZYrPkEC8EojQjssQ4L4tkhhqp,1129000,99b7317d5a9f38266875026e46a667e537abc4f9
3FTdmcsuCLyeJhuY14DJ8M7ECFLeiacfuL,1129000,9709dc4002b56047da6273accf0a8583a96a1d3f
1NSB2vweGSsYzmse474E1jPitfxdHK9VxJ,1129000,eb1d6a75e6231e26731b06157d019667b734936e
1BcSL82G8pG2oKLDPThJxqLw2oguPerkp9,1129000,7464f5ecf7069992f637b9ea131acc3f34e4189f
18ApcHjqT3Edf2cQ2aqSvXBJZHRW3MC4rC,1129000,4ea45d9b792999fa2a734cbf6a6474f1148f082b
18hp3tn5pSjTDCDJmdc3tvr9q26ifj3ddR,1129000,5480cb51b071195fbe4a9eba7709ac24e6ce0eb2
3NnKzEXJd1Qda7P1r1DKjgC3wbP9LZdQnU,1129000,e75bccce45e4396edd21e35902c6a6d9342b1339
3ANEZQWFWmRV96BUqzxConNBVERTGwxW3g,1129000,5f2bc6c2ed8b25b2ca3453a14945829e5b2f50dd
38frFsZVLCxZYScqEZUokytKK5m8dnZqSB,1129000,4c90652763d3b361f4934d88983ae36261ff7e02
3CwXjrVXZNKJw6yPjSdb2nHFgERw3roLRW,1129000,7b681891e685a57768cb2e028865c3e09bda920b
1PvQuHe9S3GAHAWpW3fbGFVC2RrcfXpsvQ,1129000,fb6cc3e318fd128ac26485a6826e17760e2f43c3
3CbYdwBr7JsC5XfGMexWVALv77KByngKxG,1129000,77a086bc33f63dfad0bb195e41fe8b745483e338
33q9mtsRNyVxEoJoAFyKcDQB6bUCMxkVpL,1129000,177a22028751591ff3a9c4c30bab16eeb0b75ef0
1B49pAfgcix2HYr2ShTqxg7BKnmAC2AeJe,1129000,6e49dcd526d06203dd91b149cb9f0b1c5323d1de
1AaPbFVhLoVCX8R55e8KAsTMSzWG2YgSHK,1129000,6909b766600fbc7e8d193fe7b80c84ce7fd1ca67
1KNWiGgfYy71A334psbx2JeHHebKPREf2i,1129000,c983cd1fc25db0a17ee3a20167b51b3b369b3a09
14DFsTyUGicbMfnMJaMtGocsDZp1NrP4xs,1129000,2339c82521460f756a41af86a57b68ed7bad0ec8
3EvWqcjRfyoeggzSE2pK9XFM2NPkRWsWLA,1129000,91272e04ffc818297ddf0f1df067e08446b5b57b
1HdDHrLeKmEvKse96YhJ7A3QJHpoNhSYw8,1129000,b65b3f2d13d29b7280d0a688537245264d949da7
33pWd8vEcPWmB1izkiojiJktW1rP1UYWwY,1129000,175b1eea33e04c17cf0e9678a610f210bd716267
3BozjE8auWT26eRLK4KyWpbxbGYcobSFvu,1129000,6f032c04484d22bd64bca4ac928c020211c0d637
1EjN1Ze3EPMZavpdp8FAPygxuypeReoP6J,1129000,969ca4c30159274e99c09c2263b959d42f1d572d
3JMbiZcn7Y9M1yGeoHBC9RHw5aEDCv9vLh,1129000,b6ce0747326fed84cfe47385992b0793a4f0b38a
3LnaL85BAZR6qqss4hcXoaUsmohyXyX5ac,1129000,d1778574c9f331194de941529a9e1a55ad480688
34SdNkqSbB8jewAmaJYyvrdJnfmwuDYeWt,1129000,1e2fbb51e41b987396f0477e0f3640cd0e444a86
1HPoiWTz4RTx4hieKRHRfvWHTXixuaZLdh,1128999,b3d228f37aed13628bfb534b2467fc9d770a5928
1LAcLzZfSmrLCJCkeFUf5QNSiTzXK9Q6mk,1128997,d23ba347e408747baf7a8a0165695ab80648f824
1MMJWcWkgyrCp2WKmisckqEi7ctmKaxzLR,1128997,df3973b57cabb6c54c508509763d9610c7a7770f
1LZ6548p8Ma3aD5SAd69UX1PQeJC5bffbc,1128995,d67beecc6354b6577282ce6fb4e6545230ca1d1e
31jovyficL5pxrQC8YwQKr49U79thf4c1W,1128994,00873cae7bbd968e4afddc3f008a5eaaf473e3df
1wrfJsNZti5xYd8adaz2yfMUimJQaRknm,1128993,0a5fea9a92d7b3f9eed3b433246b92f7ed1cd2c8
bc1qd7ty99v6kgwzt4z5eepy4ujskgsw8fpfju9ddg,1128993,2063f946d6b6c71b909d71a37e8515cf99a888961dcd1a73057e
1GPUYkXc2JheXLHFLAeny7J59dmayFJz9L,1128993,a8ca08895b1554b4a99293e5ab5f8d082c654958
3QTazsRkvQ83cGXhaorUmWK29cDZApq86X,1128993,f9c0adc8a8f6043d9d6a7044bab71821179fe066
1MfeWCH9DqmthkjLzkZir5aX92kXFwUpye,1128993,e2b1a0e1d25570f87415a10cb72cd6a64e762707
15vycnrp8zCdSyy8oFWiXVNaWYSnR2R75L,1128991,3615cf87fb8058f9c309b3df1c6d7e7c7ac8f0cf
37wzSsddUSFdSZ2FtLMY7CvzjYifF8yHto,1128989,44a5c2d9b99114089198b2472931891ae09ea57f
1Q5KMgScB7VtmuxHSjooMGPZzhk6aw6ibx,1128988,fd1be151a62c87d93126ba9159a36f1c79e41e01
1NucLrmjGFm8yGujMBihypgCbuRUGpamF,1128988,0424a6b9cbe4630f6c7fc63a40321c1077285be3
32SoJVEEok4MMp6AZRXuS4FPPcuGTqB6w7,1128987,0847c42b749d913a232e806dac5eccbeb9dacbdd
1MvM9DAVP9Joq69F73HVfDB9uNAsKEttBH,1128987,e5795ffdd61048f1ba81ac50c2cdd33066ccd6b0
1CyHzZcFvzZN8XH85FW5a7U6Rjnm79LHpi,1128986,834edcb05eb894d4010da3db200b6e7b49597984
1DeUMBqJvK7hxeuffhyW2yxNGwPcH4K4qB,1128986,8ab7ba9f3bb24fe43f7409facccbc4e91e6cb076
15zg3rydM3bEADx3QS75XTeFu8dTQNxZi3,1128986,36c8cf48be27886e2e9f0a93d8c4d300eb2c1161
1Ciit8JQxj3KTFZr5rdXDs9yFSgS5wJPHC,1128985,808d6621dc55f6c137b546efeea2158103433101
1HKsLdGEtgCTVcVBLbFTx3LBKTMJRPCN7Z,1128985,b313852c1c8a53a67310124b8c9aedded4879252
1DnCrvyyA5GhNdeob7XNrhPTnT4TCtEYp9,1128984,8c2e20eee727d86d75905b14c3b4053376c9bf32
1QEsKk6wHhq1JYqXz7badYQ2sG22LfzAuy,1128984,feea4ee55239e1fec9e1ee9afac839195be30189
1Jvt9meW21gaDK85DZKc3p5u4jDYGvMyb8,1128982,c4aae2179f0af2aeb9ed3ceb300a860b412b0df7
1NBe9SzDu2d8oHZ9iwEEJYPAMYbcj3wrHQ,1128981,e85dcf07921d0aaf79a25668eba31a64f5738f80
3LA1jZ5fWeBniXNnKF8zKrhZw8qJj9RNkN,1128981,ca8d563f822ad3a7a40bb8b71d2f3703fceaf062
36bKAF287rGTjom2e4ouS8Fo25dWgauTvw,1128980,35c4856ccdf2bc9abe0a867321d0a3473df40ee7
1Gyi4MaU5EsyoaE4PAcVca1avUGdr8TXAK,1128980,af437437cdf0e29c3e12624aad101bbf71bef755
3N8pE3fdWwe95oFa5LCJyFhiDgf8VHhPDK,1128979,e04390c4651dbdb32759c86894b51cad88543a8c
1Fkf6yFV2AYtj8bJgjKjuUt38Nnc5rvDLL,1128978,a1d3743cc5e8d1c576b84451dbcf1e15a6b0e9e3
bc1qzauz7rh5sj6mtarxkpj74drkevtv5zqeuku78r,1128977,20641d42a18ae6e354ed011d99a05bd4d1159e9a49164694afa3
16qMATTjDRa7E87cQXaXga6x1yjbptczFU,1128976,3ffd6d24b7dd724a3dbee1f368ca924c9e51c9d5
3PaSTkR6TK5RmMyA7MkSviWhv6bTUT8beT,1128975,f01456bd348f1bbc138d13a34881ed99ab5d9b31
3Mb4nWszDq2cxEsRqvg2MLFevG13nfvMS1,1128975,da42689c9eeeddd578de17863bad728d4ea74ca9
1G7WHd8VGPK2pre1FJ5ranZ4wYYVfc8u72,1128973,a5c4d46a9999dd7a0eb05f41ac7796a9dc54c61c
1JUH2jwsPBtCpJti4BSZ7KdCfvxtzvd4Zn,1128973,bfa2c01ebe6aad14753836e9587a80f1a89240f9
18JcDG34wq3UToqTgMtZJzQsEVQJtahHeQ,1128972,501d58452564e7455571e8cb407777c1fa0f1a7b
3D15kB3xs4nnS9xejKngt4cFGo9sSj9Qso,1128972,7c140f8b7688ccf69df89d9c9298ce147af4a207
15QKwwJRq36WFxshDJ7qie97fDiAgZVdku,1128970,3049e2f5c0b3165b5bc61407314604c31295b7bc
17qNwVByW1e7VtrFTBeRacbRRxKHvQEeii,1128970,4af708f3bdb6d43168183c08605a04826984829a
1GuT7Km3TAZ7uSGyyJCiCsxNpcyFYT9VRm,1128970,ae754fbd8c2af8187e1fa699198ae314ed34fb39
16wfybzo1cdVf7UvoBCA7MogKQjM2XbBnu,1128970,412fa056355cb7972b44814da3fef64d70a646da
1FWzfS83EFu6ZfJgtZbw3xb1g4zwzSAVCa,1128969,9f3df54d6db5f34a254ea977a58e73086535ed08
3BMEX71gDuKwiSXKw3wsgx4zsEdvvX19xc,1128968,69f373fee952393e4922e81bfb425f59a208f48d
3BMEXtt6eBYj7rVRdWA2o1QESUdudY5vsU,1128967,69f376e8db46f0ce7abe6bbb29b767b36ac86aaa
32YriN9PCKZKmDFvZ6GJQ52WbJeNykkUVM,1128967,096d1c286f9a11b4f7e7c2a77321c5cc16294b8c
1KNdPQZbiSgHsW73R6dahLZUvhHaxV2G8A,1128966,c9895f819a20d929293b861473f71de6c21f19ad
1NNAcrGN3vxmGh1LBYKYJTjqTerJ9zM1QA,1128966,ea5b67cab1c411ac0790ce6d6c3c528ece52ddec
1PugcUy9cZeNnLdaQQkd8PLLoDfZfZ5eYs,1128965,fb4976a74881841f06fc8a55ebffe0399127e680
3BMEXHndxsU2axGCwcU144NM1HtseY4Qk7,1128965,69f374ae244e31c843dcf87c0bb9dff6ab07e7c6
1FGuJ78jRCexVDWFLdMTtJjQ9yfJ57GiCM,1128965,9c93a76cf205d0d599238332c60802e8b771d6dd
1ASzzYWf8oaWpVG8eff8BnPew61nJWeo5i,1128963,67a3f0c3ca01988385e212899de1e6335de8e3fc
1Azji6wGyMNvom98xauv8GDi3JFwAT9wWL,1128962,6da47e46ff77cba770afd5ec93747b13914f1ae1
32PXqcaCpW1xYyjCQp2Wfj7MuX4N9dRx5a,1128962,07a99c3a18d8d0d4bc49712672776b6613275c43
1Gho9XQSB4rh2HDoXsGophKz6cREaqzPju,1128962,ac410bf9a659d43d72100de03a0276719e151e4d
1BfmM7JLKcqGohS8UeXfwFcUkLLhnETjAb,1128961,7506154919f3327113d3dbc374e4164dea401d97
1xL6QdUBJ7Bp11Zx2vRv5UXWea6jjSBfw,1128960,0a76d0ed902e670060b40a3a46327ede66232f48
1FweGBi5hyXENFArGaaxddZPgESoSkFZoL,1128960,a3e753d6d796ac4ba75c2b6e9736a85ad4e77624
158PeYC4U6fBogZVj5X1qVbX9dGcM6oubo,1128960,2d4651de73ca841a54e1792025a8d2b2c4a85e26
1P2Uoi5rtdoPKbsn7TTTgQ1e19RaHhPSEx,1128960,f19a64d78c4cd7b7cb5dd92ec70954b957856596
3M18e5DkDFjHfnYCLB5Ym8Y9ZShJZsxFFW,1128959,d3d77bc4561b8b150570a6bc301ced2a21192fa3
1Hug3Dv5HqN2DcFUScXTYoGMzXHEs3zn5K,1128958,b9783ae811159392ea98f76563bdbd9f99b2fd1f
1MVFnB9CaojMuSWC7kYPrjJrWEjQZtuMmE,1128957,e0ba7fd8115d9aaa3054e6b2eff843af1d466f28
3CAP35dUNbtGwb6Nazks7DecYBUQgNkpac,1128957,72de1ce0bfbdd88697d7854d69be20a76464ae62
1MrjGqJ5z9RAP8ecRsYqTK1UMvukJz21N8,1128957,e4ca2f7d68b36980c43d95b0addf25a8aa2e0d83
38qErdAoXijTLgS1C4KF5fQxKjprYtVmqV,1128954,4e5700ed9da1665ed71678310a0fd378005572d6
1FBX7QKAZXwCR78ZCyqDxAGd8PsqYgtMt4,1128954,9b8f0e33367ce5c192515218e16354ea66ab8010
15TyerRWwZcoocFSUL1TFG7a2xPL1PhHzi,1128953,30fa9bffa34d02c40094a5408ad9215e4781530c
1AGFjL57rvLEXLFiNGBUrK5hgEKrB4ssBp,1128953,659baad478efa6a2d86f0abfdc46f1472d5b0798
1EiNT915ZgPHMYaA4hQCZqxr4bqp86Qsda,1128952,966c988190a7cf4322107ddf1958ebb5707f09bc
3NKCXv7XTPSAj4pnD5rQVRQm3Z3tqskb71,1128952,e23a58d3911d1007de0f8d7685f37006cd51c7af
1KstisRGvMPqjwGyH4KPyddssUKexAbYPo,1128951,cf123cc9a97e79373a3f453c8ae00a186513779c
371LvVatBC6yiUxBpk3C6ssFjiX5sgynUh,1128950,3a4ff9d55153177a48801497f8063a1a2978d885
1QLFTicbwyHCMSvztQfMwn7oL5CPevVD97,1128950,ffeede10938f06bb1ec403ffbc2fb9e13af44d6e
3BMEX8b2YtxapKnp5JQgN8d9FzeYK1BQvY,1128949,69f37418865a5c96d3ca8e6c438c0712b74aa23a
32tdpnDBE46VaktDYuruV4zUpetjhmqRLU,1128949,0d2aab7179d0545fe89fb59fa919f3d4d3537add
3F4xRKcEgTX7VQ298r8uvkzDnkrxBVddAS,1128948,92bfdc8b2f79253fff97970033e4ca5fb33147b4
13Qyuj6UPwDAYL6NFSWXcJj13J2cxJpbTF,1128947,1a7952f0993ff5e0ea7bb4f8ab728f6d93e036fd
13CmmJ8fEF2w9epzpojqKDrQWu2wQyoHeG,1128947,182a31aadd7952b838c208e8920aba8ade3f5f70
3NPst9kEBjvwnDuXmpzNPd2m8vASZLDHPu,1128947,e31cdb8cbf9967e85164ccccf19fdefd276de3d6
1BQbkuf3hDdkd16uSm3dEhJMJUXVj54BbC,1128946,7227d6b2f59a3d8f5b648e12339d19b9fec4684c
16APMai8PW8YZSfPSMqdAoTrnc7KivgTvU,1128946,389f0890fec316f3f490221671f9dbc1691538e0
1FbXmfi3kUmfvkdLBLJEuv8XWjWf2c7gQb,1128946,a01996db352adc9895f507df2f464187cfa0c0f0
1C6ckfNftQGEwkfJgV1yZBsrHNSxjkiczj,1128944,79b94ef043d0b61487203afb881e95b9cc283fec
1Wy2wjxAtLNVFaHY6ZpmnW4n78dpzuz2C,1128943,05aad65a30b5309341e99f45d90b7ba67a8c0790
12p9sdqCvUo3CUes8orBDWgpjGTtswkZyC,1128943,13e315330848476b4aa8d10c0239db0ded9adb2b
14zJ31oXSxakyyEnnEXSRmk48turGu2ekg,1128942,2bbe4e9a56052e839bbb77db11eba15e502f6c07
1BygTc9Mkz6gs4nRzKfotAxnUChLSyPJFd,1128942,78697d7c82ff3323d985de634780b9733b9df601
3CW1Gqxquvq3iBLVqJN2o5cNbqyKPD1PQc,1128941,769443f5a82e585af02235b3eb0fb321914928db
1CztMJNozVVYTb7vpJGPwLUi9PRcpBLZvA,1128940,839bf55075335178d5a1ddfdb45d4436408429cb
3D8mZFvWrxYFhXZ3wXadaVCUmEZHEqMxiQ,1128939,7d8834a67e24d66f1d1446825d91006c91be2061
3BMEXrnxrKewAUR5611CikmGocjRrGUu1W,1128939,69f376c6e4651d35c56ad2b78d4cfbb7d1ac039e
1D9jV9bUXphqTHwA9zbFqLMGNRTXBReyBZ,1128937,85484d535d6a781867dfa68484cd38edc9ad20b2
15qbzC3rtm73r88dxt4cgQvvAqrFydWShM,1128936,3511ac970087b6f5e41b132e7ab1639e867f915b
14MvELd6CneEE9T5HNPtJKttdy85Py2DeX,1128936,24dd217777850b35ba63ade1f56ebff57568ea1a
31xaeRY3XVFjoczUfdqAoSZu4x8hcKJhaH,1128935,02f18def7ea0cfb14f875b9f97d895290b8b08f0
1Fz64ANzGuaTq3eYrpZmeL9eXtgnyo21TW,1128935,a45db0a9af699e6637b6a7c0035f832ebd5034f4
18jkgYRky9SJJAL7SUjjjmySq676FyWsrt,1128935,54ded087fec9f6a2c2920dc456713641227da7df
bc1q6xqkjtk4afgtw83tjgh5kg62mpgcmqfew2zfpudq5hfssqmfknjsn7gte7,1128934,7687880fc0879cf69b4978e982d89921b956e1182e87867958f94895549323aab3dd2d681d710bec53
1Lj5beGrnSsHXoa9GxvyCYdRsyQumXwH8N,1128933,d85fb2aa27546ae063f9a0b41ed9b5869adce05d
3GQU73PhDhNBFSvvQCfQpxd8XrRSM653mn,1128933,a168ab92cb2d3895b7ea42ddcc429d157e8279bd
1DoyuLrhMWPsBfyv2wMhyxzBJYoEhPcxW5,1128933,8c8424b778b8b9ed8a2b790463658d447f4dc97c
3PZCwuXKUPchMh1TyF8FciDUfLuG2Qh3FK,1128932,efd8a439338218134ed6cdfbac41075f2b13bf71
1LrxvyTaVYZjtM4xXpV9ob9H3z4JG9u9X3,1128932,d9dd75e431bd68cacc1e254a738fff0e0010b6b3
3Jiuz7q1E75JcQQzuNHN62CjdTFedR6P1Z,1128932,bad6035dc62a21b557962ba03740d434ddbb3582
1F7FKxJXkA2wfbC7hdtKQe3vvwut9y8ko7,1128932,9ac0375501b7fb32a2c07beaec80bc83deede447
32tE8uwzXxvwGz1nTyekBeS3awVjuRyP5a,1128932,0d16e58082e195234553695ccf6144e2b65a7db5
1BsrLEtyz6J3gJ3d2Kbg19Fu7mNsRAb8FK,1128931,774f3c6895d0d23bdaf2df140f97906418d59b34
123RE7M7qK6PPTTNqeoHrycwwfoL8HBfg1,1128931,0b6d2e3a1e1054e54383c56ed29fd208653b8163
39oXnab9LPGxyaxo8UewLEJfbkEoKUmost,1128931,58fc6e1f0ff26e0c2d438625217ae19917a7dd28
1Mb8tikNAsoLhfTnzzEVtH7b7YfuwoUMpB,1128931,e1d73efd52690193a65d0806e4951e80ae1be481
1P9ybrULs8ZU9QegL5JfdDkkUTA7nKjFpB,1128930,f30557cedccae33a24f4ed7f24c1e5566d0b2870
3BMEXdzEgQxAexphLgEwPZYYDM9zTYj2qM,1128930,69f375f6a44ce607baafe3eca64f4daeb52e5a83
3MM5AMqaWVsFHhNQopDDfThoraoqcjsUa3,1128929,d79ce649cb7621a87c24d888422c8361927136aa
1GfnM4XpcouxG6RkrbNzPf8qt4UmkNZgcz,1128928,abdf8bcf9f3d89e22c9032ee51260678b393b21a
3QG277QGvs9MJGMeSuaMQ784rx55qg9n1K,1128928,f790a56503a869cc11302ef319b82a24c55c35e9
13viCWXhUyd2zJvuvZizjkYEAPTVmkVF7n,1128928,2018b031f8e10d2eab1f465bd1c1131da5d7c84c
3GjeXHgzFo5rvUdHUS836sbvnPEHU5uXWr,1128927,a5094520834c39f1cd0e80e2b77e3cc904530a34
1L168jANXZwVoDwKMAJU4rBtHxjMiFyZRQ,1128927,d06eacc59def9b4fe00c8a71c832fb5219b40944
1MAopFYyAYXKR2WEYEThbDQEZZTucq2Uvn,1128926,dd3d56979597686e8f2b36b5351f4f2587ebbb5e
3BMEXg7DhVqz5WPkKEzmzboJytFCwVFwgN,1128926,69f376191fe260a9fc224ffe1afd053b8b61e913
1Mx1jeujBLnsqGkuNguXmzuv8v7nJRKzAP,1128924,e5ca01e8f363d8ae1bf2a2efa8ea5a96a1a2ebcd
1JG7ZCayhCci7M4R9BMWLdSVEmh85n4AED,1128924,bd55d987e62197009edde5f1913d8a189e67c078
1EEASbutNw9kwjxgtRLg5kyGUVtHGzw3pM,1128924,9116ec8a63ebfb697eae4acf6af1ded940ac921e
1BukAfhbq6KSrZfyfSwfAS19mQqhzzJBwb,1128924,77aaebec85790874d5f6f35ff92b8dd4299a4b71
bc1qama646r6msny26j26zv9dj92fecqkfecjkz4jh,1128923,2063f5562d1e184aa3fab277b9031b8e892dd522b7fb69bcec1c
1AdDSFyMnLxSBb4qH8qmDzLYV8EE2ogyWJ,1128923,69927cbf994547b4616ecb8d85cfd381a21c945e
3GqdNcrGvhkZek9h9mySqaH2HfwDt58am7,1128922,a62ace6743e77f39c7c8a659b915f6068673de7a
1MQHUN83LCiDXvpC4kTcWfGsSy2y8fqqwL,1128921,dfc9d52fb98fc7726418b8a38af17221d3b68432
bc1q7at4wpfnqs26wjfrgkskay7h35pf25nrhvxzu5,1128920,2063c7c45d34ab7257713121c9c3108e697cbdb93ba9cb6658a8
1MDpbyQtVonGpn54nJoDSm2Q55xvUQXcy2,1128920,ddcf3e829b42c8b743ea245e786a3efc0b065aa9
3BMEXkyBGcK4f27RHKc4zeDk6Eoupz1LEs,1128918,69f376682e836789c74d9fafb981e634bb5e270b
19SHpngDrdmKY11moj1NfYxNHN4ceB31bJ,1128918,5c8972fffadedf4ca24a1e4505d4f97bce5d0ce2
33W8sbZj6PmqoBx3HUM3iMgZKJgBLgXJgT,1128918,13e17a14c1f98aa53889c80b64dae738fb4f33eb
3M4C17zb3n3NroSYLYm7tjYSyMg2zP6Ghf,1128917,d46b89de8a609732cd475b053a73e8f1b91bede3
1LgkCAq1A4xstaNA7qNsU8q6oWk1kXY2gQ,1128917,d7eeaaf19518eb595c0c49ef0f7df47250934746
1AQG5LUQe3NMWsSbHa3RdUC4ieseaJdUdn,1128916,671f486f27cff7eae1cbdc8d62fd630d0effdfeb
142om2Z8MGLpUnoaeuM81c6QWHYQGqWDds,1128915,213fd36991f892b907b23be357aa8da63e4cbe14
37RRvCQiR4z4qiF7EU3beBhWwyBxj1sYr7,1128915,3ede20e6d18e171db260581c3c3fc02d5b091c99
3JGNP1sx7bovrxVDoG9dwhRfEaMKYRjZrE,1128915,b5d0d0c076ea37d7f6da1a40ac3708b11e3fb171
1Jj85P1jWudHDqyQ2KxzjMxTYjguCu6VUK,1128914,c27183dac561c701aff5b1948926b8798f26ec84
1DDsCydymRpePnhVVHYx1sJQJpSknErjyF,1128914,8610694568e9f5d3d17099377b74e76a7a7bf269
39s4N7uUoF9Te26BmLJD7YJaRrSTWGkzR6,1128914,59a73418e94eb162d430ee7e4d72406222efb587
334AzfTDAuVH8hjPv2ay99LBUArUFSw8da,1128914,0ef86edfa41b1e1bb1e0a5f425d1b1e2ee84c16c
15RJfN8zSJJpnRvnn2wM6U6HPFWqoVjsJ7,1128914,30793ab0b7f9b9b3365e096f215f05c5cc62a0f4
19yRj3pFHeR1gV1yX3gkBuUQqWXH6idhBj,1128913,626cf0830fa5db5c9a5d4dc62bee815c2b4d0667
3BMEXgmJa8LaSP3UzWaonyoa7Hr2jmQt6B,1128913,69f37623cd82d6032c2a5adce1c513273d480aff
34PrX65FcsYTwn6fh1Q2MXJ494MtoPvy8J,1128913,1da974a227f998a13e900784e512d651be340a77
36hxorA5qghPJtzzSRWWb3RzD5nVsBMqMw,1128912,370671b9f8494c54cbb0a1b16c0bb14e95c389f4
17ZgYRYa1NbgSxK5QFAzbV3683WazrVeyx,1128911,47ff12c37117c51b837831d7dfea88becdf74245
3NHXwsLsqVg3ax9UCP1pPirkm3kqyzCaXk,1128910,e1e9b85e17829591c593d82ec14a291a387ec5fb
1FmfSs9uMug5ai7KrEtFUfWNRYuQucmVv5,1128910,a20428067c03c50b82eb5712aa8b48bcb1cda385
154E9DivvdqJe2keCqjavP86h3QPBXxVZo,1128910,2c7cb89e9b23c525f7fa73ca82040cb7fc43034d
171Jr4Ymt1h8qTiPJKSZmNyV957SibtZg1,1128910,41dfa6d57ad9f5409de4f32aa254484f3acf4f2f
15VdF43QS9QZ1LaiVPcvefLR46X36ojtzS,1128910,314a675251fd35bd691e8500a201eca521da9c19
bc1qmr23dutvgnun3jn4khchcecf6fpchyasnqfwjd,1128909,206407e799185090699fc9d4e47ab40bd07fb84c20781cf1d3fc
375vJUjqy515Z2yWbvJqtw6Jt2oFwLkHP4,1128909,3b2d80d14c807826c065dfb754611a31c6de091c
1PnRyaJvcAD1q1rtG7TBWJdA4PwA6xfs52,1128908,f9ea557df7c9a960a71e0a03733b13df4a1c49d4
17xTkH59YdxjXf84QT6MUxg7LG6nGTDGSA,1128907,4c4df58c0fca9b5b49fb69df78963300abaa13fc
1BBdXGaAhH1pDabuyqoKLwjMo9botvRfHT,1128907,6fb3e7854c6b8cd6676f763834739853abf626ef
3Efzq6BxA9cD4jeghGTbYRH9otfNU5BhkQ,1128907,8e684e54c35ad1c2a541381aa1136bab02705fdb
1Bdm8RQdktm1rYsfDbRB3K9k5RawUaSRWG,1128906,74a51190cd27cd0f6dc7e7269d25859e7b68dba7
19s5FdbmdtdTsUx5YNoGKidi5uayh3vN95,1128906,61395a9d914bc45c4692b55304980cb04a0a0573
19bDZCT1kcLXpTUqVDXmBtjqYi4aAGJXqM,1128906,5e39a12486bc72db1a209bb645fe5ba98a4428d4
19r7gV73seXAE1uCCRMbJ3SMowNDydDBGk,1128905,610af718d009382aa4b3b95042b8cbedfaee468f
16SoWTdeofgWMFuYGppjMpcZqKfYw2akMp,1128905,3bb9d9cf2b82834697988de29eebde369f0d50c0
1LFjF82uGWDXe24uAA14zNeHfDaSDBUQZm,1128905,d33379f74b7adbe3389ab931f74a708aa8897c46
3Q9k9GJoe7UnYkTayoi2C2aG1NDAdtaYzb,1128905,f660d33e48c68f51ee833b9e928cd477f7fb9cff
1E6WcbXZNMozknWn9Fm6xSM2KrjMXvFvf6,1128904,8fa46f6e801c150e6b164a711343a9bb0d526726
1588r7YMoWgnjk417MKP1qTTWmMan5GUgx,1128903,2d39f70bbe85b63bc5e057a6e930e8b4d2e92e37
3EhSXmZ26jbMh1fB3gEBU5CSsXMAqTeRBR,1128903,8eae2d2593cd4831b5a3f25daca9c247ea932f53
3L8TutSvG1E65T6XHTW3ZyzjFt3DrYTECi,1128902,ca425b7fd76fde3145efc3984b703e5d15432be4
13Z8P2VG6jwY6SdnzwVmGMggtZ89USFY9i,1128902,1c03b8ffb77b1763278adc1e9e95a52cb81eb4e7
34CHEzZDL3zjjFGrWyUFa4mz7CMMcXNGJz,1128900,1b7919f2b39a6bb27d7b2996c36eff15ad1b163b
3BSSc6Ai2SD6Cfpt61QQST684Xjrq5mfoV,1128900,6aef9f2c02285f8d2103b11b4c1167279023527e
1Ab2hTDjWiV9YdEziatUoMVhogEvBa92yr,1128900,6928b1142e1ac508e2888963ec07e417f1982604
35ar7Tdsme3JSZ7HvFcXYptHv8dgfHcCn6,1128900,2ab5d1201d70ca49fc9fdc9a721db08acd558160
1KDFckSLBpeRR6BoXRjA3VN6zkkRemNbVt,1128900,c7c374ef0f7bcc801d0ffeee462c923173c23f21
1ACDcpQMVNnZWbgN9oKYE2uPJXRQVWSfGj,1128900,64d83d7f65b7e372ca364a558f6c0ee01d476bbf
3463y6CBbZ9vDbkvSjf4BcD5WowfBjhfgq,1128900,1a4b865cf973d23abdb704a6551bb93e2a0a6fe1
1D926XDHx1EUvtQjX3iaqhGAL1Ju3kwapc,1128900,8525c05645f210cd7f2911225a9d940d02790571
1me7X9wFmG3Now2guqiM4pBPD8Q8kxikk,1128900,0871483e44e86b4722e37a507fa67de6f2ee22c4
1Phn6xDkSYUgpqyJvxUKHd2aNmGxiCu8zB,1128900,f9090e346b31bb36e4bfc6ae4dd816ab6e4bd740
1QGASovPZnp5ZN2ruFhVTZxFXraRUUtF6C,1128900,ff29044847c2098b1b730070640f59157ae267f3
1JibESrdAQEUKR1Z37V84b1QYxh9BpRXjr,1128900,c257c49e9af301e8e7796b42cc95ff85f0afaebb
13ypDo4d7ixgprQFyZD1ioM84uwodvKXAQ,1128900,20aef693a999c4db10cf186fe0df69c26e4b3f84
3JWG5oxJ6rYgr7XGMG7A6NLUSTW2gozAxA,1128900,b87161fa3b1e43235636a132b7eeef703e59f3d0
39spftLmDedWSZwpuXmyYnusVpkmWPo9hs,1128900,59cc3044f866683029bb2674e6d0cf730ae6afce
1Pdd45oSHKdZm4N7soFhEoA216gNL4e4GF,1128900,f83fd667e06cbe483bab838ca4381fa5feb1ad33
1Jc7xWkPPssfqLVDX4BLTEKArCA23WAeW9,1128900,c11e8126bb5c7f08d46036ad140d32af99805f34
18v79mqUmmJGHsV73SV1cHsSVH9WDN5vdr,1128900,56d40fafa4769bfb2b87c985910fc850c90e993a
1D47zHuTPEgXcgXh6FG3EFzAgvYqRUqsmk,1128900,843897245ff3ddff17bb00ebcc25771756db7db5
1B55iGzrthzmMU8CEn9N3d8nL7vApt76P1,1128900,6e76dad2785846784f2b4d52f97ff2ab212f1761
18T1VSZezpip6DDLvBjxni3p7FY2r7QSim,1128900,51b41ad5ac3cd4f1a2d94a8e5981c1d911503188
15hfiyrZwbBEUsjvpXd3cHc4rNvW7EmHvs,1128900,339177736b78aa86cdb587fba8a55f72b6835f32
3HCJidjCZw28tKZkvE9AqtAf6XBhj66XCk,1128900,aa13f818929a37ac02a95e78635d952e387f04a5
1KMfgRc9kDmvBWYEGDACq8YDbqoboswfWR,1128898,c95adf1e39c0e811b94df4733eabdf1735cf6d57
1NiTvQyQj94QbGaY7gMSchsuFS26XwuBsx,1128898,ee322b189ed5573c6d771ef42a4ae851949857ee
19ajKp5iFYQj1ia9XY4fHPzoH5STXLUdbJ,1128898,5e221047658fd0e7b0948d4cb545662d068fe104
331UMXqASGMVuxJGh2BAcJnbJZLwfRGooy,1128897,0e75ad2bbdd8d9e712ee77b55d147ef792fc6433
3LiBR6hhDrhz3GuzoaMopvrycjvzHkbHVY,1128897,d0a2bacaa95567eb32c47300cadf3c21f459cfe8
18ZdzVthWU4v2EsKdg4gYj51n2ES4YvUuw,1128897,52f511f11987e91afdd9d401a881650a4cb6b75f
1Lkc9eT3JPHXsUZSd4AXovmfJjMuRUE6no,1128897,d8a99e016b66599b9e8f61c58e10c560726f97ab
127Nw5fvTEFbvGM1HH6EAWPL2N5QPRMcQh,1128896,0c2cee08a28927336732e7e7b00d1139c1f61fde
1GNFhoVZM1jc4e5MeZEQ2VokpqpizjXNKP,1128896,a88ee552ff1be25e6a507c771a19cb8d270a2820
16CMkXaBnLT5zGuxDJkdkjdoNSgLZhSBUc,1128895,38fe86af908f72d0faedc982486d9b51574fd951
3Qit5e2UBTsKfkHFMYJVRUazmDVrwyb6Dm,1128895,fca52d83c0e1fea8752f3ea747507fb16a57bb6f
3BMEXFYdUZcJAEyvgvkv1Znn4nsDejtvPT,1128895,69f37489b0737f6aa50afaa5fc8f11fc7fd15044
1GUc686MEFW4kqKd7HveAJyxEDJBDHEuzk,1128894,a9c2687113e4a22b7b16d6654863f87b7db57c51
1Hr4i6koCoHi79k1effqsRyTzXeZRaAZmL,1128893,b8c97d8ea1888168d2eb756fce6a8ca2672eb32c
1AVVfbXKyLPz7cJG3GTiQEeneJqa169VUh,1128893,681cb52ac8b114f9ce6af8627c485bcedf44c207
1MtAPCDVBaNcSyNwqweHhDh8WgTjEALyS4,1128893,e50f8fdcdc110f15b23934c41f4be6dc0f687181
19Q53CPBgxhrUVtuCxtoDwr2Vrk9vSa4bG,1128892,5c1df1ac1cd520f401d72fbda8aa2a5d5fce299b
1BiadBDxUkNp13ZW9iwCnKuchx6UtXfajD,1128892,758e61442a9acb04d1798730b9c793b8e9c376f1
3FDBQ6Q8X9fFi4kzCh5HX3qqcTGRGA2WuH,1128892,944e05fc01bde76acb8952276c94bd3d09826763
179BxP42KTyu32RxbCbFGm5zx6RT84AQyQ,1128891,435d3a1e9b8c42c726d2f9aa9b7843b7c0bedcdb
1MtWYmvBU8wye88FFp8m76j1GkmKp3M9Wa,1128891,e520651fdae2c393be2c252572e23de4257c06c9
192cWJVaC8x2iA1HjsXgMCKRr7fH2ZG362,1128890,580f0f7ba3fb970706a0fe88755165e5a0909de8
1Pt7EERAYDpaPw64bpjD1TBu1tuuUG3YZ5,1128890,fafd2e26539658676e46b0dbed48e8f97db36c33
1B5qiQZrZYFdkpaxPHJkfYFcGgurGNWNui,1128889,6e9b960442c1cecf2dfe22173addf403e760f8fe
3Fvknn55AqnmTgDKjwvtch3o5t6Ed3Df3Y,1128887,9c2af38858e4d71222e8fe0d6dab4600a62d47dd
37vB89akR4bEJ2JBUn4x8PHRgKr3Hw2wfB,1128886,444dd790b02228fd721954cea033fa8696b7bcec
128oXxkLRSoo36eTCemne7AXBxwWtRd2ty,1128886,0c71e1c9eab33ef31bd3c91407226e279bfc3123
1kDoFUPprCzJnPvhKzD87DWmXCGbFVyxj,1128885,082c91b0163681ab6f45d1830001cde8d28c8235
3FAJJJTm2dVLTpxPHhZnZS1nvHG4GitdZa,1128885,93c2891254257a3dcc5f2433815e4806b238712e
16Nir3BBD8EL1NLrpMf4TC8yfZ7XHiupvt,1128884,3af44b82738b26e8901c066360db4a6b13f1233a
3Mc432C48Kn18rDHz29wsJaHjG72fDtpz2,1128883,da7232d8229885b00cd658b6b290c16cb2f40fb6
3CKFRWyCm9Y58wdrMobxQT98jxn5x71rEo,1128883,748b805652549f3549446f54cff3df4ff1b5ab83
14xUsCndqk4HceRmb2W9QRP9nziCENEe6r,1128882,2b66842984020cc97a2c37fe71aa7811703c4820
1ExvZ2DQywuvcXXThbLfrEM7YJ7AMZvfjV,1128882,992d37536f65d17b85c5dd1d94e964bab1637f2b
34aw8tmZmDsaurmoBypFwuaeGEAk55ei8x,1128882,1fc1e2b22c539260b1575bc0619bc171438d9e5c
3DVsU9rmzB4TdsjyvUodZM7tgJCxK4rGzM,1128881,8185e03ddecc3f5f709c99e2f1a25869a8d16959
1AbrDiS8ghXKj2VRH2VtHxHq5txfyJCXYj,1128881,69505c62f4e5dc171202b85639cd067fe05b6b4c
1HBwavwV1GA4vVKzmFGard7hxux5ZjTsZZ,1128881,b193bcc7a835611d2b303364f3b27e15e64483c3
12VbLArxDpaS6JSH3PBdLWazLAB3935roj,1128880,10606e2dd41cd7b690fef4b12d7cf744d2b1f213
1gtRRDoR41c2i7jvUTVugy4tyemFSZ1mz,1128880,078b2587210c12b2e9521463463c577170239dce
1LPDyR7sbP433FTvrhw9niqyboMC9sctSR,1128880,d49e5ebf2f6ab5f1607531cd818bc4e4820e5ca2
14W86oJ3PaosoAP5BR1RC8qJxcasDdEqSQ,1128879,266a5df39b7426c7ef733787ba9892b55bfcaf3b
1ExvxFeBSXqLdF1xZt2ntAyUngCd72ncAU,1128878,992d8cebd3680bb88eb15395c9fd5d1e981955e1
1PHnzC9Y7tFc3CGEiwQMHEfnJKF5Gb47bd,1128877,f47fcf53c0b30bbfaba4f095bbaf730df572169e
1PpEmN5aC3kGDZDzKgG4LPVu56Mx4YWq5R,1128877,fa41cecbb75e9488bc7e030ff3257510b54bb2c8
1AAcQakHL5HetYb4rCtpyJEYmscZ61K8z7,1128876,648a6e7fca311a74d4d3554aac0baa0b2dc645e2
1HNc8qbuDGotLH5ZxSfuzkyc8qaQzok2YQ,1128876,b39813bb18243142f31b28f2de7392b8b878e1a2
37C1prVcy69nXDm3d9ENbphrPVVVgnYS39,1128876,3c549c23f892708d8b3cbdc5667296b84c3ba2ff
3Cd46cw7ovZoeE9yK2vnfssYzV7DBcCp9J,1128876,77e988c8f7ff5c556d64d86c0aae096a1eca3993
1M3KYFoJ1hKjsoWB9W9CxH16PzAikduNdv,1128876,dbd2d2b541d4987fe736901713a92c5d20469f42
39jX7q3qwjeXjgrAmiUiZUzeqDLd6rCf3L,1128874,583a3566cbf651acbf63f9c514d6ce5307deac5f
13oUJwyXviqj9yqTosALSg98ic41FneZV7,1128873,1eba2ebe0485867a1c29c9a9e934ea38a33227d0
3PACpdxyviGxbV8HUj11mKPU1uJ8E8GeSK,1128872,eb7ef842d064e81321915bc27d6c263373623dea
1H6b73RkW3P12dUQqYwS5tZ8hHGeZo3a38,1128872,b0908fa2b658445afe0c88889c1bdb88d2e06fb7
3QDcANhiRDCjs3gfJ98CTCb3A5RqnjWouB,1128872,f71bd3b1ce61c53a6622ee864f17a3d516c9a820
1JkrBgqwjSfGb1zRLS52eNLoVLdyVuSWSw,1128870,c2c514e5d786c605ae77a550430a70a463e0a7a2
12jAxJSmG9MBM6gZUDTHBNYBBQ45TUYX1U,1128870,12f1e7a8300791079255560cbd8f0dc08418a231
33ir1h38Rop5grvcsZK9vKCVFNQBjbEiJ1,1128870,1648cf5bc68d1c2f0297dc333ff5a793f513c697
16qfGoAHEqyozGukejQhxaMPtFJSbV651a,1128870,400c8b10f2a18edcf1bc50c1685354bb03a14b11
1D7hsD9sZTd1dFPGph157SDG55BtbfxS3o,1128870,84e61e3db684011a071883cc0bcc6cef4f4ca15d
1FtjGrUmfeTgJhi874cLUfFkzgCBE2u3Y9,1128870,a35a43556ab461d8eb07f43b4fa0ba03a5e31334
1C65Z76UeW2PhtiRPsaWq6YF2P38MfwbzG,1128869,799f43b849bd85cdee8e4c3c03b458844c409780
bc1q5zfw6qzrx9tsd86p8r4g5ruxv98gc5wd3mjpwm,1128868,2063c51a1d66b89a931bbd44d5233ecb6d602e4c9cce77f77e3e
3GSHFSB8A9bhYWYhAkHnwbh4VS3tQeCBT1,1128866,a1c070ca52db9d56b135950b56c5252839f6dc68
3H4yVhkfK3cfKeHFSGSb9UdgiogAZ4SHRp,1128866,a8b102c9a0067de574149802e01a100aa4ac37fc
17qtF6pJpHZgFN7cRFdo3ZcH9uZtQeUT6Q,1128865,4b0f7f1811e230db68db9347800b3ac5e2fa4721
1aoG3e2DMfteq2NVnUCuBtpJmPXHaPrxF,1128865,06645796db785843bf6e91370a3c14ef8621adea
1oAx6BuCJ7avHjGpBr3bJJ4zVHo61KJFd,1128865,08bb709f64a0305b4a7121c3c463cd4a89b87a65
12qFBE3UqZVCXBys57RxPxFvvu2kd96utW,1128864,1417ecfc13f166922554dbc9934bdcc25c8e0e4f
1HCjGTZiorxNipVCGfW99SqeJuKcN3SHNU,1128864,b1b9ded4a0d68a6cbd911ffdca5669ecebfcda76
1E1ByjBVA2TuZgW6QGN3LLqkS7dXw936xW,1128862,8ea2cc98f3ad271841d915acfb0281f69e882a19
33g6NMEc7hmAdovNcQh4CjvkSGqs443pxV,1128861,15c38bc9b264fa78cf3351d06bd8c9939f2a910d
36CME8ea7QysEsNTTGzku5hP4kqG1Yc5eE,1128860,316cadf89b4e7fc00f97d5ce9d8b0352e2b32c98
18Bm5TGiUh2ePVisNLmCcGqQfZP7uQDtfF,1128860,4ed1d56315b6a5b917369596113e5ae016ab5303
1GYTEwDj3N1ktt69Ex7Ka8DwrMRUWW2Z3A,1128859,aa7caf92d647a2b3c0605db8d0e3fc8f8613f535
1HiH3WRBqfY5vzQJ5J54xhMqEX8ywQfLyf,1128858,b750758d304f3780c0fc32aa08649782824baa11
1EmLxSkKCigXoaoTiqBW4v6ywetCfPHkMm,1128858,96fc988b846068bc1b3ffba4caeb87ae40343a3a
1Fjdk3keTR2nuAuC6czjALTjtXUhKPC9ZE,1128855,a1a1e6f73b7dc93a1041c18036a2c5f971fc85fb
3NiMg88GhQ1bNycNyHWuheEjWy1nD3iKPh,1128855,e69b8b87cedcf0567bf4fdbb38146c46a4f3ce74
1N7ZzuFVcJvSDhUoAQWsSa2gbw46tekF99,1128855,e798aecd06a710150c80dc0f067f1d5812d286cd
155CVZ3aFVLY893Nk5QSxSUrM9hQyLZ4rL,1128854,2cabc2a0461172df78521d8a9eda0f4e2252a80c
18eYHc7pXEMxkG1V2xuA8xYdgm7WMZFL7F,1128854,53e263373f45c7dd4c8acefeaf2b4511af98ff10
1CFvxhJJF9BMKM1g1VoCXpHwo2vXLrBELD,1128854,7b7c4036ff4cf8c6dd52682763edbcc78040671b
39ycBT4W9CJ5zjbS8EVPum36t97MhurygY,1128853,5ae4420a2dc9055d233c3216c4712f20dd32bdb8
3JY9nGuNZskoLYNa3698j4SzaBgBRsSR1B,1128852,b8ccf4274fef36cd1a5838d960fefdefee053c1b
165e1nqhm6sAFpMDLgLtcyM4Ygzdd4E3Xi,1128851,37b930afff4444e0a7d615a8d1f51be4eba7fd48
18EYpcthUQ3LP1KoPQ8cSQPa8YWfzeYGSB,1128850,4f58d9d04b2238aafa4d56296507f478e2d8ef49
3BMEXV1DGqpSyKvNek3mb9XCDhGJf7c1yt,1128850,69f375648dc7aa98ada4b309307326526d9ceff8
3H6X4jdETQJjRvyjKcYqfoXFxf1Qq9K9GP,1128850,a8fbc79e651b1141e5f30c430bb28ea7269a350f
1NiipBUfBGLtPj7ihoCRHkacnsFXun3kRi,1128849,ee3e999a4d1ea9d4dc910281d7d0e51c7412faf0
1BmDRyoNx3tHNRh3KKF8rXi6vxkgrCRJJg,1128847,760defcfbe0d77402c7ec4e5a4806c9f19d713f0
35EwraPe5fsdiEfNs6hgXHSxADDiqNCWRb,1128847,26f24ac06d34ad577420aa5798450d443ed8a222
bc1qms5fqujq84uejpxrdzn3h26jgc4ekdjqx8an8g,1128847,206407ef75941811e0b9732a4afee7420a41b69a15fb2949125f
1AMTcYQEfhrLG2T2A1tiLNx5gXmwF4Yacq,1128846,6697aaa12e75fd87ca5a7e1736f1b0f174c7390b
19e8VDoe9XFYqF8u6z8GFRQoujyZXQputL,1128846,5ec6a5759f889abe0537ab310176d36a8d97f7ef
14uoPspyL2pupQSpbh9kaDJQCVZjfUsEPW,1128846,2ae4bc481ddb981ff2e1be6b09aad8b0e4288666
3Ey2NgueDaQMCEuFskjbzhieYtyuiv7uBJ,1128846,91a0aab7e129602a45adc2233789c1f89ad68358
159vMi65ziXzGHgEyTipsCetGeZghmaVW1,1128844,2d905efcc86aad3764f61efa53afb1d3df49fcf6
1HMuZTweSwKjDZY9MZiw9fpxpzQ8Zs5J2K,1128844,b37634d8b8c4744e7e7437c405d8a8ee627371ec
17pW6H87yoXjm2LpW3wnRArNsmrLd5bBMi,1128842,4acc96bee5137c3f9316b0670d403cb686594ade
1GSrbLRTgdhNHi265FahoanqXgdEegKYcY,1128842,a96daedfc261c161c505c226762cec5f24933455
3H7CxzLzympq9VEeWxv1Ke5GLiixBC3Hry,1128841,a91d165e60a95dca8c50d278e93fc9f68aa843d5
3EA71UnQunWvxC27PmCAiuVB5HKGXyoA3A,1128841,88c0fc366b6c8397174df4352268bb0ca9915cfa
3PVUTkqwhZwXyyC5xmbTjfJemmRNypwq3D,1128841,ef23edbb3588815105dd22c45b92c03dc3992b42
1KZdXe5ami4rDgKV1JxGeXATjaQBt4B39H,1128841,cb9e11305c971b6dc98861fd7e0c71f1470cf675
146EdmXKYSfMRR6FwkjJYxBBqB7V99rsTC,1128840,21e5d6937490743d0c8f81d9809c5990a2422c7d
1MAzWbzmhaArrE6AFDie7DkUykE8mHFK6d,1128840,dd46443fcd46a07ec3dbfda53bd5df6592f9e910
bc1qcnd2vk82srs4z4v6uxhruvw8tgpkgcug3r2rgh,1128840,2063f8b839f41befcd77b36f7b27bc6406ef503658ab60073200
1J8dpTzX3UuLqPQp1boyBXPvLG41nmkdYW,1128838,bbebc8d3e0dbacc57169400fe5777ed3d8257559
16jBCAvw52Qim31CrWXV2neyRyeda7NtCd,1128836,3ed29b9083a6d09484af647f8a9988cd8ee7e5ca
335HnBfjsjQHDsMNjMnpnc2bUhEXLvKSfF,1128835,0f2e834489481fc42f473c9271caf27e1e716b84
1QA1vSRiu1yZCpUBfmqQFr9bQRLvYxGW64,1128835,fdff67e1c04dc70133ad6efe9841636a66e149d0
3GkF3cqgQbJPMQXaFJp1YxWCDQ88EAftfg,1128835,a526169c3a6fc35bc9999ab1e730dcdc6bdaaca6
1PEE7ven3Jig8TebRaHMkkLyhVJFiMdGmB,1128835,f3d320530fd13cebc8f0a6ef83e583f46786d55d
1Hd1oxzDbk9mhxN7c3vpH3DqRNhw6UZr5U,1128834,b651a9c1619c8c4a305abd33103e6376cbe14e13
1JjjkpgV9jd4wYViV2mCQL3PLFunjXvcve,1128833,c28f4c9c28477958b589dff0b7c9774212a63d13
1EtU6R7UM8yMRNdci4jMeVx2fMMUECeiKF,1128830,98557734dd02d3b7d2dea66ee73c473f143259bb
1EnR5x5sMmexitQwi7W3CTXj6D6QbNfn9A,1128830,9730757a67a247c36197d6a45a4f8b5b9aaeb45c
39SPUYAFYxntH69WS51VQVJW9NMpXmbFef,1128830,54fcc1da206b43d40680b67858250cb79a72dbed
3BMEXWzZhD1Trgnpu1PDgFor2BFzy7Ckj4,1128829,69f37584e59e63db7c23d161e088fffea0739258
33uVun2HeChDZzDambDFB4VPubh5bcxWBs,1128828,184c9af4c5bba30ad3a707ffb4f0c46234ac3bac
17VQEerHn5dnr4N5XwbMk93axRrdy4o3sQ,1128828,472fcc2cd42b1236ffaea80142438574b8a558da
bc1q7mn75c9trqvdvgh2fhpe8rs7s7vrtymf5kdyug,1128828,2063c814fdd6a2d23ede77c19905bd5a28a3eef049998fa1de2c
3AaqdT72R54wXyELQYRY1ujikGbvjvTbc2,1128828,618e0aee29c17f76c4fc2fd6a884174a7d7a72fd
18GzFDSdCwecZnRS2aeUUfeLvV3pg2HPsU,1128827,4fcee7dbcf2f2f785d2d61ce6e8d510a24b225df
bc1qzskfcquy5g2f282jrdxqaydhtww6g8n6wdn9rt,1128826,20641dbf3955bb4b1256f71fa347ec5013e07da3d6c656cb8935
16hyt5JkfmP8ZU1aHaKiHwTuLkaiaX5pac,1128824,3e98bfb8f84b6a56210856163f95cf8ef022f3d7
1Fwuz4Em296tUit9dqWSmGHQx6Jq7yMKfN,1128823,a3f4739501a4733e4865ae8738613ffbe993f845
3957YnJd2oPctdaKv6Vnsv4bmx29UrzhsD,1128822,50f6ba1bf32db117c4e11bb5559aed9f04ec838e
16ccRhNkViAQVCm8sippi9M7mGUpZJaCec,1128822,3d94c2719cf415a3e0a4a0d17ef6816ef20de970
3BMEXB1ckKszSQeHQwntJfbrnJ22uzRVWh,1128820,69f3743ff1b67e1009ff380c07f2c133faac7a2f
3MzWQxwo6wUbCiPN3WAjs2fizzd7ctFqsh,1128820,deb15e8ab05e2dc0894e694ea2e8529626a6fd38
156DznyoQvMNudr5LqXJD7jkyPVD9nzAUi,1128820,2cdd6e8b6867a1b3356ca0cde6172c010c491c13
1HAnRJGTAHbzXhWRzejwiqGrcc7D27o1LC,1128820,b15bab858b69984441d4c1b27010d3a6de0fe600
1P91tyeDoy9dF6ZiRHXYAx3x4FwHoiT8CF,1128820,f2d6d7cf1d5136465cfc07f86832a37585b27134
1MxfeJ6StjqiwVgy7Qxr5gd3G7jJQgeoxg,1128819,e5e9a6b0de0a08a3dcb7bc54f3e709f1c7d2ceec
3D7sKNXrhAfmo71WEiV9BKWr3UDPBienrc,1128818,7d5c9930a05e558a7789685c853b94c7a96d2c3d
3B2gobrQucWd3yMV5RKBhPw4aUs3zin7ep,1128817,66717db09aa857655e04a130a6c50281306a59fd
18YHWn7PD5vp2ziFXbhs1rz2pyvtgpC86J,1128817,52b38f5c4c097bad937fdad381ae5d35c5722081
1PQ6HBxW7EpWjSkGhLAPgRuWStsrMQksWn,1128815,f5b0bdbc12ea55cbfed8b2657d09bd8de629ea43
368Y6unHDhThrKP91TiV4EHmBMX5w1vCQQ,1128815,30b418189ce514590646515eb8bd498b8307474f
1HoLFGGWFXBKyu29xG13H8B8MF5Didm3Bx,1128815,b8453664290a23ec696564d6c642ba492d2a0538
38giVx1wR8YV42C2bAydmLWaucUEAX2x62,1128815,4cba55ebcf6657fab476980cd0741f262e6b8f1d
1EVJF1Dmei4JEG4mJdwj8cBJwXLWCW6Pfv,1128814,93f3acaf78ec03ff791ee4387e279de86f01284e
1BaMN356hrFw6LtNjn8pvQD7uRoMcHNFSW,1128814,73fffb84742c29c75ea189f5bd351aeef6110ee8
1LxqMXnd8b9L3xmsy1YjKAEqgqBpQh4Lhi,1128814,daf9a1b46f146f3c311531479e3770b4a4ad5b40
3ALkuQvT355CZByqSbwr3gHCi4d7ZnEPZL,1128813,5ee4467214dbdf57781257331cbe84a9c7843002
1MBW41zvCpoSLAQaAVVKVaazADvtfBFPyx,1128812,dd5eed3c29c22830bb9d53bfdae193d809de2efb
14f67aCrTDgb3KnTcutzi4LktS2ypXHuvN,1128812,281c73c8cfa0447d4a94ff5c3f459fd1d9e8cd49
36MJPZwxHACRTVRYeJGquhg9MWBfYZDASh,1128811,331e0e0529e4eda468f0a94e77f8b649c7aa2851
17uFbsyLtKcTrRXiiwL7MM7HWFNonDBTvT,1128810,4bb292c4dbd5b45dccc3a23b9c5ade490a1f2b7e
3Nr17RujBgy1QWAzEMD4v8f8r4PcxpmkmW,1128810,e80db5009bbe266f12d64f697552e93ec1a2e380
12kQyfMpQpyvxSzCdAchno4PJBFM25ZF6A,1128809,132e06edc561b1d26de25aeaaf20df836dc4718d
3Q7BK6XS4cW1YUhConHb5zEvTS2UyowGpM,1128809,f5e496756b6a98e41a3af6a90f637a4514405b7e
19MLKFEzyLvF2N6ArCxTL4k5dETVUFqiHj,1128809,5b9972d128bd36d8113cd72db56ea01929a46001
19J5bVGNTMpjQLE9vecmFbuzSNBdimuG2F,1128809,5afbe9bad662285b977ea34dec7fc44f796d7331
3PxAjCUq1yznoLmjvPBWZas1XXJBNnN91h,1128808,f4305b3092e7e800a8a0813326a98cf82812ed47
18uNRCBqFFUD6EvnBtq8Ewo84kkducVrp3,1128806,56b0637becf186bc732e8ad86d25ea8166ce05f0
196EZHnFdJU2pnJEVoj5CQLXJrNYKEZsad,1128806,58be67143f66b9355b91cb651f5937afe6f98182
3ATDDa2cG5ynpNNKyGedjFAtiJ78cLPfoo,1128806,601cbc6915884b75f457a6119d2d96ba18b0abce
3BMEXixyJQsXASxELC7kt2apScEVwDPFTr,1128806,69f37647995ac567947efb69d104ec7664879611
1C3DhsPvXtXJFeUN7o6VfSbQadaZpPXeqr,1128806,7914d222a4b7253ff65285fcf529cdfbf82344e8
38yPJ2yW4eomb9TTgyuZc9Wpv5GMamYj9j,1128805,4fe16006931a889f63384f0aba309e0317789bca
3JBSEDq4jXYQA9zVHuCQyQoR3ihvvihj7V,1128804,b4e1f2b6440b9b98bd9708b02a4c051a0f0f7112
1NJh6AX46jMXxwk5W4vSK1YnSwfGkewREM,1128804,e9b32d6d7e75482a1ce7d589d3d6f160d667248f
1EQdEYykU9NxsR8HM9qaDWQipiBubRKFwx,1128804,931172d99e2bcc291e531e19e77ab9da13c4ade1
194ZUx217YVDHKLr3v9iqajYjbkR4GJuNf,1128803,586d5e604b2d3bc1da3d5985fc80646a54e9db05
1FHYviHaHivPNik68zp4pTFW3xGZBZHKAm,1128803,9cb311204ee61561e174eed06023aff6a4b96754
1HF8XqTbr114tpZFNocSpMcSeBPnrKd6du,1128802,b22e1f83f633155fa3f52f523feaca4b6d236c42
3BMEXxXGCuoEgLKJeV6vQUfqxQnARrrsMm,1128802,69f377241073556dd3cb0cd4cd2f0c58ec2bed6d
3GVgdAjUCBbsnrnpnxjr2uWQMk4x4Bk7dj,1128800,a265336179c01c10f400c062ef6da4a64b96223c
1EmgCqjJ5X2VQDH93r7jLWpezSzaCjxfoJ,1128800,970ca9d996e0692bd7f3ccc6bf7f49628ea90d57
3DnNJV8SpXTgjJymqodWN7XU61obunDQae,1128800,84a499a4d859bfb3034be462e8eebd964a5e55f2
15QBBUYwinvenakkZaQsXrWqbiFxLhpiLN,1128800,3042918f85d93791f06a346c47ef43d97a934355
3BMEXascLkWHgUwbm4nbiAGVXDw59LyT4E,1128800,69f375c3ff22c15e1d8b9385110fc6ffa2fad0ac
1GyhXsVQqfyUydLYvsnJhvq1o2KTnRYXND,1128800,af4303e678d51cf59780728bd4a98de4cf96feda
18J3HrKysBdHEUkHuVaD7Dy9JF2iM7AejC,1128800,5001dd26a87ce3865c276f5a091112cffa85ffdf
3K1SzbjURsfcRGJ159v9tVzFsovApJJJCK,1128800,bdf68d8ec03fc775186b432cab58dd4f01b83861
1Mopz3bcXS1iwX6qq5ychsg3H8vyZ2tVzS,1128800,e43db45d857d1401c76de88b84b7e901bf548e5a
1JcPByqcPansE6bm11aATahEv4Ao26xQtx,1128800,c12b383d981e3ad55af9e11e28de16327ef92a3e
34zzqnjQuAJLVViANDmKRJGuQMB6BYSJb7,1128800,244ef6236365b95fdee2be5f6788110c10e0b428
1H2qbuY1KPfRG7HVSiVsjq7kRHyRCidQ94,1128800,afdaffcf990515c5163e00259556ebf986bd1719
18QB8hU4kk27Dv5bX2wbPRvK1UM6KcQPEx,1128800,512ae7ee0197e6c3431014b5ad6a345f43f7ccbf
1JRQs6BEeBnJM85jaSBNh77dCY7zv9Rc6,1128800,034b72f15fdad0cff11dc7c239b26cff5c6f565c
1Mby1NRa2ZRSshcsXeDxPFB6yLR1xtLnXJ,1128798,e1ff68fed4954f2085f913cf1c01fed93d427e57
37urzAnC8ma6D2YuvcJeJdFCv7Z7Z2g8dN,1128797,443eb399d8ec59b3295798c73320a3b3017913cc
bc1qmgvkzr9w75mfna49gxv97ez5rjxfjzv9yynm46,1128796,206407a455508bfc3635771f81f424d8a97c8d06e5c684b94eaa
1EPT8DJ4HDKKsVxGsXp572PjgtdkeFGGyM,1128795,92d89806bd5e38aeb137cdade522583bda0e279a
1ESzSTDCDwqsJqQVEaDNz1XXY6X2xazK2,1128795,028b1a66f7565df3a04a4e3617d42e63fcb2c357
173yt1AhnNFHvULLykZfdfucWEumJhXwPm,1128795,4261112f1986884d6f75d8f6b5d250222c100b04
12NG8L7upYhGNW6haMcpi8Zg972BLmK9FQ,1128794,0efd7ce3324851d21aa45310eb94853885208f5a
39SxPeUzbr3ZVUwKonwYboWa1LWKZ7ZD67,1128794,55183bdde375179f2b3df5e8909a090bb7029c89
3LNQv3gyz3NcdKnHJt1xGVEo91tna21yh6,1128794,cce5adcca89d70172b9db7148598d0cb0164b060
17uZ6sTJmVnuvA8ZeKrBErpNv9PHGeUtfG,1128794,4bc12e73a5f2aa136f8208421364612e8eeda040
1LKqArVZ8cc7JexjGUt6d7FpzFCLR3dRMM,1128794,d3fa165fc4964a6d03dfd6112b50111e3ec1fa17
1BUHXNXoDc2XfuqFa6pP7Zxot9Rmm68yL1,1128793,72da483446013517bdc6e663f0165440c5810a65
1QL7CGpcraUSUg9bxkw2pwHVkF1Zfpoays,1128793,ffe7f79341c4dd3a7b01008a6d2c99d45abfe793
3PkJLdfK9W2isY2VjdAdv7fodRigznYkGH,1128793,f1f1b7cbf56e1b775527a8523e9833c95fd9b7fe
3Cvgqv6eENrkm3KTNtL3CM3rCbjxYKnZYP,1128792,7b3f47b3a7c0e57491d01eaed02665a5a1b3fdf9
3BMEXYuua61cuVwB15Grj6iseexCWMbYUc,1128792,69f375a41dab95d711371fe694260cde0a8e960d
375pt4boW43PxChybQgyBS7X9zoY1kPDEA,1128791,3b28fa5e00cd2c8dbba4fc4de32c42287bdcfe13
1CfPVtPzLpZrHXmaA9W1dtNNn1QidUKY1V,1128790,7febf87842b524607fb31335b871842ff8625dc7
bc1q6n3wmuz9f947a3u95u2mcht8pn8fm3ddfhe2vx,1128789,2063c669dfddd86e3372e7e3c931ee53a3d519fb528a9d4b3669
1CQAsoURNYRedZFFcgks15gnk9ps888ptt,1128788,7d0b31d8dbe461cb39c135a94d47857952a494e8
1HPzj6wHj1g7v3G9yV5HEwzGxRJNJU9oA6,1128787,b3db59d1bbaeb3189544dac018c8c12b18d2d83d
37tdKQhGqKUt7P6UWoxRpV8FDuneJZKLX3,1128787,4402e03b0f7767c2e5e754d968667a81a317d511
1779SdYBcFfbGeiJk5cBWmA82FXvpufJRv,1128786,42fa4c234512b2338cbb884573c40d888018c1cc
1PwbNbyMYWkd9vdT3E7F9LKaWkFMM4ZJZU,1128785,fba5ebff913f8c0f5c5e9607d1349670237dee6b
15a1axm5eDkgwg9PboH9huQYPWyAvbCTKr,1128785,321eb7fa0c69992d43a6b4c92f44188cbf291898
35P5JDkhquV2ftu62CJprmCBVnZDUyX3hg,1128785,287bd5032c7dfc8575315b3c01829c03830b8fe4
3PFM5HasakaNkdutPwzCC6HcN3qHamKn8f,1128785,ec77f03f97a18fe182dafb981c89bbe40c660f0a
3FrKneXgWSFFF6A4VmbiqD7aBtojW7PVBw,1128784,9b546aa8607d66fb812b7b4e7fb78a01596d98e7
1Gpk5Ft9jk6nsg441mk7LwA48Mz944MGKm,1128784,ad91648f8e7745c6d88f5bc0b82331244a22ecb3
3A53a3oKA2qqbtsCrjTS42hqaukY2aTJAQ,1128782,5beb882fb95b222f6e607c9a576832a48aefa9c1
167Ex8hzb3VeML8GQBD69ZUySJiQFtxHCL,1128782,3806c5211a208b6146c9f819a60cdbd8997d3232
3CZcK1hbWYLc8iyH7Wj66oTKPyyFQrnkca,1128781,7742c2d6480dc26166a197d00a34894860ad6d0f
154SPL1RwKVcxJEB3kmL3uVo62jtFLg8nj,1128780,2c86f0fa3eca933f0a6bcf9000b6c53a45b93361
1Ateynia4oXh9B2ncaEeNRLREYjdZpzSEJ,1128780,6c7e0ca9e537c615fdeeebf164f091c70180c48d
15gpgQvD5Vjftzx8FtxtpfYkX4MfEDs4Mw,1128779,336886c926e1d2a6c1ad23448cb0b2754437656a
17dLmdgLz59aBxBPvDno8jnaoiZ58sJN7e,1128778,48b03b6a8c562e81ffb77f2d47573ada82a6f29b
15MzjHXC1XCx2CsNCmNUif82tsQHiS7eMV,1128777,2fd9031c87f8f9155fabd99c74b61819942a91ab
3BMEXNAefUQsMbjz4mpLyhC1h1e4HHvxwh,1128776,69f374f55cffce8c6fee4d79d7fbc449540eec75
18SYiSUCms2o83c5VSwdvfcsyN6HWTwGma,1128776,519dc0e1265b1bbd2a4620889fd9e30149986efe
3EJrqQ344WrFmZt7B77i48E7BfKJ4xBXWX,1128776,8a68e5ab802e6484dfec01f491cee949521f58df
1PZrCKZ3rPNiGUUStPqFhqSFjo2Wak7Gzp,1128775,f78924e273a682660b3fc5c6bbe3ceed7184a2e5
3BMEXqdtBJHthaxNjgWfC5hCEbYdTfpQsz,1128775,69f376b4156de1896e3d40989a95e23045862969
1JEx9Q6BKBfzhyFSZH71CNwqL8xPbqrW92,1128774,bd1d9410f76b5fbad8d3a2089f59b29aecdd4a3e
182DN56Hii3gKvWKLSj3XvozjYzLdxCTbK,1128773,4d039de688dfbab568eefe95b2e0858d47f6b7bb
3BR2ksUg4aL9jDoMp7PCM2hVN2ai3r6d6Y,1128773,6aab4c4962e57ee0bb329766e18a1e50c987fdfd
1AB5VFzTumaCAVbMfFapb6R7YBoU3ySyNx,1128771,64a10993b740564372194175b451d516d1ffc5f7
1JjWNDsF7zfsnUvk1cVkwfnrMjDJ2pn85H,1128771,c2841f441a2d5a7c295a346a7bf1f6e1d28bc50a
12cq7yB6gjkHJ4nVs2WySrv19MRa9x5eBZ,1128771,11beda66365df9f96d9ef8aec0edaa1e995f0622
1DSu1aBd4Lnd2LMUhyxza15ACj9JoSpu3U,1128771,888752f81b0b18171ee6d928912eaf4528ef1ccf
1C25Yq2maQBJkGQRHPLRmb55G5WCQrmuUE,1128771,78dd98c129a8de105a2d386910f796701d54ca81
14ra2YPdYkTtgvt7KfgFQPTZgEcfViTW2b,1128771,2a485423f10ed557e72dd560a333c807efdda819
1JNg3FS4bp4Yzvw1ycdFozewcxBCXrKjw8,1128771,be93762179ffe0c59d5709c9cab13b5a3550a2ae
129n1wZtRQsRi83i5w62rQwfz5zPr3GeXH,1128771,0ca107f7ee59c05cec5dce99b1b06aec96c2d39d
3A3hTbFokDxyPvqWvPTKajfoXvrCiKBKa5,1128770,5baa53f2539140322c045ba6bb5eb0bd87247272
113HL4iriycBdLzJrnkgUZnjq58TAEw67h,1128770,006e7661ca92826652916d9e3f245e278cc9b2b5
16s6TLDircavu3xG5XufMARKh4U5timNqZ,1128770,4051fad22722c260abe987ba577ad1e49da8844a
13qEafqtgf2STbWhbyC6GEAVR5c2M3UcPb,1128770,1f0f8dde5aa0d7185f32df0af7a62be8c7cac349
1GssLeYX1r15ubX3VWNCBd94ZagJdah7gm,1128770,ae28b49cabaf549c536f8f8e016b97141e51ade2
1477WMkESibBdpAq9VBLC1KC4jRSw13fWk,1128769,22104ddfd5405172a99f54e3b298183a6c935d1f
14i8N54iujfTyzRiN9GeERQFEfSdWVMYNP,1128769,28af940e0458b6a092086e66c84357a0d312b87d
19YrWysXtJXqxszHSiDkvk5BDfDpqBKfvi,1128768,5dc73c57f47c43d413b20be37df45d532a5b0b5d
1KcahvpyDn6goXFQHgXXefYABqTkWGWqzg,1128766,cc2cf5763c8b84940bdf46795ea072026bac6396
bc1q846qs7d7ts5jea7dh2rpy6vwu645kzkervm736,1128766,2063c88dc3c2ad8c8a16b3ac5c89b443604ad35a11ee969acbdf
1F675fEp3ipeKLQCLErc3R9cxXgbdwWvSG,1128765,9a88ea986256b1d54d4f9d738990101aac061844
3BMEXA158arWqSZubrGf4fNoX4KFyWfWkC,1128763,69f3742f876997be7c838b280362fdbf470c2e93
3FoURsgY8ouUEyMwNQ4vNxTEThJ2P4YYk7,1128762,9aca61f189c8d8639536511bad0fe93c708037f8
1qB4UKLtrdEuhaecwD3meKZ7jxtuHA8EG,1128762,091c5d1b8289aad0597d9694d0ec222b7860a706
3AZUsxjfqGwCnnuh24qamZVXcvYmhpjond,1128762,614c4e3ffca763a9abdd48fa23af33d4f60e9383
1BNEJg3eXPGvTLKRovRPhWaEzEYs28KEVf,1128762,71b5196855583f2eec93619e7ff9ca5753c8518b
3E3ueFWFtQWU1Hud8BUqtVxyAzLx5rit7Q,1128762,879500665fe51315ac2f61107f886109f9c88e0f
3NjkfnEQ8n5ENC891PnCWFzPuFubkqh2xu,1128761,e6df27cecca6948aedcbdb2087aa4911d8b10a04
1A4CpEbHbZqfB85fgRFs2W5VBz56hp57f8,1128760,63543df9b232f2215dc9837e8bd228258baec7b2
1ELfxk9ZmNYWLRNCdMKMUXm34Fz6gRaez9,1128760,92520fc1f5a65d5c20c6658905edbd4f146ddfaf
19eToajxSwvZC8b2FjhiDRE82S39rP4F1u,1128759,5ed6c55f4c9252a209da95920eb8bde681d31b0f
34BGCicLaSo4sLyxUh5iu6MAvVJZLSPoFo,1128758,1b47d161c5a09518ccab72184332b168e7823254
3EHmoCtBs1kvWn3i2Qyr1zAQY9HBfuhkVK,1128758,8a34469dbadf86db381c057931f6dbf1e927c399
1KaVzxJY7fjouV6uzuofG4KZuNEBa2uugh,1128757,cbc832ba847c12497e2dd1e68706f332567c325d
1CEXKE4rd99Ga7YGKfV7vyqm4ZiG9Ashqp,1128754,7b38189e85bcd00b3fb7659f9f6e9c7d3bc60444
1Bh8QSy6SvYFicgfQCKsjvTeoiucxrPPoJ,1128753,754813bbbcb000c056bf08b9e08846752cf55466
3GSdqNbUie7qg5H3kSEvnazvsn5Yg19haL,1128753,a1d19fcb8087fd010ff72eff85650587c22276fe
13fkhF1srWxFsACKX1RRf4LjS2yJbeRdRa,1128753,1d448829578ab5e9073fb871a460fe09f65e0635
3BMEXDW78iuBJtCvZ3PmALV64KrPCSBC3m,1128752,69f3746874ff2b3aa9b4f00951d7dde5b2c9b16e
38HtRHU8y9tbo4jCn6kdJ3B2EXvLdMBLGf,1128752,48690c882c446570adb5e4594a68c2c194865e80
3PMDUs1i1C61krh7evLFwHd4RAPaE8RLa2,1128752,ed9418727fa6f461990bab6b0615ee9e1059d061
17hraP4owC92C4g3MyqkqWPcdkNQSTsjYY,1128751,498ac6d852e63764ada51ba52685a1f377237da1
3BMEXxkzHhQ8cN1uMVurtCtziYCmzUPzoF,1128751,69f37727e9a7cc517e66f1b9c90b1b77c6e12ce0
1412My935jaK9Tg3orQa4raBRqH8E59oag,1128750,20e9838e1ede276eb5d41d0fdc1b59c9a805fb63
1CnttZRg5VHXZvc6cmDJ6u5CQieFSw5zAC,1128750,81576aa752502d395cdbad2ffe4355786f6fafcd
1LpKRcy4g3Kn5wCwVtkHk3jno7Nj3qhhg5,1128750,d95d51f0d73550cddaebaefffeec4204d4ee5c6c
1GDoVvnGR8diZWYCitE5RHuFTh2WH9SgRZ,1128750,a6f5b188f948f62919b0346d1444a561798e083a
3JDXkLU3Jg9KDwY4vumrpDvc9ioiBRSXP5,1128749,b5476321353d905030f5b0fd5773afd00dfc2d9d
1Mq2UEcmDtwtW8Tg6egJ471dBf5AtydRGN,1128749,e477b56501f8a5448f9c75dd326f3cf727b7dfc8
3AXsaHBGkEQUnQ7Gfz3jpvG82XocyVWy2t,1128747,60fe6b2f0da5b7d4753d70edecefeb3aa0964185
3FWRrgKsQPJ4p6PHcuiPzKbK1mpq9rjBgy,1128747,979129f9373c28819a873cb2e95e44652ba36ddb
17hBwQ8MLMgJgkMCC4VFrG6ntmrMFbFEVR,1128747,496a860ff67c6a95c7f3f69e3e375493d6f156b6
174AnCa7jcA2cidEf7akFWxJF9rHNn5JnH,1128746,426a2a7ae9b0ebafe14d0362fea8e9f289970059
35Thck3R74j3jbdFxfg34o2i3jKjEttj1w,1128745,295bd054ae024c1500275f34e9e9b19e49dc05ed
1KvXb98BW9RAjhS1sy7RJzUivMUUGzZFso,1128745,cf91d81c13ff31ffdab0b59a33f61c4f425f51f0
1Fevf8aPK8YGox5PY4VYWjh6gNAkXZGnoP,1128745,a0bdf1491373bd9c83ab4c66ab46a6a74aaa3b52
1GAhgMXjLYjQQaA3YY1qGa8BWe52dDbfCd,1128744,a65f964e0b89d5fe67b24b53f4590485d1cfdf60
139giF47nmKEwDZHD98k2p7YnZsV6D28FP,1128742,1794ba783e43a9965a224f479b0ded5b8be804b2
31sCXiyDUeMfQNSprBD6DkzcdyBoan9PgE,1128742,01ed0376c527e1050387925dcbfdaf90253b9e40
14CqXNwPgBjFZoHuMt866rMvT6BzJwXq9k,1128742,232575621c08591b6943b277c233617a1349308e
3NxMS9EhPGJkMdJAJq8CdnU1L8UqTXFMx2,1128740,e9412ad369a2590ef402fbb6c2773d4a56328af5
1MkDXjMhA6FkSoCszJomJHgsTiMtzqqs5j,1128739,e38edc855d76103cb01a507fa074d2f8c0a0916c
3C4FAS97b9nNetw7i1ZUCCmHqX1DFHtWs9,1128739,71b50b786d603b60b571316acf1d81fc7d90dc24
16L6CtutEafc5rUFQMqRoyKgPVVqjSvB2W,1128738,3a74e08ee661b7ba71060a8b31df3a78ff602796
1JfTrWBzKLjoYh3tWcGMTgxD5ux6hscFBm,1128738,c1c05c6db4a6129be25c32f81f91f6df8fc1d0af
1FT51HGeKq7iL3k87hNKYuSeLhsSUuosbA,1128737,9e7feb46c31dd73dce50b942313160052716ac07
3Johtj24wThk4caMeDSMj1yq4oHR12o9Mc,1128737,bbbdff8cbb6fe1689c9403b258148456a32a428d
14p5vjKSUKJqZDog8B6fhE4tEjWX667Zg2,1128736,29d00a35db892bf0e1e5a087c337d6fc930d794c
15FyL2TxdNdF41DhfGCS49REf7NYZCdY3s,1128735,2eb558cc20149187e60720dc8d6bfdac76081d6f
1H8H2vt5TTYLw2kCWCnxm4JzgFFWq5biXN,1128734,b0e24ee3c3d0ccce5c613e2c2ad6101ee2bbc71a
14r9QC7Ahvf8uvgq5qrDW9Tt8FEAoP8ig5,1128734,2a33c575730e94967ad2e8758ce285f6439a5a17
1PnotNgVRGj1J6i3Sio5asGv5HLEsUDuun,1128734,f9fc9fb01f661ed10e0bea9911b6ae91c6ef734c
3BMEXmVLcZeK3dzoSNXDjhcLE8F8LXUoqe,1128733,69f37670a3714ebf9f70bb8e0c4019150ba8ffc5
36dZ3vLcfxXAxiXAueH81ZDuBL2Diz8XHq,1128733,3630f2e067317918142a44c1a07635aa6804ab6b
3BPqsXN6ZiYk1Vm9nmyLxsEbqiqABZaF1m,1128733,6a71cba2addbdfdaf682c09353349eae55f44a7e
1PboUjKUnw6Fn29xDWuvLPr3FzveR3kSwh,1128732,f7e7b5394c2a538875011095d3a5d9c7ddaf1450
1GUcD1kpuXTHvDWKCPjf3zPME2RQaC8XAZ,1128730,a9c281d48fd8e1e5b69b555f8a3d47a9ad1a04a0
13AP5kuEpyLzreakipTe8ceANf4BzmY2Nt,1128730,17b66da9227bfad87453ff936922d2c50ab188a8
15WVGhN8rwoZWqWjpmbzQpvZ5EG2nLNcWa,1128729,31742a4763ae6df8cbdce34e1d10c5e180a7ed8a
1PsXyRHJt84FnE4gZ2eXbZbUqN492rsT6V,1128729,fae16b89b2f9b43ec2c197b79679bca77bddaf8d
378Dj4xetTCyrpwomeg3DsAk2rSGXPZjZ9,1128728,3b9ce141df3fa8dd3f638660e8275d4d41a8c5eb
1JPX4vfXfjWTRU34peBdnHvLAaJ9swDRMn,1128727,bebc6382e5802e5e0312f43d8f6c04f11210f411
1G8PsbAzJdDmis1f3jVhNLyx5CptNXt6gJ,1128727,a5efe429cea3ee761cbaab456059f890b51afe33
19Mxs9qghEVzWBzMGmxcHALCarPT8Sh6G6,1128725,5bb7f5816fa03d55d59d0df4683b82e3f7d9933e
1ATQRUSuLWVALtArbVRyrQKxPL9gLfZ2VF,1128725,67b77fac357f32efebaaad2d73d14810545bd03b
168yyzTYXvA7B3FQQpHfvnwKLdpK6FAwSG,1128724,385b1b79ddbe775998463772c0fd59d482ea9b2a
3AwCAVaLzffLEG2p9RWvRaC2g9jvQuReCo,1128724,656780fd86f1859363c6502c4c0fc275c1465b5e
3EvLBtENGZSnesWY59uYdcnsSiz7YXH5GX,1128724,911e4a03c0af761c70d8375e702bbba1f2ecef59
1E9GhDe6pQF4bogYDVmiAQZ6CoWv63vA8d,1128724,902a10264d99695ae25cb66868016d9f978775e8
1LSbjKW23rawaDiUFnqdjDAUzu3W7FMVHe,1128723,d541c79f85a77edc9f366b55f68143c7adaf263b
3NXBBQsVUcFQdqUAuH9xYgNbnq7YnF3RTR,1128723,e47e356a9ba18d3fd6f2c6875e9894886244ca01
38LrK3iUQcX3MkXKUmyVy835oY7PD5EeAH,1128722,48f8899d399f0919cb7f8cbc4b5ac402378c3967
1GDX4YjsSQmV1dxGXmSJAKH1rpaLUFxDwg,1128722,a6e7f8dae43263189e8a14bc8204f785830f06e2
33KZQ83DrQZgnei9VE35CWKHzZVFNzsqaJ,1128721,11e15ff476b9bd660d5a8c8753eb89918e53b5ed
1FYjNhBnybzQdw95ySoWioZiS3x9ZY5Kzn,1128721,9f9207202c12835ae608e7ab3836f52378d0561a
19kue1bL7fZ8Zjk2HJnAsH8AQHnEEaGSrm,1128721,600ed52c3976061f5523306ee75b4f8bcd9beb95
1JcWtJ6Nk3cR5EibWLs8T8hkgvWinTC2fV,1128720,c131a4aa194915a92235173b5a17b9dfae06a775
38gg6kH55FZC9zGuB4dPqwZaybTYdEAHMp,1128718,4cb85509792ada6f78f9cd50335496b09d488b01
3BMEXD3vGL8V17zCniStS7HnRo2DMarTaT,1128718,69f374611d4bb8ffb5cf58b09f51144dca611be5
12t72Ktcp922NxRPRxo53CzXVhV4cFfNkB,1128715,14a25e1207b80b7ce5ac90d2cb6a699bb2cd2c82
3MKDzrpQpuJDYRVKxrDBGNtsTBwmCKrgh1,1128715,d743719839675bf3f6b027ec24b8ecd19faa61e9
1AecJf6E4RFfEDC2Xm2JsTAkAQUJw79XYp,1128714,69d5fe485428c09bfb1a7cd1eefab88249fc3bd0
144qDQU35G3y4JGLqMGxAoVMunUwwzzK5J,1128714,21a1df453fbed8a71de8082f19150a591d60546f
1Ntec1o6wiYh9BhAjhKZ61vzosKZNUVkBU,1128714,f01f3ed826136d8bd3b3b6371d6583a6fd6d36f2
1DNkpf534FrgBdZqTFVxTpttWBDbbo45zB,1128714,87bed338b17035a9a0bac33d83a58757e8deb305
1ES71Q7jFD3jy2JfHRsVQ6Pfsi5ozmpyiU,1128714,93590c6ba848c73fee562447805b089b0bc19d97
1HUMWobkVsV9eQnf5SxRR48VYvoWpDkWnP,1128714,b4ae5e1bb536e57d849e2b007ddb0def6660279e
1EZ1bVSWue6XEG6JTDshuEB2AmqpT725rk,1128714,94a7713ecbec4ad313a0f9b34ad95c5f2f4257dc
1NvefGTiTmQf14CQe7U1w1s66Z1UD5DdwE,1128713,f0801fcd3fc302e8d194a5dc8c19fea309f0adaf
1C8RGZ4XkQ5qS4oy8DXt6BoRYhfrhkhwCc,1128712,7a108daabe027ed1a346e8ae5467e1d94c98bc4a
14Nfc2LUNUEwrJ8CvK8UBXnwYDxytFoYPR,1128712,25015660e7ddda6eb2441489f7bf3869ce3610a1
1MLJWFeogLeq7CaptiKHtzYmgyHKidj8X5,1128712,df0907e5c32d56e2921a44ebe8ad249a7d56d684
1Jb4RfkgUq7KvJCMZ15Hs6PvPtHaFjJ7vf,1128711,c0eb23ecd2f7a541216f6b3f72da1fc2ae1f27d0
38oPBQ3KXjvMgjSG313NUfstVAJvRDUTZx,1128711,4dfd1eb5e7a3cc253f29819fda3c725c47887bcd
1JVRGBTeo1cYLQ6iTGy7joXjaAfy62vuwZ,1128708,bfda09b58dfb95c8426c9711a3bcfd6f54cb9680
17MNxVWYhbG3XySUzX7wzfbH5sJ1w8T3dM,1128708,45ab670af4d9473518ad6291ff96aedb70431325
1J2hVnJxvSLD7z6DPVt8DbTea8bxiquvTu,1128707,bacc5bdc92fa3bc22166c9d2d9940772c95c4e34
3Pv8pPbMXYdpTBKhJaZKLmQbM3sZvJM5nQ,1128706,f3cdedf30ba0bcd31d8c7bf8c86a0c6da98f15ac
1J1sgowgp2QRuPnJyUiUiPk8Qt7CMagPWx,1128706,baa472fd0c15fea685bcd8cab1b17059289b0215
1EzEpvBS1NgTCpHQRhHuasygbAQX3ys88N,1128703,996ce2f1d6ff9191db1c209bdc23741a7593aa8b
1KatC8jTCZRD9cZkCs1neYS5gH5545rq1S,1128703,cbdab946e30eb0edb5d285eac61896389f5173d7
3BKgCfkhZFh9yEUiGiqJx4aMyy1q9emCF8,1128702,69a80f3f690f2c2c9481387e6b5b5d0687b77c73
3Jay7b17LqRCxHGSLYqiTQYhedtWs63p5q,1128702,b9554c168b20e57d3c5f8cbc45706e4433f75c64
3Cjp8pP8YNL9SZqn9cggxeRDgHRwG4FiBh,1128701,7930ca831ec622f61674306bdee4f20d4a11dddc
1L5wUV8M2RJi6STQDFAWLUy1NR8BWPKFuo,1128701,d15986b7d539c839a7c1abd04321648d6a621cf6
1EyKSzpPmqhhtQt3i9ngw2RpUo4a79ewxz,1128700,9940542f74215acb2de8620e6b07707cb29790c5
13ogc9t1edHA45wuXZJ7258gxFemQaZq55,1128700,1ec47282b69e4b7df4438cfd11842611ce1bbc3e
1AHmboK5No6Gc3o61bUjjV79ypKZxSGWQV,1128700,65e504831fe436eca05c47d8b84c636953c82d9c
1FhtVavbTxThGRJs55aTtp1hXS6qtGk1zW,1128700,a14d622d65352518b847b1f2cc39de71d6148fec
1J4Rye3Rvyiix8mYcBdbKTNpMEevMdxRNp,1128700,bb203c4e0740a794e48042155ae9500f2046a17d
1FNfeVHqecGEjxT3z8X3GVWkqHZNVGKG2u,1128700,9daac1aab64d0bc7e688abdbfd7a1717296bab50
1Eyf5LFsam7pYqVnSGJ1S3uodzmsBUV5X2,1128700,9950b652b8fe51f37f388af009c96922fb578562
1Ja9PVEhkkubp1v76Chgu7bp9NWN1sF5TN,1128700,c0bedde45fbdcf97aa9e014a3932466c50ae59d8
1DZkETQHLLMkFcmPQ2MJNHng77Ad1nLCXx,1128700,89d2e88eafeead5c692a903079c1fb733e448fae
19k7sZpLjProVfSGuBWufUqSCmw9nP2U4W,1128700,5fe8a102044e4965531c6fa14cebfad51b9c9ec8
17jkbcVRgYEZYWRYqwXZ2crfEzzgZsTRnj,1128700,49e69e2a9ce53ef919fdb0ee90946a7bf495d26c
1CsaY8tnU2M1kDFyFPKHpqyMiWKm17qXVK,1128700,823a2d45c886737991a1215e38c315f6c27803d4
3MEiFEcqyfxZCw98eCaSgpBZTtx6LDXyLa,1128700,d668f1acff7515d508194542b0c1c2a76a4d19bc
13gYbGydayXrutTg4BqTMuQDb5kNq11C9B,1128700,1d6ad84a059369dc7a75930d61e357e6cba520de
1KABub7VUyxWyug16wKUSz932spf6bDUtv,1128700,c72f1cb9ee81d30762f032379d5a80d89eeba422
1KrqggYosjU8rV6VExJ294XWNSfnUudYFd,1128700,cedf4925e291d008a859e45c1228d05b8dfc6658
3L8Uy3cWfnPKvG8sQ6pgiBszLoiK2LNjWq,1128700,ca433cd53f5c4afd8de5ff2769887b33079a8856
3BMEXMX1TarfoJbVusNPsBRZeU7ng3HjzC,1128700,69f374eacf2362fb18d48fab2cca72f70e46b886
12wGLwqRcES4XYUXmHJLc6rByLkfZvQrpQ,1128700,153b656a37a287836a1e84f681599b7545fdae6c
1JR1q9iZWRbS1oRDmnKhDQookB16aAkyfY,1128700,bf04d07ccce8b05aca19d1a3f1adf8a08bba5f45
34EipU1vQYX7gVw8TFQBZyUxCh2d8WbpSm,1128699,1bef48b3e34b11c2fb29b0d2b28fbb6f1d31855f
1PpbnrqTQ3ipxZX6MM4hiYAzqcS2TdENK3,1128699,fa535bf73d722aba37510eaae6f85acce5daeee7
15CzFZtwBrxZeZgDGGEN3Uh3BeG7sYRrwG,1128699,2e24de9c732fdb935dd0a6e5747c03e6c617f388
143aKKvC3oKVXsWQVpWPj1fAHrUxGUArti,1128699,21650521a5357f786f03ba88d33588fe42bb6caf
1K2o2DdqEvRHSfJJi5k8N8fHu6nX7YvQNa,1128699,c5c918b1d8bd548aac861cd79e4b3cdcc577dd7d
1EUkEfK86MCA7ZN3ULXm4NqaK3TwgAocpN,1128698,93d8f515655ad1becd7a181abda3446e78d3179b
18UBWGiEz6ssPryde5UfUwPkzPpdnrQhw5,1128698,51ece15c1ff8f6402c9af6481bcc509cfe6ad520
1MxBZgxmdoMpmhg48BusnHMVVd1F3XUcNa,1128698,e5d2362d1e003ce6640529c992d317ac41b1a04b
1GPXiPoenUaQtP7kzmDb5nRtZDEWgoviYG,1128698,a8ccad28a0aeaaa4f6f27fdfd6e043843dfd0cf3
3LC2cbSQNYhouzis6JiC6svdWCBMeYhN45,1128697,caeee746f505b1b5019c2edecedc8951e695e6d9
1LGh3YuuE6scjkf13BVmiLt1kCBsTsSP2w,1128697,d3620e6c574789cde292b136d03914bcb68a83be
3QZcJD9wSGeTAxDdVFYwdon9fqmmLRVs46,1128697,fae44249b919c4d69c31a9e0242a1affc4ba5280
1Pb9iZ9qDG4GNzCQMGASPfNFZqvV9PBmEe,1128697,f7c82fa28473236b09a25631f0bcad5dab07e96a
3H2GiKJ5mRTrRgBFQrdjeTCjd3rjmnwvgs,1128696,a82e22aab176d62d50fb2bcb04d0bee32001406a
1C7qeaAbCuE7jVjCx6CSoouujdv1TcwVvE,1128695,79f47d0fcb91abe753dc235d2b0400ec3e070445
1xCQdWbk9j71tYTBpuFioM3o53MChfopb,1128693,0a70667b6816a4513c877c9f2c1e2268350b2449
1P241og89SNGMebYxc7Vnk9MGgCyui88uj,1128690,f185b2f5a63716601057586fb000bc58f6627eab
3BDtyfoFqxcFDmTLiVTMEtp68pvLKcn3Ge,1128689,68903a8285832d1ecce39a0f19d2c3741e622664
15YRixXCN2jVTri2Px4aca8jemFkfpTfAZ,1128688,31d20937b5d6b94d171cf9d80d1551f2fae93d67
19fmxF2e9RqRUxBmUMFVKRH14mK1qxMCrp,1128688,5f165654bb4f40ae42653e92c70dfd6fef42f5de
1NPCr5oh6NhPCjWqcnMHTzKSHLJY55iFq2,1128688,ea8dae6e9a5f763216003bd329510213f42894d1
1GUvpyCVnPoJVLXn6XjGpudVE3kHhq1iv7,1128688,a9d20cdf69f695415082da387e62ee18c151e9a1
3BB9p57BC679usMBfk7i81YVzwQ6VnVsYd,1128687,680b5d2871751b3f2a9e95a378c6c177fe2fd119
1CmLZzVwrYxLZup2fGj9S8GeMNZAysJkYo,1128686,810c056b1e569f77c0ecc9591cebdbce7b7a1727
3FPT5UGfGHtmp3bsVqTYmmSwRgdfJ8mnR3,1128685,963f456668845e4812fe211230d8cf674168328b
bc1qphxhj2fumcwq66peaxkv4uucymunv99n8gdfmd,1128685,20640cb364a934ff655757f6ac01b34e64f4ba544b462fd98dd8
37uTNopKsGEN2oc7BpVmCxohY5Bhv3HVDL,1128684,442afe42393c75dcfa976df740c577f7535235fb
1AS6QqifqqPMtZpkfDN4ex8abuaTBEnxir,1128682,67780c49e3a5af3d8d46e95cca1c6b0c3e00d8ec
19sCxzgAPT98YbgUZ2Tm8s8YkqaXriuX7e,1128682,613fcae72b819bf93df657a80f8d1f1073fc8740
1CVys9T6s97ZjTvuvyqq9hdZqtDKy2XqkP,1128681,7e247fabac5e928cecbfc3dac0641fe2dd5ba21d
3P1xthgTXoxaPa1NeT25tije2JV5eyWV73,1128681,e9f0039290057a7ed774c7640b039d83864b0f49
1AFB1RKqD9NLXBJ1LYiJhfRq4hwMEbRdoE,1128680,65674f2373a59afc1fc594bba36a7fa952afedc1
3JG6oDhrHYyXPuYpazz2E1RMFQiXoCQsvt,1128680,b5c3cec2deef0e3b80798b6ce883fc71dccc5bb5
34uQLmK7c43DK1owW41Rdf1RryFGB6SEsn,1128680,23401508e150a635d8f1c1fa385fef7a5acf1803
35Ke3wekyN931VUscXjQ7qKgxdXXiF2e7Z,1128679,27d5827f62119bf0a391227b6855cba4a70fec42
1E3znQ81XdoTCkMXXTAgnQWifqiRKK3E75,1128679,8f2ab3a352bdaf6534291598871d269fc9add910
1G9pSWifHukUNXtv3z3Y8Qs5CCNAKwa2YG,1128679,a634d0b4d1aceff67a7ef95e55fab510d70512b9
3FMP3z4P5pSA7qzgyWVTmzkQytK6jZkSNg,1128679,95db1428aa244cb9d7dfd62597e850d8759f7ad7
3BZLTvoHooWysuwGwx5NSE3QCJiDqsAcLu,1128678,6c3d6851019b7d51d7cd16a109fce730ca183987
1aUv7njhQ2SW687gS9QjRfN8E7H6ErnBE,1128678,0655079969684b3b774bfed6a7682febfbe587d9
3FVsb2Uhcqkg7Pi5EoMSBQmQq7uKSFmW43,1128676,977639f71b937af30cc5464556445829bdece3b7
37Sd24Y7VS8npTkxq6hxZPzqtyixoao6ta,1128676,3f17cfac4136cf46995e392fe10bd630bc1b4ecf
12LgbAzP9e29okqT2gyqVVk5TXmLupciRf,1128675,0eb113917030af8526c726997f4901a5265d4215
113W6mtrW6SouoAHSKn1pXAncysqjfg83H,1128675,00791f7d5bcbdd186acdf308580da957b205aa94
18Uvw5gRo7wie3LiMQWsdKyroUsykeMqmD,1128673,521121c9354bef76b521ececcd6d2c7dbb424817
bc1qwkn4jjkv29ff5quwpwxn393e7sjakmq873p48v,1128672,20641884326293e69ade1da87ef862a01c617966fd38a3543d66
16uVCjmsqruXziXTCjD1VtqGWSbBfXKYsg,1128671,40c5cd13e9a4bdad530c4790c463dea452f0247a
12tR6nUmSNAq3SXzdDT7EUoTYQVH5AxHmC,1128671,14b1750fdcf979a7da84a07d3616aa2ad239e720
1LXmttefC4fKBjwfyy4rM793pbgkNWPVym,1128671,d63c584ce93f9c1b6ee90b06d712dea1a3afdb5f
38cmLrKUz3KJWfsRDVMK7KoYCwyKYPGMdK,1128671,4bfb0b8c640438e9e556801eb8dfa8a923fadd61
18jmqkapUNv3d3c3REcCQGC4U9rxgophEC,1128669,54dfc8295a41a1337abce5624f15dc738077c4d4
15XDinY8cBK8RB9DSz99EvXoUCzpBUp9fS,1128668,319799b880d708db848ca165066515314beb36b9
3N4nHCgG8gDSTYtvxoDoTReAHKg2YSkwn4,1128668,df80470d4eb659139d7b1588c69d4ba247754f2c
1qMKh1fseXdAqxEx3RVNRuAGWMbVSRz5z,1128668,0924ee293a4821d3e17a76c64d5a507f80f70e58
3AsGFpy7TcfE64qVaJBvYwKzfrEHSSXN5B,1128668,64a9417de503fcdf857ee426e9c937ab2c9933eb
3CSzAZjCfW8k4j76YYU4fMdeEDUKZKQsK8,1128668,760217aa34ebe025c1448c674ed2450940001820
1A91UvmBF5M13jRS88Pg1mu2QccM56sqP6,1128668,643cdc974519683d11efba490ba046251de0b5bd
1NyYZhmy7JLtzn5V2ra7B8mL3iVC6pxPP2,1128668,f10c4892d784c9faa4eea3927b66b8af88e503ae
1ALgND2h9wVCUrxJGZwJQ147BndtQZsgvR,1128667,6671e567b0a341ee1d6645c5a4d03c77472e4a38
1B4ewL63DEyiuDBpbt5UjeQnJS8dGx9nKn,1128666,6e622c771c43990a78a73354569fe9d1f0b619ab
15t4PgAA4wNDSC6z597HuzmDyx85mYuVxw,1128665,35888c3d3c6a8adf9c2f20ec35988def5ac12360
18AN14RHADFZcsC96nbZzqVYkyiADrCunf,1128665,4e8e27a80dd9b7708b0484728406e7abcb7c6bdd
1Cv4xaCvmo2sPQeuwyai99F27b4oh865Ms,1128665,82b2bbd32a935f65afbcf54daf440cfcdbe7d584
1KNuwmUjgrQYdpyTbhQBdkqNehpQbzrCxr,1128664,c99731e7eb56d0858995e1fb43ad4574e517955e
1MtASsdkhfnFFPE1j2kC8mZiLAaMgB8ChH,1128664,e50f9d6b8ddb040e5a2dc9a31681d6d92ae37ca8
1Lgh99FCtkgRccQxJrVfcdTt8Yj1j4P5LE,1128664,d7ec1eb217eda65b7b607641ca29b0b8e9a60e8a
16xn9TAnr7RmaUmfSHbtcMwWDTqq42nGP5,1128663,4165314b7f6f61d609eb47cb5d4f7ea36bd43dfe
3GG5TKKpoB84cSbyRqLRVnzwRqEwd8Z12G,1128663,9fd26f54763d671426f06173cfba4c4eeb119a67
37nmqArykBSeuXmynPdtSD6zEj65ggqeSK,1128661,42e77c8d6d6686b8ac436601850d40e12694f1af
1H1Tm4hD8bgVytCJjAymibzJ2nQdjN5kJY,1128661,af9859b5afe0b6ddb3195ee35b784fc621da8cfe
19FUPTLzCPLGPWNqMNKp5nYEmDxSStYNNM,1128660,5a7db0fd9d11ab47f1a11d2644ceeb1b9a3b9df3
16mCtykEMT2jUDnRKBDxLiTDHMDWSQnTy6,1128660,3f34dc963ea3217281809ee48d2f829365de2f9f
14YXjhTZJsDK6Edh2bjJxaVtcaMVzrKTYr,1128658,26deedeecb4a91de88881e880565ec996a0754b2
1JhNt4uxdrti1VssmV67oekJHubL5UJdpY,1128658,c21d0aac8b44fdcbb91fbe59bcbb87e6ff86da5a
124tnMkgNbzthPikoNiQtFZi69UKw5eDhz,1128657,0bb49960b70945c3d669eba2d20d04e2d1f18091
3DgrSKDoZ6T5sb7WnN4wJWMRppAS1zR97N,1128657,8399971e2e93aba493c01ecd79f66c0e30504ae0
32jEJ4t8ZTHei75H4HnhvsKWZGYtJbjvxu,1128657,0b6348da8396b96f20480218d6ca0ce91cedcdce
1C9T3GNtpNXkgGehPkaAiGiSa42L5dPtVP,1128655,7a427297739f6a5d203d4c8725c573fa5f989ffa
3BMEXSYYi2kr5QyUvEreeGznXjiMgFErZ6,1128655,69f3753c8d74b3dbbbbe90dcbc4d787952266a11
34oe85BKwSRJWZjEX5EVJjihKpTRKDL4Gr,1128654,2229172083098fc9bd19b1546c8b73e28dd2c5dd
3JG4QpuhvAQGALmr2AfPZL3UjA98NjFAZk,1128653,b5c1d0dbf2abfe72f3e9ff96ce8fdb8591ae5997
3PBj9mZjeXXWEP6qTwH1wnD5geT9xk4YFn,1128652,ebc8b42cf5df2248c34ed21f9143cc4098aca945
3LaGvYyd3J3qJ61RfqH68BEYkRYMYoyPVh,1128652,cf23ffe903520a7796129adff21edbf6e3e1f2a3
1evifYs18wD3tC7Wa1qBizRXDsgmmS8xH,1128652,072c3b7f522d90062addebf0d94b1b0e3885e999
16obhXLQtVcyjzoyrDDFHSr4WwMdNNLG8h,1128650,3fa8ba685423fa87d614183ab10812d3ec44f0e8
1AK9Ft6D5ZYjEnQ66yDncCLJPddSv8wJSr,1128650,662782f845ff228c58883b5335d8b27647811de6
1H83ESCpFZ8LAKKenEsFLkK1kvDe8kZUNV,1128649,b0d6c9824470692731368680f054461c09c0cef1
17WNP9VybdjUdaP8KEqtQBdPhyM256YStz,1128648,475eaa8f91fefdf5c1b602fe1d730ba6477f2cdf
3FGdY4n6isWbSXehF6Ya5grKTLq1ofCjx8,1128647,94f516f6f3848c7d1dfefa409c137e5f26f5486e
17d3kYcTKQouVRoNRfF1UVdMEkWFTiNDCA,1128646,48a2068b105d9e432e94756c1c8099e7fc0ae1dd
1N4DztLF2Fq5rLs7puuxkpqQa4VCuZfNvX,1128645,e6f6bd52b946f71695bc2f0a02fcb3f26c2c80d9
1DbuTMS2zodev1TxEz9mee8V6bdRntiMop,1128644,8a3b7054ac9459eb1f0582fe19a1608d67ef65be
1G4yEuK6ib8CYo4zYrKAXcutN4tc8ejU96,1128644,a54a14c78aaa0034c5477c15ea4b59024e2d94ea
1KALEgigmEjFKYmL5tfp9otQEPntmXHSYQ,1128644,c73610abda879f8288883c06ca3f84ebdf70b674
1HrGYddRcjJgFpbEVQaDKXq1RAWD4Vqdcd,1128644,b8d35f0ce1e42f0c79278699b0172a92f2511633
13qxYfEkedRM3VqqAaQmn1DGAbKfuShZTm,1128641,1f3295c75ef8ea9ef926f9ec502b90cb2e7ee14a
14AGf1orVGChzVvqHSZ6eUBzTaPUnPPMmb,1128640,22a930824434dbd76557a43ecebf16c4679c6b36
1CpMs3kHrBW8SQaYyTVnMPTSAmTDSSvV8k,1128640,819e596ac3454490fff6703364df41f8f773f0de
1FNe3AiYAdzWyAN1V1LXkZKV7EpP544jAs,1128640,9da969d54a9f42981fbbf1cdd2beb25176bed16d
14R8SFqE2i9LN72Q55mGG9z8ZNGuhCLiqx,1128639,25789135f93348d57b65db60568e39fa5efa4c15
199zKUm1NBvqdfdorHDuxmaBJbAzrtMNqg,1128638,59742e5dd682577d59732bfe64a9e56c33d75f8b
1A2KtyW6Y2CHpX86sFqg8cQFYv9uKGbJwA,1128638,62f9525a571cb37222f3c94f660b141b68ac21e4
12VBW3mGg5A3TB12xnzXbGRPKvpdZQ33EP,1128638,104c89d1d74bb883048b8bc33c952e9fdbcb5bd9
3HGYCChRQy3XBH38rC1QWFmcsMLjndeiGv,1128638,aae0e1b09a462811f7bf144ad3ff62cc231357c1
1ArYAWG1UZSAx6DjVoLPhXNL4LqB14v5Nd,1128638,6c178749d459e3007348ce19e423ae653ef79953
3FLzej5RNLQNvenfb5gcTrouKxy6ZL3gjm,1128638,95c8611ba226f6a0bc893b077b60e3781ec91f7d
1FYpnhvhnChTpWd8AvmH35jKHeCRD4XEBv,1128637,9f968c16f2649821c006dd3b8bb64858768d5868
1BRLP4BAeMjbZp6nuYmgyqDiuasvordnNd,1128636,724b6b32b13a977389c32398040e1446f06c3f28
16iGC6FgNUDXmxF5dmy9tjzKoUzF4La6UA,1128635,3ea65d4579c703dd6cf5759e21a6828bb728ac1a
3JRtqFJdCtj3fMbPNvynmK9YEcx3gRmMCf,1128632,b79dfab7aa859f2af5052e3e1f84f008f13ed30c
3G3fhV1nrBKhKvqpXHvRZU2Erb7FvMBj42,1128631,9d799cf0af85064d1a01eed757122c4e574b05c0
19NbhsbkXUwaSpU6rWJBKRLDyS5p6KuKZL,1128631,5bd6b6242dc0616d6562c1d173fa2a5125aad4ab
33MuPh3C13kddGTxfrEa76Yk3LMuA8z7KL,1128631,1252e54ccb5cc91db0d396ab0d0892c395db1751
13eDGNdd38iPRRct4rKpmWzLVC8ED8dWsx,1128630,1cf9e1689fdf5356e28ae7508ac4aa216f7bd263
36SF3S5Lp7DDSt176TUzNnNEsuCn4KyeRx,1128630,340d572b05f7c97ba596a44ee726a98311945613
33ncwNcdHwdx9iRScehWXVuekbxvib9Jwk,1128630,16ff8f521f670744de4e6f81f558963aa659374b
1FZo6GJWFRYpBmzuMYZ8nGGULx4x8DbWxn,1128630,9fc58bdf41170232ffafed75355146a4f26e2b8d
3KGTD8yoxqmegSbvtyJdiUKionGKgpyb9n,1128629,c0ccf90c9c0952674d9f0b509d40b2815d734405
1JvcYwxRKwHuWg1LzEdVJvCs76nYE4x3Ms,1128629,c49ddc5223e2a28e962b8aca7fe7fee8f5e28485
15a143P5gcp2HttFZDY2bw3JjUV32hiAHQ,1128628,321e460d67c979cb01595eae7a9cbb17540a896a
1EHvM47eRsfKXiWVNJaCkJPmVnqHfrYuzM,1128628,91ccd24550804f1331139ed4606ea9fcf9295be1
1QJjw28up2UA8GYFjvh31nVH6arB9AK5N7,1128627,ffa5cd3b0a6341cd6c738f083bd6251a4b496d07
19TYaB44TdGTCHjrA3vd1x95hceaxG17FH,1128626,5cc62d1c87ce27edb1be682cf92030a7212ebcf5
19cG7oaWjLEEoxnF8AsTRNEje3Ff2Qif9g,1128625,5e6c2f28af9ecc495705bcdaddcd28aeced0154d
3NS1zcvXJjJo5JbRUxfSaRB3Lmvx6UGWf1,1128625,e38475f08f2bc13bb33db611cae54aaabaaac1d3
3DYEaTkrt4t7CT5LoukCK8Xf443AmdPiRg,1128625,81f8541dd876d30c17d6083d7da08dc40506a9a0
19atRwM8EtBQz3ZgJALBfsGpY2pZe9tDdF,1128623,5e29aa212620093dc101b90093dbced0df350ebf
1GKEywQC8BYaYj8E6t9RpnR1TdjjUN2CSU,1128623,a7fd0b9efb123210d73f5d9fd0fb508558ef1aab
174Q5q1uy8k7VmX9KankGM3ZK6M2XW9qX2,1128623,4275458162a1a31d1223a8eabd9d61179935a1a4
3BMEXRRKVAVhGTEtz8ZQc9tR8MSWhVKJTc,1128622,69f3752a4377c3f6326d6f75c3137802d0a23ede
1JskDVFnYT7ZnBeveqM1RWmb7WUj1QWzMo,1128622,c41302beee8eb115a19c6cc34fbcdf4ed53b91e8
33idzRZxWQ8Wg9pTBCghVp78CTU4JSkuCD,1128621,163ec650a0fd83733faed44564717fd12cb8d5b8
156RZdyEQ8pub7o3cfeDxik39r457tyt77,1128621,2ce7163cc97711a0401b83f42b73f80386cecc69
1ALjrHEgJZoonzr2yR61jhL4T9nQFSjwFN,1128621,6674cdee52cc318e78bf3b5409d6573ca1b4d131
3BMEXAg2Bm8RqZGrFN4UG4WhCxTuA6zmgj,1128621,69f3743a7324846425c711368cec12f84f1f0a40
3PWVABbKrCdaqR33BBv4seqAboq5myydUD,1128618,ef54ed2ae631b1aa2381026354c1cdf2835253aa
3LXUgujpHYQvwe2gb761Mc3TXZ1ViFGUYh,1128618,ce9c92908b964ddbfbdfa34a6794c5d0f61dd280
1KhsRbg3Ttj2zw9ezVSwfssMCH5R9wNRCS,1128618,cd2cfe97777baef18f4d23380cbf58f436d3124b
38cNNBLAaEm6bVA3ZdzTszumHVMinxZjtc,1128617,4be7dd62bcc27e766d815f2f64cdd8e8fb598561
15QXcqMJXbP5CcBRFUK5LTLZGUB7gzTRBF,1128617,3053a0f432b5b45c2c67c95e23652683d3240a13
1MzCKbxzwWmUdJWE8fMKELRzvwjU8CdUhV,1128617,e633acf2722c1c297fd26fb30e826aa2c67e7949
1J6wzU2fWAYdr3mNk1pgpBf3ZsrqT9BNhq,1128616,bb9a1f44492f056c2b5ed422fff34fec22da622c
bc1qr97ac7fn435jdpun7z2qerte523ajs934jj3fd,1128615,20640f1aa2f16fe207ba1d5741289756384a9bbe944859eb732a
1B6b7rK2jrBUQT4BxqQEeu2d4uADHPkpgC,1128615,6ebfd168f77d8590ec0669702793b216408e8ba3
1HYFEbc9VmtDmiE6UpkEJTg5BqTZBoipDE,1128615,b56aca26de360d607b6697a73b84662af0749557
1PWxFawyFpSgXrivuvuS6pHGrffBoCcLpt,1128615,f6fcf3a53e0e8be2b4a145a6bd2170b639f18f17
13QBQjj89pVkCrZMSCdVUWoSMNJwHn3DmA,1128612,1a5282056d85b0f27720020dcef374f16b78c038
3KJVUazvGwZS33hXcbRGuVJLpoDS2Gqya7,1128611,c12fb2565da7025bc6e7578608b8d57859356ab4
37debyr2fm4P3Pxm67GYdbjpH1cmqiiNAu,1128611,412db5b14c3a53af695b4c6a16bbe2b3ad01f794
1N5hJEJUNA84bVCFtnJz2hTUnCauqVp4F1,1128610,e73df18f82612a0a5370820316436bf954355e1f
1NWbjT155XUwnU5CYHoJsQtU3LbGrJuGr9,1128610,ebf3b2721f8f47cb2861d613d538bff64ef92f69
1DgDaw4QzsHmwTLt6kYLjKeE9oNZpbzVLz,1128610,8b0c3cc48370e3aa115055b468048ad3d88e3a04
1C9MzsSg6LYYb23m27koXdzm241iU9t5xR,1128609,7a3e3d468cbeac3ea9ebcee4b85d93a485296071
1PwDpdcD6DZGaZB4sXpt6gw5qMfmhk7crd,1128608,fb93ee8a81012ef112eb15976d864d27fe574d0b
39CQLZynW7AEYZe4s5ZEQQGDs6QN8uLCFt,1128608,5257a7620ec39f48310090c67befa87a87743bad
1AGyw7CgfSaYTGmYa3o5Ggesh72aZdsXut,1128608,65bee58b1dea27a9fefae0809486ad21d6be8e0c
13PyC6qCDZLxETh2SiGgAQefappCNyUhUK,1128607,1a484f166ba93dc1d4a16ac1484f59239d68085b
1Gu4YC8u6FyiqWv9WiiU5SBwBja44187YN,1128606,ae627850001e3b0526269bc2c17a068d560d6598
14ZbB6KLURNdMNC6DqLMrKwX9jsW5bomY1,1128605,271237138ffbea5875de4d6c7616bdc867f3f3d0
1CGSJWauViwFZo58UUbv2CU4WSh5WGeE6d,1128603,7b94be7761c8d8f5f1a2a5a1dd1724d8f9096ba3
18j71HKgtBA2N6qEEgDXyd8FvYQyNkcF8E,1128603,54bf5d0d00391e698d579644f8b457480d7d90b3
18tTsZTRNdFfCtAREicUhFo9KpkqAKr1V4,1128602,568486a2841051105a4fc288fe50a985a6da29f0
18ss6xjQbLUXKWBw2r5am49DsVEomRcS7M,1128601,5667809474ef2cd677785876ef679e1d63bb0d98
3BkHeRBFJvsvrS9vj27EDALEPMZaBKDpmv,1128600,6e4fa137cbb386ebf0190307c7850a39263fef17
166pdnZ3Zc3M9YVepYbXse72iU8TFSDfem,1128600,37f278c6a84bcd780b943c359adbf2c0b7f66af3
3P3us4rUs7CgPBf7Ndm1rchUKPTgipqHAg,1128600,ea4e516d4bace6a560cc0b18375dd986e0405f8e
14WvVUW77YjRUjwfEBUtz91RpDiz5mPawd,1128600,2691179c235654a52e5036f44571a35bf8d9f2ca
1Li4VBwgYQ9xfWp95gdkbe4UuFWvSZWJPB,1128600,d82e5ab378a8f9f9c6e4179b28fbcd7bdccde8e6
129HQX8gxNVrwh3L4YqUNCD513Hvywx8Uj,1128600,0c8925ea5e2f14840002d63d4792f9ced8b2a9fe
1AWGzadgXbJRxcCPbBfKMW7KXMb8skKwZs,1128600,68428b86dd0907cd2a10d1e2f76a3e9d690ff3e1
1BTAxqoeWFGTw55e26sZZkvJAodJGYJHJb,1128600,72a463aceb44ddd247825f60c8c7391c16cf14a9
1ATCFFYGg2om27jMWhh7wHAaEDw8ijMYDm,1128600,67ad55a1bd7ad89bbe3b25308f0765063687cac5
1MUmxewokWaqNctNuw4G9vLiLMN3wN3sKp,1128600,e0a346e8df160cadecfea593fce62acf8f5a3351
1Q3JaGvHodGSjHg4QsJ8FnJtsievKDPZdH,1128600,fcba650d51794eff1c0ad9fafa72ed6918f831f5
1591MNzVKx8xsdRJ8r4igdkbwstDyMyXDi,1128600,2d641fc73eb654e2b8dfdfdfad3e6d049425414c
3PonouHiQbJrGn7hXJDnvfXskGNJa1MnxS,1128600,f29abb45f7325fd6cdcd5bd905f8a84ebd8e81dd
1DSHAHfGsCQcr9N5crgotmYA5esRzMRekS,1128599,886965f33f7e55b353c2eb46c9c455cadb69f123
3BqU3gEMCtVuAkn1Ytq2uJv7Etf2z8MQsy,1128599,6f4a6453f9403de1357169df5d4d06048db1a4c1
142JxHSkF4agNBZpoyb2s475zuJ2iTL1HS,1128598,2127c7a4e3a4bb38d67853d4e9f24059f1645053
3BMEXadfqzLK2SB6vibg61ezNRmfjphSrN,1128598,69f375c01691866aa7ff7a75226e61ee244d5c34
1HVSa6M3xJ6k6mATd58gXpkdVvb7Zxo2PM,1128598,b4e30133aa2c1d53028d2cf995d1f8e6ad4383c3
14NQEzwGHRsSZRZ1wi7ZWyAT1PtNpj3B64,1128598,24f48372125aa46c0bf52ec845f8b8d30c7b11fd
33zPQghs2reXXHDoLXX3XqdMxQo37omL31,1128597,193942031e336efce254a7eea611490166b98d90
1Ekusy1DWzyPJRftUL3MNSdxtRiHPwGg6B,1128597,96e7a9980722fa62e1dcfd9e72c007b6f143c023
3Bgw9dauTffToWq3H2F64AoYE1uEnszksf,1128596,6dad45bcdb8bccf88bf80d75b5c7a926d1d5af7b
3DRSKXcrnwdRKb8KTxuj5Jnc9EWYLBhHeE,1128595,80af3811703e05ad11260e7f03ab5103a33b452c
1FvW2KUPeokra2MKz29r5cQcXYMkpRtPDT,1128594,a3b008adfbc85fc30617cc69d24e86a57d5c6bb7
36M2w5GukxdE5Fq5sqANXekNTX8VG2jsgL,1128592,331126eeb5db07032343f2edc8456f32aa3d84e4
12kmW2NfrU47Ttxtmku8GWnxMkRCBwU9jb,1128592,133f28c20b4109c5aa08ae265209abc28afecc9b
1FsDs5kxpfiibUaY6mEvQWcHFvtNvKwfHW,1128592,a3114c0567f4374c9200983d1eda9714e9781cce
13nuBjrTfjp7ztiEBzBg6KpxtawgZ4gx94,1128591,1e9e88255379267234caeb4fa71f01d2ce044eb3
3Pp2StdC164CbMN18cx6yPcsjcsF9wxVjt,1128591,f2a61da155e5d034d1c233be4b6d42759529c19d
32grsMi9XMekfrpMNE2VXMmecdE3kHrDvN,1128590,0af0912e1ae9018a046b0c76c8945497233f8e67
1DgnP1FNv8LZWVdpVKJZS9d6MxLcKkbv8S,1128590,8b279cdb09828b485ddf44eea54c3224aa4d8577
3L9CVhWGVrh5wL4GBUpEQKME9JpjNUf3Qo,1128590,ca65e764a5190d04f50edcddc690634a9058f9e0
1KG5jQeSFX79MQBuRbJxXsUQZi1EBBk2dg,1128590,c84c73f22d345c72d4ae65cd4d41f84b062c704f
1EsJ3BcEHcxWgQcmtgPiuDUqVDXx7vC2Mg,1128588,981ca7d42581c1be203be82092657e298bcbd5a8
16tZKGZSJhotXn2kBtnDkA8LJVe9MbbyZE,1128588,4098d1723115edb33bd3571c1398dd1e5d0dffbf
16pgQHTUwMMYaUmtquSskhhnQjFatdcyCg,1128587,3fdd11dde05d4999af29560909f89b7b9f989b84
1LEg1NBg5X2fENGxnTYSXFefMxvus7p8Gt,1128587,d3005bb3cc444162ca9f0ffec85ca46887b66690
1LrcNcWBtvSFhRV7vVP5khMTopJMrtQN7w,1128587,d9cc4cb27455f40e1ba4e4fb24e12e56786b2188
36z6XCUrZm2DtfRrePwSfV9naDMVnw5LBY,1128587,3a1389bee400ce8b5876c384ed37f073755d13c1
3FjtKsVeaQ9sEyuWjWDhTWsEWymJZ4Rqe8,1128587,9a1caaa207fe28174c6d97b05db80971a60fdcdf
1CuMT8AB48tW75b5h6HQn8dEaYbfinku2W,1128585,829015b39d16e2caf57bf44ca881e4b64ac3887a
33ZzH8rLz5Csppqnn1E5ADwvJwFNf8baz4,1128585,149bf77931b46374a2c60e1f1ab3d144358a22cf
12qwjc4PEyiegRzFKPDMUaL2P3YPEJtmsR,1128585,1439c835056dff5c5a4099667d2ece42ebc9f162
1DcwLEw5ifpEBGx3t2Rzktvr6JZoRQHf7A,1128585,8a6d6c02510f1c6eea6d4badd4aa6724f4b06612
1BM5Dc5mMLPcd88za9BdTxLWKFiYYZJjVW,1128584,717d18f707efc00145a662d89e8d57676dcfdc7e
1EkQsUFPhDF6pEQtXyuVeMovwBQeHs1U7H,1128584,96cf72862837db6a8dedf097f1d43e55346465f8
35ubUR6zUdH93puR5VzYnJMnqadXgVfsTd,1128584,2e41801b06a144adc58cc2305d9c3c813584f1a0
1BMydzokypbTB73CxWatUsCihzMmcXSDLQ,1128583,71a8db221e11ff67d21ed47ef9c0b329e20d1a3e
3BMEXB3tGb1b55ZvsiaCNZdbvs13pFRVtM,1128583,69f37440947ad039114ed56f65d217f167efdc25
bc1qye2e9h8894x6t3r3jsfx7znvahqzqqrxanakyg,1128583,20641bac8a06963ccbf089865baaaaa380791fbd40702fda3dcc
bc1q38k92jmypxek4v935tzkhc7udj6ancjfvq5zeg,1128583,2063c04e6dff78da00e5ad97356289e4e507923c6702acc0bb7b
1PiFt8W425iGdH8RrAcsnU3kfnD3PeJmiQ,1128583,f9203e814e4f7efc704f59c795824c80281490c9
1BR438DbQLRbAdTV29d1okwF7HA17yN134,1128583,723dc698e11020cc3830f1252acd3505a4290f2d
32Qsx3eUFQ19Q88y1fasumTBEPtUrh1v7D,1128583,07ead05f982177892e29d8dc7074fdd7a449b53f
bc1qguxdnsuz4gkvnyfww9nna2ps4d83ahk8ghpjw9,1128582,2063ffa311f2973dbe8d8ada56a102e09a378e64806d7b656151
1EEBEVeYa3SQZGUhsr6hd28XnXjpceJnLt,1128582,911795a095c65b1926396cfdd15dbaceeb6f9f68
33axYa93yg5W6EJA2qNDVXGpxtZ5qz9uxK,1128582,14caef6fcc6d4c16ccf2d2f1d1ee5a8e2749cc11
3DYoasETWUzmvZuSTWxjFhGiRzY6KStB8R,1128582,8213e1a4a542d14681230b4a770fa951121481a8
1EjYdB4SJRffAnwQg4DkiN8ipDfbHDryYD,1128580,96a580f2ab95b7674884268ac21e64a5f8397c6b
1B9GCuAqCjUGxiLVr8ejs2sBwGL36PPagw,1128580,6f414735b5098dce59a87565964001beb9fdb9b9
18RoyswoFU9xowNUnyGPjYX6Tq5CyBzUr3,1128580,517a14bfb9ca26fdd84f748591ce556078ccaccf
1GXBjKBS2RgYD9qFBzcwPY7rstEQkRmiNF,1128580,aa3f527a75cfb048f948860c22a0a0cd454cb2e3
1JRLHWbPmCQDkNbpKTMn4UHiZ7e9nXdpK9,1128580,bf14382c8da188c6b2294066bbb4cc303522d12c
35ZjdYhjK2ThEQ8m7mvKw7TcHpfk6h1Vw7,1128579,2a7ffd9bb8170ec21b60d6abf95a091e799fbb0b
1AAXj2zxPFnFZkmvqgSZCtNuTsa5pAB7bo,1128578,648685ff2d93fb58e7a8cecb6674880388dfd8ea
3Nux1BwZikFpXe3ZTHc2fZDGTf5jJGSxaA,1128577,e8ccc6dbee21fb3b21b463e91cfbd6a4e5127fb0
3NmuBm47Md3VyQbSiF2igDTVLEr8wZSaZ4,1128577,e74718d2beef012e3df0582cc57a599bf13f2dc9
1NZQoCNBzX1LaqMFdP5e9WT7EVpwssUwk9,1128577,ec7bd108b97003f7ae5a02a4a8a9ae9d345f2773
1JkrGkx3RhezxrfqyvVMog3sh8cffVm6LT,1128576,c2c52794b22a9091cb5c51d6d1514bdd3987eab6
3Nf3qQXYFKDZdu4ZwBrxEopbRLKJa92CSA,1128575,e5fb67b5866cf3cc2733b97c180be576967c84eb
3GRRBtLZYHGfNaNYWCnkgGYaeHCfME4CvG,1128575,a196a6d006e3549f0546c7852ea6248631fd970d
1Kut7jvnPYanPTpim5nq5nX8CLhZCVvrp7,1128574,cf7290541e25d07b545e9e6786cbba95759e39d1
3CLoQhoQXScrHZUWki2MdkdPXdXKmb4vFa,1128573,74d69e2a0b0ada52676718ff78bc6fdd05bcc236
14aPTFYK6wmjCdekcjFjskuMxXEpjxAKWY,1128572,2738d8b929dfc3da06f348020f53958b4d9c3a19
18JmGkWzXRkLi5QptpfLWganyHyxoYqQPu,1128572,5024e86a426cca31c570f28e4f24b8f797af2f84
35MjQAPGNsVjZp3ViK4XqkZ8vyUsarBbBp,1128572,283ace7542e6e8973e15047d13594e90a35e99e9
19c23EkYxm1Zod5vcKKZP7kGkttuzHZ5y9,1128571,5e606e903264cfe65700f4cfc1f8709199adbec0
3N1Ev2vF3ZimZjnHjj7y1VH5irMdNVjLYe,1128571,ded4d8f5f5902c6311d3d18340758607940c95d0
3KLd2aoCBTGWnXDf1mEntcrpbbQEGGjcVA,1128571,c196d515e974b6651a716d55b25d60141ecb78a1
191TidQweKqjYqcjPAW4hkQZq9gx9qgFVK,1128570,57d74f2133fa38487855a093a8282e27658b72cb
1CwBgBbZmnyqsMUvWaceYgpzRx7mSLxEEW,1128569,82e8c1cf55041f1c314eca1487eee85d7580b7ef
3QFWYXT8LHBgMhtnm9YEFDVJwvkBX55Xt4,1128568,f777f817a69ee53c0c08161e8c83a8cbc9a1e4b9
19GQNZrb6FY7PU3ZpqhoT1LKtKC69wo3ro,1128567,5aaac169f31527fe06705b2a1f76aacd48d2a14f
3CUYB1RvMgFHQyBMEkhBt8iW391vuyS3XC,1128567,764d3a1efc15bb661111aa94b5ae3672af6bd810
3BMEXSPDXTXEjpW8UDbyh91RtatFRrbrpP,1128567,69f37539efb4f5be6b53eaacf78724f19429fb23
1FdQPwvVXb3sTThjpQDDwxRDx2S6HSxwHH,1128567,a07443ea2351f324663f01a930f84c54142718e9
1bp7pn2NXEEjXbhB6PZRvXWHTAaQMxFoE,1128566,0695797b1bb3bc8816aa4c67f65730c74550783b
1Djx2ZWmRLNzun4SZLJEfccJ2FU63w15vP,1128566,8bc0e9f88b550ffee820af3776c4d5f5017a67c8
3DwSfdazCwfTVBzFpg9gF9ajcN1q5BYmww,1128565,865bfcb905658f24cdd38e0041beb11dadd8cfca
17CCZWGMbx72HFBwLu2rtAXatpHZASbDek,1128564,43eefafdfaeba86de694b2278cc07cf65bb233d4
3EzckkCXru7SMa5N8jsjfLkgsZ4oMgE2HM,1128564,91edc8346a67aa3f0d6447a4d1fdabe8e5b167a6
3BMEXZgjBLWPzc8bbMQu6S57mroYsqj96p,1128563,69f375b0aedb7a5680f04a7092a7b8bcedaf5176
1rGXgMGbRUqHFcKg1PhU4r41kCbFgzFp5,1128563,095158541209109ae0586599cdb64787eb354ed7
1GBXkHms3FtXqd5wqzXm1QLHJEWC8azefh,1128563,a687b64f53e818e645bd1a7f97b8da6730b3b142
bc1qwnk2x6jks579eehg4xnf48tw44tsuh3uevwfd4,1128562,20641892bc5075e5d7cc32e0b39a688cb8a2bdeda63ed7491b99
3BMEXe983KRuWrMTqYHcS9hCkz1mnqzaTQ,1128562,69f375f92217d5e54343d5c9e8dfd4ebbcb90b8d
1B51CBWgpmDwviM3TUyDaSGWuewcKz28w5,1128562,6e731525e64fcdf291aab6bbf19fd94554fed904
3BMEX8eZ25JJ1SFyZtyxgx6vfoarZJd74x,1128562,69f3741983657bf66a5fc3e0af27643385ea2158
1EzxEZdC3fzmtw82zvbiEJYAZbs4ZhXHo3,1128561,998f73af6a6db27d8950dfd75562b2bd0a882cee
1AGzaWhPm6iGoh12AAuuRY3HHnRxethHxz,1128560,65bf6f5c4d3f52490f0739c76ce60258dd658043
17299XgYqaQuch43Mw8BLn6CJDowCLdMVh,1128560,4207f8b2f5d588c1ba6b0aa09b004f45bcf07b77
1EdQRJcRUjXYN5HzYyrHQ8ELtXvx4gCf89,1128559,957c28b66f5da736e511be80398d2e8c83ee1ada
3N6mqAX6YupLZiDRQA8F6e2oYyNJm1wGhE,1128558,dfe0bc1776e3b463f1ad2eaa529899332f5ad92c
1Dm5DJqs7HqdeG25VLbWuKB6XFT9qbLAQ9,1128557,8bf753f0ba4c68c31f558a746c24df7af3646962
187RBbgkDGNHhb59Mo9cGZBmJYydnM13J7,1128557,4dff901f646134058a8ed44d15fab20f049cc3e1
1EWjUuhiuLxRn6857Z5GmXxuN3NUyfSLZh,1128556,943928dab79185993b4cec820ec33d2424620feb
1GkaTwN794aj9V8dFHsJu1GPgB3amynixx,1128556,acc7b53394531c8e02e3d3c6bbe7202e5762ad85
3ApBNFaK8Q8DsPAszM9Bd1wfKwcMKe7uUT,1128556,6413ed36789d765501c8c2e874bb2a0829510d48
bc1qk9hhrk5e6pzre5m3g83mysf7fzdp25kkynus9w,1128555,2064051029e077a0f5376be814609ba8cbe5a15fbd36b196f455
17StHxNJLMbMs8ujnsMqve841jweP5yvrU,1128554,46b5f86d7bb3f28d33e72a85f17fb84b5a19d245
3BMEXwKyHQGN67bczv7RT2PBfdduwCz3YJ,1128554,69f37710a2c4668502b1ea768db611c16d21b862
1G1TextRAUzmPdwRYK8botoD2jh4zwJAT7,1128551,a4a02308936b04459a5285ca8225b986c6fab348
3PKSUVrx9jTH6G66vfSe26PNGUhTiYHEPo,1128551,ed3e1c34a92fa6d8e68d4d1fe2e4e5892cf7c9f8
3KTUTNiZHX8rjnhBzFViF6SXj4mLD2Z55F,1128551,c2e2968cf588790164ee484f96ab512a1ae2157c
18UyyyMExqXQep1nhhptKaVeVKALr9Pc1Z,1128551,5213ad880117a90da7f8da16236074d38d237fff
18u5tsz7yzDinj3cevjMrtffnTaJihBuBw,1128550,56a298a02faea5135d618e237b21cf99dc492299
1FXmRsuM4P1CimzqKx61AE9pjL9T3dTh6s,1128550,9f6353c5070f3d0f2318b1de26d16df8e3950910
1LyWSUPmmPGUujEk7CZioK7msHfcfXWZMa,1128550,db1a42228c4b8a994245315c31d9cb41b7fb3080
3Eyp44BB9j8VqC1mNyZRh5AwYUiutwCtkL,1128550,91c6cc2caf13892061952db5e16f09ad3ca4ab93
3PsYTdCmzM8yDnS5Qu5kQU8as6eBy6tvTP,1128549,f3506abc1f5260ff3884d5b28e106440d94045e6
3BMEX4QhLnQAM5gyiSgnABLxtHpS3Gwf5w,1128549,69f373d4941977c5cb6221d7fc3ff06fb6e05dfb
3FsDE6pYr2uFZjxoHzhTQnKtw8mFaEQeL1,1128548,9b7f5b09fd3ba9ca6175702d07f66bc9ed28d2e6
3LqdvqutmHn3Hqc1686QtfzfaCNsWTa4TS,1128547,d20bc5f028b9123dd681214dcb4bee28aba1a476
1ANJFkyYGCCKfuaR1p7KJnE5CxTf5ynCnE,1128547,66c045424323dd4e974f46e846f569a1a499a89e
1EPgsADDXypyeubU9yS64KRSXuhKHgG3sU,1128545,92e41056149b08aa52ed5d50d8eb85f775397dce
3K4Qofxa22uHzfVznWgPwzAyPnpDTc83di,1128545,be85f95c15931325efdfe680adb72a4200a06d10
1GVwfRGbxtxXy2SuDvj7uPjRaDeASJXD5R,1128545,aa0329de5e32967e9e8a5ec738896c81d06101a2
3LdjmsXDUL2BkQJSqUcQHpwhVMVrqPfEzA,1128544,cfcba93be144c1adce06f3645a2f5e8043015696
1MhvPuEMjNNoMBUf1wDyc5UbmzCyKDdvxp,1128544,e31fb9d55ffb55bf82fc38aeeae325d8fac7e480
15zW1gfUUxX6tRZtdURagiFiYqoNop3Bzi,1128543,36c06e479d0028a7c8a78e79fac37290e4f7f473
3QYQSymn8iLhhbnGojEJSkwfQgCFd1vP5b,1128543,faa9f3bc393694a26211b5a061762bb2f6234e8a
1Q7iFKSWtboHAxFHMK9aVACsgZ9uAEsG2w,1128541,fd8fd1e7cae26c1d6d4eeff1d464f0c311d7abb4
38efDrDxbqZhg5LDrrNYJzHPoMhyrWv8kM,1128540,4c56c48910f882b0f77901c9a5bfa8cc66edbc43
3BMEXq15DucNUhxQTKv9t6QiU9A8Pwo5pm,1128540,69f376a9c347de53d083c72a80fd5b906beb6c25
1MhV7C4Ngw25KadP1dTPuGgD6B9sqy2Ppm,1128540,e30a9dd0deb1e6b4c8f81c6dfd1fcedf6375e3b1
12j8G9NLjaDcCnz9vBx7FQ1fe1rEvEn75o,1128540,12efa84e6eea9104179c6273f95e1d4a600dfbb2
3MsrWYZ9PwFq5nYbUyuC9qBs6sk423ppvq,1128539,dd6f3ba801dd673a3142c4a1e0f79c303356060a
17APmXNhhodMuwyN9C6JmHYPtZ5pGjMQT3,1128539,439780fb61979773000a7e822a309cb7c888fe1b
1HRP9mugu6GmmuRKA7ppudrqG6swnBPf1G,1128538,b41e7c90986365e7518ad7ae36d9ff32eed6325a
3DWaN3sDxXd164jg4C2yfRfYtmdmMLAVK3,1128535,81a8035fb7a1c3681692a9a3b15da0d1377005f3
15RuzdfqfuDSSiUh76gCvXvpGyhRAsVWnN,1128535,3096b91ce2ee738c43e18300c712c079e21741e5
175CgUCZR9YMjKxSRXTZ4zvbvhM4SDN8z,1128534,012600bee3d7cd6f5e1a28eb1785656a78738361
1Fe9K7vw2soUEf8nfrHAh6PeVRtZzMdQA,1128533,02c4d442d75f9c3e28b0ef65b25725a884c3538b
19JBLh6UWKEZD2QwYpjL27EYZwyCFLaQq6,1128533,5b00b5671d4935c035171fdff0ec95b9084b3754
1E74owirwfvCujqroxw5xxa3jsHKoUSKo6,1128532,8fbf4f94a7af96118428b1e39f04d2450dbe51da
1ARav3F4m97cWvtJPPHZNZ8DjJiXm7xZyQ,1128530,675f6cedb692470b3e9d84ba23d1faeb033e39ca
15VnFHuKrra14KbLJfBr7a2otPopW1oCNv,1128529,3151eb7c023b0f3ad375d75bba8618b1abefe1f6
3AfejC3Jnf2YrKHxCnq8ErJMuGeo8LNQ2Y,1128528,627705d52e8811f76bfc0e436fe00ffdc069cb59
3BsxyN6GNNwzngkPJGs67c9rSQbeDXLoz9,1128527,6fc35ea749b38f6780552617f946d6f81c82bc5c
1Vkdf32u88epepBb3gWDkVUei8DgfqeSn,1128527,057011afa369d89487f404bb41ebcd7f71086157
115HdBs5kPStjTVZeqWVUtBcQLQRLVsBwQ,1128526,00cf8a71997a8aa22fbf84ea6252c5b96ca9313b
18rJow6239v1eQNxNEWh6w265nTLNfUHEN,1128524,561c2104302d1da1d7c47e4f931e5329acd24a68
18UaEzprufTnvCtqTZJj6zW8zhkqaTPSQ1,1128524,51ffdc238c3d112a1367ac17cc705d7647f61572
1LCDao6wSccA4jshTddrZ6SQsW2iyq7y3S,1128523,d289780d7884765356174a532e2735b7c9707e14
19d85nV7MbvNs3dLkxRZPZj9m714pqHoCU,1128522,5e95e49f5c3f279ee4b68b255e8bd6feb85dfa53
1NoE6JTUp19NGE4TNUEQPueDe8RydDXfWD,1128522,ef18b42f6efd34c796c3b6fa27043c69c25cc8ca
1PkVrXg4KkDwhNn58761ocP1hGvpku2em9,1128522,f98cbd5a6bd21952d11e3787746a6c6f15e2e860
1LiuNTGhdtnSRMCijsWVUSgRM8x7uvqhSD,1128522,d8572916662bcc6eb051af7019c77ed4d5ae3a56
3MoWpefQ6ZjU3zY6V2xtvYvQ1QyPaqD9pL,1128521,dc9d22756ec1dd93a6a87e031c34fc86498e411b
34Gn1G3ZmUitZEe2x7eKRp5jnUKNq9XGSZ,1128521,1c52c689a5349149e204d8fdf279ef4b34a4f699
1K3aVjFNT6goeuLEetTUCi2str2TLoyJRR,1128520,c5ef0e77bb69eb422dd2c650e6ff2966107120c9
35YqDsNefcAmiEHdZW3nLyiQgdvqgmiVej,1128520,2a543e11d0c35d1f87bd46d4a84efe91cfe57fe8
1D2Dvgpe8xWBbUqKH4q2QRj5yZye2NakJT,1128520,83dcb7136d66d0b58a54dd74d0bf9a5db51d721d
1GR8zMtSwiM2yx8dPpvvgE5gpcJKi9c4nE,1128520,a91a89e7d849c047c2096dc93262e372e1ac1e34
3GJARDTFUaJaQhQao9fqsUbJgQGiUN6HjJ,1128519,a037690cf6d91151e7941a589003857b227bd073
3AX5qHiuTZoUFWqYdWzq1jJYYZozsLsCo4,1128518,60d83c601bbb5df2e1d8633897e13258bd2def00
37FKVZQkWmrZmBiXvmzLNmeQcokg6dRvTF,1128518,3cf49b12f5fc23edc19b747a2e869af57a295648
13nC2qnWnn4EtCNPE35zEk7sJACfomhqmB,1128517,1e7c2dbe36d8d73276c353e86ecc766c4932de88
113k2EutFDQLREnrccb7vu6VVfKbXUss1A,1128516,0084be8e680fbeb218a8fa78657b4b3f6df92089
18392aXHKyvGWufPgtvH5LGuZJkw53RrWB,1128516,4d3069c6743951ed6ebc4141116cf694902eb735
1Ph3xg4JvpBqFoLoqZDHAeQcAJHiU5msuB,1128516,f8e5e06283d698a9ffe1c1f958faae60d463b51b
19fzRm1hvaaK4sfCKetkgu6tAhaY1ABJ9C,1128515,5f20c017a03d6f8470709ff7601263d23dee5a76
3BMEXdFa1sdR1HgXBva1y4APHcRvLvHFmY,1128515,69f375eaadbd2844b1d47aa89925fe8dc7270eb0
1NP8X9vJyu8Dw4vsbPuXTsBhkGFkK9rrVB,1128515,ea8a11e58ec0c8dcf54d4faa31b850bfeda02279
3BMEX3sgXRRQnKfbbfEEPzjHxrcTmXpwgW,1128514,69f373cbe1f1d2574fb6843475308223a35220fb
39oWudnHNikL3HLLSVc9BapEbeL1wmaKoN,1128514,58fbb26aceaaff7f6df33b55afdb05c39dec3629
1KEQw6QC8Sc3XcEn3mA2xeSTKTDJEV8sMZ,1128514,c7fba64a66baafa39942d0020b627aec8eb3cc70
13ADYKpCLGGnBGm7s8LZBmaMNj4e9E4zC2,1128513,17ae7691180e674f99c4319b5a55d38b3c7970dd
3PfDNWCMvBvuBCLN9iA5TMgVMLT3zELojh,1128512,f0fb7dc5279b01ca2229c1e0e0e00d30b4e51e38
38ZUMDxtDTnczDsYRA1DQ5Jccq1HynLNaT,1128511,4b5b9c991c148d0bffd3a1e7c5f805b021c5a4e1
1JJ86CPYyRzhPVGPVnVHfpVKBJD3HnaQU6,1128511,bdb720b56cf39e5bc5c4f6dbefde011257b72ea1
13LUFfzMhLyskcHCxefPGbgtNGLvAmGAqS,1128511,199ee78ba78059960861e55128ec19fdaa835128
1Lx4ZQ7nem5BEmWVcTbStqrKFxENPtaYBt,1128510,dad43d04ef4734519cfcb80d4d7f2a3199173c01
14QYEcq8QXP7encyCABiFuRi8Zf7jQk2Qz,1128510,255c04991ac4a3720c2694cf84475c2b32b008b8
135yLEN44yGFxDiiS4AhgCHF3K9KCRHJpZ,1128510,16e0f04a2b24c548c6b79ab70e1bf63877592254
1JyQCrsHezymWJdeUyvR3C7gcaMWgPD5CV,1128510,c524cd640d788efd654f6ff94f9934c2d2d76d20
18C4YnCAu8YDC9ooAsM2ibBLiGPgMDEBYD,1128510,4ee06aef91d1105546887c0949cbbe61c094791a
1BeM4ZKYELWK7V9hv9jfgkRkAYvJhUdece,1128509,74c16510523090cbe78b0c5a96577762e80dca63
3PjeAr4Dk8R3f7z62VeT6Pe5V7V52rYzvS,1128509,f1d1db36d32e0c417d14422a884cde4d09c913da
1HWMDEmr1NxmbVEBwMkgxbmZUf6fE3pMBm,1128509,b50ef25c19e7c910016470f8b6aef86e96b59d0d
1AuWRsMrppN6bgtEN1oQwUNHTs7hiTHWKw,1128509,6ca753f548ba2ac333dff4c917be2d6af0a28e2b
3BMEXJVUHVaiW7A8ZdURtf7Q1csxsSY1AA,1128508,69f374b997428a12cf2f3b1a04e47a26b0b98ee7
1K1duWch8imNPdttZuVsECgbPk1SmXYM6b,1128508,c5911236b40f4c92f6db9b49d6c41e58ebb8ddb7
1BdiPZH1hZrhtZJBB9rPVnW8RtGVUK33gL,1128508,74a2c83cf43e8985abd244593c0c5f36758198a2
169mnfg1WBHZXWKnTNGtu3zZxCw9p9MYoF,1128507,388157dd10da35f4dbac42f490b2db330ffddf5b
1MYcQC2oJes6YkymsR9giVRmuewJNg2Rj7,1128505,e15cf5f5c9bc6aa4609871467d611de22004f51c
1FYUsMfWJCq1NuVCX4YqZnLPhDNQmWAkoz,1128505,9f85eb439393eb6ec76121d045dd4ac75965d088
1EKYBA4kGXhVeEdJnY65pc7THsbZGECoAc,1128505,921b256b7a984a5cc9b3e62a4fb40f9a5db5ed9f
1GKzRzJ4ABCodqQDg1q1U6C22XmX9DRs8A,1128505,a821509dbe835937703b993ddc30c42e30a69a4e
1N83YurCbsWDNQXErnSBnwN2rPmLd4qdaB,1128504,e7afae969a713d3ecfc506f9955442e14203a74d
32S4Qfx5WiHDqUemHYbJ5kUdnyi4HqE4H7,1128503,0823f5f11e8eb83ac3141871c98c8f997208f1cc
3MP6Yw8D6vYo3A5f1Nc3mURFY98hWgpL4K,1128501,d7fee4219321ac5e9f78fd5b50f520dd8712db31
1Ja7cEwucM1bTPeTz2bymjh9fddoLoTEpJ,1128500,c0bd617c7111cc119512e3275670f8b962772b3e
17mT9uii72zFsLUxijqj9aQKTH7rfZVpYF,1128500,4a38e3922fe5ee835401d288467461f734f1731a
1EeLeNwkKGeAEkQf5SwJZ3TvnTT7VzDSEM,1128500,95a96c946e022236f63ddd82612f058a76c51ab5
16KsydovY3wmvQHnx7s7es8rFccznW21pF,1128500,3a6aab5312c1d622fa43d01b27d197040c9b52fa
bc1qr9hn8f6aprxqzrh82hswxq3ffaf9tkezgu2sft,1128500,20640f1effc849e1c0e509c87e71cbae46ad2ce2230d7eaeedf8
1NTjMLQb3MjV1JqdkHsYhcGCdPzUmurqhQ,1128500,eb68cf183b0eb020167b8e8f076d663fc68fce8e
1LX2aaNag8YoJojTs34gr25DsnEG6Soncv,1128500,d6182fcdbbfd8209a4424e5eedf35d6faed06555
1AwvfaznmjDYPhCatJ3yQKXRpaLpCM9Nz5,1128500,6d1c6439ef03b5d587c3b12898938bb2fe8bc52a
19s9HgiPLjChKjRbUwwLdGYmXd51eaxXme,1128500,613cb8f9704d7aba1e71fcb3a84258023ad632fd
1FGgKtVCqjrafhX5VaSuZbEUB1RBGuHQbc,1128500,9c88d3eaa421b1971aab7f14cf9d8c941fd59344
152PNTLQGCFiBRtSXUcPS4bxCHMN5TodvQ,1128500,2c2397b12535685ced7357349392fc88723cda4c
3AJHfYu6MNMWF1NeEjJUtUnr3MwmWwLT6M,1128499,5e6cb48cf388b365129cfa2e6055e117b5d59a6c
3Hkgtpcgi3sxHV1HceXxG6kAFqfQZsrqyW,1128498,b033ca8c457353289139294255c1419365fcdab8
1K9V1FMKkMxpeg9oxzmgyUyV16P6HnSCHy,1128498,c70cf7f5442afe5bd2c1b81eea23e328d8cc4f71
12sag7jaKkUoD1Pwgsmk9jZrxYRwGtnbkA,1128498,148908ab089d4243480580a6fba695e600623b0d
18Z41oZV9NF2Kdamt6sf9fjeFzqABQy8Bq,1128498,52d8b503ee07c3a99a624e8f119117e7eead6dd5
1FjsUoh67AKNQN9BtAHnAVScvBZTLySMhY,1128496,a1ad5e940be4da18433c082fdcc359feaf6684f3
13PghkC3PyZe5JjK8T9Xdd3EexottNKCoN,1128496,1a3a8b71760b57c8760a1a4f84a218414ffca875
1MUQ7icyeeVewsvNPZGadKdYkct5Cimwzf,1128494,e0910af242afca7dd99eed643c3b7589884a623e
1JVcter7XSToynF3HYU36Bnqk4Z6xdNxaY,1128494,bfe3bec47e7cced6ecb1eb1322fd79dd5d28f992
3BMEXV8HPrzG5CJVRyHcgcTUohXLx1WTFy,1128493,69f375668954fa1c0d90f85d963f6464551d85ca
1Fib3cU4y3sVrYHiC5m9TfSvh9kZGLupVW,1128492,a16f3c19666226dfbf0ba20e7ebe15bfedfaae4c
1Kq1Mi2dAXwuGEZVWbuSRAuTdmMaQgfQS9,1128490,ce86873ed233e32b551054cfdb1f3fcd63ec5ee2
1LbY8inzVZHumDaPuB2UHo4PePGQ8BPnE7,1128489,d6f2856dce89367e395b5b0e7568e00e0bee23c6
1KULRG5gHktKq5955ivbJ3K3VvbHEdPf8B,1128489,ca9db463149f649894795a27524a69e840ddc52f
12VAPiLH5WTcYUXad6EotFiZa4hdvY1KZ2,1128489,104b9cc7d6208cf370c283e6420e4a7809ad4ed9
1AWDvh6SDhtgZN3nwvgRsq5t2PDwYtq8Pw,1128489,683ffc1af84fb5e233ea021049f25c51571b505b
1P4LWGp6CVquG7ciXt9fArbscpkAEqqGch,1128488,f1f44bfd34b4697837ea0ad92564fa783f915e26
1NxD6hJPUAxhLTRHk8bZSFbkFpEnat8rRZ,1128488,f0cb9e5077cb6c626126e2d8d54856e9ed380dab
3GNxXKtnCx4FSm8tbFxvmM9Lp8oQtHiFdw,1128487,a11f8f9efefb8bcfaff9062cb8b251f282cfa479
1QDE8mdDS7Gs4BFzvqLc2PpTvYEmivsQ4Q,1128485,fe9ad9265ffdf93fdc7f89e94f421a94b3b7636b
1P1ofrXNXU5JVMbfEHuwDtJxr9D6Rqy9pS,1128485,f179b9add5bbb9c968b34aaa28e5111e54f5a507
1Foj4i7jToXt1J2k5iwRKEbyEZzcbnxJ6N,1128485,a26802286ec23fa4af017f5eec22aa6a16d81b75
35kQ6biWQF8rhSBSQsT5yEUs5rTNgBLU4H,1128482,2c8442aade9a32bbf2badd5da212617ed19c0675
1Gu9goHq9FgMNW3RWPMWCrMxUrrBfozP9t,1128482,ae66c482edd67bdb6097b7ab6bb69ea690b38f72
3H8PbXcKf476p4U2zvXHaYpqAn5Rq61PTK,1128482,a956607623977268572e05a952e1b2f862b586f7
3BMEXSkP5yVjxNPLpW5Y9F1kif7SmpmmX5,1128480,69f3753fdee504f447710131d4ef9dd7d1dff145
14AfJ47hBARD7JWA7EkJXVzQrjU7CcvXLc,1128480,22bc16563eae86aa26e535a2e1bd4feaa8ab5c42
13XknmYCYP181wrdvHcRs7eoWaJTC5rnjf,1128479,1bc148a2092aa016a5b54bc3471ebc7274c33e98
3PGgdZeoiPkPN2qiNMDdphcDwL4eGAaQDs,1128478,ecb8adeba105533473f8f90f85942670208ec4de
3Nf7k2twbWmUhgVerG1tv5u1xNwRuTpdD8,1128478,e5feaab4732d0e147d32d5a7076ee91ff68e35ac
3DHue9oYohEDqxRkQUZPybREYwzz9BpHoJ,1128478,7f42b2a4e36faa023288dada64be45ce08e6f71e
1Ace7ywrxPz3badJR8VUtQF3CH43DBs4tT,1128477,6976ad60034c4b03a9a65102d1968c34c008a787
13mSyeUpzqfCfZTczzTyFwgNHkv1mVSf7z,1128475,1e583cf4b50c1bce7cd0fb1d5a123416d4baa63a
19SicAcd5hAEzaTWyUBd1WJb7JJ4rBjnk,1128475,0198cba3132a41e17c1a01d7504842d224454358
31k3nwYGogVDVzEjfDKmytzCN9oREb924k,1128474,0092ced7e3861b138cfbfe5480ba9667b521bc9f
3JuFya7pH3h1JdNcYT4E8TX9bx3TSmNppq,1128474,bccadc2cc3dc3f93c37ccbd44bbd8dd7e0697a2c
36G8bN5AXJX9eJJsN6mBZsfQ4ziVPai3T9,1128474,3223cc1153b0fd84df98652c37918defeab31602
1BMtbi9k13UY5hgdQXobvS7XPx1rZZKyia,1128473,71a4a637553ab75e7018b018c362a39ea5ddb0e9
3898GcqgGU2UYWuteSy4pnPe8Cmo6VfZXq,1128473,46c0ddffc00aa17af39eb4a00857cd9522daa16d
3CsGrkYSd7iimBkhw8dhVvW1Lse1LQcRqs,1128473,7a9a0291525eda7ddabc306e385c78a82c6a1327
3AHXwkWwnfVUAYWgD92igkGCwtdBC5D9y7,1128472,5e483586b0b2fbf9aedf3b08d8f18d31ac9b20b6
12PicAsnAKwoRHYj929gmVKehFAP5sahN9,1128472,0f4402199de3cb242f63f62ddb1a58ec38b4c45e
3QdZMFtg8jHbLpt1kagSXtmPDFJZpompAd,1128471,fba3765dae60e835e49e9e61a039ca50c4aded66
1CHFRDB8JMJbz455KabqwmdAQeytBMaBuf,1128471,7bbc12f5951eff013b98ad532bdcb91f2bcd3ecd
1BRMxxR3QzFvquF3HDRDr3b3tYXLUwasov,1128470,724cbdcd2652e309ca8051a2b2c8ec74545dcb20
13yE4aP5NDUpHotUHMyVY94egrPFFMCYaL,1128470,209272e0bae19342d1447d4c99a0a5f09a06e95e
18ueUp6xBgtRCsReMrkkWJtfxMMvpZKqjR,1128470,56bdcbfcd327cd618515e7e2cd3980c51d89124a
3DbMwr7QV8JR5DSSveQKrFw7cXgn4LB5K9,1128470,828fba4146b76ecb8ed6db2aee1e920fa469910f
3B9sbtRMguwaNxaQgj4GyZqNBBcMo7n7Y5,1128468,67cd6a9c64153db708c3784910daca021c4985ee
1GuRv1RuygfQgJVVV1wttSfhBnRKwXdVM7,1128467,ae7450595ade7762df026dcad8877a0d96c19184
3BMEXqPqopzCD7P1v6Txn2A924bBpkyrGr,1128467,69f376b0259792e79b56ff47b8f1c02a70666c71
1DhfmXwMwfVQNivvipU58FQzgGVgf4xe2P,1128467,8b528276860033cff57599567f8a97d716625ecc
1HhjT5VsBD2kJxGPpzVaDnM8nJjg8K2rQc,1128465,b736160edd92358968afb4891060e8a599c94848
1KE2cxZwDjDJMHKpwe6ArUjQSb3qE6VBBa,1128465,c7e9061dbde9163c6769f8d28e7c05e5bc8745d3
34EUMDupkrYCW6eZiwtHGH6TGE61xFTeu5,1128464,1be3348dd318fe342628191197bb910b388abce8
1Pv3LugDaCTghvWYsh5cH8xRB9zQnhm5BJ,1128464,fb5ac4ee3f167495d01245b649973f5856397c54
194ciJqBNK7i9BYcV1eQp8kUz8S5DLSiZG,1128464,587010b0b56e33ba48bc6da481cd7398ed6d1636
14HAQ1KoDnQPxePdvciT921Xw4RDwGxhMi,1128463,23f6e06d3b5f8ae7866bba91d96f9f638815b29b
3PkVvjpCw3zQtV6t9TAniCbFLLD8z3HUGZ,1128462,f1fb6423254f0f2509ac5648fd912c08023c8376
1FKmjqHVfqW5SeJ9UyodLAFFEBZkUawbdq,1128462,9d1e9816bab6a1423886fae0cc44bb5b5da28c2d
18wWvjWSsdoF2dF87VFhxAzseAHKbFrGvp,1128461,571852e1276301d96a7ee0789b820f9181b76b63
3KaNurqUQfSt9HZyk2uzR8uLc9ALnbKYRQ,1128460,c430df590dadc21ca5181137432b439564a01708
1MJHrD6M3Ffe6frrzGVmEfniCWd6m7oT6P,1128458,dea7a6c0dfa4191cf7dbcde98574c0b9ecd298f5
3BMEXM28VKxRpTMhTih5tgz2qKEdYL9XSG,1128458,69f374e2b640752e46530954469235ee62b63835
1QKdw2x8qGq8dhnMg9F7A2fHY7TpkKGoCZ,1128457,ffd135949116e37f667a193fb32076621c8458cb
14FWrwsA74168rWWonG8d85xBDVKX4BFFL,1128456,23a720ace60232542024384c24041e5a66154a26
16uskRqRFVGAPrmp83FieWGdqfHBc7RFpJ,1128456,40d89f328a23553b240df9fb5397862333e9b35c
3BMEXcpJSifVvAz1qvM23Pv1xt9PbsKzMy,1128456,69f375e397ff2bf6fa0dc25b246a1d55fdea62b5
3N1TDFW1xD2riQ9NPXimpzBzuveXTBhqkn,1128455,dedf1cc5ac4d8385514c9ca3d08b19c8127b43f8
1PHpr8K2rLksntfSmuYF6qRTbRpoV4JXDB,1128454,f4815d01027aaaf455c17488f2e86cf31cd5a0ae
16PeQe41ivaenqcNJFZBvysGWhe2BASsJb,1128454,3b21019f9d7b6dfe8efb91992a5f12f1fdc65a6a
1N9mG9vB3Z7vckogz2KNhAQpRyrjdjzBK4,1128454,e802eaa672b53bc3ca8427ca4a0a16e819f3d479
35vqdGqesyoFXEPBzsaeVHuU7n2ZjMfMYm,1128453,2e7dbaffd6621798565045f46604ead26353b433
12ukMPQjQBUNStAwVYZPjns4a3NhY6nC1W,1128453,14f1f19cb5df43bba0228e1a628e270dd6db784f
1NWMy4TwptJ65fj7mpQv5WM3b8fZaf97KB,1128453,ebe834d2eb62d6efa52100c598fc61e0fdb23123
1ockfZC1fgdsSX4fPxmbhcK5eFuTnR8CT,1128452,08d0faad89744d0f6dba1cba39466fe8305541b1
124hvK55zSsmDtH6Qy6qSFuwaYwmKt7BYT,1128452,0bab88012a26be53e959208a94fbebb8c08f99c8
3BMEXpkd9Nza5nbUrLqhsp73M3HmWUBUHU,1128452,69f376a5b61a807b8e1b465b5e2258a548558017
1QGjXtJmZKbQ8zBS3AYdpvUwS7Ai7wtatH,1128450,ff44a304b9f586ddb028b6fd4769360d0c6fdc8c
1Akknoc2a1h83fjGx2owFm9zcY5vj4Lsc,1128450,01d844bb8a458971a397378c452f3e7f32dbcb4c
1N9nEVUrdr4EyygNvtijYo5gZPtBaAL9D7,1128448,e803ba38db76475019043235893ac35765a8394e
36Db4n5PNnVuweS6NKecyHdqQhYXT8fm9y,1128448,31a8a5c3531cca8d900d76a760b6af3186670074
1A8B6fV6qUwtnUp2jCHauj7dANUfuY5Hu7,1128448,6414790e84249b772b6be068ca8b79f689d62e56
1MexwCoSpYpmFK9Uf7e3fbGFvAzmKwJjFF,1128447,e290991ae13e755b7241179b33c62a2c3cafd8a3
3EkBaZBYg9KKUSt7JGirkpN59cFWQ9sSPn,1128447,8f32f167036903c44bfdaceeaef924cb9b7e48bc
18zEiFp3sjXDr9Qo2cwKKWurAKqPV1oG5n,1128447,579c09325dc2b49d13410d5008e8e9b3f89a4a0e
378E5HqdpTZSGaLCvvQ7g2FFvab19d6s6e,1128445,3b9d2bc3b1a2451c831d788ea67704afc13e5ed8
3PTJsNxkvSnK8nVakVbm75qj4SAYWGopym,1128444,eebb16d0ae02e35b675024efdfa94e163ff15df3
1DNCwSR7QjwZVEkLJZtGHkUgP4sdatN8Pr,1128444,87a435df1d2c4ff98f7d12bc2c538ceb91ded1f0
12w6qMaA58YmHQYPUR3ZezCsC5WgZj46bN,1128443,1533751b62cf9dbc6674b7b47b735eb8f9cc006e
1CPafMYZ2G62iJTxZok457gmS97mHHvRMj,1128443,7ceea240d7dcdd87c9e5a5deb85ae55e7a339d69
3CrAdxv2PnFbtuzjLAPMN92fZqLA61vQtr,1128443,7a6466c8046a48b21eedbdfd21e53769cca48fe0
13aYPTaVib2MWTBhyeaUC8qarMcsqHwzfM,1128442,1c482dd4f691035169541b8cfd35fdc2338ca1b2
1Kd2y9AK9pQ4BjMZwCZA6HFxQBiRFFHRA,1128441,03859121d07cbbd4db98652e2f18b9f9dee8a7b3
16GMXnqd14MSu1Mrg3zkGSG3DnwEQ5UyBF,1128441,39c001b3de9b4239873e353882f102b1105bad45
1AnC4xx86DXaB8nuesBfhqX6hozEBKVaJV,1128441,6b4516f8be1777cbc4a74ad6f52b0e5e835483f5
1G6Q5kSGoLxG6wziJ7qoe1ybYJBZgbKgtt,1128441,a58f3bfe2344a1d701a12f7598c5b16f32f6d258
179tSSS4mrPcCCCnB3fU6Wqjf8j59LXyX7,1128440,437f056b9de1c26626d68da111c5c25d547a98ed
13ki6m1diutZvTcAsCPz4yW9zLfEDa17KR,1128440,1e3472257252b12c4bf49da359b8094148a49e02
1BQqXP2txuuZH91hqv9bsbDEF6wnc6xiTr,1128439,723354a0dfda96921d728172c3e54f46c50d8056
bc1qyrhcu9htje8xpzvcz9sjq7cryjpxs86j73jw56,1128438,20641c0a4c750d78e664d7720c263f33ea0949d5c4586723a1d4
197GWSBNipfwQTzhRvgRdminaR6cE99dPZ,1128438,58f072710a6650a0cee271ed4a855aefe4b3a4c4
1MMZhDWT6V4zH5r9bhYYXYbUUWrHPgbXhY,1128437,df46203f3ded04382b64d0638211a2aee3c3a6c7
1GtLgejavyBT4Z37LwXrHKp5nf9ctCgQh3,1128435,ae3f8828fe21a76a48d59a135990bc55f3c42562
1E36sNeSnkSe9hxRj8oXfp53cyZn3Cr7av,1128435,8eff5dab244496d6fbc07ae3a73845e8b93f488a
3EmjirH85c92xN9zNuMCkwJyU8rKBcDaEr,1128435,8f7e30c99708e0b58bfa00f5c409d2232fb71ceb
1PvPDo1K2B2hJYvu9hJ6UXUjpaUyAa7aUB,1128435,fb6b5cad2fc854a88c80df7893272367474485bc
36yFwe4STrWA6hWucF3BynceaWXksh5Sw9,1128432,39eafc97edff8d5537d1497e784b71b9a12af27a
1Lgo4woNN1dMLnxhopZi8XQoSFstJKNU8g,1128432,d7f1116b461dda656e22cd904e73cd4396a56ba7
3EL3GoKZcW9263rXYhNrv4dGG83DL4bDHJ,1128431,8aa206ba1676676c721a899eede5905bcf355150
3BMEXXVaZqLj9Rp92xs9gcTqcjkTk5MG7c,1128430,69f3758d0849195c877d842eeb7c452a0b9975c6
1Pr8dUQVbzXk3VtTNeFyGQSZUT4gei9Ej8,1128429,fa9d848199ef032d7251b4c4556ace53ebb0c51a
17Dhfz4Zk3YPkRaVQvjZ1YBusf1Kokq1m1,1128428,4437b2980ae63beec7a50f3f26a6cd834ba09654
1DmAee26S6GY5Km7gv7oSWi4vNyYsbYrd3,1128427,8bfbddc28b2c8486922931a51a7b2c2a44e43943
1FJcULCTz9ztSZx8AwxCuJufcYyrRrnD6c,1128427,9ce67134ac89505ca6fd03a37fd1c62ed77b4ea4
1HdCakAYydLypYZNWHYZM6uhnXEBT4GD6Q,1128426,b65aa7b8b283f1193d1dc7dc9e419a096b4e3200
12YrafVaA9C7PwNQWPFE232tpf7bchzc2A,1128426,10fe688263fbad13bac29a3218687cc8ae19d761
1GVifwts4ti6PV55yernhtmCtuX6Y6D1Ye,1128426,a9f851bd55e0d6437c22b3220d43923cbce75d0d
1Dkd7kFxMf9jW7hvQb2sEjH8M3kR42xvgN,1128424,8be18b4c960d5e5c096ab6fdbe0049dfbbe8bdfd
3BMEXMR9NSfFuarUCxHDpyfVFiGdXVeFVU,1128424,69f374e92a418723b6b1c7732da50a61ad441c60
32SaJ3BfMHtqBGDBtHkvywscA33vzcuVsK,1128424,083ce870d6e7c7758f2172bab554f0fa07ab58d0
1HgC4JKNyDNhmrMN4jdibgv1qkbGk4dFXP,1128423,b6eb770132a243799c6d5c0ddec58cab7cf8d50e
3BMEXZ35WXLWVaERwBwxwPtL4SxSVi9HnL,1128422,69f375a6206bfca38395ce9c8bc1515a98009d8d
13eHCpsB6nk3bCbP8zs5KTSgKX1rgKqQ4y,1128422,1cfd2b212989341ad7a2203aa752b39b58d2e5b6
123egngF2bvs3vVw5FWsNhDRU2UXgKjzLz,1128422,0b786a9879f250387466afbff5290c05649a2c3b
37nRLragF2G1EhbD4hcJCNiPYbvJZygro9,1128422,42d662440c3435cf63edf2662b435570ea02317f
3LmMxrSHtCmW65Snc1i15eR3hFLrzgrkBN,1128421,d13cc83a117f5ef6a1538bf7b733dcbeccb16474
3B5vuNx4jSVvX3MpCrPcZtLn6hs5k6p3MV,1128421,670e8235469f24364f58ade71c1804445f5604e4
3NkGJPdftrZ1rcygAUg4gER3RTrY2L6Asf,1128421,e6f7e3f0a028863ca1c2061ea9e2ad9862182236
145U6SW114FtwkuxMwsFp7smFDGM9dtRih,1128420,21c0a86f9c3be56f184e45c6589560306b6a5d84
1G8ng6eR7TbV8obDHcuf59RcRdgx31CK2K,1128420,a602ece0876f7f4ba13675b060e98f5fbffb5090
3QkELJaieG5PNMgsFFfVTSa7iDbmDXxv8J,1128419,fce67ffe426468add35a1c60c4478ee31af8d4da
3BMEXBXcjmm3APFupHtzcE9U25WAtGSJYg,1128418,69f374485b1105929e3e606272581ff0793a30c5
3Qe3sP6GDRc1ftK8DL5t2cWxy1io94K1J9,1128417,fbbb44e6df75074b666b6ad045de1343640cfe3d
1mU9b4h6Zb2gCRz5HExk856ZMnzLpz2hK,1128416,0868f6e14eeebb0c5a95137d2892692789891c76
35eie6RxiuVnWXR2f9t262eDs56o2eDtTi,1128416,2b713e5b5b10e79d27a820db9159322886ec89ac
15Q7Sany2YDWKPn87aP4viTcJUJqt4dJXf,1128415,303f726e858d5487c61f8ffad590accaad2bbc51
1AFkGdKyfNakFuJ5ZcfxeAP8GDRdGUExGA,1128414,65831333f3cbfd9aeee92b200d7521a65159c136
33gZiJdGiGGEkUBkuhic54QLBGnp3QG61s,1128414,15da5f287bceb7bc0d667329a3fcabc70682ae2f
19yLQbo4QTb9BoNPD21KhaDijDapRyes4p,1128413,6268800c79e8c80048693fdfa1cfbb4a5b85cd1a
1QGCKKabZ47f1MdSE12dYrDJRJWkoEkSpt,1128412,ff2a94163f1dfcb8d7273621934b616b20605eb6
bc1qd2gvneqfh22ddwtvhc7zmvzwegzcw9vgnmad85,1128412,2063f9204ee03c7bf981609bd94f6b66426c745b8a57e1212c48
3GCRDAJeQu9qGBEFSAvzXfeRTvNmPDTBmf,1128410,9f214330c5f480b2133956bcc94af00d6c26243b
1A9msgpPKMmXVGWaGoUXMm2ncS1s9wq1Ez,1128409,6461eb293be79a5f98d18b4b9bef377597e56b9b
3BSGFm9XEGuKhAeeV6ZUfvt36bWucD87bY,1128406,6ae6fb4b557a0800581421a4f43f9f599d0124a8
3GHeDn2TbxdumAZkZsPMCJpDvCRYaLQ1j7,1128406,a01e33f71c8735b1f2fa936f4daaf63ecc6d059c
3A94DFeQuFV1HLmZH1qwG2TEZUTbp6M8en,1128406,5cadbb355d5c461463ea49824310ec2d8b3181fa
1EoKxxaF3SUL7RHyrS4wCDoMcTLXue5WD,1128406,029c144e2fb77fea8ecaeac264b9cada30be740f
37NLvK7wvKMRbfTrRTBuk58GoGtBMV4cjK,1128405,3e48b5610cb590fd716db621fea4a719e77c6a34
17nFStEubCACLuEr5aQ7F7L18zWMvEBmUr,1128405,4a5f8838f31427fec33ded5a534845351e3aa61e
17dUrAwiTZxHmmMbkBMbR9mDznW8B45Awh,1128404,48b6f9b973383f8383da19c304483fb8278b5e61
1KEPvU74vxqt1pduoE9GbDu8bPiKZm9xRc,1128403,c7face4974b62b73aaaa7f51718952dfb9440f9e
1MnWEm8iwiv2urMuf5xCLtkPEoRW27APHa,1128402,e3fda3d65679fc9569141b7e10ad503503cd991f
1GoYxa5QmCyjvXVYFoPHErSqGgzQEiVm1W,1128401,ad57b2c2c1aa1f8fae11ba7dd3c292454157fdee
1Khnk7KnHxmC1DCqYhr4SG1YjoBJAVQvn8,1128401,cd29164e1bf915a8889d4d2c3ee85644f96bf138
1Fp2G56HzT2E8VZCWkLNCjm6UaioUVHy6p,1128400,a2765ce2cf6044ea32062d020864407e3b727d32
1EtaTwbxFtEWaNRf32UYwjSiJCRE2PRmhY,1128400,985ac8b481504f2dc49bb2da9733250a312f238e
3Mp1SqtMdDANG7PDnoaPSuCoct7pqawoVc,1128400,dcb5075b5f1f64d66bb65e9e042d2a3da2430cb8
18JK6amM5g9tofH8bKtVFJw83ywAViwmkx,1128400,500f0ecd541779002d77be9ec722a46749d33485
12NcMfyiLtKhQ2RNYnnaxPm7n8923PXrmP,1128400,0f0e6001f2966ac885befb4222492d901f7fbec8
1H3NGQWkQfByHfJQzs6abUDTnMu3T2DJFA,1128400,aff4989a1b90e015684dea46af5e3e8d11cd5c8e
1L2GX6K9J6YKs9kMnejY1UYpwvM9yAWWFN,1128400,d0a7c2a3da55bb23902a8e8d3f5ebe33f942e25d
1FwUTUFNbC58ZZ7m4rLS2iww2V7C6RWyCH,1128400,a3df24703e8e16189765bc31e816f8efaaac678a
3AeSRFCDcV1xoY2buipQgtWaPpxZrHkkfx,1128400,623c54d9ae70e9128d670452a224690653b51b5c
1HWisxBR9ECxvx77Y3uwzsFmPkBC6Se3TU,1128400,b52108a870f8e4059728d96b1e73895758cc5c92
19LbMmo3b7vrguG8mVcwfRhRR7ALpHZHPv,1128400,5b75971c72ea360d931803fec67793d3c7c18df7
1ANEsn2UscbV1Jwg6tBNmSD7wLxtwQy78y,1128400,66bd732c708dacc5e9a4b6a6309887d702f94e13
17sPfmNL3Fy2Xeo8VmJwMoyWAdraLGQ2JC,1128400,4b5879b2fb2c0bd2a327ee54b46926fbc26b3320
3JhnknmcCyuM8EjUDKKGskq7gzFrHqHhVG,1128400,ba9f8fe2a23b9970dd5f949eb8966512cc7c084b
3JVBM4fiyC8J6udC2yeoj6JxQ3M9SsjHi2,1128400,b83d0333d7f9a1ee0e61f0c028eb0177041c5165
1EtA7Gbc5DAJBPTPEQgi51JLs85XWjN6LH,1128400,984673c90c731d98bc23c51429f23d563bd428c7
31xLCSB7dddiXcx6uPZhzE6hryPFRUQhMQ,1128400,02e57e686d77731b2255b98e4eea42201a42c9c0
13g6JTvhzTbjVk6bNvFEdMQidQVEM7bdhr,1128400,1d54e633395551d1f8bdfa89122220d1d5a30f2d
1MAFsHh3ctR7xTG2UdqfxTbuirHCfArJxq,1128400,dd22ab71b38575a8590935e7c67b39200cb1f91b
1Q9pKSm3pNmJMdnuEbPi42JDk9AKJoHCvU,1128400,fdf5b844d4f3476dd43f69a3921ccc6ae01c5bbb
1LbKW9C1YeKdfw9vQ3Rdex9MKRnc2gJ4DQ,1128400,d6e7fa47159e43af135294fc66d36c51e4607f59
16fh8vKZA6tsnBG51bvHdrtzuAdbaKMo2V,1128400,3e29f0944f984daf3d3fef4feeccd7a3b4806bb9
36QPY7HgxWnX82gcCvSu62E21FLiF6f4PP,1128398,33b3996f7cc5c3c168a1d9a34ceaafa4e06221d4
18JC2RNFrAxgrfHioHPngyz64RtKeRDSg5,1128398,50092794bb85a533057dc9a38310ac7cfa9d654a
1PZuCZMwWnJ6jtSomgQRwN7KjW2yXk7KMM,1128398,f78ba6db1a911f133c5e05adfce679bf66f49150
1NmAHVyPRn6uwyFPgL2wuYnQSwEYjTAre9,1128397,eeb4b1ae60fcd4e5c60942cb9c4716d67429c06f
1KXY8rvh4Jkyfr4gkGpSwvir8vz2vtYtsM,1128397,cb38bbcccfd2c146b6cb1851ee807854ec7c2846
1QKwdnxjaEHc5HjNQbTB9q8xqh2NjNz5TQ,1128397,ffdffc9ee64d8550397f52e3ea3881e91716da4a
1EmoVmsSQsKx2h1KmRYUfG4swXiSU8KBYP,1128397,9712c0206df099cceb3639e57d10c2555404d48f
1HYpiZsTVMSN6G3Q9o568q3fkzhs3ViiDK,1128394,b586bd3dcb043ae60169ba1aed3fe465eb6cebf7
1H6X9eFEDtg9JPSgFvk56QRqy7pvd2FtVA,1128393,b08d426c97b3514e78e8fec2b85591fa30b56987
1Jk9gRe9oSPJtVWCs5FSQYjuysjn85QAMv,1128391,c2a3452956d4d4f2cf9b2d2c6efd8c33469ca736
12YF3zVjjpHbLxMQXrH2fo89134bw2m83C,1128391,10e0c01136861bdef1ebd594db6795dec7fd2fe8
1EtE9e12Xgus9hW5F4U6TUBzZ2yr13S5gb,1128391,9849d34e5ae50bb40a5fa63d418d74823d9ec157
1K2h2G5YFGxQNWnjQuYNtSz8HwLoC54tj2,1128391,c5c416a9647fdcecdf33a42b64f5dba919777498
13k4ysZwRwZK5yRjeHUmhreUzQ9gg7VRX6,1128391,1e1575f1ba6a130f00b88faa8265e938099f8533
15p3LT4aBHKxxoN2EMT1xfF8ruJfY9spob,1128390,34c600b60469a82b9d0f4a679395fd10972cafc0
1KjVnKph7JQVXfG3HjSHo2PqwkVSufCPci,1128389,cd7bc292e21a99912c50fbbf028d8be8a1d5912d
36A6cExgZsVP4q7CX5FowPknvcNV3m1Qr3,1128388,30ffa4fcaa4492ed7daf9cc8c15e83c51993a648
1EPZWKYfxAVARDKqJDS2Ke2GmrRiGe2Kto,1128388,92ddebab6a430060832f3201907211511c171681
128Ts91gBhRHEEBRUFTBhWKTY1cVK8mJv1,1128387,0c61767c0bc03824bc2d783e212e179dd0f99ad0
3Jxpf9r44juFrjm8dZhjFgnvgVchGahajH,1128387,bd7763ce8cc6e6c3ddc4c86218cf6b43273cae2b
1PoYHSgdLLSyURGrARSdNaYBQw72vpy1mD,1128387,fa2004008d91e470a0427f566afd37b498cec106
1GQrx7MKv1naQacbJm1k9LZ9sGEag1GF3W,1128387,a90d2671d7c7f19c946b284eaca37c26abbd2fc2
1JdkBwK1TD5h8kGea4YrNyYsqsKtugNM3w,1128386,c16d2a399d4637a5196355127e40dfa3bee2ced6
32jvsbbDVMbFquxVMvqDrqRQsrcKixCG33,1128385,0b8528500aafbee1972377223dd24e208b10ccd5
14NQNuaaQDCQdkzGBTwX7R3yFHPQsFZASu,1128385,24f4a094b5eaa08d4d62cc7ed72ae3605a6e7867
3AeKurt4cWM6eG2TQmBRrd4jZv8ZbYUmKX,1128384,6236e6654859eb316b1a6f02041d7d42a0b4e9d3
14jQGRKrBKted7Yt19QL839AhFBfNibznd,1128384,28ed44e3d4268be9cc42b3a87184441897386464
1KTVGnQx6VRuUcQMDbbQN5WXjxP65oBXUE,1128384,ca74adf331b0c1d2d81a6a255bd8d110c4f308d6
1DcSCmAkLz921bTgHvzSoQb73ogZEjWaif,1128383,8a551b36086d05711d54388631ba8471ccb15427
13GD87VYjvjyiN2WNH2JqaJBugMxndpRSE,1128383,18d09c464b105b6794f759f38a39cd7f1597f30c
1FB9S5D2dsqjjg4BQDEtVzHPbV1YwEyJ9Z,1128382,9b7cf5a250a02e334ccd78418f29108fdf97529a
1EMTYXTDkYPoiPaDeBzWN6tSTjn16pSwQC,1128381,92781ca257bbddbc6873b6d517a19723360a3f34
1BmkG8AqVQJajmAe1Jip8JKVT2uamqrnyX,1128380,7627ac234cd8df285f8305f92495dc04f9b5e60b
3AFonkydGQXsgFL6aL6cxKfLiWTpkCRmnG,1128380,5df49a976bf9090551e7dcff9a44f7c6f086f212
1LfrBiuEcskqVb8Uoyz8cCDyArzW9xKDVt,1128379,d7c340ffa9639dd70d23352eab909e23d561cf15
13dzoTd8Gf2faEdFCXBd19mrUWheZwa6Lb,1128379,1cef79de834cdad53559018788a09f94fb1042ed
14GVFxGWQEKXdcB5hi29fJUjhSS8gruev2,1128379,23d634888e9a35fa2bc79002fad3f6d5f594e4e6
bc1qu85kw6yhqge8hddzh6vpjstu8mv53pzgdxkfxw,1128379,2064141a6b115a599fc948fb31a26b7ef008d3e36ac3535d5d54
19uNqL2BgEREBbigNeUjTrrfCAQpCHSj5t,1128378,61a8dc9bf085788fa6be6a39830ef80033748fab
3LgBMa8xNVvAC8yQeDAg6GaRyni4itvME7,1128377,d041d8d3027986d7f85a10eb503c46c6c75055d1
3BMEXQYwPxLEhpbMr7GxhqBcCs9exSb3BV,1128376,69f3751c233013c6b274d9ec35cce289e0151b76
3H2vMZgvPFgiQcNPytudmahkAbiV82jEJR,1128376,a84d8ebbb056c5d16984d10c43af2cdf5db57ce5
34rsCfxnPY8bXx4bjQqt88hiyoTPnKWACS,1128375,22c5419b8a7e5f7dd24a34c0b9001abfdb8c1251
1BqQf3CofmKWUesBUU5maDY98A9qkD69Kk,1128375,76d8f88c81ca2f7e7ede3487cec98f20030834ca
1FQsfTvsM9PFWaKWUm95pNFF3P9RM6KwAz,1128375,9e159e9d1b1a7d64e36d85d3192c7465ee652e44
13PX32nC7JwrRESoucxxJK6zyYfZqm1c67,1128374,1a3279856a99696c18c8f4b2cfece5100555e5b2
1Q35LUgdND7oBQPnZ8HzzhEHipyyq5sXAt,1128373,fcaf58247ff9ee8cd52775d888c0ced787e669c5
3PkMVy7zv3NrSMfgmwCGuV8KMrpjjaguTo,1128373,f1f45b497d7f7434ebe4480d7b6b4ee1c7dbc1c8
1DBcjeutKvrbi4T9yCw8NkgH4R5zMUr6uR,1128373,85a37fdb42aca801f9f21a83dbacb96a4c36e928
3KT5N3Dnhk9Fnzb6L6W3XdiVpasEBxMGv9,1128372,c2cf4fd5c3723c5f81627ed955c926a81ff04a77
39kJpQSEbsnk8aaNedWwSnzpvRpnNx6WSz,1128370,58605b4fe435dfc312bba4907208a76235a0565d
35YnTAaGwe9XR3wbV2kjgujkH7QzmkoXFp,1128369,2a51edf749db65fc30b50f4a09225d907d1f6025
3BtNgrpA2j1uK9MiuYFFzzbn5Q4j1AKkas,1128368,6fd72a9867de1afe250c7c33bfe663df77043881
3Kbx8KC29hHCfFPYzbxojjZEn1v1whuPvC,1128367,c47d03c1c34d94404e788e8e1bb6bbb1064cfe35
1BEFo5FLUV3EecJ43AcRjFaTYbuSwoeR7x,1128366,703303dab2f3a5bf50f5c660331c6259057ecba7
33phXWi6f4Tu74fMbnyaAD2t813NpR1Xas,1128365,176438deef337453c7f73437fa071ec32f4429eb
17U5cVV1yLSoWcJWnFsZcBP7pLxH1K1hLM,1128365,46efd5e396daddfaa25d54c9e0da979e9cf3b714
39MrztTAPs2JDuoYns75xtsxGJUiSAyXwe,1128365,5421a7172a4c078b487a49cb99ea96f1ba95b67d
15e3pV2k3JGLxmz6BUyh4f4y2UX1vJa2d9,1128364,32e23f2370d0b4ebd14d18a495463c751e30fd55
358MSENxx6taGv5fkwG4AbYNtYorNmuZeX,1128364,25b310672df163225c25eeb67080e8d9060d479b
1HhQU58ZyR7YpjsAB6Sb4xNL1MuuoTPjid,1128364,b7263d74daeb78e6d00a90f81b548a3eaeddd0d4
14ZrxCc5WBRuRniPEvT16jf7a6Y65xJwqp,1128360,271f62bf264b92e8448c8e9a1e08b3c423c07b07
1Q6VAwg2cYY8NScNtKwphLUknEALpKi8tG,1128360,fd547d3963c535d2b1fcc26e66badd923472e08d
1DJtpD14KvKMt2CVNBD4g6u5AS9L2cqnD8,1128359,8703d5347351fe691e83274cfe9486bb1842b1d9
39NbzKhXJBAKtb1fzKKVBo3SNpNRpwRNon,1128359,54458a0689a0226f6d7c8596ae107e17768c6540
1BTVq6UTc2rUHLDHMgQoixWuuir8728Ms6,1128358,72b42364fb443414d6806960577f42648ced8df3
1KYc56tX9YmkttNNRjxDzPnfq7caPGaeWQ,1128357,cb6c6f3a43917121dc9cb32804a3d0b8336b4f85
12mHtgfFUStoqyJKvhT7jB4xZobFbWAK6C,1128357,1358873069ee5db89159c3974c90e947231b6961
1KkbvjX1U2SkDMVH9MqjtJNQzHiH9uRHQc,1128356,cdb14e3aa1ea37ae78e275d75804a68eb51f69df
15dGfrPr1Ag27TaYfzkjhCNCjTa1BCT7rt,1128354,32bc8eec7f3cff13047002312551ea5ad4e14e65
1NBrncJXP3axkQW3twzD3jvYMRasNXw6uf,1128353,e8685c52899e8d3197687632c594fbd163690438
35EyWMYdriYju2NGMHL9sMDtKtsuRhE4wM,1128352,26f3aba48e0c2dec7193f5bb20b83cd280d43ad2
1LTTwCKeBokjvzwnUmXN7KKkHTrTJn7TJy,1128351,d56bb0484ada9e2cc2e0fe863f8425228dff6f08
1MsoLGcxJ51duvkJNzDJ4e1WuYrn4P8cMg,1128351,e4fdfd6e2dc53566ea6d438e582ae28bf5a4c6c8
3Ghvh3HNfKvceNeJoVMRd8SDX3YP2PJX1b,1128350,a4b5ef40a0f04f031120fa0cbeb6f27a13790d1b
1Q4Yvcw1vYUmKGvEy36u6pLTYyzeJ747a1,1128350,fcf6ca4563a32767a17979694af3a2da353da241
3NhbphUQSHqLKfc1m3tbkciuogHoMegdLn,1128350,e676f0692930afea0546aa6b6b0565870ab01b98
14Rq1uong26PasvAKcvERFaXfkWXRqN1Zr,1128349,259a7121ad7db1afe763b263b4da8852bfc3fea8
bc1qvhwqyfrr684xusgnapc4fsetyp59z5kqfqe86g,1128348,206416c21c2628e953967e1687c894d5ff13869196fe35410b88
14nwJvTyYWpZyyzXrqtg6ynstGXM1cFvst,1128346,29986e3533a16d87e199c20661c788774769024e
18axha6hnRd7S7X26ihFMcRHYw8pjJCeg4,1128344,53351a5285f9ab0312866b9f8b9696fafdafc05b
1K56wvcgnUH5Pi3ZAh9LuGhE1wCUfvDBxd,1128344,c638e469b15bde76fd9dd5f249fa7f1a358926c8
1GdD6fwXojJa6AVmuXr7dxtbpGthDqaznk,1128343,ab62f5c933014595f860d047c84c4d96f853144e
33A2kL1jTQKqHpWmX6ZUp8jaZiooUpaZC4,1128343,10140b63b20d5d7bf676c8c81ebe0618e2397817
1JvqamKFDECtxgK7LSYT32JGzvwYabveTi,1128341,c4a8bd169a2736f96cedaf20b7f0c6ee3b7dc774
3GcAUtFBeSRe2ZWFPqop3gKDEjxm3FaXRt,1128340,a39ef351f6ce7d1d6b33fbbb2e880252a4707998
1Cxju7YNrGiyCTGj7VWhatENAMBvEMQfuj,1128339,83341246092449649e8929f6faf814c904df4489
1E92ii8rmHqLmFaeZptT7AWLXNygjnmDKp,1128339,901e65df29cf1d1aced31820ff81bd9e99eaf379
1MRgnPk2D4HqP89ktLBuevJXsggzzJuZKU,1128339,e00db52689932a4d931363b90dbeb047f6dc2144
33MQgmAb7U7aJy7UDqPp5R7aLxDFKN5YtE,1128338,123aeef4677cb47ec81474b49db67fd25ddbc2b9
13uuFNm6eDGT9WKyjGZTYipq8aAe9uUCXw,1128338,1ff17ef27d9b360d2d8da000d2447812ec5ff3e1
12T3uE76HRfk6myS52MBFiaDYKLeCPXrMP,1128338,0fe55ca98824d31c9821fe02177b5b129ec6d911
3PzA96dfeMCebieQPJYSuCmwF4gPxw5xdy,1128338,f490b284fa4e17153d7f82562aff0d7ce9d0d0c5
18UP6ju1BEo5iPFJa17gSLdYhydwuBGp62,1128337,51f68f0958a6163f2d6e57e6c625523582203299
1JdgH2S9EmjQdwKa8UMfB51AmVcw8MvcfB,1128336,c169e62e3aeadf2fe3efe143d2c64d1a6511132f
1AuBmbzmbAw1AarWrLTMofxSkNXNjFCMJN,1128336,6c97c0688e26f21f0c45f908c681d9ca77f5419f
17DeNLwShcNcnpotEonUg8zaHASfa2mTqW,1128335,4434f08185a63e15eb17c25f07cab3b6f483b1a6
37aGWqrHid1YawLigXZ3sk6ePhYYrD7DWE,1128334,408a05f268ed65fee39eff657d2c5146d2b29e78
3CNXGWG1bWJdYH6WJMaqqaP6QkDR7L7B4c,1128334,7529f9c261ad4cd49e8f32b54b1842099181e396
1KWdAR3k3b6cYGc9WUcnP4tRNfTMoGBsgX,1128334,cb0c83876bf1f907afb7d7f8cc1cede0f52a7a35
1AUoHEknQe6X8rn6N8NsN1DbJHCXeZFRwS,1128333,67fafede5186f7c0fca874723e7f552f22019ff8
1jhqrakLd4RJ6k4zK46ro5coBstKpwnnj,1128331,081390588e65df2ffaa544c71d1fbb69872dcb88
36CwsjxD1o9EdZuEeqTCNRrpmREsUypJXx,1128331,31899a458f861dbccf3c4182f107292e7b823b4e
15AZ2SBzs8ydMJwajkesRe3r4ngAXYxRge,1128330,2daefacce692c3979227a6a347e85d8cc496eedf
37edEg4WuWNhwEYUYNy5zNvyrsiBzhqayx,1128330,415cfbfa409995f9e8b87f4ba77ee111bc3cde2d
32YN4vhusrUc3T6k2dmDCycmyJbTZYMdKA,1128330,095532ac188d915d514703b7566f2070e3fe8967
1Eha6wzVsSB7nY2kQoThCdsxyECS1n9gyS,1128330,9645e80209f7dcd84a64711755a752a10215e1f7
387fNfJxZeUaUiqCXWadsfdPmQvwyJ1Mu1,1128328,4679ffedecf22c570285191eb31600ac224f2fec
3DRaaZgsxMzTh2UP4Gvor8JtXHW7USZYAF,1128328,80b61d0cf4e5dae7e01007199c7d9113e9b915c5
1P5RbY8a1JQvTxnhYuCJpxZzJY39MRnWsA,1128328,f228f65c60eb66e6b32fc0e4efde14a795f9f75e
1LzgQ4AMxmSmDu85xaiTtvPwe9jVZE3dYL,1128328,db52fcb18097b1f253a4adbc1f48b4028e305fcb
16hFuhxtMa7oSFCAwS8WEagQrK1WrtNxEa,1128327,3e75b66b050b972e57643f003def762209c29a46
1PMizGEtQjEsDiMut9V4nqTTRdG8bWnAFc,1128327,f53e22bd6601658063af72a0c5b5760ee85b60b3
1EW3FUXh2uEu7avVc3stHPm1Vape5Brh4B,1128327,9417936f962d03b5f6e76891080028a9f15a719a
18KvYqKwYVUctATyEVLJSqmjKWrSBDx4St,1128327,505d1170ba413dfc9ae01f6257faabe905d734a6
3A3YadV828CLiiVQFfK9oLLgHfRw7vCkAV,1128326,5ba2ea98d64394392736f68fd205356ca3bf10cc
3G8uHQhcpNvPCpd6J2wPEwHj34UZLcpMzf,1128326,9e7708716a1d508b06938318509c4c663b87c18e
34VA3MJ1mPveGfsJLvKMumaq7tgLn6ud3N,1128326,1eaa296e75a157381825709e8bb6543a36cd5932
1PWWJZ8ZvpYkP8x4MTgJ2jvVLe7hQff4WB,1128326,f6e74a6f340ddfe31a2d3b3bef15e740e75b5f63
1K9HfHs9BsLCjb19zmofb3MkkCmRJcJSzj,1128325,c7037fc018ecfbb89bbbbe4f33d3ad58f2c70409
3JjaGwwuME4HgXSpkLttSWQd1Z2NrmQppR,1128325,baf5f9e6527c0c75218c6bb48523dd74df0881e8
14amykvcupgFALsFjnwpnRtKtCHRKW7N4F,1128324,274ba67af262e468fefcf40caade24383e4959f3
1GXSPSLyiiZFeEc3Ki2YErrMCmPraEJMdd,1128324,aa4b8eb70fdce6c32de5fb18c5696b6d9b6fb377
18UdydGMfbb2VoquymsGC4E2FkyMiASk6a,1128323,5202fa4b6e582b3fc691cbb30f0578866e8cc269
1FWSkZzDQNkLTF1rsAJviU4rA99xwzq2tF,1128322,9f2351e3196366568597f654808db78d419f6add
1ANHqcG49xu8Kg1Tc9QHBKDMgHJtKrf9av,1128322,66bfec4746f26a76a85fc924e0673765656b8e74
13kJHcShDp5Q1w3cCJhV6hrgZtJ4mNPQ3D,1128321,1e209160c5d7abf1e918a52c2bacf614343da541
18xYoTcQXQkgc9okbMLzNUy5BG2Muhr2aa,1128320,574a4df5f61e6fc206bf93720d355c59a52d40d9
1Lb9MEfvvCKxybCWgAqm2SzpRGpa14N935,1128320,d6df807c46d0107183a82d368f3b97c07f8fcfa3
1Dm2xRhPd94pkoiqtjnPeZbczfuRigDLj1,1128320,8bf571b68250b9ea3937800101e2fb7e6cf01913
3Gu2iTVLJchi298J9DKRqBGiLpPhgjSCQX,1128320,a6cf8a02e006636cfb0fad0272af58315e83de9f
17kQYRoy1yusw1qAscDwrYycpume1nmh85,1128319,4a064af5c8c10eea723a60cad9ab105855a73e77
1MUQKHJG2sxwRfRXgaJAAy2W2TUABSxgDK,1128319,e091358d14610cc6a541bdeacfa4b4299576c8fa
1EwhB2Z6ynUR6utFVXdyK7dUXoyD6Ru2iy,1128318,98f1a1ba98aa0faa81e0b66b556f5d179be950e4
1Lp5vkTXTqev7D14uCtTMh8QVxVPVzB9ox,1128317,d9520d7e3cd1ec2bffbd6e30a7302c7b3c2a05e4
147E6kt4rzhc1eqyTHNeVNbzFo9gKrW3Zc,1128316,2215cecdb1f525fef2edc524b71cf6b7093f017c
1JXdryaqNdBs6HXat3hEL3uchEePrq3jYU,1128315,c04563426638f1ee9b4bb974e60eafcd27d814e8
bc1qtxy24h3xwfmuxdgw9ph8r4jyryzzjxx2u6u7ng,1128315,206413d6f7dc6d3445b317af4978edea9645f486ab30ffd63a90
1GZKH2LMvAua9GUaqbCcNnPLWtvG3pwL13,1128314,aaa6742b564232b44960ec8d0476330e7a18aa4f
18irSS67HoYt6Dmb2vYLCTX41nAZrKxKZD,1128314,54b3343f8fb49c05b71ffbdaf0f232edb7f852d7
365oZi7TDu1zY2hE7yuitZxSuyvWTxZXNB,1128314,302fc0d8cd6023f2ce7dcdeb6fe13d8ae3813aab
1KwMFdTBwV99SDSrq56wmDkVbQxnqb6MC8,1128313,cfb9a1b9deb87d5b7b75a170a163f418d05cc914
1JX2ghgaMVjsyq83MKyh9Y5Gmx5S9skSYa,1128313,c02805f932e24d0d5072011f97327198e36c40af
3CYisBoYxkcCbFfDQfka1ivF3FfBKEQdwy,1128313,7717d1154bc7268f3613f01ff0c29f63fe9170a3
3KFa5fC31GskwkmmVDGVaAanwYpWAhGnfH,1128313,c0a24ae49202432bfbefa8635c0e1a1a2dfb1838
bc1quk8ewnnr3nvcfp75kazmgqtkjvk5ya7gqaxsue,1128312,20641525262affd2127a923115fa2018af25f335d22a5f05fbbb
1NdK8dAxC6Q2pnsefFdzrKkJmXxM7UGmxm,1128312,ed38c05efe52ee55f07d2e529d79ef964418c63b
35zxu1uJ9PqEyLt9pRuJhEdJyvoQi9b5Js,1128312,2f4576d5328d6408322834fe2dc8ae4c6521b916
3G64spCTV9qL2ryiURF9w8TgprJKcsCNmr,1128311,9dedcb07d807a0dc72955fe02287bd3045682893
3BMEX4k1xKpuGCsrJv2gvyGCvu8KUivtVe,1128310,69f373d9feeea23b873d71c4cf677f45f2669d6e
1PpX7fkbDaWUwStX1cocZsG9oh8y5S3w8Z,1128310,fa4f74c6a903f214ca4406427c30b4b919284ea7
1HVwJcz5BSPnADWBkhQPQVYdHcWf5SwFBq,1128310,b4fafd70a65ebdec6a848ef97f23b9a846fc9230
3BMEXh1YhVwAe1Sh7RLUFPwZq5zQKsLeet,1128310,69f37627cbe5efae7f383fd6fefcc9911dfe604b
1AzwTqU5MK9V814kuUBNUfjWKUjfhCrKkX,1128310,6dae4e16be6f1b4d967b410264b3d3a93f352434
35U8qNA3cybY4YPeGKCL9MqNSLPWDnzVMA,1128308,2970dd4a0e824b2ed689dcd440f619a193b9bc62
35x2DevpXSPvcBDhctAAvvoWo8Q7ncNusQ,1128308,2eb6fd23f3b2b7395c578b42ace14bc4bb31df8b
3B7YuEuMLnUeR12QmbdNXfXVf7cEynv5Rp,1128308,675cf9500212ee56874e7d76f64c566234f90b77
1CyCNZoZyfQf46kZq9tNfiHxGiD1zGEvoH,1128305,834a2b922bd0b2d2a627e5fa98419164bf7690e2
3BMEX7PyHwy1eoVEmqcLZE4o6RC2TLKuR2,1128304,69f374052994aefc2b4457cf9aad766014b44442
1BLvqhCACChxkunGXTEWrhub45K5vySZM2,1128304,71761aa5bcabed37e94e93833a9e79b809c34782
1LftJEfMGAEaFUGxVXLUSTMoo2vehcwgq2,1128303,d7c5046459716f247c9e4422df1e360105014170
125cq3y1os54w95SNJM5jxBr4rGRRkDGhE,1128302,0bd7b29e6a179b885f8c0bfff252ea631c487aa2
1JpMV2xhgsSWTMUmYWxvuABWaY2nw9iGAJ,1128301,c36ec9835b95f23228eda8e065831701353d3b6a
38vedStrskPr2xaZNR6uae5A4zHp7Rz7cF,1128301,4f5ced8fc823db205bf2be0b673a1ad894e95cbe
1Mb7hEkEwaVbpsyZNJoHuRmG7BNuauU3p1,1128301,e1d63efbd57ae83d2cd9eeecc7e87dab1a24ec97
13C8HaYDP8rzMccgv4gmWZ1W9RLQFNXxYY,1128300,180ae8b7b8362d3688924422bb575c390d66fcb1
14GC6j9SVMpVdDqVq5daQCJav7CUJ27voo,1128300,23c7e1ac54ddfaf7cb389a39638b9471d3927170
1BcMBiNoD5CiJFFjtPcaTer9A8pF34tBzb,1128300,7460aa752f5de993fc15d56b2c604eede8b1d723
1Hb4Djw6gEccmweX4qUL3GG8Lb5BEip2Qm,1128300,b5f2d7c6cd3dfe30e2b8bf4b6013426c2e766156
17M4GLSgtknp6EQHejc3CkuEHu8nwr1fWj,1128300,459bcc8632148567f0c50d8890f19b8d17069d44
1CgcDQ66MiUUvgJvCX6w3Mgum42gTAB6SQ,1128300,80270047ef969034fe620fcc6828c075d493c6fa
1991ekhj8mogkt27gxrJVe6RzMNVsQ6EKe,1128300,5944e09880913ac95475b6095113c344abec9d5b
13Z4uVyA5rwVLY6FEHiBa1vf1HmVpjgAPn,1128300,1c00d27c6658a61c3e1125df918c8531f3c696a3
15oBuy7mx5g2evrF4kSXH5YkqUB4fN9mfw,1128300,349cbf4e1f4cfde5f0d8531de13ed2f25f9dc5d9
19DQPXZT65ytD11U2AZPQD6QbN89BCLfiP,1128300,5a19857e6c473b3d7a2f022aed97a1cb7ed44636
14DThNWBku44hvCXwtGWFmr1sbgmbjK1Lt,1128300,2343a7545a1925699310782861b02b211e93b6ad
1NGNtBxv75hvQnVn2GvzHWK4CHeozi1V2H,1128300,e94325c4e074495ed006d553e95fd28d7043f8ed
19GeRE87LifvxqfcGPpVHvqLhSU29nL8W8,1128300,5ab67afc7ac0b9b2433328d9820ff9f700aee296
1BTG55iC6w9otvhpdQZh83mBRC5hjXvo2i,1128299,72a8a727dd91b1c7c84c3e592b99fe43bbc6288e
3MDhWp8L5mZ6j5JSxHYUPTHFJBZ2H1pkQJ,1128298,d637eae309cd56d49f2b9d79ff686d8f79d4896a
19P8XD5QBPCb3H8RD2PLsZGQmBFjzsZxs2,1128297,5bf06f7d23d4f3cb23567121619fbec58a6f163c
15DiwHCYJrAKomUcLcq1qzdaBYaM2U7LJk,1128297,2e48803efd66e94d8411e5121d01e8159f6b1c07
1NU14heomV1EPmv5PAqtK9EfpCcbwgPVec,1128297,eb75ecfa2bb94f58adb8794ed38094b9dbadb6c6
1GSZFNJQxwAFUaCsu37q2nFQkAwWDHNiSs,1128297,a95f347011388b8474be2428a279df10d06592cb
1LcZp9ViLK2n2DW6w7zYEUUsAmpwMCzGbw,1128295,d72456e03ad1aadffaa28d0bf77661e5f0572f8b
3K2dEEHNvNHTCLYjMsojW9Jnq6Q35ymUBP,1128294,be2f833e704f255bc937df1ab1f8d31f888894c5
1BNSYks2eD5jy48o2RjMWoGnEEMntqLAeA,1128293,71bf51ac1b432317ff16a88e23e660ae9ea46ef5
3Ej1rSr1Zb6ABVHarMkfPbCnGnmQkmfxPK,1128293,8efa687c03aa980b061caaa6d7dbce930720b390
1LB77iTX8dxwzFAt8V4jwcCEKmf6kuXKq6,1128293,d253a79a5c1aa0464e2485b1b16ad2fc824797ec
33i2iaTZ1zHNN12sfvDcRLWo6pAgxZLXxx,1128292,1621547f44e161a0fc391bda069ec5a5872453f2
3J7iAQ3ge59dx2Kd5Z3dGqx4mu6zA2J7v6,1128292,b42d95d8d46167d3706cef5cfb0804d95ba230c9
1GcXxQPnAe32hKjskrm12u6nsvXYsCCxGB,1128291,ab42491965282f8e486582b23e98cc37848bec27
177b5dPdgAQPA5tpv3t5EWDgbHXDpecmAE,1128289,430fb2e76adc34733a07a1427e742f5498350f71
1EcZ5RU8394hij1TLA482688hvhoLpz9LL,1128289,9552f8415fc6b6e528eeb001952bb798515eb455
1Jc2pe536iVkkEUNECvK9sDRJWEdwsNf9a,1128288,c11a37a68eb83f60fa7209ea5a5cc68aa393ce77
18eMt3wV4haGox4edxbyjUBdR3CkLr9mjL,1128288,53d9b372f07990407952a58f6efd5136efc45291
1EDhjbZhSEw2YFUhZp5EYC25oeXrWdo9j2,1128287,9100a14e9c73195da9e0c48a932f84dcaa989bcb
3NJHiGeixY7EWfUNvoxLhf4R3AoneDWvcW,1128287,e20e40fac4cbca8993d52f72747a1e443e702773
3BzDi5GF6GDM6pjgyjQRdjWmXhynMVAzE2,1128286,70f22ab4a383b22612d85937a542373b75fcb5f8
1K1akZgjDF8jAvNQaizThRVpxjGnJhx5eB,1128286,c58e70278ef4741db45cebccdb123238f413187f
1JW6caUkFKgDeX1w17Pw5A9AdA8mES4MX1,1128286,bffae3157d236bff064c84733e76002d7456eb5b
19mKQ5m2AUXeTdt6h4wCr1HvsHjDqjzY5e,1128285,6022aa9bac4fe802e6b40c2d78119d8a43042d67
14PM7rJYPcugvfTtNQnq6dhuqaj7HUtaVK,1128285,2522527f85a660772d966baf31223f9bf16fbc5f
3LAfLFRRSXnUvNCmFWiXeXa9uzR8LzeKJR,1128285,caacb8e8ce45148c89d19682c40a8b6c8fe40016
19fsKLqbPdWcSTyLFHekEzhpSXp4FSB3ur,1128285,5f1ad0904b7f2beb48e8376826a0dcad10bb8f3f
1FWgfJpNYJoz9xuAsShrdj82z4PkUXsXkf,1128284,9f2eee4613f628b0890d7ff915a42998f68e04b9
17nsmpbT6EGLQJ7SZyiWkrz2y9RYVisq1u,1128284,4a7ddb1ff0a4923f21d632c5a2b74235a152051e
3DuKsjVhmPaioQbc9KDU8UVJ1rbR4yTD3Y,1128283,85f57c73e9ba5ef8801b7a4697a44a4277b2d151
bc1qncce32q4xhz6mqu65cvepmv2f9yx458ye7mycm,1128283,20640931904ff6d18634c6ee154a0b7b00968b6c34a931a5594d
3PRFnianUNCFMby4pvySdesFuzWXUBDSFZ,1128282,ee57af92a28e883eee25f4601d039d9715cf1a24
1PzQ8uYNfNzDAddu5ipSKvqFJ79UMSvaev,1128281,fc2dca4ff60667f78c02e266d7fa24497648eaf6
1J1ybL2TiwkZ2gvp7KeoNvY8B5bsba5kdp,1128280,baa960fb2183247f18a82dd00f675315e690647e
1PCb3DScTjko6LgQZNr2hrnqqeuUocTnxy,1128280,f383c1a7ba14a29baf88323f0fb738e5c3884dba
1MXYVu9w7VhN27d6KgCbAQfBMixnWWreCg,1128280,e12949b760daf1427cca6a55b97f1f4aca599234
1Q98um65VVM9sFPTnBWfavxFoXTxSxeEH7,1128279,fdd4d2c86c1cc9b9dd36c07a25f85679ac727f17
1BQvYC4h4UmHX55pjkLbN8y3YHgXQ6vrGn,1128278,7237841b32fdb39790b11f2435360c76204d1277
3Bwatp7eXSRRrSeQAFK8ojiS4DKXgu1mKu,1128278,70729a78f05e2e68ff2e675d6bca01dd34fec0fe
1HXHifgKRYDFzmCb48KpCRvHBnfwLHaQUL,1128277,b53c727c240ef9133acd2e3ee1312740a6faef72
3BMEX9et6jjuvZ64Esixt2M86vx6kSxpWV,1128277,69f37429de2ed0afb86ac81ebad038c9c9c28d0a
14NfXUaVnn4xiHYGRJyiT4bySudHMQCxTY,1128276,2501459f90cd804c6b080f399cbf2b12cde09fd6
1Lkqu4JpKWjhFj5NNb9rABuyfK9gKzNDD6,1128276,d8b51806e575ab4985dad40181dd2f25dc64324e
1HFaV6fmy6eyBr7nxUgEUMXVmpn6odzspd,1128276,b243c993cc0662cffe0ee1749aa25039d1f68509
1JuKckbe2CeAzwxhHbPaUkA3Xq5kuDjcSW,1128275,c45f4efbf7f28978a90bc5beba7fd87c883c368a
3G27gecuKBm45yb4f8yyasyyd9J3AHjzg5,1128275,9d2e790adf364d78f668ae259360ff491eb44a5a
1NfmyDnrcH4wcwFfStJa281E2axEwM6Tt6,1128275,edaffc8b9395bd6f98fc8d2c94210fe1fda65997
1APSJwa2gEbfBwUBZvvxtnbPY6uMzFr6cc,1128274,66f7690e4483a862f40187bc22cebf5ae45b1502
3GtaMY6emVuhvXviGygyjRaAa3L7MSLniH,1128274,a6b988c816620eaae53c8661b9720cce7ca8e839
16UuKtopmpxVhw9YRngEHSQxpkoWRmUKKi,1128273,3c1f8a0a4dd7d7e31b7472514f00dba6a7c71e15
bc1qj8wxmr469v8a2eu73x387n94mqssq5422pvvy8,1128271,2064035d721a599ec81e5ecded638fbd072450181a5f213c4a69
bc1qhcrej8483ze7pdhdgzyxejre3ddp26ndfm7pxf,1128271,206400d1a9a7b5482d61f1fe6c888616c4e01bcd814d225114d2
39z7Hq4JuPPqZawcwhYqyvrnUg7cD6DFso,1128271,5afc8ec9725a763acfe69587297f80eff163d619
34F69zeuwseqghcmVH3Cp4SvWdrEVmCjqW,1128271,1c01184ff1eb6a0e27e9ea3b7193507a57b856e3
198uq4QmmUQpe5zUAwwr5EiQP6ecD44yoJ,1128269,594004607959f18cc1979698d136f6617d4f7c9f
1LKoD255UfHF3upW13Xb7KWtenwfPHPGjc,1128269,d3f872f49239930d71e62ab92b004136c68c5128
1Ne4w4t5y2k2UYwVGFsdfRRBa9yuA6pbPh,1128269,ed5d50812991febd54ac5d65b17a4abb70325d94
33qYs1bZaDveXNPStxvKCdrXwywAgkrXts,1128267,178d67ea10061d9a18269b635908525199b7ada0
194VtnztdaX2AgZCDTbcdW7aqkuRVMqiYB,1128267,586a5f70155eb9c61b532755cbc09bc194e37fe2
1HQ3QWSTCRW4xUfoNDkfBRFkGphmC61zmC,1128266,b3dd9666e103ebb402dcc7c22cb7d8a2bef5531e
1AdCnFNCCFe7pr5FJj1N6yiNmXv5bZHgcR,1128265,6991f0b36b6b6641e07d0ed2c64fb47ac651f4c2
1QFKGQuYDYfGk3iMCYrg4XaRmw1yjRGfJa,1128265,fefff6c5a02b610e1c0136778c15d77851a1f655
36cRcMoKMin9DjTaxRXXtLcBi9i7UbQ4Cm,1128265,35fa525366b7a8003abde0234f99e8597c98949e
1PAHmmMErME5hnf1sbSnsgP8ahX8aBwWr1,1128264,f31482e44ee7353752de7056471a597fba40e609
1MSMFm15oU58Z5jv4vniuGcQoWajWig1ou,1128263,e02dd281b2ab57b4842055a9e8b15243e4390a7f
17WqjZnsuUSBgHw1VgXTuW6k4pzY9CBqwa,1128263,47757fa3d361a91bf5ed0ab7dcb52d167c41c35c
16pUcoAvKKG6QBbrZzRFtNBQEnyDXhJPre,1128262,3fd33b975ba968c4811d85beafafe1d41878b4fc
1H9LFAkRdqBFk3Nzrkdspn85aHyG2Ygiee,1128262,b11567907c37616956894754650df6364d38a479
1DrUfLuRvaXT2PS37pWJ9qeWiaXScym7S1,1128261,8cfcfb5a5a4aebf8b50002f43a1b83315a9dadeb
19BxSvxK3KwMk577wb1bAxXkBC3S9b5sG2,1128260,59d37365e9134d127654c564e37261db7ab903a7
164EAMetCb5NCx7NtNicfYhaSyuTLDNBiE,1128260,3774dd0227b07dd524ffae1019cfb3e26c4a1a72
1CwYYT6RKn2Yhw2HfxozrchND9q6J9yNm7,1128259,82fa2cfa42b36a1d3ccc2e9d4090adb2908ef90c
1J6L77D8fSQ6J4iyvbbXfxtdK3nUuCVnTb,1128258,bb7c2a9b1f6ea63855f4e94c5b1eb542a368a897
3He4oLftJbWmWFK4mykeoLj6zNRW3ZEyrs,1128258,aef32a4dc6828dd37cb15d65cd18a18b5bc8e188
15NcN4ccRVRtMKufyRRhFkDUeiuqeojVdJ,1128257,2ff6c20c29b5168c3dd8040337978c4f8d69a5e9
3MjTKSSPtbU8u2aWuLVEWkJdTeAxyMu2bN,1128256,dbd88bcb4eeef0568f2b2594c1339fd0897c1fd1
1KX9fczVTB78bRu7mFeN3vbg8BBwScG9VG,1128256,cb25fa13f0f8a8f453a5cb3aa356b84a58e98c24
162vTq4a4PAZdWcd9pBFTNdQTn1by7h3ut,1128256,3735ac55922d191632fe44c5cb8dfb5134727f1d
3FzDm4M1nAByUDEpkYJtyHnSXGwKDsGFaS,1128256,9cd2b680d5529dca18156edda510f33b5e7bfe35
3P86WoQ4sBQ3XBEoxDjRwFUJASX3VrV57n,1128256,eb18df612357495809a8d350297b25d853144870
1McKnfTr3bsDcPzMfZ1Q4VdeURXin32DFd,1128255,e210c1d6bca32800e441c5a6c2358c298b85322e
16Mkv4S495xS7J9qqQpJHqzp4CfaNrFmJi,1128253,3ac59b3caf506e259883b39314f09ddd741b37fa
13KtCcGLFUNReh5UpSAfWrhxmrkBKFUozc,1128252,19827a85b3c7a68683ea8be77ed893c372f4b155
3NLCG6NR6PGmUVxSc9nwH9m9gkWQ8X4Az4,1128252,e26a890355b6dca620293bd043a7aa8932bf9655
3BMEXx7z4K9TqquC3ZVpPvv71epPwq9efZ,1128251,69f3771d898d70f9adcaf24497e7cf0225929b44
1E2H9meF8io1TsrYgARGc1cQzRUeKEbhcD,1128251,8ed78893211c11471bd4ed4100b34d10d3b36b3d
35eyCEVYRu9pePnBcphx5PjoDw4wRftpFC,1128250,2b7d648b3bd5db8f829d10a4a66f4ee3b31853ce
187qy7CxxvwR386DwBYrFHXYPzfp4cksMx,1128250,4e14408d12d0eae832d5e5964c3936d0da74a7a6
1Fu3inc5X7Fp9JLM9JUgUQQNVm83nSPv4H,1128249,a369a972ab27b467958dd309cbc5c23b8fd890be
1Mhq9NAs3Bd1cc63tk8333PM6AiXvd2zMu,1128247,e31b57c9b4f5b12770535bd397ab62065ff21d88
1MftJ31dWvKmxf5uConwB2eoti2PEagLr,1128247,03e8c73d246cdcc07abe9245791d34c56693f360
1NdjDbS557fwGfEtk2iycy6rwTUBB6G6DW,1128246,ed4cdb6f8c9f94dd6abbca046f57012860f2a6c6
3MpyWEEdLkHssUGarch1MmmiFEy7K3sViJ,1128245,dce3d2eb8f9d20f8e411dea64aa7f0c135007868
36tsVMG7fuPt1GPsTi3SZ4oVUgYuK4Xbew,1128245,3916946dcfdd26334e55f4dfd6ba3d625cf2f201
3J4X6PuLR8H4peg4FGBRuYuibqnzCzjvpW,1128243,b39318f6859ad46261ff0c3ed212bba27445328a
1K1jZvueZ9YTDQx8oc9G6UjWpSow1wJc2B,1128242,c595cc4190299c2e004f46d9bb28f6e60d15d6bd
1Pdh6hbLQyNm6qMBvMpQEoEURBPK8zfSGS,1128242,f84336d728adea80e387a92bff978c925c7d0d8e
14BeGP2NdCZa9DABw2MJa4ooeVXGoPWgk6,1128242,22eba4f5132e680fe726cd7c13fbf074c29a3f21
3Q6DEX4stbPHPRWRpQCe3R55z5MKSg1Qsp,1128242,f5b5c6815cef7921e43bcb79b34a5e8d4d4f91c5
19DFNrAVKajz7P2X29iujypUb2gyESNp8E,1128240,5a11ffb578aa39612c241c7a4f9d43800a9430dc
16tUtEkvMEQmD2i1AG4ojZr8FniZhWdWVq,1128240,40951e6d9f5706bcff07406a29b8e7cbde6087f0
1RexzKbLoHUkw8Ad7rUNUfMqa6TEB4rtx,1128240,04a9acc85a3a5955932edd3836fab1fea2796c9d
1MX8vsjdRtnGppdF9oQkbhPYkZttrW7Jsf,1128239,e1159cfc070503a7116bfe270144d160f6fcb82d
15LeSuoqocArSV8mM44rZ8jVgtAEBkNiMC,1128237,2f97aa557f32fb5020e50b6938652a3e68603d20
1KPjFzonCjPuKyRBHSjiNhaiE8GGyBtwwv,1128236,c9beb0e16820eba3c0f0395e621fdad54ed100a4
3DkWFpc8XkZ5RPASmX1Wn6MsicTzLpTNTa,1128235,844a6870932e1772cf999a733ed40648a3e39207
bc1qzkg4ks63vrxfx9xh9rjzdm32ya3rf5qkh27axu,1128235,20641d8ad833927ef9586fe83f47d335c9d0559169a215b20932
1AM4V4T4y1t3sJdYWboYqFzxrPxNari7es,1128234,66845c020c09397055ad70faf8e0d57a90509c11
1Q8wdkKnarXb8WFHfCtRNSExwyF3Zgk8VB,1128232,fdcb691ad337301b3392586edb4d9b2a96cd9851
1CNQaKPoiaQeEbgP5181vC5vrak1VkBTZv,1128231,7cb5cc3a52564691f33b77359916c8c099895141
3CfX8yKx5pkHaS3Vav6VNNhk2SYguZ5pFi,1128231,7860f044d7206dfb593e3b8b00ddedddfc66efcc
33Bjd4MJDQ6oDYNc3aN4XqUuQ5tJNuSQ9L,1128231,106694b58817b2aab9f38c25a018f07df7b426ad
3BMEXBEcC2Spj7ieMTp9MCPTB7TEhqQj5D,1128231,69f3744396260fd449ac87288a147d1892da29d9
12TCFFqqoY16NjCqDrfNSdcdJ8c29VadcU,1128231,0fec540bbdde6a30da0a70bd4bdcbbce444bbc7c
32WNxyeifkCJvGBjBzwTS7V64n5edAhxZT,1128230,08f51d7a6da74fba84484a3da0d891221d325287
3BuU9o3gyZkW9ZGUMnx1KT9rf6V3c4fWUz,1128230,700c24d005c7e36b73d15d169cc2c1de2e2f20ed
1LhcwZ21hmqomwxuBBwyvRAevBWgLGZ87k,1128230,d81907afbed11af516d2598474a13f667e5c123e
19iVDGjNmkr3PQcGT3XRh23hD8LVyErFTE,1128230,5f999c4c40a5cce875fa7615ba71333ab736ab97
17L1eXArGrQqCKTXJYXK8yW3Yzyum3soD2,1128229,456932aee47187ef13c19c28f77e7f8a196f309e
1HYXQgzuActQdwFez5QinMZ898YoJquuS2,1128228,b5784a81e9dbad8b434480d2492f2bf036ccc133
15W7Bx3DWPXhHAHS5vpDkamhvMudBJHevF,1128228,3161bb6e930cc5ca610418f8d865db62acda30aa
3QGVh1exrcLYDPTf1oAv7jnpd9szLC6haj,1128228,f7a7ac25d79a717c60dc65aa3ad72843733b3b3b
196bH58KME2MyB6LCqNSSwsB7bErGWH1Ct,1128226,58cfb2fb9ced285f7327cdbd957f6c525076be65
3Nt8TEFAtQ7Joddz3druvWHANidcohzRKN,1128226,e874aacf1e30e803695ee78eb6fcc508c11871a9
36X2cywnPJ12RXJ3c4i8XKhmTQv7GSDbRD,1128226,34f50d22d01ca343a0a2452fc006eaa4f8420695
12U68suobCZm6dUsM7n41XAcijTDDTZxRj,1128225,1017a4d80d24d46c7407b306086629909f6488c5
1MjF5DfP1PApAxUpf6pFmUQVenZNUPceWV,1128224,e35fbbbfaf1fb46ae65f3315efa880722ec42b5d
1KAwc3bydy3gfDwEwUJr5LtMUsPwh8APmo,1128222,c75396cd80c03a59541ba7cd19131583c9e528d2
369uYNHNYRQRNzNKkmH2vLEcQLC3ERRk3o,1128221,30f6680930d016a4e1ba2bdee4c32e4bc7b2881a
3Dst6SxyCHAwsZtH8EC96TSK3hZUeWVzUy,1128221,85af8caa543888c52d58ee147010fefa03c97502
19SxFuFDXtGVKKi9Ap7shaN8nhccYjbnZa,1128221,5ca9880dcb72d28233f6004f628b292393a24314
3G9yyhWnRe7FPS4NbKGkGbVGK9tzQGj4y4,1128220,9eab5e2adb85a4bb3d3357bb4117ba471852e8f0
1DExHKUJsGQScLqT4sJS5QaRgctemS5fDN,1128219,8645103ec85ded9423f72c98d3bff824e741ab77
3ARbWDxeWbP2Dc9ia8h6mZUjHyvioZMcEX,1128219,5fce8227dae4015b7e91cf05bc76452e4aecf8d3
17RBxjdjdbbs6jCRHoNDsLeYZJmxPBQ33R,1128219,4663e334db6c07fb232c7115a50123dc3f61a59f
3QFqDo8FWVc3TBDiF3xxnU5qBWr1mbBHLE,1128219,f7878f58a7a9914bc2e2b33bcf9e19d3ac4348b2
178vzsEkNkZMUhK8DcssrjxuEPmYo2WpaJ,1128218,4350bdceeecf985e8b0ca64584c08d4bba16ae1b
13PBwfhndviXosLAtymhfrjXvtxcmbm1cD,1128216,1a22897f518548fd1a9ca7812110e447c5541eb1
19uZkC3NHLGttAqBYS5E52vvt4yfc71wBV,1128215,61b1f85bc0c9f4fdf73a233856374cc57fdd6f76
36uothaDkRNmFRyeap1JwddkwMzfSLfuvL,1128215,3943fe27da29acb3eb19e1aa33491ba854c86f62
3LHqqeyGhsQKtAuudrKgaM2mstac7NXwbr,1128215,cc0867a366878df37c43425fcd910d9d2159a716
37aER8NRWrKaAQRUrhiGUzRmAaL2qpB9h3,1128215,4088457e592c1c9ad3b9f7a924fbe0611a6526d2
14jN2bBnYGsxhrYswdjuXftzZ38TxJydwb,1128213,28eb6689bb3e7ea2fbc420228db8aa38ded131fc
1CzcRX9fAMXFtvUZoogsNmCN3jiw2nUfWS,1128211,838ea9b1e46edd15a135f34ec5de9af64d2672ff
1973nJ78J8NdNBa5kLXcxi8mEnyYcR2Wbx,1128211,58e5d2ce2e86ff0bd3ce50205b862e9d2ee30816
3QMfAiEvay4TGcvuC9F6GRawmbnrfW83ck,1128211,f8a1a9eb6911b6ec4f5cad2e9208dc2e06b7b133
1CGNh2TwqJMquLnHcuoPjvxqXbYVd9EBMG,1128210,7b91baa153e2321c63e0b7bf6605d9d474f26857
1NPjZb1kYCeeFgC5DtabfNBtquxYoxuL16,1128209,eaa7524a80e52590c75c775dbe7c36ab60a0ac96
1BQrKYn7p9d5cbb4xSpc8kTSUvMqUeF9LG,1128209,7233febb6ce4ca09a6aa31acd91bdaaf0d63a590
3H76qhzbpNuq1MmULvEyJywMgof6sRS3V4,1128209,a917f959bd868c020f3012c32ac27b0b1020c8fb
3MrBfGBNQQVjxg63FXvWArTRhXqtVLTFhL,1128208,dd1e6310fcf1ba2f3799a84805b2a627be6da1d4
38p7QvvjrX3x2edFb6QLEvWxsgwE8BrEyF,1128207,4e205fe358e3587e3f73a908ee563b016e23294b
1CJ4ckJWicLu6ksE8z6mGC3JgjaXBzDEFH,1128207,7be37945fdfed3151ee5d0b916177e3326f86bbb
3Pax5k2pEdiwKDNxafdLwgRLjd3b2HfMci,1128206,f02d1099136187b99cf335649a2d6971ddcfa972
33qM1LCc4ShzThC9gu7AwqTKWTdU591URp,1128206,17838231fd3b149f255f1e8ed02a4915c6279284
3GJRq4z5mSpYmbcciB5uHcP23q1qB6tJX5,1128206,a0444668f80580e631a914a2a885b4f7d62655f8
1KSaTzDeY4xAcjf4NzyPegzG1VzRYfyiJu,1128205,ca48993b995b070f85a9be7132634e48fd8299b7
3LGRNxUZYezfRZGN3Uh5jFuMMfhDAwTZ5T,1128205,cbc39207f1aafef37da8db539ca676c1402cfb10
1MJZU4s7GgBeNzVMEbUj9LVrnLKr9s5B5q,1128204,deb4b057693d58bb7f4c0f8ab22bd548f7542015
19Q9Z6RTgz5Ym8S9ALGUk66h9Zzn4TUwQc,1128204,5c21b69e890d5964d477f4b68e84be64f27ba443
1ChP3h2UGFaTYmxF8qMFAaekCaEuk5ycd7,1128203,804c6cec979d28623a9ae935aab844a00023028a
1DikmaLVbfJFzjb2vAYN86P2A6cHyhMdZ7,1128203,8b8719977eb1242b79df6a8059b7214fba4a6e1a
35WnKVwhN5R6FspxPWGTekVy47vrvGXETC,1128202,29f0fcbf95ca63ad3b08c4a71ceb104711d525b0
3JuT6EfZCX3UNBNq2Wc3LMvVojfsJkAdan,1128201,bcd423689ff43e277dfefcce5d09dae1b1bcf5b2
1ELbteZC9QzucEaCLrKabBygHgTUgJiCnG,1128201,924ea9df57d407ca73a7da0fcce998bbe21e064e
1QBCyDabWiJex6WJTLqWA6xKXxKWx2CnCN,1128201,fe390b48a1d281c3d37e7bd1caa9c19e3acea923
12RUgdDAV1n4C2YG6scdkrUyndAdQjFnKV,1128201,0f9937b5ecb0eb41d98e8b3ad1f9c756d9997393
1NxdeQwczN2V4nY6c2u7DhnFZPwyWLUVQb,1128200,f0e01bee33135503331cf314f9826899a6e98f69
1FDvfi6MgkpzDGBtppikrsJCxJ52P5rKao,1128200,9c038d4257dc8623c20881905486c059db822061
1EztTicdT4EhJ1dNPpE2LqM1X9cA5UsVrD,1128200,998c4d5cacb33192057bb807850ced078fc807fb
337PRPhxRyoKnEibictDQNx8xdpYUWBgs1,1128200,0f940dd1d6e18a6b31eda6f39596fca7e1fc5b75
1H1ptP2sqhqus89RT8uXnVTjfaLVcWHQpL,1128200,afa9fc531c55ce5a1bc6a73b86fbe352ad0379ff
1Ly7xAmXfBFw9MQdqH4Ggt5SsGmBBJdGnA,1128200,db077c7e71a0f212ccd206816ccbd03e552573e9
16Z6QYC2uvYpGS6yQvv4o7ai54uMtEvNrJ,1128200,3cea73c6adb69a4da136e49d778939a7275a52dc
1AhqgaQZzWycrq6Cy21gqQ2UXCitX8xvia,1128200,6a72689376957b65966811f6b84cb8549e88b63e
1DGKGjeF3Y7NsL9nSuBGb61kSwm4ZH3bav,1128200,8687003dc5a41dfd75db9161c1483835b6fb3f41
1A8qqSgZyScZM31H4RHz6a5hJ4Uzir4MP3,1128200,6434cf334018e5d10b81099e9fd12c569d8de917
bc1qz444y7r8m5hvw4ctd5eq7wmyvqyytqwfhczecd,1128199,20641c5e4ba82198af679f9017c06fb05e393343da9d4e2ad192
1BZuyB2gX4w8Zk4BG2wbM7d9YfJCg6NVRt,1128197,73eac8d4652affb99f229d8a212b9fb5d6a96b7c
3JpqQtrNc4YgyVkKJg9eoMrBCLG46UVzoh,1128196,bbf4b1148fd4d4d04b145e3f3bb9176da2d80562
19AKC548yyvWu261nrGeWbWyrLeMbZ7oVM,1128196,5983ef5511c096a723a88789c2f064bd87af7e88
385eoy8HFGoec8ACwpRXGT3KwyTqkknp5X,1128196,4618b2807c8be69baf209f341fc5c6713a3ea90a
1G99W1YXp3b3vpqCMtXwCEEUFvai7hsonc,1128196,a6144f5e080d8873b79366bc18cbee7446b4538c
16CtoPvLQAqY1kZ322r9RuRBwBsv9MMeFD,1128195,391871e46736fbdeeb4d6d96f827583cf32607b8
3MJjq4d4ekE9gdMc4X7x2SXtK4F9eoJYWo,1128194,d72bedf476bbd06eb2c7d64a28ca1472388f25b6
19ZwVg8J8gMiwXxJZizGkHUGadn5ZP3AbN,1128194,5dfbce821cf18c469d38d178841710e6dc4dee95
18cXFAifK8kP2NKg552id6E3bMGpiwtUdA,1128193,5380af901d55d11cfa01286145d7a1c1d48cbb15
1JBDjXmkUtPSc4TPRfNALhsZKZG2ZmQiY,1128193,033f9a29464678bfbada9468dba4399632077152
1MD93uzHB16GRo5s6s4eoPuRz99BSuZU5d,1128192,ddae3a2ab324d3735f1311891dd3b08b59a987e5
17foneWN6c2YcpcsRT4xJePGWZ3rAi9fY4,1128192,49279df903d74dbd476065b2649b0dae0e7ee7ab
1FFS6Di7q8m2HxZL8YKozuYcygjaf3EU3x,1128192,9c4c874bf10b860f75b898798f8229aed78cadc3
1MrYrauuvYMN8oqw4BxG5wvo5zhucAbWW7,1128192,e4c17d2b49419f20681fca5fd4a5d1c06fbe8274
14AfQws6wzyHrKW2xTL8GRfgvRQtv3hgqL,1128191,22bc2fbb1cb2d09b994ea72ce1df053492abc82b
19gpEu36qANow6ULJqptDKTAnTyx3CgdjX,1128189,5f48a99433b274b6644901f808ed2374b36a95a8
12WCKafBg4tSQGGC3eutMcBrihYSD3K8ar,1128189,107da37007b98ea0cd71063e5d0311178cbbfe31
389yhLXTVsqqKvhLbwAYK4h3wjkj7zhmTm,1128188,46ea20471ba995b239759c9abc159a9c506810f4
1G5V8d7BbWTxuggwLR4jwL36j59EW1n2Qh,1128186,a56308959f56a0c5269ddeb42c4ace726362b86d
167DzT2bmvi2AY2LYo7J8vqGuykSds5bwF,1128186,3805f7f6c8447f116e88a0b50ef3fdb6b6fa1f7d
16xfGCDnNKxqTvH7eCXuThdPuxdUu6na9G,1128185,415f72400c7583d05494915b1c34533e073f42dd
3FT1C5887cQvaNpyhVkiwWu4wjbDDT918b,1128185,96eb538441b9ca9ee40ec787d172daeba86e9454
1LRAJienaRze7ztUDXDsv8YfkwudbMk5Pw,1128185,d4fc240ba0322bfb7841ed8c90873f7010127789
1JGrnAAYCywuYkpHkThsi1YdsNW8VqW4g,1128184,03444f2497b6cb3d1f9eea1876c078d5b4f06359
38Q9eGwG2FDiroF1pDCrnhBcsmgjAhKSA7,1128184,499840c8a8ac81e3e4492c626b11dd417529ed90
1CcrSX6foP3pYbziv21aVjCimYYHtYZNQU,1128184,7f713673a98330029d85587600c7718b19d04ab7
1Q7dUCiGSYGUdCXjoK87wJuYhVAXyXbkfk,1128184,fd8bd4e2baabbd49c117f887e0ad037207ccd058
3BMEXmq2TwQo3vWQGG5bDq6ztshN3Jj95t,1128183,69f37676288f31890ee1ed79c02563a7af38caec
bc1qzvfxxxtps3vqnmhdhpqu4589gfm6dce73u39mr,1128182,20641dd4d230c7692293a242abb55f09be8f2c7ae9489e6a0f66
1LD3Znuqx2wP81ko3SXHjRYd15tyJzdpLc,1128182,d2b185dca28d05a1730167950c3de3d7d2c4a9aa
3JyZEugBHLM1KevgdvnNp9zoW9wgv6ayJ5,1128181,bd9aef7edbad907c2401077ef19990130c00df92
33KQLhFDEhtHerUjrcGVcAZs33E9BYr63Z,1128181,11d9d00b5422b3ba4298e04a577e0d1eddde7ea2
1HbotQv17GoCR6XKBsBNstFjM4CXqPZ2C4,1128180,b6174b470d5348b86674f448e7d010b0486696e8
17Y5MwEma4SCfwjiseohrjfseCVjyFho3j,1128179,47b14a3405187a26aca5e5025b6e75634b444fef
3P8MGLQQgst5GRPaVAfou9rKMnAKfBmFbw,1128178,eb252f8d8d12f21f58c6a89c4eed453ca707851e
3QU5p8i9JHup4n3orRPhTDF76KaXSaBnt1,1128177,f9d8bb78049b91229dca1f9b52524c0525a60d32
1EJ9bu1H5HWTB5421pP8FhctZEUA9JvB7u,1128176,91d7e30885c482c8c657cb6ef8709b67314f0e66
1MdTuqso4UqT215YoJzHw2rDgLe3TZUcGA,1128176,e247f45ca98bc1c6cf0b28ec4d9bdd55741eca28
1EEpp5bjpAnHwmLM9Vy3cKufBFtHQV2Uuy,1128176,9136f432c335229d748a1d8489bc4ada38d3d8f6
33a8sLvA5DeXcWodP56cfJLVYEpu8Hmb5t,1128174,14a3231870035dbbb0ad18bd5d7790350838c417
31h9bjpDBH8VBZrALTwyWgwmw3YmwErs7z,1128174,0006684c925d536447bee1fcb39eaa13d2f68a78
1MvB72Hry5cN2RJ44NKupi3fy9mKXCoVbq,1128173,e570fef399e3dc83e3542c26c2ab7ccfda3808ff
19QZ7U3QwQbFNYb2fKJeofEcURBSjXN2SJ,1128173,5c3560f32e5d29572cdc85a009cc398de9dda27d
1G7aoj24HX9F1ZTJ5ifV8hAJ1h4RuEtaEK,1128173,a5c89a1dbaf3a3aa085aa16439a9a85fe3f21534
1LBjarD4BtkZSJg3W5TcFkwcBmVeZnJYm4,1128172,d27218b46f4ccf91246d78d353c4b6be6f0eab3e
1KVskLA2or1dgwE3JHiXeFf5ft874HWCXo,1128170,cae845c69d2292f8135e3ec3e97c272a1294feb6
14F7qHBUuPLmpqSavTNtmtXUjwUMaatk8W,1128170,2393e77a88e7a7ac7047c8382017e571bd0f6de9
1G54XAThDrSoKhJ5wpAjXcMjkjcBJ7qEL,1128170,02d9a10e0cb55f94c1ce66fcdba5aeef92c50a96
3JkAGXorDqXFGXEz8hWZ7c2iYqKZVzu2uk,1128170,bb125a197dca854ffb62dc9b17de828cae2ced42
1GCxMXmJytufDtKKCfrSWebCC3aQ36aavG,1128170,a6ccab64ba4162484a6ebfd4c80917ece6859531
1LqynHkukokYS5Kox4MXdtKH9ybBrTvQcv,1128169,d9adc11b08605cf25f1cc23f344a1d5068e0f5b3
1NPsijMcBnusR43UXqz2pFLDpqhCsewweV,1128166,eaae2190b9011e6e1b6b86ceeaf6513d1d2e7508
18PZhxPJ85YgCs8TqW9mfKFtciwc18ifBV,1128166,510d5555b581b19b7a89f2e947a3fedd81c0bc29
3BNNHVaxRVeoLByS9B245L86YecwBeFPzf,1128165,6a2a59eb011b399e1293e520ae628986ee099394
19Ty25B7C1QDPxwUGHzcKxaFSbGGi3u3VZ,1128165,5cda95495f0013121f0b92147b4fb932cd8169c4
3BUKvKQF2cEapGWN3zmBuuvCjxCKWDZbdp,1128165,6b4adf6b36da5c4dc7a57abf32ba451230bba209
3MxG23e7EBfs3aEyLKVnpJfXja1SUCvQeT,1128165,de44855a4b260f7b4f51d4c11349a7d5fecbbd49
3F8PsLfux3JpqAUcQYJaBZwdiGqU2JNS7D,1128165,93665a5107f9fe534c4093b39a3dfd5770b624c4
13y2n2KJcTsqQH168L7aWSXnfpXkFRvbRS,1128165,2089073618e995913ad8d62341907c8d10261b9c
1PMKMqeLmrbtdtsZBVXfRE4DtEojXto8AB,1128163,f52a697b7bfe6bda30999b8cb32aad8c4c44bc68
33XbSHz8SKvxHYXaVVoqVa7tEfzpBFV4qG,1128162,1428112fb736e7e7050308e310497dcb7fa1d464
bc1q7z9qswa756dpyc8gn6qet7yg66dm32k3nn2pnj,1128161,2063c8708d3d903bf3243ec7999def98c8a7dace814771b63f4a
12tAuzoqgxVTDJeBXtoZPtsvS5cpBXpUjR,1128161,14a59d8b2ebbca0313ad1a7812ac29034f77338d
1FnRdo8rLtqJ92DwpdsieiHmPmZ6c6weM7,1128160,a2290b034037179ae08593973cb4136984a5b256
1AApy54Jkruqh9xYDdn6sTRnaCP7cpbLLw,1128158,6494ea9391e43148d942094213491e1c60a73a95
1L2a5uWSn1spRMTPshrahjWYNmfPHgYypt,1128158,d0b66c6838e993299a1e3f1acd7094fd4733ee68
1Kd42R9o3DanzjjdqEfWfHj1XyTDvqiYjZ,1128158,cc43c36da488a7d75c28284810abeed97222cc53
1EN6odS3PpMu7HiVGzFrhc334qtfv26BBP,1128158,9297371bb053208f9fa6f75ccf4ab4319ce61e45
1GwoJF9nFKuTxZBBFAAYm8hU3RquNqCZ7s,1128157,aee6fee8eb280c71711837ee3db74a1a1fc21ce2
1AKrcX4SF32UJT57Yu2tmqVHcy1Tob7PEG,1128157,664a08a0790cd9c45613bca5402641da143ec2cb
1NpeGJ9nyWyffka4Jg4WaawDe48Vrwvsx9,1128156,ef5d4c3fe1e9548d3a0da6b96c4dd1397e96b050
1HPK2Jz1dpkp2Hx34Ake73RvCMpv4C7YJV,1128156,b3ba354c749679b7bdff1ad19122a125d2172e00
3BMEXzAY8Q4WQ3PtNwf594jJJpmzHFVCCo,1128155,69f3773ec725581e713faab905155781dab2142f
3BMEXjuPyfQKs1HEkqaD3uyrDJU5GmtNip,1128155,69f37656dbf393c3e87fa497eba0178080ef363b
19Lw5wAsCosocXKCwsDmRRm4mJnbZMKzSM,1128155,5b860eb761b6ffdd14c82201f33b055d322aa9f2
1H6e6ULXa1532ApDfFzK1JnrprLfDNTw5b,1128155,b0930ea0aea249712e4a57cab39d43c115d16806
3BMEX3FbbzUcLy2YSGv54TqqjnjzDvzh3V,1128155,69f373c1c3d0d583ef53a00c3166f53eb94d1cd6
3BMEXEcR9MUwAdRdzmk3fGS4tFmopKDNUb,1128155,69f3747a7d21f81771b63eb7a69c12294cc0d720
1ELSj7hBUXKDfKwKaLvfWewS6bTrZ1ATYS,1128153,9247037832be3c6dc58b303f352388fdab52514d
3Dgfh5hkLx2FJZBYqQNRGrXiPfwkLnbkBv,1128153,83909ed8f3b14a43a3b518897450c1af902c84d5
bc1q2t38vf6qzgdr5jhggc3h8wt7trpmces86gp2k7,1128153,2063bfe19d3d1011701174df670c20393ac34442fe6aee6210ae
1J6aW7DuGosFBxzW3fsTah4BN7wFeCrKBb,1128153,bb882f1f24905d041e159aa4dc06fa80ed9e2793
1FSd4z59gA2WyJmZ67pdeG3fyafbtipJj8,1128150,9e6a44c5cfd725ea4abeeb45f3974e3723055873
13fXSuPeKmXukdXZGGdqU5X3N3nprpsheU,1128150,1d3979420f96487c327b57bec90441853a00f31f
3J6kJJZN2k7Et2Lx44KYY8TpJGk98DjK8a,1128150,b3fef3e24085b37e4843a0725714ef39ed9b9bfe
1BzLqzrj8dkdct3x1f62hVCEFB6L3jGqwN,1128149,78898883374a988462cf02ed773aeb6bf113c301
32wjgTwqGz3mLVRCyh7pVkdaLUGtwRcHAZ,1128149,0dc0ce744d2034cde2250fc305e3ed3447d9dae1
3CN8NYSMkXV5kccXVu42n5sJhKa5Mzz4V3,1128148,7516dcf31270c1d3820e7bdac04e0b6825191f8a
1Q9q6PNUD7KrVqTtDAKvfH8KSE6KF7mcpL,1128147,fdf65dda90bf68ce226c9eefd0e8c686a7c86e11
12W3q3F6Y4p3H9FC9RZxS65zx87NPuAqKG,1128147,10768cb16df589cc1b77be5a57648af76edc4956
35Uwghm3FNA3JYEJttTxEPh5FRe1p5PoHz,1128147,2997f92eadffc55e9e8d6992e8d3090fddfcebef
19JQVJyaNcv8wstYqfW4uJcTH6ffRAGfxw,1128146,5b0baf3b72f05ab040f912c2c532dc9b3b485177
14uUkPy6bXd8dBaXpZ45VMMbbfoSarqwWW,1128146,2ad52b9f6322c1e5644090248fb90dfc9183ae14
1JWvaRKBwXztJVXEizfYvx7eJh2kGviZYh,1128146,c022eca380f0f9c57d9e204654f5583273223956
12kLSSqCFf5JkkZqDfZ7HvACdMyS3DFjYS,1128146,132a3d1f753eaad515101cb180a014e9654dca03
1dy38q2zaUtMyvS43bEU3aaXryeU13o7C,1128145,06fdc075cdfab2d2aa833c5d4625a382b66b4c24
3D9FwH2Bbdcw8pHEkHjTu3HbTD2Wz5nbhQ,1128145,7d9fe552b2e852a5bf3bc1a60310228f16a8c816
1G5KTAaBVrGbJnDajdzLc4BdyDYv6yxxtU,1128144,a55af3ec4a1738fb801619593e74841073caa2a7
3NGVmhjVtB5Su8WvLLLoqK16p3X9nnWfoq,1128144,e1b77d07c1036b3570e61853827b7b5c7db57d55
1Hv39NgkSXMzcxRbBVypgYu31nUmBPrjYs,1128144,b989d93aa8c808188bc1ec0be9528976080240ba
3D967LEPsT45qtAXdQ4axgqW21w1SJ5r31,1128144,7d97b1641f12c3b7996f69c616f1a376c1f36baa
